# t msd err
1.005202312138728260e+01 2.284804851640766677e-03 5.493208213280989014e-06
1.998936170212765973e+01 4.530127264067640262e-03 1.116933846540183161e-05
2.990386740331491566e+01 4.779910786753625851e-03 1.123519212790593598e-05
3.989590643274853932e+01 4.481433889295996162e-03 1.083724617707461543e-05
6.021168831168831304e+01 4.663477160229380185e-03 6.591857542612710472e-06
9.764359153291462690e+01 6.734726668131180496e-03 4.593579633771122353e-06
1.299375545851528386e+02 5.742018588569872302e-03 6.413761860219256633e-06
1.974763238601512967e+02 6.993014689124026594e-03 4.471781829477537854e-06
2.945329945416901865e+02 8.868967959763386991e-03 5.441494265584608763e-06
4.401874763605799785e+02 1.350193937832563224e-02 6.189253933403417914e-06
6.390844781783681583e+02 1.677673041776762269e-02 7.308058554171882219e-06
9.396745208499173714e+02 1.621343293998397939e-02 5.673924963657544932e-06
1.398618495389569262e+03 1.789783831938283193e-02 5.590754574594569351e-06
2.057733691228070256e+03 2.162712830820531437e-02 5.729166246923063350e-06
3.063346853778822151e+03 2.578300562807289351e-02 5.859093107954238551e-06
4.556237331059858661e+03 3.366863828612760845e-02 6.379027615920291289e-06
6.797494643064198499e+03 4.351625509158479205e-02 6.985258623300620672e-06
1.015797149094336601e+04 5.775139651826408094e-02 7.701589731119370873e-06
1.505298555510446204e+04 8.237773853482269204e-02 9.207090578715043858e-06
2.239517002717108335e+04 1.186459709733298229e-01 1.105437759931174893e-05
3.308814724994904100e+04 1.648593982745777398e-01 1.347759352776720883e-05
4.900429862641406362e+04 2.191973762140669302e-01 1.618475343145761016e-05
7.289425454035901930e+04 2.749333371861715225e-01 1.902942231266856302e-05
1.075902207979193481e+05 3.794130637862258570e-01 2.560645839651348136e-05
1.564645719219214516e+05 5.411613224616478313e-01 4.261330748367095096e-05
2.164927432115618140e+05 7.729753939140009411e-01 1.223336479124896331e-04
