# t	msd	err
1.000000000000069734e-14 1.387955999007351197e-03 5.366525616455644173e-07
1.999999999999616296e-14 1.386383530917271014e-03 4.533916812028289431e-07
3.249999999999930616e-14 1.212396129582678055e-03 1.620152975657222251e-04
6.125000000000037010e-14 1.316434860108204067e-03 4.654014713003496703e-05
1.010571428571441979e-13 1.592618684022968330e-03 2.272517075633230467e-04
1.816363636363607397e-13 1.241186779812658049e-03 1.663125946764315002e-04
2.824987951807197070e-13 1.014453508112615797e-03 1.276743888752567685e-04
4.587878048780478011e-13 1.209421522708721813e-03 1.192275408723261093e-04
7.740289682539649647e-13 1.274006327693028798e-03 1.189647247444374997e-04
1.326839897698210984e-12 1.481951685006286951e-03 1.123725653958250215e-04
2.187348013816921243e-12 1.573110070994957485e-03 1.235803631016351095e-04
3.606915477497256609e-12 1.469012972957256871e-03 8.110951983236140000e-05
6.017238229093469769e-12 2.012640358750564847e-03 1.104535813062229870e-04
9.959541962944366142e-12 2.442220110870425842e-03 1.157415748486056490e-04
1.663474353481243555e-11 3.392753530953608859e-03 1.404065826940680830e-04
2.644777552795013083e-11 8.916670800668755059e-03 2.858478615173973411e-04
4.623022381944420332e-11 3.294812600326951085e-02 5.336529920815187350e-04
7.338838134254707918e-11 4.175568983163260167e-02 6.873040481545230306e-04
1.311029095037302301e-10 4.004177172942936791e-02 3.346527597823970523e-04
2.207783920670159646e-10 8.127598213446786402e-02 3.676146164545527630e-04
3.446530294288154482e-10 1.285124603675286969e-01 3.601608605829541222e-04
5.702263445130880503e-10 2.118072742218546911e-01 4.233959538580341379e-04
9.984796962313162809e-10 3.301476459870393843e-01 3.974834126489804856e-04
