# t	msd	err
1.000000000000823727e-14 2.964291254645076701e-01 0.000000000000000000e+00
2.000000000000193426e-14 2.459566279439527048e-01 3.568944526020581542e-02
3.600000000000250980e-14 1.595153243208852489e-01 7.769139499013424932e-02
5.999999999999966861e-14 3.709969331829050532e-01 1.517678496612823724e-01
9.992708333332732977e-14 3.397864746154425908e-01 2.890475135483118810e-02
1.990568181818209194e-13 4.354696033167729241e-01 4.209500220711841906e-02
2.947499999999997790e-13 5.054979747750445451e-01 6.505343393519072426e-02
4.514065088757409610e-13 5.763833498079089512e-01 3.728827399917621771e-02
7.429485530546620342e-13 6.822050144657704207e-01 3.968205583902048583e-02
1.232841007194242826e-12 1.057828301368127111e+00 4.417823085980728676e-02
2.030008913308895729e-12 1.573123168963385554e+00 5.072317721244153782e-02
3.404768439108067129e-12 2.223709651238425788e+00 6.439478727871777997e-02
5.687566708385550206e-12 3.203090778351515233e+00 7.973198564075541228e-02
9.384090219863375591e-12 4.346486799558542558e+00 7.665801399593326348e-02
1.549743113975593679e-11 6.505882642918173531e+00 8.482753421829025697e-02
2.536250088481898963e-11 9.611763859978360358e+00 1.020438827101489837e-01
4.205515640856943953e-11 1.357514008994844090e+01 1.121155226973941793e-01
7.011250596053631461e-11 2.193920345756599488e+01 1.223559212802459717e-01
1.151103034274708664e-10 3.475333551625379869e+01 1.408053209341263712e-01
1.922834627455418691e-10 5.676996162331020912e+01 1.679275597239819617e-01
3.172001347964975243e-10 1.134813027611185134e+02 2.643769531308257092e-01
5.158371411036328803e-10 1.578910819980862925e+02 2.820005817013152005e-01
7.888507260848463848e-10 1.213710860842326440e+02 2.950448309137367331e-01
