# t	msd	err
1.000000000000306739e-12 4.577148310773495044e-01 0.000000000000000000e+00
1.999999999999786298e-12 3.682081649136699220e-01 6.346587220287869258e-02
5.050000000000321188e-12 4.154204254383731532e-01 3.941423283328881338e-02
9.249999999999942208e-12 3.697749393166570586e-01 4.517738636157377780e-02
1.605000000000006995e-11 3.943810608407626317e-01 3.156779524513991103e-02
2.866666666666673893e-11 7.844465683533020650e-01 1.502362178318392139e-01
5.156153846153848004e-11 8.672509110007624589e-01 1.613733899278305961e-01
9.784651162790696005e-11 1.231933833670022516e+00 1.710084969956112144e-01
1.708885714285713482e-10 1.544483866549976714e+00 1.559434703277251533e-01
3.213036231884058899e-10 2.229098515445441020e+00 1.481592436288889925e-01
5.947558558558559284e-10 4.025014642929175324e+00 2.309360663950034975e-01
1.081558150851581785e-09 7.310558522692542027e+00 3.004979264627398172e-01
1.961468970380815355e-09 1.495890567725952280e+01 4.953772270006990830e-01
3.562497061803440870e-09 2.822931768400991714e+01 5.863790149774643634e-01
6.082008333333340147e-09 5.325586558255132985e+01 9.442219465702840209e-01
