# t
0.000000000000000000e+00
3.467577000000000139e-13
3.936393899999999981e-13
1.666530800000000026e-12
1.694378999999999923e-12
1.800071299999999966e-12
1.823647499999999980e-12
1.889650899999999844e-12
1.983977900000000195e-12
2.364030399999999802e-12
2.616090399999999840e-12
2.666394000000000200e-12
2.996222899999999988e-12
3.150210600000000107e-12
3.508048699999999837e-12
4.030341599999999682e-12
5.119395800000000177e-12
5.144626799999999830e-12
7.439991200000000377e-12
7.601621100000000308e-12
7.902239200000000004e-12
8.181377799999999963e-12
8.495790099999999342e-12
9.131599799999999466e-12
1.010324899999999921e-11
1.011355600000000049e-11
1.048522200000000037e-11
1.074426400000000080e-11
1.076852399999999973e-11
1.106963400000000065e-11
1.202369499999999969e-11
1.224168400000000069e-11
1.232162999999999987e-11
1.241741300000000021e-11
1.321051399999999991e-11
1.356929199999999977e-11
1.414116199999999944e-11
1.414319399999999952e-11
1.424694699999999947e-11
1.458778700000000027e-11
1.718045799999999852e-11
1.759791199999999922e-11
1.787900699999999925e-11
1.796879700000000062e-11
1.849670800000000031e-11
1.910752099999999952e-11
1.958052900000000020e-11
1.993489400000000038e-11
2.019876700000000107e-11
2.230190000000000133e-11
2.247966899999999910e-11
2.250384899999999870e-11
2.295721099999999985e-11
2.323846300000000003e-11
2.334864699999999976e-11
2.400636300000000043e-11
2.404354499999999961e-11
2.406215300000000094e-11
2.461599899999999874e-11
2.510197300000000084e-11
2.514866000000000040e-11
2.563700599999999853e-11
2.597041999999999871e-11
2.607533899999999967e-11
2.623250500000000122e-11
2.666644000000000002e-11
2.709855800000000006e-11
2.735165199999999841e-11
2.789871200000000153e-11
2.795945499999999842e-11
2.822818400000000088e-11
2.822903900000000007e-11
2.835868700000000090e-11
2.954611799999999897e-11
3.161191999999999805e-11
3.348160099999999717e-11
3.350034299999999831e-11
3.356762499999999915e-11
3.371527399999999987e-11
3.375828900000000259e-11
3.514739000000000176e-11
3.538732500000000037e-11
3.555396400000000321e-11
3.595025400000000051e-11
3.599719400000000071e-11
3.619310400000000164e-11
3.639189299999999723e-11
3.642901799999999905e-11
3.651050800000000096e-11
3.783587499999999886e-11
4.219667299999999908e-11
4.219702799999999721e-11
4.220778100000000069e-11
4.239879199999999764e-11
4.481886799999999930e-11
4.512365499999999833e-11
5.180847000000000209e-11
5.194886200000000120e-11
5.225848900000000246e-11
5.236143700000000300e-11
5.351926300000000082e-11
