# atom_type event_id atom_id barrier
1.000000000000000000e+00 6.974140000000000000e+05 4.847000000000000000e+03 1.784276619999999980e+00
1.000000000000000000e+00 6.974080000000000000e+05 3.465000000000000000e+03 1.784894039999999960e+00
1.000000000000000000e+00 6.974110000000000000e+05 4.352000000000000000e+03 1.784882209999999914e+00
1.000000000000000000e+00 6.974090000000000000e+05 3.329000000000000000e+03 1.784756549999999997e+00
1.000000000000000000e+00 6.974060000000000000e+05 3.394000000000000000e+03 1.783574750000000098e+00
1.000000000000000000e+00 6.974120000000000000e+05 1.700000000000000000e+02 1.783975180000000105e+00
1.000000000000000000e+00 6.974130000000000000e+05 6.857000000000000000e+03 1.782911420000000025e+00
1.000000000000000000e+00 6.974100000000000000e+05 7.616000000000000000e+03 1.784814349999999994e+00
1.000000000000000000e+00 6.974070000000000000e+05 2.546000000000000000e+03 1.784249580000000002e+00
