# t	msd	err
4.999999999999999536e-11 3.639935337540513238e+00 7.864530511346910779e-02
1.000000000000000553e-10 3.745269033933020797e+00 8.065788237168310115e-02
1.500000000000001024e-10 3.768923497414810697e+00 8.121280007591552552e-02
2.499664991624792546e-10 3.705566782650479229e+00 4.603759651149740006e-02
3.999663978494677249e-10 3.801568143235670494e+00 4.713751311140383649e-02
6.248523206751102433e-10 3.838116351154329475e+00 3.297655614970830540e-02
1.024578866768777884e-09 3.940470183644398272e+00 2.542795981115576059e-02
1.624160206718363588e-09 4.127163314955898166e+00 2.151738874651912617e-02
2.572474081883555899e-09 4.405776086755609278e+00 1.650330754567218283e-02
4.093790849673272392e-09 4.857544906966668741e+00 1.336792430124853111e-02
6.483333333333414549e-09 5.547162798993672261e+00 1.040654414542395260e-02
1.025461796809402962e-08 6.574252175005175225e+00 8.054865933330485409e-03
1.618949517446157541e-08 8.306510688924729990e+00 6.955384878648885640e-03
2.542261410788351082e-08 1.123186926051399581e+01 7.248264527172410682e-03
3.785000000000040179e-08 1.502209903731407081e+01 9.547577011058827265e-03
