# t	msd	err
2.648490000000000643e-10 1.665192503776850019e+00 0.000000000000000000e+00
6.974100000000012137e-10 0.000000000000000000e+00 0.000000000000000000e+00
1.079792999999999768e-09 0.000000000000000000e+00 0.000000000000000000e+00
1.289625999999999368e-09 8.325962518884250096e-01 5.887344557008081791e-01
4.723446749999999646e-09 1.040415477008768130e+00 2.849340413139514472e-01
7.099632666666666363e-09 8.318897455415594777e-01 3.396180563864038549e-01
1.275142662499999860e-08 2.396884764288635949e+00 3.310792353879569716e-01
2.122445539999998833e-08 2.580341176719460172e+00 2.991665224581872007e-01
3.452736781818179070e-08 4.505900807250932338e+00 4.621975211219486734e-01
5.868675942857146100e-08 7.893519380612040059e+00 4.614436341388407636e-01
