# t msd err
1.001666920152140155e-14 2.784834690310731675e-03 4.856982509194912503e-05
2.000041731872587030e-14 1.948880249690459338e-03 3.634364389095178828e-05
2.994524212144543876e-14 2.160935690670776760e-03 2.995526724926970825e-05
4.011114115738321132e-14 2.098748572993006881e-03 3.451254297602197749e-05
5.509204815533997051e-14 2.534434079042373247e-03 3.158801813152406311e-05
8.139829338068507223e-14 2.244269131816677924e-03 2.229052066318432492e-05
1.008090843484400662e-13 2.161914217741547472e-03 5.045455093657061097e-06
1.644628443238733003e-13 2.401968962851392352e-03 1.734918152140667327e-05
2.042725074032534327e-13 2.318088464784126383e-03 5.655548338721666256e-06
3.068252313660285800e-13 2.479040757905086410e-03 6.151541654679321274e-06
4.518771749266463100e-13 2.925290430684371508e-03 5.433425577426066326e-06
6.536413890629746533e-13 3.207508413570057948e-03 6.158477009961611434e-06
9.496803574282384597e-13 3.589654807630381257e-03 5.057811232658888474e-06
1.391236801987498329e-12 4.270233090998138727e-03 5.473744694656028207e-06
1.952568481098961345e-12 4.658624794173831830e-03 5.555116063136464533e-06
2.751245166992435324e-12 5.603889377420118514e-03 5.306952571642427242e-06
3.943495401585315554e-12 7.530888404309075274e-03 6.350107138665118901e-06
5.629663151689476280e-12 9.438832457149765390e-03 6.825894468550812814e-06
8.040404927666936081e-12 1.149546536916603093e-02 7.117952951894479054e-06
1.144016208605863454e-11 1.520403002520338137e-02 8.101748897526995629e-06
1.628671623900986730e-11 2.064156684826318200e-02 9.419125888734960374e-06
2.314674936311239732e-11 2.807431016449849631e-02 1.106853130415816312e-05
3.306264574353229161e-11 3.815786973067893800e-02 1.331538417302878440e-05
4.692764297294222693e-11 4.692191653208124813e-02 1.447455198524625882e-05
6.702798843104247494e-11 6.439932574881145066e-02 1.736278914636189846e-05
9.582286718016367820e-11 8.973519812385566397e-02 2.038185894306203530e-05
1.347511712556639342e-10 1.296498440171186817e-01 2.614713463868567020e-05
1.944413679524941555e-10 1.928275470138650360e-01 3.568633647596124631e-05
2.701875369927209588e-10 2.693424112940067117e-01 4.820647095659339073e-05
3.848283644548512285e-10 3.636505989235649938e-01 7.550653558202010437e-05
5.451991465615126369e-10 4.259187142251107394e-01 9.085699684155705211e-05
7.355812389950819515e-10 5.723963414687986972e-01 2.059517086458119873e-04
