# Barrier Energy Step Time
0.000000000000000000e+00 -5.927907000000000153e+03 0.000000000000000000e+00 0.000000000000000000e+00
4.470000000000000084e-01 -5.927262999999999920e+03 5.000000000000000000e-01 1.009000000000000043e-12
0.000000000000000000e+00 -5.927711000000000240e+03 1.000000000000000000e+00 1.009000000000000043e-12
2.510000000000000009e-01 -5.927655999999999949e+03 1.500000000000000000e+00 1.155000000000000026e-12
0.000000000000000000e+00 -5.927907000000000153e+03 2.000000000000000000e+00 1.155000000000000026e-12
4.470000000000000084e-01 -5.927264000000000124e+03 2.500000000000000000e+00 1.420000000000000008e-12
0.000000000000000000e+00 -5.927711000000000240e+03 3.000000000000000000e+00 1.420000000000000008e-12
4.879999999999999893e-01 -5.927320999999999913e+03 3.500000000000000000e+00 1.565000000000000097e-12
0.000000000000000000e+00 -5.927809000000000196e+03 4.000000000000000000e+00 1.565000000000000097e-12
5.859999999999999654e-01 -5.927125000000000000e+03 4.500000000000000000e+00 1.972000000000000079e-12
0.000000000000000000e+00 -5.927711000000000240e+03 5.000000000000000000e+00 1.972000000000000079e-12
5.350000000000000311e-01 -5.927152000000000044e+03 5.500000000000000000e+00 3.390999999999999990e-12
0.000000000000000000e+00 -5.927686999999999898e+03 6.000000000000000000e+00 3.390999999999999990e-12
3.709999999999999964e-01 -5.927404999999999745e+03 6.500000000000000000e+00 3.434000000000000110e-12
0.000000000000000000e+00 -5.927775999999999840e+03 7.000000000000000000e+00 3.434000000000000110e-12
6.420000000000000151e-01 -5.927302999999999884e+03 7.500000000000000000e+00 3.568000000000000145e-12
0.000000000000000000e+00 -5.927944000000000415e+03 8.000000000000000000e+00 3.568000000000000145e-12
4.859999999999999876e-01 -5.927259000000000015e+03 8.500000000000000000e+00 3.673000000000000202e-12
0.000000000000000000e+00 -5.927744999999999891e+03 9.000000000000000000e+00 3.673000000000000202e-12
2.859999999999999765e-01 -5.927658000000000357e+03 9.500000000000000000e+00 3.770999999999999987e-12
0.000000000000000000e+00 -5.927944000000000415e+03 1.000000000000000000e+01 3.770999999999999987e-12
5.749999999999999556e-01 -5.927175000000000182e+03 1.050000000000000000e+01 3.939999999999999771e-12
0.000000000000000000e+00 -5.927751000000000204e+03 1.100000000000000000e+01 3.939999999999999771e-12
3.820000000000000062e-01 -5.927561999999999898e+03 1.150000000000000000e+01 4.123999999999999795e-12
0.000000000000000000e+00 -5.927944000000000415e+03 1.200000000000000000e+01 4.123999999999999795e-12
5.749999999999999556e-01 -5.927175000000000182e+03 1.250000000000000000e+01 4.691000000000000105e-12
0.000000000000000000e+00 -5.927751000000000204e+03 1.300000000000000000e+01 4.691000000000000105e-12
5.779999999999999583e-01 -5.927270000000000437e+03 1.350000000000000000e+01 5.115999999999999607e-12
0.000000000000000000e+00 -5.927847999999999956e+03 1.400000000000000000e+01 5.115999999999999607e-12
5.180000000000000160e-01 -5.927461000000000240e+03 1.450000000000000000e+01 5.183999999999999721e-12
0.000000000000000000e+00 -5.927979000000000269e+03 1.500000000000000000e+01 5.183999999999999721e-12
7.770000000000000240e-01 -5.926869999999999891e+03 1.550000000000000000e+01 6.489000000000000320e-12
0.000000000000000000e+00 -5.927646999999999935e+03 1.600000000000000000e+01 6.489000000000000320e-12
4.450000000000000067e-01 -5.927533999999999651e+03 1.650000000000000000e+01 6.540000000000000002e-12
0.000000000000000000e+00 -5.927979000000000269e+03 1.700000000000000000e+01 6.540000000000000002e-12
3.669999999999999929e-01 -5.927582999999999629e+03 1.750000000000000000e+01 7.679999999999999587e-12
0.000000000000000000e+00 -5.927949999999999818e+03 1.800000000000000000e+01 7.679999999999999587e-12
5.210000000000000187e-01 -5.927747999999999593e+03 1.850000000000000000e+01 8.480999999999999910e-12
0.000000000000000000e+00 -5.928269000000000233e+03 1.900000000000000000e+01 8.480999999999999910e-12
5.240000000000000213e-01 -5.927934000000000196e+03 1.950000000000000000e+01 9.121999999999999299e-12
0.000000000000000000e+00 -5.928457000000000335e+03 2.000000000000000000e+01 9.121999999999999299e-12
4.199999999999999845e-01 -5.928376000000000204e+03 2.050000000000000000e+01 9.173000000000000596e-12
0.000000000000000000e+00 -5.928795000000000073e+03 2.100000000000000000e+01 9.173000000000000596e-12
9.250000000000000444e-01 -5.927380000000000109e+03 2.150000000000000000e+01 9.415999999999999460e-12
0.000000000000000000e+00 -5.928305000000000291e+03 2.200000000000000000e+01 9.415999999999999460e-12
4.339999999999999969e-01 -5.928360999999999876e+03 2.250000000000000000e+01 9.509000000000000780e-12
0.000000000000000000e+00 -5.928795000000000073e+03 2.300000000000000000e+01 9.509000000000000780e-12
8.050000000000000488e-01 -5.927698999999999614e+03 2.350000000000000000e+01 1.002999999999999987e-11
0.000000000000000000e+00 -5.928503999999999905e+03 2.400000000000000000e+01 1.002999999999999987e-11
5.150000000000000133e-01 -5.928279999999999745e+03 2.450000000000000000e+01 1.015000000000000017e-11
0.000000000000000000e+00 -5.928795000000000073e+03 2.500000000000000000e+01 1.015000000000000017e-11
7.580000000000000071e-01 -5.927699999999999818e+03 2.550000000000000000e+01 1.264999999999999961e-11
0.000000000000000000e+00 -5.928457000000000335e+03 2.600000000000000000e+01 1.264999999999999961e-11
4.199999999999999845e-01 -5.928375000000000000e+03 2.650000000000000000e+01 1.284999999999999957e-11
0.000000000000000000e+00 -5.928795000000000073e+03 2.700000000000000000e+01 1.284999999999999957e-11
8.050000000000000488e-01 -5.927698999999999614e+03 2.750000000000000000e+01 2.416999999999999899e-11
0.000000000000000000e+00 -5.928503999999999905e+03 2.800000000000000000e+01 2.416999999999999899e-11
8.299999999999999600e-01 -5.927554000000000087e+03 2.850000000000000000e+01 2.431999999999999977e-11
0.000000000000000000e+00 -5.928384000000000015e+03 2.900000000000000000e+01 2.431999999999999977e-11
7.099999999999999645e-01 -5.927630000000000109e+03 2.950000000000000000e+01 2.473000000000000146e-11
0.000000000000000000e+00 -5.928341000000000349e+03 3.000000000000000000e+01 2.473000000000000146e-11
2.939999999999999836e-01 -5.927820999999999913e+03 3.050000000000000000e+01 2.507000000000000041e-11
0.000000000000000000e+00 -5.928114999999999782e+03 3.100000000000000000e+01 2.507000000000000041e-11
3.300000000000000155e-02 -5.928226999999999862e+03 3.150000000000000000e+01 2.513999999999999991e-11
0.000000000000000000e+00 -5.928260000000000218e+03 3.200000000000000000e+01 2.513999999999999991e-11
1.779999999999999916e-01 -5.927936999999999898e+03 3.250000000000000000e+01 2.553999999999999982e-11
0.000000000000000000e+00 -5.928114999999999782e+03 3.300000000000000000e+01 2.553999999999999982e-11
5.590000000000000524e-01 -5.928235999999999876e+03 3.350000000000000000e+01 2.556999999999999868e-11
0.000000000000000000e+00 -5.928795000000000073e+03 3.400000000000000000e+01 2.556999999999999868e-11
7.720000000000000195e-01 -5.927738000000000284e+03 3.450000000000000000e+01 2.746999999999999988e-11
0.000000000000000000e+00 -5.928510000000000218e+03 3.500000000000000000e+01 2.746999999999999988e-11
4.520000000000000129e-01 -5.928056999999999789e+03 3.550000000000000000e+01 2.769000000000000015e-11
0.000000000000000000e+00 -5.928509000000000015e+03 3.600000000000000000e+01 2.769000000000000015e-11
5.380000000000000338e-01 -5.927823999999999614e+03 3.650000000000000000e+01 2.771000000000000047e-11
0.000000000000000000e+00 -5.928362000000000080e+03 3.700000000000000000e+01 2.771000000000000047e-11
3.910000000000000142e-01 -5.928118000000000393e+03 3.750000000000000000e+01 2.771999999999999901e-11
0.000000000000000000e+00 -5.928509000000000015e+03 3.800000000000000000e+01 2.771999999999999901e-11
6.079999999999999849e-01 -5.927966000000000349e+03 3.850000000000000000e+01 2.786000000000000125e-11
0.000000000000000000e+00 -5.928573999999999614e+03 3.900000000000000000e+01 2.786000000000000125e-11
5.649999999999999467e-01 -5.928014000000000124e+03 3.950000000000000000e+01 2.822999999999999906e-11
0.000000000000000000e+00 -5.928578999999999724e+03 4.000000000000000000e+01 2.822999999999999906e-11
3.649999999999999911e-01 -5.928143000000000029e+03 4.050000000000000000e+01 2.848000000000000143e-11
0.000000000000000000e+00 -5.928507999999999811e+03 4.100000000000000000e+01 2.848000000000000143e-11
9.060000000000000275e-01 -5.927435000000000400e+03 4.150000000000000000e+01 2.862000000000000043e-11
0.000000000000000000e+00 -5.928341000000000349e+03 4.200000000000000000e+01 2.862000000000000043e-11
7.690000000000000169e-01 -5.927480999999999767e+03 4.250000000000000000e+01 2.884000000000000070e-11
0.000000000000000000e+00 -5.928251000000000204e+03 4.300000000000000000e+01 2.884000000000000070e-11
6.979999999999999538e-01 -5.927551000000000386e+03 4.350000000000000000e+01 3.143999999999999690e-11
0.000000000000000000e+00 -5.928248999999999796e+03 4.400000000000000000e+01 3.143999999999999690e-11
4.789999999999999813e-01 -5.927703000000000429e+03 4.450000000000000000e+01 3.231999999999999799e-11
0.000000000000000000e+00 -5.928180999999999585e+03 4.500000000000000000e+01 3.231999999999999799e-11
8.129999999999999449e-01 -5.927108000000000175e+03 4.550000000000000000e+01 3.238000000000000218e-11
0.000000000000000000e+00 -5.927920000000000073e+03 4.600000000000000000e+01 3.238000000000000218e-11
3.400000000000000244e-01 -5.927262999999999920e+03 4.650000000000000000e+01 3.242999999999999813e-11
0.000000000000000000e+00 -5.927604000000000269e+03 4.700000000000000000e+01 3.242999999999999813e-11
2.299999999999999961e-02 -5.927896999999999935e+03 4.750000000000000000e+01 3.252000000000000118e-11
0.000000000000000000e+00 -5.927920000000000073e+03 4.800000000000000000e+01 3.252000000000000118e-11
5.610000000000000542e-01 -5.927287000000000262e+03 4.850000000000000000e+01 3.259000000000000068e-11
0.000000000000000000e+00 -5.927846999999999753e+03 4.900000000000000000e+01 3.259000000000000068e-11
5.160000000000000142e-01 -5.927797999999999774e+03 4.950000000000000000e+01 3.294999999999999995e-11
0.000000000000000000e+00 -5.928314000000000306e+03 5.000000000000000000e+01 3.294999999999999995e-11
5.500000000000000444e-01 -5.927938000000000102e+03 5.050000000000000000e+01 3.329999999999999745e-11
0.000000000000000000e+00 -5.928488000000000284e+03 5.100000000000000000e+01 3.329999999999999745e-11
5.010000000000000009e-01 -5.928029999999999745e+03 5.150000000000000000e+01 3.390000000000000055e-11
0.000000000000000000e+00 -5.928530999999999949e+03 5.200000000000000000e+01 3.390000000000000055e-11
5.280000000000000249e-01 -5.927970999999999549e+03 5.250000000000000000e+01 3.417999999999999855e-11
0.000000000000000000e+00 -5.928497999999999593e+03 5.300000000000000000e+01 3.417999999999999855e-11
4.020000000000000240e-01 -5.927996000000000095e+03 5.350000000000000000e+01 3.443999999999999946e-11
0.000000000000000000e+00 -5.928398000000000138e+03 5.400000000000000000e+01 3.443999999999999946e-11
5.150000000000000133e-01 -5.927890999999999622e+03 5.450000000000000000e+01 3.482000000000000228e-11
0.000000000000000000e+00 -5.928404999999999745e+03 5.500000000000000000e+01 3.482000000000000228e-11
4.699999999999999734e-01 -5.927854000000000269e+03 5.550000000000000000e+01 3.483999999999999937e-11
0.000000000000000000e+00 -5.928324999999999818e+03 5.600000000000000000e+01 3.483999999999999937e-11
6.830000000000000515e-01 -5.928020999999999731e+03 5.650000000000000000e+01 3.529000000000000170e-11
0.000000000000000000e+00 -5.928703999999999724e+03 5.700000000000000000e+01 3.529000000000000170e-11
5.669999999999999485e-01 -5.928198000000000320e+03 5.750000000000000000e+01 3.598000000000000138e-11
0.000000000000000000e+00 -5.928765000000000327e+03 5.800000000000000000e+01 3.598000000000000138e-11
4.670000000000000262e-01 -5.928329999999999927e+03 5.850000000000000000e+01 3.609999999999999683e-11
0.000000000000000000e+00 -5.928796999999999571e+03 5.900000000000000000e+01 3.609999999999999683e-11
5.340000000000000302e-01 -5.928126000000000204e+03 5.950000000000000000e+01 3.642000000000000193e-11
0.000000000000000000e+00 -5.928659999999999854e+03 6.000000000000000000e+01 3.642000000000000193e-11
3.970000000000000195e-01 -5.928399999999999636e+03 6.050000000000000000e+01 3.653999999999999738e-11
0.000000000000000000e+00 -5.928796999999999571e+03 6.100000000000000000e+01 3.653999999999999738e-11
6.530000000000000249e-01 -5.928224000000000160e+03 6.150000000000000000e+01 3.715999999999999756e-11
0.000000000000000000e+00 -5.928877000000000407e+03 6.200000000000000000e+01 3.715999999999999756e-11
6.470000000000000195e-01 -5.928199999999999818e+03 6.250000000000000000e+01 3.722999999999999706e-11
0.000000000000000000e+00 -5.928846999999999753e+03 6.300000000000000000e+01 3.722999999999999706e-11
4.450000000000000067e-01 -5.928484000000000378e+03 6.350000000000000000e+01 3.868000000000000240e-11
0.000000000000000000e+00 -5.928929000000000087e+03 6.400000000000000000e+01 3.868000000000000240e-11
5.270000000000000240e-01 -5.928319999999999709e+03 6.450000000000000000e+01 3.876999999999999898e-11
0.000000000000000000e+00 -5.928846999999999753e+03 6.500000000000000000e+01 3.876999999999999898e-11
5.280000000000000249e-01 -5.928457000000000335e+03 6.550000000000000000e+01 3.896000000000000040e-11
0.000000000000000000e+00 -5.928984999999999673e+03 6.600000000000000000e+01 3.896000000000000040e-11
5.949999999999999734e-01 -5.928438000000000102e+03 6.650000000000000000e+01 3.912000000000000295e-11
0.000000000000000000e+00 -5.929033000000000357e+03 6.700000000000000000e+01 3.912000000000000295e-11
5.120000000000000107e-01 -5.928752999999999702e+03 6.750000000000000000e+01 3.941000000000000272e-11
0.000000000000000000e+00 -5.929265000000000327e+03 6.800000000000000000e+01 3.941000000000000272e-11
3.800000000000000044e-01 -5.929256000000000313e+03 6.850000000000000000e+01 3.963999999999999831e-11
0.000000000000000000e+00 -5.929636000000000422e+03 6.900000000000000000e+01 3.963999999999999831e-11
4.709999999999999742e-01 -5.929210000000000036e+03 6.950000000000000000e+01 3.989999999999999922e-11
0.000000000000000000e+00 -5.929680999999999585e+03 7.000000000000000000e+01 3.989999999999999922e-11
5.560000000000000497e-01 -5.929078999999999724e+03 7.050000000000000000e+01 4.039000000000000218e-11
0.000000000000000000e+00 -5.929635000000000218e+03 7.100000000000000000e+01 4.039000000000000218e-11
5.600000000000000533e-01 -5.929073999999999614e+03 7.150000000000000000e+01 4.050000000000000232e-11
0.000000000000000000e+00 -5.929635000000000218e+03 7.200000000000000000e+01 4.050000000000000232e-11
5.600000000000000533e-01 -5.929073999999999614e+03 7.250000000000000000e+01 4.072999999999999790e-11
0.000000000000000000e+00 -5.929635000000000218e+03 7.300000000000000000e+01 4.072999999999999790e-11
5.090000000000000080e-01 -5.929171000000000276e+03 7.350000000000000000e+01 4.119000000000000200e-11
0.000000000000000000e+00 -5.929680999999999585e+03 7.400000000000000000e+01 4.119000000000000200e-11
7.740000000000000213e-01 -5.928818000000000211e+03 7.450000000000000000e+01 4.546999999999999911e-11
0.000000000000000000e+00 -5.929591999999999643e+03 7.500000000000000000e+01 4.546999999999999911e-11
5.050000000000000044e-01 -5.929356999999999971e+03 7.550000000000000000e+01 4.584000000000000016e-11
0.000000000000000000e+00 -5.929862000000000080e+03 7.600000000000000000e+01 4.584000000000000016e-11
4.500000000000000111e-01 -5.929627999999999702e+03 7.650000000000000000e+01 4.593999999999999852e-11
0.000000000000000000e+00 -5.930078999999999724e+03 7.700000000000000000e+01 4.593999999999999852e-11
7.329999999999999849e-01 -5.929363999999999578e+03 7.750000000000000000e+01 4.600000000000000271e-11
0.000000000000000000e+00 -5.930096999999999753e+03 7.800000000000000000e+01 4.600000000000000271e-11
5.290000000000000258e-01 -5.929443000000000211e+03 7.850000000000000000e+01 4.705000000000000167e-11
0.000000000000000000e+00 -5.929972999999999956e+03 7.900000000000000000e+01 4.705000000000000167e-11
3.420000000000000262e-01 -5.929323000000000320e+03 7.950000000000000000e+01 4.720000000000000244e-11
0.000000000000000000e+00 -5.929664999999999964e+03 8.000000000000000000e+01 4.720000000000000244e-11
5.800000000000000294e-02 -5.930029999999999745e+03 8.050000000000000000e+01 4.726000000000000017e-11
0.000000000000000000e+00 -5.930087999999999738e+03 8.100000000000000000e+01 4.726000000000000017e-11
6.810000000000000497e-01 -5.929253999999999905e+03 8.150000000000000000e+01 4.734000000000000144e-11
0.000000000000000000e+00 -5.929935000000000400e+03 8.200000000000000000e+01 4.734000000000000144e-11
5.849999999999999645e-01 -5.929689000000000306e+03 8.250000000000000000e+01 4.764000000000000299e-11
0.000000000000000000e+00 -5.930274000000000342e+03 8.300000000000000000e+01 4.764000000000000299e-11
8.689999999999999947e-01 -5.929003999999999905e+03 8.350000000000000000e+01 5.036000000000000110e-11
0.000000000000000000e+00 -5.929872999999999593e+03 8.400000000000000000e+01 5.036000000000000110e-11
4.680000000000000271e-01 -5.929806999999999789e+03 8.450000000000000000e+01 5.062999999999999732e-11
0.000000000000000000e+00 -5.930274000000000342e+03 8.500000000000000000e+01 5.062999999999999732e-11
7.179999999999999716e-01 -5.929483000000000175e+03 8.550000000000000000e+01 5.193999999999999719e-11
0.000000000000000000e+00 -5.930201000000000022e+03 8.600000000000000000e+01 5.193999999999999719e-11
3.320000000000000173e-01 -5.930033999999999651e+03 8.650000000000000000e+01 5.232000000000000001e-11
0.000000000000000000e+00 -5.930365999999999985e+03 8.700000000000000000e+01 5.232000000000000001e-11
5.649999999999999467e-01 -5.929721999999999753e+03 8.750000000000000000e+01 5.237000000000000243e-11
0.000000000000000000e+00 -5.930287000000000262e+03 8.800000000000000000e+01 5.237000000000000243e-11
3.850000000000000089e-01 -5.930070999999999913e+03 8.850000000000000000e+01 5.274999999999999879e-11
0.000000000000000000e+00 -5.930456000000000131e+03 8.900000000000000000e+01 5.274999999999999879e-11
2.379999999999999893e-01 -5.930028000000000247e+03 8.950000000000000000e+01 5.300999999999999970e-11
0.000000000000000000e+00 -5.930265999999999622e+03 9.000000000000000000e+01 5.300999999999999970e-11
5.700000000000000205e-02 -5.930658000000000357e+03 9.050000000000000000e+01 5.313000000000000161e-11
0.000000000000000000e+00 -5.930715000000000146e+03 9.100000000000000000e+01 5.313000000000000161e-11
6.650000000000000355e-01 -5.929822000000000116e+03 9.150000000000000000e+01 5.339000000000000252e-11
0.000000000000000000e+00 -5.930487000000000080e+03 9.200000000000000000e+01 5.339000000000000252e-11
5.000000000000000000e-01 -5.930179000000000087e+03 9.250000000000000000e+01 5.372000000000000293e-11
0.000000000000000000e+00 -5.930679000000000087e+03 9.300000000000000000e+01 5.372000000000000293e-11
6.919999999999999485e-01 -5.929795000000000073e+03 9.350000000000000000e+01 5.436000000000000021e-11
0.000000000000000000e+00 -5.930487000000000080e+03 9.400000000000000000e+01 5.436000000000000021e-11
3.270000000000000129e-01 -5.929853000000000065e+03 9.450000000000000000e+01 5.502000000000000103e-11
0.000000000000000000e+00 -5.930180000000000291e+03 9.500000000000000000e+01 5.502000000000000103e-11
2.000000000000000042e-02 -5.930466999999999643e+03 9.550000000000000000e+01 5.517999999999999712e-11
0.000000000000000000e+00 -5.930487000000000080e+03 9.600000000000000000e+01 5.517999999999999712e-11
5.000000000000000000e-01 -5.930179000000000087e+03 9.650000000000000000e+01 5.564000000000000122e-11
0.000000000000000000e+00 -5.930679000000000087e+03 9.700000000000000000e+01 5.564000000000000122e-11
4.239999999999999880e-01 -5.930238000000000284e+03 9.750000000000000000e+01 5.582000000000000085e-11
0.000000000000000000e+00 -5.930662000000000262e+03 9.800000000000000000e+01 5.582000000000000085e-11
3.340000000000000191e-01 -5.930805000000000291e+03 9.850000000000000000e+01 5.634999999999999799e-11
0.000000000000000000e+00 -5.931139000000000124e+03 9.900000000000000000e+01 5.634999999999999799e-11
7.560000000000000053e-01 -5.929939999999999600e+03 9.950000000000000000e+01 5.722999999999999909e-11
0.000000000000000000e+00 -5.930694999999999709e+03 1.000000000000000000e+02 5.722999999999999909e-11
3.119999999999999996e-01 -5.930827000000000226e+03 1.005000000000000000e+02 5.750999999999999708e-11
0.000000000000000000e+00 -5.931139000000000124e+03 1.010000000000000000e+02 5.750999999999999708e-11
4.179999999999999827e-01 -5.930904000000000451e+03 1.015000000000000000e+02 5.815000000000000082e-11
0.000000000000000000e+00 -5.931320999999999913e+03 1.020000000000000000e+02 5.815000000000000082e-11
4.530000000000000138e-01 -5.931002999999999702e+03 1.025000000000000000e+02 5.897000000000000419e-11
0.000000000000000000e+00 -5.931456000000000131e+03 1.030000000000000000e+02 5.897000000000000419e-11
6.179999999999999938e-01 -5.930807999999999993e+03 1.035000000000000000e+02 5.923999999999999395e-11
0.000000000000000000e+00 -5.931426999999999680e+03 1.040000000000000000e+02 5.923999999999999395e-11
5.889999999999999680e-01 -5.930867000000000189e+03 1.045000000000000000e+02 5.982000000000000643e-11
0.000000000000000000e+00 -5.931456000000000131e+03 1.050000000000000000e+02 5.982000000000000643e-11
1.060000000000000053e+00 -5.930072000000000116e+03 1.055000000000000000e+02 6.008000000000000088e-11
0.000000000000000000e+00 -5.931131999999999607e+03 1.060000000000000000e+02 6.008000000000000088e-11
4.789999999999999813e-01 -5.930746000000000095e+03 1.065000000000000000e+02 6.018000000000000570e-11
0.000000000000000000e+00 -5.931225999999999658e+03 1.070000000000000000e+02 6.018000000000000570e-11
5.620000000000000551e-01 -5.930440999999999804e+03 1.075000000000000000e+02 6.033000000000000001e-11
0.000000000000000000e+00 -5.931003999999999905e+03 1.080000000000000000e+02 6.033000000000000001e-11
5.629999999999999449e-01 -5.930733000000000175e+03 1.085000000000000000e+02 6.046000000000000370e-11
0.000000000000000000e+00 -5.931295000000000073e+03 1.090000000000000000e+02 6.046000000000000370e-11
7.890000000000000346e-01 -5.930336000000000240e+03 1.095000000000000000e+02 6.267000000000000175e-11
0.000000000000000000e+00 -5.931125000000000000e+03 1.100000000000000000e+02 6.267000000000000175e-11
7.339999999999999858e-01 -5.930297999999999774e+03 1.105000000000000000e+02 6.352999999999999930e-11
0.000000000000000000e+00 -5.931030999999999949e+03 1.110000000000000000e+02 6.352999999999999930e-11
6.460000000000000187e-01 -5.930395000000000437e+03 1.115000000000000000e+02 6.408999999999999530e-11
0.000000000000000000e+00 -5.931041000000000167e+03 1.120000000000000000e+02 6.408999999999999530e-11
6.290000000000000036e-01 -5.930309000000000196e+03 1.125000000000000000e+02 6.415000000000000595e-11
0.000000000000000000e+00 -5.930936999999999898e+03 1.130000000000000000e+02 6.415000000000000595e-11
5.899999999999999689e-01 -5.930194999999999709e+03 1.135000000000000000e+02 6.512000000000000363e-11
0.000000000000000000e+00 -5.930784999999999854e+03 1.140000000000000000e+02 6.512000000000000363e-11
4.369999999999999996e-01 -5.930500000000000000e+03 1.145000000000000000e+02 6.526000000000000263e-11
0.000000000000000000e+00 -5.930938000000000102e+03 1.150000000000000000e+02 6.526000000000000263e-11
3.910000000000000142e-01 -5.930679000000000087e+03 1.155000000000000000e+02 6.543000000000000050e-11
0.000000000000000000e+00 -5.931069000000000415e+03 1.160000000000000000e+02 6.543000000000000050e-11
5.610000000000000542e-01 -5.930529999999999745e+03 1.165000000000000000e+02 6.680999999999999987e-11
0.000000000000000000e+00 -5.931091000000000349e+03 1.170000000000000000e+02 6.680999999999999987e-11
5.560000000000000497e-01 -5.930595999999999549e+03 1.175000000000000000e+02 6.730000000000000283e-11
0.000000000000000000e+00 -5.931152000000000044e+03 1.180000000000000000e+02 6.730000000000000283e-11
4.819999999999999840e-01 -5.930655999999999949e+03 1.185000000000000000e+02 6.766999999999999741e-11
0.000000000000000000e+00 -5.931137999999999920e+03 1.190000000000000000e+02 6.766999999999999741e-11
4.319999999999999951e-01 -5.930878999999999905e+03 1.195000000000000000e+02 6.779000000000000579e-11
0.000000000000000000e+00 -5.931310999999999694e+03 1.200000000000000000e+02 6.779000000000000579e-11
6.330000000000000071e-01 -5.930606999999999971e+03 1.205000000000000000e+02 6.810000000000000265e-11
0.000000000000000000e+00 -5.931239999999999782e+03 1.210000000000000000e+02 6.810000000000000265e-11
7.009999999999999565e-01 -5.930731999999999971e+03 1.215000000000000000e+02 6.959000000000000216e-11
0.000000000000000000e+00 -5.931432999999999993e+03 1.220000000000000000e+02 6.959000000000000216e-11
4.380000000000000004e-01 -5.930917999999999665e+03 1.225000000000000000e+02 7.119000000000000180e-11
0.000000000000000000e+00 -5.931354999999999563e+03 1.230000000000000000e+02 7.119000000000000180e-11
3.609999999999999876e-01 -5.931072000000000116e+03 1.235000000000000000e+02 7.152000000000000221e-11
0.000000000000000000e+00 -5.931432999999999993e+03 1.240000000000000000e+02 7.152000000000000221e-11
7.119999999999999662e-01 -5.930974000000000160e+03 1.245000000000000000e+02 7.188999999999999680e-11
0.000000000000000000e+00 -5.931685000000000400e+03 1.250000000000000000e+02 7.188999999999999680e-11
6.270000000000000018e-01 -5.930947000000000116e+03 1.255000000000000000e+02 7.381000000000000154e-11
0.000000000000000000e+00 -5.931573999999999614e+03 1.260000000000000000e+02 7.381000000000000154e-11
4.420000000000000040e-01 -5.931457999999999629e+03 1.265000000000000000e+02 7.401999999999999358e-11
0.000000000000000000e+00 -5.931899999999999636e+03 1.270000000000000000e+02 7.401999999999999358e-11
7.740000000000000213e-01 -5.930912000000000262e+03 1.275000000000000000e+02 7.467999999999999440e-11
0.000000000000000000e+00 -5.931685000000000400e+03 1.280000000000000000e+02 7.467999999999999440e-11
6.270000000000000018e-01 -5.930947000000000116e+03 1.285000000000000000e+02 7.566999999999999564e-11
0.000000000000000000e+00 -5.931573999999999614e+03 1.290000000000000000e+02 7.566999999999999564e-11
4.420000000000000040e-01 -5.931457999999999629e+03 1.295000000000000000e+02 7.654999999999999673e-11
0.000000000000000000e+00 -5.931899999999999636e+03 1.300000000000000000e+02 7.654999999999999673e-11
7.990000000000000435e-01 -5.930942000000000007e+03 1.305000000000000000e+02 7.770999999999999583e-11
0.000000000000000000e+00 -5.931740999999999985e+03 1.310000000000000000e+02 7.770999999999999583e-11
8.539999999999999813e-01 -5.930518000000000029e+03 1.315000000000000000e+02 7.783999999999999952e-11
0.000000000000000000e+00 -5.931372999999999593e+03 1.320000000000000000e+02 7.783999999999999952e-11
2.939999999999999836e-01 -5.930838999999999942e+03 1.325000000000000000e+02 7.789000000000000193e-11
0.000000000000000000e+00 -5.931132999999999811e+03 1.330000000000000000e+02 7.789000000000000193e-11
7.000000000000000146e-03 -5.931563000000000102e+03 1.335000000000000000e+02 7.792000000000000079e-11
0.000000000000000000e+00 -5.931570999999999913e+03 1.340000000000000000e+02 7.792000000000000079e-11
4.450000000000000067e-01 -5.930688000000000102e+03 1.345000000000000000e+02 7.806999999999999510e-11
0.000000000000000000e+00 -5.931132999999999811e+03 1.350000000000000000e+02 7.806999999999999510e-11
5.199999999999999761e-02 -5.931319999999999709e+03 1.355000000000000000e+02 7.811999999999999752e-11
0.000000000000000000e+00 -5.931372999999999593e+03 1.360000000000000000e+02 7.811999999999999752e-11
5.819999999999999618e-01 -5.930929000000000087e+03 1.365000000000000000e+02 7.866999999999999820e-11
0.000000000000000000e+00 -5.931511000000000422e+03 1.370000000000000000e+02 7.866999999999999820e-11
1.640000000000000069e-01 -5.931194999999999709e+03 1.375000000000000000e+02 7.869999999999999706e-11
0.000000000000000000e+00 -5.931359999999999673e+03 1.380000000000000000e+02 7.869999999999999706e-11
1.299999999999999940e-02 -5.931497999999999593e+03 1.385000000000000000e+02 7.874000000000000416e-11
0.000000000000000000e+00 -5.931511000000000422e+03 1.390000000000000000e+02 7.874000000000000416e-11
3.579999999999999849e-01 -5.931284999999999854e+03 1.395000000000000000e+02 7.883999999999999606e-11
0.000000000000000000e+00 -5.931643000000000029e+03 1.400000000000000000e+02 7.883999999999999606e-11
6.280000000000000027e-01 -5.931489999999999782e+03 1.405000000000000000e+02 7.894999999999999620e-11
0.000000000000000000e+00 -5.932118000000000393e+03 1.410000000000000000e+02 7.894999999999999620e-11
6.700000000000000400e-01 -5.931386000000000422e+03 1.415000000000000000e+02 7.904000000000000571e-11
0.000000000000000000e+00 -5.932056999999999789e+03 1.420000000000000000e+02 7.904000000000000571e-11
5.729999999999999538e-01 -5.931296000000000276e+03 1.425000000000000000e+02 7.943999999999999916e-11
0.000000000000000000e+00 -5.931869999999999891e+03 1.430000000000000000e+02 7.943999999999999916e-11
6.899999999999999467e-01 -5.931207000000000335e+03 1.435000000000000000e+02 7.966999999999999475e-11
0.000000000000000000e+00 -5.931896999999999935e+03 1.440000000000000000e+02 7.966999999999999475e-11
5.340000000000000302e-01 -5.931353000000000065e+03 1.445000000000000000e+02 7.973000000000000540e-11
0.000000000000000000e+00 -5.931886999999999716e+03 1.450000000000000000e+02 7.973000000000000540e-11
6.520000000000000240e-01 -5.930967999999999847e+03 1.455000000000000000e+02 8.065999999999999598e-11
0.000000000000000000e+00 -5.931619999999999891e+03 1.460000000000000000e+02 8.065999999999999598e-11
5.180000000000000160e-01 -5.931243000000000393e+03 1.465000000000000000e+02 8.067999999999999953e-11
0.000000000000000000e+00 -5.931760000000000218e+03 1.470000000000000000e+02 8.067999999999999953e-11
6.460000000000000187e-01 -5.931256000000000313e+03 1.475000000000000000e+02 8.089000000000000449e-11
0.000000000000000000e+00 -5.931902000000000044e+03 1.480000000000000000e+02 8.089000000000000449e-11
6.270000000000000018e-01 -5.931351999999999862e+03 1.485000000000000000e+02 8.097000000000000577e-11
0.000000000000000000e+00 -5.931979000000000269e+03 1.490000000000000000e+02 8.097000000000000577e-11
7.049999999999999600e-01 -5.931197000000000116e+03 1.495000000000000000e+02 8.120000000000000136e-11
0.000000000000000000e+00 -5.931902000000000044e+03 1.500000000000000000e+02 8.120000000000000136e-11
1.710000000000000131e-01 -5.931576000000000022e+03 1.505000000000000000e+02 8.122000000000000491e-11
0.000000000000000000e+00 -5.931747000000000298e+03 1.510000000000000000e+02 8.122000000000000491e-11
2.610000000000000098e-01 -5.932076000000000022e+03 1.515000000000000000e+02 8.128999999999999794e-11
0.000000000000000000e+00 -5.932336000000000240e+03 1.520000000000000000e+02 8.128999999999999794e-11
4.650000000000000244e-01 -5.931994999999999891e+03 1.525000000000000000e+02 8.214000000000000018e-11
0.000000000000000000e+00 -5.932460000000000036e+03 1.530000000000000000e+02 8.214000000000000018e-11
7.269999999999999796e-01 -5.931636999999999716e+03 1.535000000000000000e+02 8.236000000000000045e-11
0.000000000000000000e+00 -5.932363999999999578e+03 1.540000000000000000e+02 8.236000000000000045e-11
5.050000000000000044e-01 -5.931756000000000313e+03 1.545000000000000000e+02 8.301000000000000596e-11
0.000000000000000000e+00 -5.932261000000000422e+03 1.550000000000000000e+02 8.301000000000000596e-11
7.179999999999999716e-01 -5.931301000000000386e+03 1.555000000000000000e+02 8.360000000000000082e-11
0.000000000000000000e+00 -5.932018000000000029e+03 1.560000000000000000e+02 8.360000000000000082e-11
6.219999999999999973e-01 -5.931826000000000022e+03 1.565000000000000000e+02 8.387999999999999882e-11
0.000000000000000000e+00 -5.932448000000000320e+03 1.570000000000000000e+02 8.387999999999999882e-11
5.140000000000000124e-01 -5.932252999999999702e+03 1.575000000000000000e+02 8.404000000000000137e-11
0.000000000000000000e+00 -5.932768000000000029e+03 1.580000000000000000e+02 8.404000000000000137e-11
5.959999999999999742e-01 -5.931976999999999862e+03 1.585000000000000000e+02 8.506000000000000147e-11
0.000000000000000000e+00 -5.932573000000000320e+03 1.590000000000000000e+02 8.506000000000000147e-11
7.119999999999999662e-01 -5.931631000000000313e+03 1.595000000000000000e+02 8.514000000000000274e-11
0.000000000000000000e+00 -5.932342999999999847e+03 1.600000000000000000e+02 8.514000000000000274e-11
6.879999999999999449e-01 -5.931490999999999985e+03 1.605000000000000000e+02 8.525999999999999819e-11
0.000000000000000000e+00 -5.932180000000000291e+03 1.610000000000000000e+02 8.525999999999999819e-11
5.000000000000000000e-01 -5.931662000000000262e+03 1.615000000000000000e+02 8.555000000000000443e-11
0.000000000000000000e+00 -5.932162000000000262e+03 1.620000000000000000e+02 8.555000000000000443e-11
4.829999999999999849e-01 -5.931697000000000116e+03 1.625000000000000000e+02 8.818999999999999480e-11
0.000000000000000000e+00 -5.932180000000000291e+03 1.630000000000000000e+02 8.818999999999999480e-11
4.939999999999999947e-01 -5.931600999999999658e+03 1.635000000000000000e+02 8.821999999999999366e-11
0.000000000000000000e+00 -5.932095000000000255e+03 1.640000000000000000e+02 8.821999999999999366e-11
4.139999999999999791e-01 -5.931957000000000335e+03 1.645000000000000000e+02 8.864999999999999889e-11
0.000000000000000000e+00 -5.932371000000000095e+03 1.650000000000000000e+02 8.864999999999999889e-11
4.219999999999999862e-01 -5.931939000000000306e+03 1.655000000000000000e+02 8.864999999999999889e-11
0.000000000000000000e+00 -5.932360999999999876e+03 1.660000000000000000e+02 8.864999999999999889e-11
1.479999999999999927e-01 -5.932148000000000138e+03 1.665000000000000000e+02 8.867999999999999776e-11
0.000000000000000000e+00 -5.932296999999999571e+03 1.670000000000000000e+02 8.867999999999999776e-11
2.000000000000000042e-02 -5.932720000000000255e+03 1.675000000000000000e+02 8.867999999999999776e-11
0.000000000000000000e+00 -5.932739999999999782e+03 1.680000000000000000e+02 8.867999999999999776e-11
4.279999999999999916e-01 -5.932139000000000124e+03 1.685000000000000000e+02 8.878999999999999789e-11
0.000000000000000000e+00 -5.932567000000000007e+03 1.690000000000000000e+02 8.878999999999999789e-11
6.770000000000000462e-01 -5.932065999999999804e+03 1.695000000000000000e+02 8.892000000000000158e-11
0.000000000000000000e+00 -5.932743000000000393e+03 1.700000000000000000e+02 8.892000000000000158e-11
9.779999999999999805e-01 -5.931681999999999789e+03 1.705000000000000000e+02 8.900999999999999817e-11
0.000000000000000000e+00 -5.932661000000000058e+03 1.710000000000000000e+02 8.900999999999999817e-11
7.660000000000000142e-01 -5.932016999999999825e+03 1.715000000000000000e+02 9.027999999999999740e-11
0.000000000000000000e+00 -5.932783000000000357e+03 1.720000000000000000e+02 9.027999999999999740e-11
3.719999999999999973e-01 -5.932347999999999956e+03 1.725000000000000000e+02 9.104999999999999836e-11
0.000000000000000000e+00 -5.932720000000000255e+03 1.730000000000000000e+02 9.104999999999999836e-11
5.939999999999999725e-01 -5.931934000000000196e+03 1.735000000000000000e+02 9.123999999999999977e-11
0.000000000000000000e+00 -5.932528000000000247e+03 1.740000000000000000e+02 9.123999999999999977e-11
5.540000000000000480e-01 -5.932011999999999716e+03 1.745000000000000000e+02 9.132999999999999636e-11
0.000000000000000000e+00 -5.932565999999999804e+03 1.750000000000000000e+02 9.132999999999999636e-11
6.199999999999999956e-02 -5.933051000000000386e+03 1.755000000000000000e+02 9.140999999999999763e-11
0.000000000000000000e+00 -5.933113000000000284e+03 1.760000000000000000e+02 9.140999999999999763e-11
6.089999999999999858e-01 -5.931957000000000335e+03 1.765000000000000000e+02 9.157999999999999550e-11
0.000000000000000000e+00 -5.932565999999999804e+03 1.770000000000000000e+02 9.157999999999999550e-11
6.049999999999999822e-01 -5.931938000000000102e+03 1.775000000000000000e+02 9.182999999999999463e-11
0.000000000000000000e+00 -5.932542999999999665e+03 1.780000000000000000e+02 9.182999999999999463e-11
5.520000000000000462e-01 -5.931786000000000058e+03 1.785000000000000000e+02 9.226999999999999518e-11
0.000000000000000000e+00 -5.932338999999999942e+03 1.790000000000000000e+02 9.226999999999999518e-11
3.180000000000000049e-01 -5.931743000000000393e+03 1.795000000000000000e+02 9.229999999999999404e-11
0.000000000000000000e+00 -5.932060000000000400e+03 1.800000000000000000e+02 9.229999999999999404e-11
3.899999999999999994e-02 -5.932298999999999978e+03 1.805000000000000000e+02 9.229999999999999404e-11
0.000000000000000000e+00 -5.932338999999999942e+03 1.810000000000000000e+02 9.229999999999999404e-11
5.659999999999999476e-01 -5.931725000000000364e+03 1.815000000000000000e+02 9.253000000000000256e-11
0.000000000000000000e+00 -5.932291000000000167e+03 1.820000000000000000e+02 9.253000000000000256e-11
4.410000000000000031e-01 -5.931832000000000335e+03 1.825000000000000000e+02 9.291000000000000538e-11
0.000000000000000000e+00 -5.932273000000000138e+03 1.830000000000000000e+02 9.291000000000000538e-11
3.119999999999999996e-01 -5.932295000000000073e+03 1.835000000000000000e+02 9.305999999999999969e-11
0.000000000000000000e+00 -5.932606999999999971e+03 1.840000000000000000e+02 9.305999999999999969e-11
5.120000000000000107e-01 -5.932240999999999985e+03 1.845000000000000000e+02 9.449999999999999679e-11
0.000000000000000000e+00 -5.932752999999999702e+03 1.850000000000000000e+02 9.449999999999999679e-11
4.799999999999999822e-01 -5.932270000000000437e+03 1.855000000000000000e+02 9.454000000000000389e-11
0.000000000000000000e+00 -5.932748999999999796e+03 1.860000000000000000e+02 9.454000000000000389e-11
4.060000000000000275e-01 -5.932036000000000058e+03 1.865000000000000000e+02 9.488999999999999492e-11
0.000000000000000000e+00 -5.932440999999999804e+03 1.870000000000000000e+02 9.488999999999999492e-11
9.800000000000000377e-02 -5.932650999999999840e+03 1.875000000000000000e+02 9.498000000000000443e-11
0.000000000000000000e+00 -5.932748999999999796e+03 1.880000000000000000e+02 9.498000000000000443e-11
5.450000000000000400e-01 -5.931962000000000444e+03 1.885000000000000000e+02 9.512999999999999875e-11
0.000000000000000000e+00 -5.932507999999999811e+03 1.890000000000000000e+02 9.512999999999999875e-11
5.360000000000000320e-01 -5.931885000000000218e+03 1.895000000000000000e+02 9.513999999999999406e-11
0.000000000000000000e+00 -5.932421000000000276e+03 1.900000000000000000e+02 9.513999999999999406e-11
7.009999999999999565e-01 -5.931417999999999665e+03 1.905000000000000000e+02 9.515000000000000230e-11
0.000000000000000000e+00 -5.932118999999999687e+03 1.910000000000000000e+02 9.515000000000000230e-11
3.980000000000000204e-01 -5.932023000000000138e+03 1.915000000000000000e+02 9.537000000000000257e-11
0.000000000000000000e+00 -5.932421000000000276e+03 1.920000000000000000e+02 9.537000000000000257e-11
7.009999999999999565e-01 -5.931417999999999665e+03 1.925000000000000000e+02 9.540999999999999675e-11
0.000000000000000000e+00 -5.932118999999999687e+03 1.930000000000000000e+02 9.540999999999999675e-11
6.420000000000000151e-01 -5.931551000000000386e+03 1.935000000000000000e+02 9.573999999999999716e-11
0.000000000000000000e+00 -5.932193000000000211e+03 1.940000000000000000e+02 9.573999999999999716e-11
4.939999999999999947e-01 -5.931793999999999869e+03 1.945000000000000000e+02 9.578999999999999957e-11
0.000000000000000000e+00 -5.932287999999999556e+03 1.950000000000000000e+02 9.578999999999999957e-11
3.449999999999999734e-01 -5.932175000000000182e+03 1.955000000000000000e+02 9.598999999999999629e-11
0.000000000000000000e+00 -5.932520000000000437e+03 1.960000000000000000e+02 9.598999999999999629e-11
5.779999999999999583e-01 -5.931710000000000036e+03 1.965000000000000000e+02 9.710000000000000590e-11
0.000000000000000000e+00 -5.932287999999999556e+03 1.970000000000000000e+02 9.710000000000000590e-11
6.580000000000000293e-01 -5.931613000000000284e+03 1.975000000000000000e+02 9.757000000000000531e-11
0.000000000000000000e+00 -5.932270999999999731e+03 1.980000000000000000e+02 9.757000000000000531e-11
4.739999999999999769e-01 -5.931752000000000407e+03 1.985000000000000000e+02 9.824000000000000145e-11
0.000000000000000000e+00 -5.932225999999999658e+03 1.990000000000000000e+02 9.824000000000000145e-11
3.519999999999999796e-01 -5.931997000000000298e+03 1.995000000000000000e+02 9.824999999999999676e-11
0.000000000000000000e+00 -5.932349000000000160e+03 2.000000000000000000e+02 9.824999999999999676e-11
4.749999999999999778e-01 -5.931752000000000407e+03 2.005000000000000000e+02 9.992999999999999768e-11
0.000000000000000000e+00 -5.932225999999999658e+03 2.010000000000000000e+02 9.992999999999999768e-11
3.519999999999999796e-01 -5.931997000000000298e+03 2.015000000000000000e+02 1.002000000000000004e-10
0.000000000000000000e+00 -5.932349000000000160e+03 2.020000000000000000e+02 1.002000000000000004e-10
4.749999999999999778e-01 -5.931752000000000407e+03 2.025000000000000000e+02 1.002000000000000004e-10
0.000000000000000000e+00 -5.932225999999999658e+03 2.030000000000000000e+02 1.002000000000000004e-10
3.519999999999999796e-01 -5.931997000000000298e+03 2.035000000000000000e+02 1.003000000000000052e-10
0.000000000000000000e+00 -5.932349000000000160e+03 2.040000000000000000e+02 1.003000000000000052e-10
7.289999999999999813e-01 -5.931548999999999978e+03 2.045000000000000000e+02 1.005999999999999938e-10
0.000000000000000000e+00 -5.932278000000000247e+03 2.050000000000000000e+02 1.005999999999999938e-10
5.460000000000000409e-01 -5.931810000000000400e+03 2.055000000000000000e+02 1.006999999999999986e-10
0.000000000000000000e+00 -5.932356999999999971e+03 2.060000000000000000e+02 1.006999999999999986e-10
5.420000000000000373e-01 -5.931654000000000451e+03 2.065000000000000000e+02 1.019999999999999967e-10
0.000000000000000000e+00 -5.932195999999999913e+03 2.070000000000000000e+02 1.019999999999999967e-10
4.809999999999999831e-01 -5.931492000000000189e+03 2.075000000000000000e+02 1.021000000000000016e-10
0.000000000000000000e+00 -5.931974000000000160e+03 2.080000000000000000e+02 1.021000000000000016e-10
2.580000000000000071e-01 -5.931938000000000102e+03 2.085000000000000000e+02 1.024999999999999950e-10
0.000000000000000000e+00 -5.932195999999999913e+03 2.090000000000000000e+02 1.024999999999999950e-10
3.820000000000000062e-01 -5.931975000000000364e+03 2.095000000000000000e+02 1.030000000000000062e-10
0.000000000000000000e+00 -5.932356999999999971e+03 2.100000000000000000e+02 1.030000000000000062e-10
5.420000000000000373e-01 -5.931654999999999745e+03 2.105000000000000000e+02 1.048000000000000026e-10
0.000000000000000000e+00 -5.932195999999999913e+03 2.110000000000000000e+02 1.048000000000000026e-10
4.809999999999999831e-01 -5.931492000000000189e+03 2.115000000000000000e+02 1.049999999999999993e-10
0.000000000000000000e+00 -5.931974000000000160e+03 2.120000000000000000e+02 1.049999999999999993e-10
4.179999999999999827e-01 -5.931824999999999818e+03 2.125000000000000000e+02 1.051000000000000041e-10
0.000000000000000000e+00 -5.932243000000000393e+03 2.130000000000000000e+02 1.051000000000000041e-10
6.310000000000000053e-01 -5.931756999999999607e+03 2.135000000000000000e+02 1.051999999999999960e-10
0.000000000000000000e+00 -5.932387999999999920e+03 2.140000000000000000e+02 1.051999999999999960e-10
2.849999999999999756e-01 -5.932592999999999847e+03 2.145000000000000000e+02 1.054000000000000057e-10
0.000000000000000000e+00 -5.932877999999999702e+03 2.150000000000000000e+02 1.054000000000000057e-10
4.809999999999999831e-01 -5.932445999999999913e+03 2.155000000000000000e+02 1.054000000000000057e-10
0.000000000000000000e+00 -5.932926999999999680e+03 2.160000000000000000e+02 1.054000000000000057e-10
5.889999999999999680e-01 -5.932278000000000247e+03 2.165000000000000000e+02 1.065999999999999989e-10
0.000000000000000000e+00 -5.932868000000000393e+03 2.170000000000000000e+02 1.065999999999999989e-10
5.300000000000000266e-01 -5.932396999999999935e+03 2.175000000000000000e+02 1.067999999999999957e-10
0.000000000000000000e+00 -5.932926999999999680e+03 2.180000000000000000e+02 1.067999999999999957e-10
6.109999999999999876e-01 -5.932363999999999578e+03 2.185000000000000000e+02 1.070000000000000053e-10
0.000000000000000000e+00 -5.932975000000000364e+03 2.190000000000000000e+02 1.070000000000000053e-10
8.080000000000000515e-01 -5.932011000000000422e+03 2.195000000000000000e+02 1.088999999999999936e-10
0.000000000000000000e+00 -5.932819000000000415e+03 2.200000000000000000e+02 1.088999999999999936e-10
5.510000000000000453e-01 -5.932158999999999651e+03 2.205000000000000000e+02 1.105999999999999981e-10
0.000000000000000000e+00 -5.932710000000000036e+03 2.210000000000000000e+02 1.105999999999999981e-10
2.010000000000000120e-01 -5.932828000000000429e+03 2.215000000000000000e+02 1.108999999999999996e-10
0.000000000000000000e+00 -5.933029000000000451e+03 2.220000000000000000e+02 1.108999999999999996e-10
3.420000000000000262e-01 -5.932824999999999818e+03 2.225000000000000000e+02 1.116999999999999994e-10
0.000000000000000000e+00 -5.933167000000000371e+03 2.230000000000000000e+02 1.116999999999999994e-10
3.420000000000000262e-01 -5.932537999999999556e+03 2.235000000000000000e+02 1.118000000000000043e-10
0.000000000000000000e+00 -5.932878999999999905e+03 2.240000000000000000e+02 1.118000000000000043e-10
6.000000000000000125e-03 -5.933345999999999549e+03 2.245000000000000000e+02 1.118000000000000043e-10
0.000000000000000000e+00 -5.933351999999999862e+03 2.250000000000000000e+02 1.118000000000000043e-10
4.779999999999999805e-01 -5.932400999999999840e+03 2.255000000000000000e+02 1.131000000000000023e-10
0.000000000000000000e+00 -5.932878999999999905e+03 2.260000000000000000e+02 1.131000000000000023e-10
5.299999999999999850e-02 -5.933262999999999920e+03 2.265000000000000000e+02 1.131000000000000023e-10
0.000000000000000000e+00 -5.933315999999999804e+03 2.270000000000000000e+02 1.131000000000000023e-10
3.069999999999999951e-01 -5.932712999999999738e+03 2.275000000000000000e+02 1.131999999999999942e-10
0.000000000000000000e+00 -5.933020000000000437e+03 2.280000000000000000e+02 1.131999999999999942e-10
1.099999999999999936e-02 -5.933305000000000291e+03 2.285000000000000000e+02 1.139999999999999941e-10
0.000000000000000000e+00 -5.933315999999999804e+03 2.290000000000000000e+02 1.139999999999999941e-10
3.069999999999999951e-01 -5.932712999999999738e+03 2.295000000000000000e+02 1.153999999999999970e-10
0.000000000000000000e+00 -5.933020000000000437e+03 2.300000000000000000e+02 1.153999999999999970e-10
1.099999999999999936e-02 -5.933305000000000291e+03 2.305000000000000000e+02 1.155000000000000018e-10
0.000000000000000000e+00 -5.933315999999999804e+03 2.310000000000000000e+02 1.155000000000000018e-10
3.069999999999999951e-01 -5.932712999999999738e+03 2.315000000000000000e+02 1.155000000000000018e-10
0.000000000000000000e+00 -5.933020000000000437e+03 2.320000000000000000e+02 1.155000000000000018e-10
1.099999999999999936e-02 -5.933305000000000291e+03 2.325000000000000000e+02 1.155999999999999937e-10
0.000000000000000000e+00 -5.933315999999999804e+03 2.330000000000000000e+02 1.155999999999999937e-10
3.069999999999999951e-01 -5.932712999999999738e+03 2.335000000000000000e+02 1.156999999999999985e-10
0.000000000000000000e+00 -5.933020000000000437e+03 2.340000000000000000e+02 1.156999999999999985e-10
1.099999999999999936e-02 -5.933305000000000291e+03 2.345000000000000000e+02 1.158000000000000034e-10
0.000000000000000000e+00 -5.933315999999999804e+03 2.350000000000000000e+02 1.158000000000000034e-10
4.829999999999999849e-01 -5.932961000000000240e+03 2.355000000000000000e+02 1.161999999999999968e-10
0.000000000000000000e+00 -5.933444000000000415e+03 2.360000000000000000e+02 1.161999999999999968e-10
1.910000000000000031e-01 -5.933110999999999876e+03 2.365000000000000000e+02 1.163000000000000016e-10
0.000000000000000000e+00 -5.933301999999999680e+03 2.370000000000000000e+02 1.163000000000000016e-10
4.000000000000000083e-02 -5.933734000000000378e+03 2.375000000000000000e+02 1.165000000000000113e-10
0.000000000000000000e+00 -5.933774000000000342e+03 2.380000000000000000e+02 1.165000000000000113e-10
5.839999999999999636e-01 -5.933186999999999898e+03 2.385000000000000000e+02 1.165999999999999903e-10
0.000000000000000000e+00 -5.933770999999999731e+03 2.390000000000000000e+02 1.165999999999999903e-10
4.819999999999999840e-01 -5.933507999999999811e+03 2.395000000000000000e+02 1.167999999999999999e-10
0.000000000000000000e+00 -5.933989999999999782e+03 2.400000000000000000e+02 1.167999999999999999e-10
4.749999999999999778e-01 -5.933536000000000058e+03 2.405000000000000000e+02 1.181000000000000109e-10
0.000000000000000000e+00 -5.934011999999999716e+03 2.410000000000000000e+02 1.181000000000000109e-10
2.869999999999999774e-01 -5.933502999999999702e+03 2.415000000000000000e+02 1.183999999999999996e-10
0.000000000000000000e+00 -5.933789999999999964e+03 2.420000000000000000e+02 1.183999999999999996e-10
2.500000000000000139e-02 -5.934043999999999869e+03 2.425000000000000000e+02 1.186000000000000092e-10
0.000000000000000000e+00 -5.934068000000000211e+03 2.430000000000000000e+02 1.186000000000000092e-10
4.839999999999999858e-01 -5.933684000000000196e+03 2.435000000000000000e+02 1.192000000000000123e-10
0.000000000000000000e+00 -5.934167999999999665e+03 2.440000000000000000e+02 1.192000000000000123e-10
4.759999999999999787e-01 -5.933710000000000036e+03 2.445000000000000000e+02 1.196000000000000058e-10
0.000000000000000000e+00 -5.934185000000000400e+03 2.450000000000000000e+02 1.196000000000000058e-10
4.789999999999999813e-01 -5.933832000000000335e+03 2.455000000000000000e+02 1.197999999999999896e-10
0.000000000000000000e+00 -5.934310999999999694e+03 2.460000000000000000e+02 1.197999999999999896e-10
6.059999999999999831e-01 -5.933579999999999927e+03 2.465000000000000000e+02 1.219999999999999923e-10
0.000000000000000000e+00 -5.934185000000000400e+03 2.470000000000000000e+02 1.219999999999999923e-10
4.510000000000000120e-01 -5.933868999999999687e+03 2.475000000000000000e+02 1.220999999999999971e-10
0.000000000000000000e+00 -5.934320999999999913e+03 2.480000000000000000e+02 1.220999999999999971e-10
3.659999999999999920e-01 -5.934105999999999767e+03 2.485000000000000000e+02 1.223000000000000068e-10
0.000000000000000000e+00 -5.934471999999999753e+03 2.490000000000000000e+02 1.223000000000000068e-10
4.129999999999999782e-01 -5.934421999999999571e+03 2.495000000000000000e+02 1.224000000000000116e-10
0.000000000000000000e+00 -5.934835000000000036e+03 2.500000000000000000e+02 1.224000000000000116e-10
4.259999999999999898e-01 -5.934409999999999854e+03 2.505000000000000000e+02 1.224999999999999906e-10
0.000000000000000000e+00 -5.934836000000000240e+03 2.510000000000000000e+02 1.224999999999999906e-10
3.270000000000000129e-01 -5.934188000000000102e+03 2.515000000000000000e+02 1.224999999999999906e-10
0.000000000000000000e+00 -5.934515999999999622e+03 2.520000000000000000e+02 1.224999999999999906e-10
7.000000000000000146e-03 -5.935055000000000291e+03 2.525000000000000000e+02 1.225999999999999954e-10
0.000000000000000000e+00 -5.935063000000000102e+03 2.530000000000000000e+02 1.225999999999999954e-10
3.350000000000000200e-01 -5.934832999999999629e+03 2.535000000000000000e+02 1.228000000000000050e-10
0.000000000000000000e+00 -5.935167999999999665e+03 2.540000000000000000e+02 1.228000000000000050e-10
4.400000000000000022e-01 -5.934622999999999593e+03 2.545000000000000000e+02 1.229999999999999888e-10
0.000000000000000000e+00 -5.935063000000000102e+03 2.550000000000000000e+02 1.229999999999999888e-10
3.350000000000000200e-01 -5.934832999999999629e+03 2.555000000000000000e+02 1.229999999999999888e-10
0.000000000000000000e+00 -5.935167999999999665e+03 2.560000000000000000e+02 1.229999999999999888e-10
4.400000000000000022e-01 -5.934622999999999593e+03 2.565000000000000000e+02 1.239000000000000064e-10
0.000000000000000000e+00 -5.935063000000000102e+03 2.570000000000000000e+02 1.239000000000000064e-10
6.199999999999999956e-01 -5.934542999999999665e+03 2.575000000000000000e+02 1.239000000000000064e-10
0.000000000000000000e+00 -5.935162999999999556e+03 2.580000000000000000e+02 1.239000000000000064e-10
5.849999999999999645e-01 -5.934756000000000313e+03 2.585000000000000000e+02 1.241999999999999950e-10
0.000000000000000000e+00 -5.935341000000000349e+03 2.590000000000000000e+02 1.241999999999999950e-10
5.679999999999999494e-01 -5.934537999999999556e+03 2.595000000000000000e+02 1.245000000000000095e-10
0.000000000000000000e+00 -5.935106999999999971e+03 2.600000000000000000e+02 1.245000000000000095e-10
3.340000000000000191e-01 -5.935006000000000313e+03 2.605000000000000000e+02 1.249000000000000030e-10
0.000000000000000000e+00 -5.935341000000000349e+03 2.610000000000000000e+02 1.249000000000000030e-10
5.669999999999999485e-01 -5.934664999999999964e+03 2.615000000000000000e+02 1.249000000000000030e-10
0.000000000000000000e+00 -5.935231999999999971e+03 2.620000000000000000e+02 1.249000000000000030e-10
3.820000000000000062e-01 -5.935176000000000386e+03 2.625000000000000000e+02 1.251000000000000126e-10
0.000000000000000000e+00 -5.935557999999999993e+03 2.630000000000000000e+02 1.251000000000000126e-10
6.350000000000000089e-01 -5.934807999999999993e+03 2.635000000000000000e+02 1.251999999999999916e-10
0.000000000000000000e+00 -5.935443000000000211e+03 2.640000000000000000e+02 1.251999999999999916e-10
4.859999999999999876e-01 -5.935097999999999956e+03 2.645000000000000000e+02 1.252999999999999964e-10
0.000000000000000000e+00 -5.935583999999999833e+03 2.650000000000000000e+02 1.252999999999999964e-10
4.390000000000000013e-01 -5.935335000000000036e+03 2.655000000000000000e+02 1.254000000000000012e-10
0.000000000000000000e+00 -5.935774999999999636e+03 2.660000000000000000e+02 1.254000000000000012e-10
6.300000000000000044e-01 -5.934954999999999927e+03 2.665000000000000000e+02 1.262999999999999930e-10
0.000000000000000000e+00 -5.935583999999999833e+03 2.670000000000000000e+02 1.262999999999999930e-10
4.390000000000000013e-01 -5.935335000000000036e+03 2.675000000000000000e+02 1.263999999999999978e-10
0.000000000000000000e+00 -5.935774999999999636e+03 2.680000000000000000e+02 1.263999999999999978e-10
6.450000000000000178e-01 -5.934988999999999578e+03 2.685000000000000000e+02 1.279999999999999974e-10
0.000000000000000000e+00 -5.935634000000000015e+03 2.690000000000000000e+02 1.279999999999999974e-10
5.699999999999999512e-01 -5.935144000000000233e+03 2.695000000000000000e+02 1.281000000000000023e-10
0.000000000000000000e+00 -5.935715000000000146e+03 2.700000000000000000e+02 1.281000000000000023e-10
4.939999999999999947e-01 -5.935594000000000051e+03 2.705000000000000000e+02 1.282000000000000071e-10
0.000000000000000000e+00 -5.936087999999999738e+03 2.710000000000000000e+02 1.282000000000000071e-10
6.670000000000000373e-01 -5.935302999999999884e+03 2.715000000000000000e+02 1.298000000000000067e-10
0.000000000000000000e+00 -5.935969000000000051e+03 2.720000000000000000e+02 1.298000000000000067e-10
5.270000000000000240e-01 -5.935337999999999738e+03 2.725000000000000000e+02 1.299999999999999905e-10
0.000000000000000000e+00 -5.935864999999999782e+03 2.730000000000000000e+02 1.299999999999999905e-10
5.120000000000000107e-01 -5.935608000000000175e+03 2.735000000000000000e+02 1.303000000000000050e-10
0.000000000000000000e+00 -5.936118999999999687e+03 2.740000000000000000e+02 1.303000000000000050e-10
5.180000000000000160e-01 -5.935653000000000247e+03 2.745000000000000000e+02 1.304000000000000098e-10
0.000000000000000000e+00 -5.936170000000000073e+03 2.750000000000000000e+02 1.304000000000000098e-10
6.850000000000000533e-01 -5.935416000000000167e+03 2.755000000000000000e+02 1.305999999999999936e-10
0.000000000000000000e+00 -5.936101999999999862e+03 2.760000000000000000e+02 1.305999999999999936e-10
4.490000000000000102e-01 -5.935609999999999673e+03 2.765000000000000000e+02 1.306999999999999984e-10
0.000000000000000000e+00 -5.936057999999999993e+03 2.770000000000000000e+02 1.306999999999999984e-10
8.820000000000000062e-01 -5.934826000000000022e+03 2.775000000000000000e+02 1.315000000000000112e-10
0.000000000000000000e+00 -5.935707999999999629e+03 2.780000000000000000e+02 1.315000000000000112e-10
3.980000000000000204e-01 -5.935466000000000349e+03 2.785000000000000000e+02 1.315999999999999902e-10
0.000000000000000000e+00 -5.935863999999999578e+03 2.790000000000000000e+02 1.315999999999999902e-10
4.179999999999999827e-01 -5.935583999999999833e+03 2.795000000000000000e+02 1.317999999999999998e-10
0.000000000000000000e+00 -5.936002000000000407e+03 2.800000000000000000e+02 1.317999999999999998e-10
5.799999999999999600e-01 -5.935511000000000422e+03 2.805000000000000000e+02 1.320999999999999884e-10
0.000000000000000000e+00 -5.936091000000000349e+03 2.810000000000000000e+02 1.320999999999999884e-10
5.200000000000000178e-01 -5.935569000000000415e+03 2.815000000000000000e+02 1.326000000000000126e-10
0.000000000000000000e+00 -5.936088999999999942e+03 2.820000000000000000e+02 1.326000000000000126e-10
5.170000000000000151e-01 -5.935542999999999665e+03 2.825000000000000000e+02 1.329000000000000012e-10
0.000000000000000000e+00 -5.936060999999999694e+03 2.830000000000000000e+02 1.329000000000000012e-10
4.879999999999999893e-01 -5.935600999999999658e+03 2.835000000000000000e+02 1.331999999999999898e-10
0.000000000000000000e+00 -5.936088999999999942e+03 2.840000000000000000e+02 1.331999999999999898e-10
5.260000000000000231e-01 -5.935561999999999898e+03 2.845000000000000000e+02 1.333999999999999995e-10
0.000000000000000000e+00 -5.936087000000000444e+03 2.850000000000000000e+02 1.333999999999999995e-10
6.600000000000000311e-01 -5.935502000000000407e+03 2.855000000000000000e+02 1.333999999999999995e-10
0.000000000000000000e+00 -5.936162000000000262e+03 2.860000000000000000e+02 1.333999999999999995e-10
3.770000000000000018e-01 -5.935430999999999585e+03 2.865000000000000000e+02 1.341000000000000074e-10
0.000000000000000000e+00 -5.935807999999999993e+03 2.870000000000000000e+02 1.341000000000000074e-10
2.299999999999999961e-02 -5.936139000000000124e+03 2.875000000000000000e+02 1.341000000000000074e-10
0.000000000000000000e+00 -5.936162000000000262e+03 2.880000000000000000e+02 1.341000000000000074e-10
5.819999999999999618e-01 -5.935533000000000357e+03 2.885000000000000000e+02 1.342000000000000122e-10
0.000000000000000000e+00 -5.936113999999999578e+03 2.890000000000000000e+02 1.342000000000000122e-10
5.340000000000000302e-01 -5.935627999999999702e+03 2.895000000000000000e+02 1.347000000000000105e-10
0.000000000000000000e+00 -5.936162000000000262e+03 2.900000000000000000e+02 1.347000000000000105e-10
3.770000000000000018e-01 -5.935430999999999585e+03 2.905000000000000000e+02 1.347000000000000105e-10
0.000000000000000000e+00 -5.935807999999999993e+03 2.910000000000000000e+02 1.347000000000000105e-10
2.299999999999999961e-02 -5.936139000000000124e+03 2.915000000000000000e+02 1.347999999999999895e-10
0.000000000000000000e+00 -5.936162000000000262e+03 2.920000000000000000e+02 1.347999999999999895e-10
4.359999999999999987e-01 -5.936043999999999869e+03 2.925000000000000000e+02 1.348999999999999943e-10
0.000000000000000000e+00 -5.936479999999999563e+03 2.930000000000000000e+02 1.348999999999999943e-10
6.700000000000000400e-01 -5.935545000000000073e+03 2.935000000000000000e+02 1.390999999999999901e-10
0.000000000000000000e+00 -5.936215000000000146e+03 2.940000000000000000e+02 1.390999999999999901e-10
4.050000000000000266e-01 -5.936076000000000022e+03 2.945000000000000000e+02 1.391999999999999949e-10
0.000000000000000000e+00 -5.936479999999999563e+03 2.950000000000000000e+02 1.391999999999999949e-10
6.700000000000000400e-01 -5.935545000000000073e+03 2.955000000000000000e+02 1.401000000000000125e-10
0.000000000000000000e+00 -5.936215000000000146e+03 2.960000000000000000e+02 1.401000000000000125e-10
4.050000000000000266e-01 -5.936076000000000022e+03 2.965000000000000000e+02 1.402999999999999963e-10
0.000000000000000000e+00 -5.936479999999999563e+03 2.970000000000000000e+02 1.402999999999999963e-10
6.700000000000000400e-01 -5.935545000000000073e+03 2.975000000000000000e+02 1.495000000000000007e-10
0.000000000000000000e+00 -5.936215000000000146e+03 2.980000000000000000e+02 1.495000000000000007e-10
5.350000000000000311e-01 -5.935728000000000065e+03 2.985000000000000000e+02 1.497000000000000104e-10
0.000000000000000000e+00 -5.936261999999999716e+03 2.990000000000000000e+02 1.497000000000000104e-10
5.570000000000000506e-01 -5.935773000000000138e+03 2.995000000000000000e+02 1.497000000000000104e-10
0.000000000000000000e+00 -5.936329999999999927e+03 3.000000000000000000e+02 1.497000000000000104e-10
6.169999999999999929e-01 -5.935719000000000051e+03 3.005000000000000000e+02 1.504999999999999973e-10
0.000000000000000000e+00 -5.936336000000000240e+03 3.010000000000000000e+02 1.504999999999999973e-10
5.749999999999999556e-01 -5.935929000000000087e+03 3.015000000000000000e+02 1.509999999999999955e-10
0.000000000000000000e+00 -5.936503999999999905e+03 3.020000000000000000e+02 1.509999999999999955e-10
7.449999999999999956e-01 -5.935747000000000298e+03 3.025000000000000000e+02 1.511000000000000004e-10
0.000000000000000000e+00 -5.936492000000000189e+03 3.030000000000000000e+02 1.511000000000000004e-10
6.310000000000000053e-01 -5.935854999999999563e+03 3.035000000000000000e+02 1.512000000000000052e-10
0.000000000000000000e+00 -5.936484999999999673e+03 3.040000000000000000e+02 1.512000000000000052e-10
5.290000000000000258e-01 -5.935835000000000036e+03 3.045000000000000000e+02 1.518000000000000083e-10
0.000000000000000000e+00 -5.936363999999999578e+03 3.050000000000000000e+02 1.518000000000000083e-10
2.710000000000000187e-01 -5.936317000000000007e+03 3.055000000000000000e+02 1.524000000000000114e-10
0.000000000000000000e+00 -5.936587999999999738e+03 3.060000000000000000e+02 1.524000000000000114e-10
6.570000000000000284e-01 -5.935792000000000371e+03 3.065000000000000000e+02 1.534000000000000079e-10
0.000000000000000000e+00 -5.936449999999999818e+03 3.070000000000000000e+02 1.534000000000000079e-10
3.709999999999999964e-01 -5.936154999999999745e+03 3.075000000000000000e+02 1.534000000000000079e-10
0.000000000000000000e+00 -5.936525999999999840e+03 3.080000000000000000e+02 1.534000000000000079e-10
4.739999999999999769e-01 -5.935662000000000262e+03 3.085000000000000000e+02 1.544000000000000045e-10
0.000000000000000000e+00 -5.936136999999999716e+03 3.090000000000000000e+02 1.544000000000000045e-10
8.500000000000000611e-02 -5.936440999999999804e+03 3.095000000000000000e+02 1.545000000000000093e-10
0.000000000000000000e+00 -5.936525999999999840e+03 3.100000000000000000e+02 1.545000000000000093e-10
5.839999999999999636e-01 -5.935792999999999665e+03 3.105000000000000000e+02 1.546999999999999931e-10
0.000000000000000000e+00 -5.936377000000000407e+03 3.110000000000000000e+02 1.546999999999999931e-10
4.349999999999999978e-01 -5.936091000000000349e+03 3.115000000000000000e+02 1.549000000000000028e-10
0.000000000000000000e+00 -5.936525999999999840e+03 3.120000000000000000e+02 1.549000000000000028e-10
7.880000000000000338e-01 -5.935586000000000240e+03 3.125000000000000000e+02 1.558999999999999993e-10
0.000000000000000000e+00 -5.936375000000000000e+03 3.130000000000000000e+02 1.558999999999999993e-10
1.590000000000000024e-01 -5.936078999999999724e+03 3.135000000000000000e+02 1.560000000000000041e-10
0.000000000000000000e+00 -5.936237000000000080e+03 3.140000000000000000e+02 1.560000000000000041e-10
2.299999999999999961e-02 -5.936515999999999622e+03 3.145000000000000000e+02 1.560000000000000041e-10
0.000000000000000000e+00 -5.936538999999999760e+03 3.150000000000000000e+02 1.560000000000000041e-10
3.250000000000000111e-01 -5.935912999999999556e+03 3.155000000000000000e+02 1.561000000000000090e-10
0.000000000000000000e+00 -5.936237000000000080e+03 3.160000000000000000e+02 1.561000000000000090e-10
2.000000000000000042e-02 -5.936354999999999563e+03 3.165000000000000000e+02 1.561000000000000090e-10
0.000000000000000000e+00 -5.936375000000000000e+03 3.170000000000000000e+02 1.561000000000000090e-10
5.500000000000000444e-01 -5.936054000000000087e+03 3.175000000000000000e+02 1.572999999999999893e-10
0.000000000000000000e+00 -5.936604000000000269e+03 3.180000000000000000e+02 1.572999999999999893e-10
2.510000000000000009e-01 -5.936639000000000124e+03 3.185000000000000000e+02 1.581000000000000021e-10
0.000000000000000000e+00 -5.936890999999999622e+03 3.190000000000000000e+02 1.581000000000000021e-10
5.989999999999999769e-01 -5.936572000000000116e+03 3.195000000000000000e+02 1.588999999999999889e-10
0.000000000000000000e+00 -5.937171999999999571e+03 3.200000000000000000e+02 1.588999999999999889e-10
1.120000000000000107e+00 -5.935823000000000320e+03 3.205000000000000000e+02 1.604999999999999886e-10
0.000000000000000000e+00 -5.936943000000000211e+03 3.210000000000000000e+02 1.604999999999999886e-10
7.950000000000000400e-01 -5.936104000000000269e+03 3.215000000000000000e+02 1.606999999999999982e-10
0.000000000000000000e+00 -5.936899000000000342e+03 3.220000000000000000e+02 1.606999999999999982e-10
5.090000000000000080e-01 -5.936426999999999680e+03 3.225000000000000000e+02 1.610000000000000127e-10
0.000000000000000000e+00 -5.936935999999999694e+03 3.230000000000000000e+02 1.610000000000000127e-10
5.550000000000000488e-01 -5.936489999999999782e+03 3.235000000000000000e+02 1.610999999999999917e-10
0.000000000000000000e+00 -5.937045000000000073e+03 3.240000000000000000e+02 1.610999999999999917e-10
2.000000000000000111e-01 -5.936680999999999585e+03 3.245000000000000000e+02 1.614000000000000062e-10
0.000000000000000000e+00 -5.936881000000000313e+03 3.250000000000000000e+02 1.614000000000000062e-10
3.500000000000000333e-02 -5.937010000000000218e+03 3.255000000000000000e+02 1.615000000000000110e-10
0.000000000000000000e+00 -5.937045000000000073e+03 3.260000000000000000e+02 1.615000000000000110e-10
2.000000000000000111e-01 -5.936680999999999585e+03 3.265000000000000000e+02 1.615000000000000110e-10
0.000000000000000000e+00 -5.936881000000000313e+03 3.270000000000000000e+02 1.615000000000000110e-10
3.500000000000000333e-02 -5.937010000000000218e+03 3.275000000000000000e+02 1.615999999999999900e-10
0.000000000000000000e+00 -5.937045000000000073e+03 3.280000000000000000e+02 1.615999999999999900e-10
2.000000000000000111e-01 -5.936680999999999585e+03 3.285000000000000000e+02 1.626999999999999913e-10
0.000000000000000000e+00 -5.936881000000000313e+03 3.290000000000000000e+02 1.626999999999999913e-10
3.500000000000000333e-02 -5.937010000000000218e+03 3.295000000000000000e+02 1.626999999999999913e-10
0.000000000000000000e+00 -5.937045000000000073e+03 3.300000000000000000e+02 1.626999999999999913e-10
2.000000000000000111e-01 -5.936680999999999585e+03 3.305000000000000000e+02 1.629000000000000010e-10
0.000000000000000000e+00 -5.936881000000000313e+03 3.310000000000000000e+02 1.629000000000000010e-10
3.500000000000000333e-02 -5.937010000000000218e+03 3.315000000000000000e+02 1.630000000000000058e-10
0.000000000000000000e+00 -5.937045000000000073e+03 3.320000000000000000e+02 1.630000000000000058e-10
2.000000000000000111e-01 -5.936680999999999585e+03 3.325000000000000000e+02 1.646000000000000055e-10
0.000000000000000000e+00 -5.936881000000000313e+03 3.330000000000000000e+02 1.646000000000000055e-10
3.500000000000000333e-02 -5.937010000000000218e+03 3.335000000000000000e+02 1.646000000000000055e-10
0.000000000000000000e+00 -5.937045000000000073e+03 3.340000000000000000e+02 1.646000000000000055e-10
2.000000000000000111e-01 -5.936680999999999585e+03 3.345000000000000000e+02 1.648999999999999941e-10
0.000000000000000000e+00 -5.936881000000000313e+03 3.350000000000000000e+02 1.648999999999999941e-10
3.500000000000000333e-02 -5.937010000000000218e+03 3.355000000000000000e+02 1.651000000000000037e-10
0.000000000000000000e+00 -5.937045000000000073e+03 3.360000000000000000e+02 1.651000000000000037e-10
2.000000000000000111e-01 -5.936680999999999585e+03 3.365000000000000000e+02 1.652999999999999875e-10
0.000000000000000000e+00 -5.936881000000000313e+03 3.370000000000000000e+02 1.652999999999999875e-10
3.500000000000000333e-02 -5.937010000000000218e+03 3.375000000000000000e+02 1.652999999999999875e-10
0.000000000000000000e+00 -5.937045000000000073e+03 3.380000000000000000e+02 1.652999999999999875e-10
2.000000000000000111e-01 -5.936680999999999585e+03 3.385000000000000000e+02 1.656000000000000020e-10
0.000000000000000000e+00 -5.936881000000000313e+03 3.390000000000000000e+02 1.656000000000000020e-10
3.500000000000000333e-02 -5.937010000000000218e+03 3.395000000000000000e+02 1.657000000000000068e-10
0.000000000000000000e+00 -5.937045000000000073e+03 3.400000000000000000e+02 1.657000000000000068e-10
2.000000000000000111e-01 -5.936680999999999585e+03 3.405000000000000000e+02 1.658000000000000116e-10
0.000000000000000000e+00 -5.936881000000000313e+03 3.410000000000000000e+02 1.658000000000000116e-10
3.500000000000000333e-02 -5.937010000000000218e+03 3.415000000000000000e+02 1.658999999999999906e-10
0.000000000000000000e+00 -5.937045000000000073e+03 3.420000000000000000e+02 1.658999999999999906e-10
2.000000000000000111e-01 -5.936680999999999585e+03 3.425000000000000000e+02 1.659999999999999954e-10
0.000000000000000000e+00 -5.936881000000000313e+03 3.430000000000000000e+02 1.659999999999999954e-10
3.500000000000000333e-02 -5.937010000000000218e+03 3.435000000000000000e+02 1.659999999999999954e-10
0.000000000000000000e+00 -5.937045000000000073e+03 3.440000000000000000e+02 1.659999999999999954e-10
2.000000000000000111e-01 -5.936680999999999585e+03 3.445000000000000000e+02 1.664999999999999937e-10
0.000000000000000000e+00 -5.936881000000000313e+03 3.450000000000000000e+02 1.664999999999999937e-10
3.500000000000000333e-02 -5.937010000000000218e+03 3.455000000000000000e+02 1.664999999999999937e-10
0.000000000000000000e+00 -5.937045000000000073e+03 3.460000000000000000e+02 1.664999999999999937e-10
2.000000000000000111e-01 -5.936680999999999585e+03 3.465000000000000000e+02 1.670999999999999968e-10
0.000000000000000000e+00 -5.936881000000000313e+03 3.470000000000000000e+02 1.670999999999999968e-10
3.500000000000000333e-02 -5.937010000000000218e+03 3.475000000000000000e+02 1.670999999999999968e-10
0.000000000000000000e+00 -5.937045000000000073e+03 3.480000000000000000e+02 1.670999999999999968e-10
6.229999999999999982e-01 -5.936533000000000357e+03 3.485000000000000000e+02 1.672000000000000016e-10
0.000000000000000000e+00 -5.937155999999999949e+03 3.490000000000000000e+02 1.672000000000000016e-10
6.979999999999999538e-01 -5.936337999999999738e+03 3.495000000000000000e+02 1.674999999999999903e-10
0.000000000000000000e+00 -5.937037000000000262e+03 3.500000000000000000e+02 1.674999999999999903e-10
7.630000000000000115e-01 -5.936117000000000189e+03 3.505000000000000000e+02 1.689000000000000061e-10
0.000000000000000000e+00 -5.936880000000000109e+03 3.510000000000000000e+02 1.689000000000000061e-10
4.610000000000000209e-01 -5.936644000000000233e+03 3.515000000000000000e+02 1.689000000000000061e-10
0.000000000000000000e+00 -5.937104999999999563e+03 3.520000000000000000e+02 1.689000000000000061e-10
5.240000000000000213e-01 -5.936511000000000422e+03 3.525000000000000000e+02 1.695000000000000092e-10
0.000000000000000000e+00 -5.937034999999999854e+03 3.530000000000000000e+02 1.695000000000000092e-10
3.569999999999999840e-01 -5.936873999999999796e+03 3.535000000000000000e+02 1.695999999999999882e-10
0.000000000000000000e+00 -5.937230999999999767e+03 3.540000000000000000e+02 1.695999999999999882e-10
4.709999999999999742e-01 -5.936710000000000036e+03 3.545000000000000000e+02 1.706999999999999896e-10
0.000000000000000000e+00 -5.937180000000000291e+03 3.550000000000000000e+02 1.706999999999999896e-10
5.410000000000000364e-01 -5.936671000000000276e+03 3.555000000000000000e+02 1.707999999999999944e-10
0.000000000000000000e+00 -5.937212000000000444e+03 3.560000000000000000e+02 1.707999999999999944e-10
5.729999999999999538e-01 -5.936606999999999971e+03 3.565000000000000000e+02 1.708999999999999992e-10
0.000000000000000000e+00 -5.937180000000000291e+03 3.570000000000000000e+02 1.708999999999999992e-10
6.370000000000000107e-01 -5.936704999999999927e+03 3.575000000000000000e+02 1.710000000000000040e-10
0.000000000000000000e+00 -5.937341999999999643e+03 3.580000000000000000e+02 1.710000000000000040e-10
5.070000000000000062e-01 -5.936918999999999869e+03 3.585000000000000000e+02 1.713999999999999975e-10
0.000000000000000000e+00 -5.937426000000000386e+03 3.590000000000000000e+02 1.713999999999999975e-10
4.490000000000000102e-01 -5.936932999999999993e+03 3.595000000000000000e+02 1.724999999999999989e-10
0.000000000000000000e+00 -5.937381999999999607e+03 3.600000000000000000e+02 1.724999999999999989e-10
4.050000000000000266e-01 -5.937021999999999935e+03 3.605000000000000000e+02 1.731000000000000020e-10
0.000000000000000000e+00 -5.937426000000000386e+03 3.610000000000000000e+02 1.731000000000000020e-10
6.770000000000000462e-01 -5.936796999999999571e+03 3.615000000000000000e+02 1.733000000000000116e-10
0.000000000000000000e+00 -5.937475000000000364e+03 3.620000000000000000e+02 1.733000000000000116e-10
6.029999999999999805e-01 -5.936627999999999702e+03 3.625000000000000000e+02 1.759000000000000078e-10
0.000000000000000000e+00 -5.937230999999999767e+03 3.630000000000000000e+02 1.759000000000000078e-10
4.060000000000000275e-01 -5.936936999999999898e+03 3.635000000000000000e+02 1.760999999999999916e-10
0.000000000000000000e+00 -5.937342999999999847e+03 3.640000000000000000e+02 1.760999999999999916e-10
6.159999999999999920e-01 -5.936761999999999716e+03 3.645000000000000000e+02 1.761999999999999964e-10
0.000000000000000000e+00 -5.937378999999999905e+03 3.650000000000000000e+02 1.761999999999999964e-10
6.520000000000000240e-01 -5.936690999999999804e+03 3.655000000000000000e+02 1.763000000000000012e-10
0.000000000000000000e+00 -5.937342999999999847e+03 3.660000000000000000e+02 1.763000000000000012e-10
4.959999999999999964e-01 -5.936898000000000138e+03 3.665000000000000000e+02 1.765999999999999899e-10
0.000000000000000000e+00 -5.937395000000000437e+03 3.670000000000000000e+02 1.765999999999999899e-10
4.259999999999999898e-01 -5.936957000000000335e+03 3.675000000000000000e+02 1.770000000000000092e-10
0.000000000000000000e+00 -5.937382999999999811e+03 3.680000000000000000e+02 1.770000000000000092e-10
3.109999999999999987e-01 -5.936836000000000240e+03 3.685000000000000000e+02 1.775000000000000074e-10
0.000000000000000000e+00 -5.937146999999999935e+03 3.690000000000000000e+02 1.775000000000000074e-10
5.199999999999999761e-02 -5.937319999999999709e+03 3.695000000000000000e+02 1.775000000000000074e-10
0.000000000000000000e+00 -5.937372000000000298e+03 3.700000000000000000e+02 1.775000000000000074e-10
2.770000000000000240e-01 -5.936869999999999891e+03 3.705000000000000000e+02 1.780000000000000057e-10
0.000000000000000000e+00 -5.937146999999999935e+03 3.710000000000000000e+02 1.780000000000000057e-10
7.199999999999999456e-02 -5.937310999999999694e+03 3.715000000000000000e+02 1.780000000000000057e-10
0.000000000000000000e+00 -5.937382999999999811e+03 3.720000000000000000e+02 1.780000000000000057e-10
3.380000000000000226e-01 -5.937051000000000386e+03 3.725000000000000000e+02 1.780000000000000057e-10
0.000000000000000000e+00 -5.937389000000000124e+03 3.730000000000000000e+02 1.780000000000000057e-10
4.079999999999999738e-01 -5.937453999999999724e+03 3.735000000000000000e+02 1.781000000000000105e-10
0.000000000000000000e+00 -5.937862000000000080e+03 3.740000000000000000e+02 1.781000000000000105e-10
4.919999999999999929e-01 -5.937346999999999753e+03 3.745000000000000000e+02 1.781000000000000105e-10
0.000000000000000000e+00 -5.937838999999999942e+03 3.750000000000000000e+02 1.781000000000000105e-10
5.540000000000000480e-01 -5.937527000000000044e+03 3.755000000000000000e+02 1.782999999999999943e-10
0.000000000000000000e+00 -5.938081000000000131e+03 3.760000000000000000e+02 1.782999999999999943e-10
3.019999999999999907e-01 -5.937481999999999971e+03 3.765000000000000000e+02 1.785000000000000040e-10
0.000000000000000000e+00 -5.937783999999999651e+03 3.770000000000000000e+02 1.785000000000000040e-10
5.000000000000000104e-03 -5.938077000000000226e+03 3.775000000000000000e+02 1.786999999999999878e-10
0.000000000000000000e+00 -5.938081000000000131e+03 3.780000000000000000e+02 1.786999999999999878e-10
4.239999999999999880e-01 -5.937899999999999636e+03 3.785000000000000000e+02 1.787999999999999926e-10
0.000000000000000000e+00 -5.938324999999999818e+03 3.790000000000000000e+02 1.787999999999999926e-10
4.879999999999999893e-01 -5.937985999999999876e+03 3.795000000000000000e+02 1.788999999999999974e-10
0.000000000000000000e+00 -5.938474000000000160e+03 3.800000000000000000e+02 1.788999999999999974e-10
4.069999999999999729e-01 -5.938128999999999905e+03 3.805000000000000000e+02 1.790000000000000023e-10
0.000000000000000000e+00 -5.938534999999999854e+03 3.810000000000000000e+02 1.790000000000000023e-10
8.279999999999999583e-01 -5.937534999999999854e+03 3.815000000000000000e+02 1.796000000000000054e-10
0.000000000000000000e+00 -5.938363000000000284e+03 3.820000000000000000e+02 1.796000000000000054e-10
6.720000000000000417e-01 -5.937715000000000146e+03 3.825000000000000000e+02 1.807000000000000067e-10
0.000000000000000000e+00 -5.938386999999999716e+03 3.830000000000000000e+02 1.807000000000000067e-10
8.289999999999999591e-01 -5.937362000000000080e+03 3.835000000000000000e+02 1.808000000000000116e-10
0.000000000000000000e+00 -5.938190999999999804e+03 3.840000000000000000e+02 1.808000000000000116e-10
4.879999999999999893e-01 -5.937819000000000415e+03 3.845000000000000000e+02 1.809999999999999953e-10
0.000000000000000000e+00 -5.938306999999999789e+03 3.850000000000000000e+02 1.809999999999999953e-10
4.410000000000000031e-01 -5.937881999999999607e+03 3.855000000000000000e+02 1.814999999999999936e-10
0.000000000000000000e+00 -5.938323000000000320e+03 3.860000000000000000e+02 1.814999999999999936e-10
6.330000000000000071e-01 -5.937596999999999753e+03 3.865000000000000000e+02 1.826999999999999998e-10
0.000000000000000000e+00 -5.938229999999999563e+03 3.870000000000000000e+02 1.826999999999999998e-10
4.319999999999999951e-01 -5.937836000000000240e+03 3.875000000000000000e+02 1.833000000000000029e-10
0.000000000000000000e+00 -5.938268000000000029e+03 3.880000000000000000e+02 1.833000000000000029e-10
4.699999999999999734e-01 -5.937759000000000015e+03 3.885000000000000000e+02 1.835000000000000126e-10
0.000000000000000000e+00 -5.938229999999999563e+03 3.890000000000000000e+02 1.835000000000000126e-10
4.390000000000000013e-01 -5.937918999999999869e+03 3.895000000000000000e+02 1.835999999999999915e-10
0.000000000000000000e+00 -5.938358000000000175e+03 3.900000000000000000e+02 1.835999999999999915e-10
6.119999999999999885e-01 -5.937733000000000175e+03 3.905000000000000000e+02 1.845000000000000091e-10
0.000000000000000000e+00 -5.938345000000000255e+03 3.910000000000000000e+02 1.845000000000000091e-10
4.819999999999999840e-01 -5.937936999999999898e+03 3.915000000000000000e+02 1.856000000000000105e-10
0.000000000000000000e+00 -5.938420000000000073e+03 3.920000000000000000e+02 1.856000000000000105e-10
4.530000000000000138e-01 -5.938002000000000407e+03 3.925000000000000000e+02 1.856999999999999895e-10
0.000000000000000000e+00 -5.938454999999999927e+03 3.930000000000000000e+02 1.856999999999999895e-10
5.639999999999999458e-01 -5.937845999999999549e+03 3.935000000000000000e+02 1.860000000000000039e-10
0.000000000000000000e+00 -5.938409999999999854e+03 3.940000000000000000e+02 1.860000000000000039e-10
5.190000000000000169e-01 -5.937935999999999694e+03 3.945000000000000000e+02 1.861000000000000088e-10
0.000000000000000000e+00 -5.938454999999999927e+03 3.950000000000000000e+02 1.861000000000000088e-10
5.969999999999999751e-01 -5.937764000000000124e+03 3.955000000000000000e+02 1.861999999999999877e-10
0.000000000000000000e+00 -5.938362000000000080e+03 3.960000000000000000e+02 1.861999999999999877e-10
2.620000000000000107e-01 -5.937902000000000044e+03 3.965000000000000000e+02 1.863999999999999974e-10
0.000000000000000000e+00 -5.938163999999999760e+03 3.970000000000000000e+02 1.863999999999999974e-10
1.799999999999999864e-02 -5.938579999999999927e+03 3.975000000000000000e+02 1.863999999999999974e-10
0.000000000000000000e+00 -5.938596999999999753e+03 3.980000000000000000e+02 1.863999999999999974e-10
4.510000000000000120e-01 -5.937712999999999738e+03 3.985000000000000000e+02 1.865000000000000022e-10
0.000000000000000000e+00 -5.938163999999999760e+03 3.990000000000000000e+02 1.865000000000000022e-10
6.199999999999999956e-02 -5.938300000000000182e+03 3.995000000000000000e+02 1.865000000000000022e-10
0.000000000000000000e+00 -5.938362000000000080e+03 4.000000000000000000e+02 1.865000000000000022e-10
3.910000000000000142e-01 -5.938292999999999665e+03 4.005000000000000000e+02 1.866000000000000070e-10
0.000000000000000000e+00 -5.938685000000000400e+03 4.010000000000000000e+02 1.866000000000000070e-10
7.139999999999999680e-01 -5.937648000000000138e+03 4.015000000000000000e+02 1.867000000000000119e-10
0.000000000000000000e+00 -5.938362000000000080e+03 4.020000000000000000e+02 1.867000000000000119e-10
2.610000000000000098e-01 -5.937902000000000044e+03 4.025000000000000000e+02 1.872000000000000101e-10
0.000000000000000000e+00 -5.938163999999999760e+03 4.030000000000000000e+02 1.872000000000000101e-10
1.799999999999999864e-02 -5.938579999999999927e+03 4.035000000000000000e+02 1.872999999999999891e-10
0.000000000000000000e+00 -5.938596999999999753e+03 4.040000000000000000e+02 1.872999999999999891e-10
2.369999999999999885e-01 -5.938162000000000262e+03 4.045000000000000000e+02 1.876000000000000036e-10
0.000000000000000000e+00 -5.938398000000000138e+03 4.050000000000000000e+02 1.876000000000000036e-10
7.799999999999999989e-02 -5.938488000000000284e+03 4.055000000000000000e+02 1.876000000000000036e-10
0.000000000000000000e+00 -5.938567000000000007e+03 4.060000000000000000e+02 1.876000000000000036e-10
5.300000000000000266e-01 -5.937975000000000364e+03 4.065000000000000000e+02 1.877999999999999874e-10
0.000000000000000000e+00 -5.938505000000000109e+03 4.070000000000000000e+02 1.877999999999999874e-10
4.550000000000000155e-01 -5.938230999999999767e+03 4.075000000000000000e+02 1.879999999999999970e-10
0.000000000000000000e+00 -5.938685999999999694e+03 4.080000000000000000e+02 1.879999999999999970e-10
6.800000000000000488e-01 -5.938164999999999964e+03 4.085000000000000000e+02 1.881000000000000019e-10
0.000000000000000000e+00 -5.938845000000000255e+03 4.090000000000000000e+02 1.881000000000000019e-10
7.469999999999999973e-01 -5.938211000000000240e+03 4.095000000000000000e+02 1.887000000000000049e-10
0.000000000000000000e+00 -5.938957999999999629e+03 4.100000000000000000e+02 1.887000000000000049e-10
4.500000000000000111e-01 -5.938545000000000073e+03 4.105000000000000000e+02 1.888000000000000098e-10
0.000000000000000000e+00 -5.938994999999999891e+03 4.110000000000000000e+02 1.888000000000000098e-10
5.739999999999999547e-01 -5.938423999999999978e+03 4.115000000000000000e+02 1.893000000000000080e-10
0.000000000000000000e+00 -5.938997000000000298e+03 4.120000000000000000e+02 1.893000000000000080e-10
5.819999999999999618e-01 -5.938296999999999571e+03 4.125000000000000000e+02 1.894000000000000129e-10
0.000000000000000000e+00 -5.938878999999999905e+03 4.130000000000000000e+02 1.894000000000000129e-10
7.319999999999999840e-01 -5.938038999999999760e+03 4.135000000000000000e+02 1.898000000000000063e-10
0.000000000000000000e+00 -5.938770999999999731e+03 4.140000000000000000e+02 1.898000000000000063e-10
6.310000000000000053e-01 -5.938230999999999767e+03 4.145000000000000000e+02 1.903000000000000046e-10
0.000000000000000000e+00 -5.938863000000000284e+03 4.150000000000000000e+02 1.903000000000000046e-10
8.169999999999999485e-01 -5.937829999999999927e+03 4.155000000000000000e+02 1.910000000000000125e-10
0.000000000000000000e+00 -5.938646999999999935e+03 4.160000000000000000e+02 1.910000000000000125e-10
4.600000000000000200e-01 -5.938411000000000058e+03 4.165000000000000000e+02 1.910000000000000125e-10
0.000000000000000000e+00 -5.938871000000000095e+03 4.170000000000000000e+02 1.910000000000000125e-10
6.740000000000000435e-01 -5.937756999999999607e+03 4.175000000000000000e+02 1.925000000000000073e-10
0.000000000000000000e+00 -5.938431999999999789e+03 4.180000000000000000e+02 1.925000000000000073e-10
4.550000000000000155e-01 -5.938354999999999563e+03 4.185000000000000000e+02 1.931000000000000104e-10
0.000000000000000000e+00 -5.938810000000000400e+03 4.190000000000000000e+02 1.931000000000000104e-10
5.789999999999999591e-01 -5.937988000000000284e+03 4.195000000000000000e+02 1.931999999999999894e-10
0.000000000000000000e+00 -5.938567000000000007e+03 4.200000000000000000e+02 1.931999999999999894e-10
4.020000000000000240e-01 -5.938251000000000204e+03 4.205000000000000000e+02 1.936999999999999877e-10
0.000000000000000000e+00 -5.938653000000000247e+03 4.210000000000000000e+02 1.936999999999999877e-10
7.960000000000000409e-01 -5.937958999999999833e+03 4.215000000000000000e+02 1.940000000000000022e-10
0.000000000000000000e+00 -5.938755000000000109e+03 4.220000000000000000e+02 1.940000000000000022e-10
3.350000000000000200e-01 -5.938511000000000422e+03 4.225000000000000000e+02 1.940000000000000022e-10
0.000000000000000000e+00 -5.938845999999999549e+03 4.230000000000000000e+02 1.940000000000000022e-10
7.610000000000000098e-01 -5.938112000000000080e+03 4.235000000000000000e+02 1.951000000000000035e-10
0.000000000000000000e+00 -5.938872999999999593e+03 4.240000000000000000e+02 1.951000000000000035e-10
4.819999999999999840e-01 -5.938333999999999833e+03 4.245000000000000000e+02 1.952000000000000084e-10
0.000000000000000000e+00 -5.938815999999999804e+03 4.250000000000000000e+02 1.952000000000000084e-10
5.809999999999999609e-01 -5.938233000000000175e+03 4.255000000000000000e+02 1.952000000000000084e-10
0.000000000000000000e+00 -5.938813000000000102e+03 4.260000000000000000e+02 1.952000000000000084e-10
8.259999999999999565e-01 -5.937738000000000284e+03 4.265000000000000000e+02 1.954999999999999970e-10
0.000000000000000000e+00 -5.938564000000000306e+03 4.270000000000000000e+02 1.954999999999999970e-10
5.759999999999999565e-01 -5.938237000000000080e+03 4.275000000000000000e+02 1.956000000000000018e-10
0.000000000000000000e+00 -5.938813000000000102e+03 4.280000000000000000e+02 1.956000000000000018e-10
3.790000000000000036e-01 -5.938443000000000211e+03 4.285000000000000000e+02 1.958999999999999904e-10
0.000000000000000000e+00 -5.938822000000000116e+03 4.290000000000000000e+02 1.958999999999999904e-10
5.779999999999999583e-01 -5.938469000000000051e+03 4.295000000000000000e+02 1.961000000000000001e-10
0.000000000000000000e+00 -5.939046999999999571e+03 4.300000000000000000e+02 1.961000000000000001e-10
9.190000000000000391e-01 -5.938358000000000175e+03 4.305000000000000000e+02 1.969000000000000128e-10
0.000000000000000000e+00 -5.939277000000000044e+03 4.310000000000000000e+02 1.969000000000000128e-10
6.700000000000000400e-01 -5.938427999999999884e+03 4.315000000000000000e+02 1.986999999999999963e-10
0.000000000000000000e+00 -5.939099000000000160e+03 4.320000000000000000e+02 1.986999999999999963e-10
6.179999999999999938e-01 -5.938525999999999840e+03 4.325000000000000000e+02 1.989000000000000059e-10
0.000000000000000000e+00 -5.939144000000000233e+03 4.330000000000000000e+02 1.989000000000000059e-10
6.350000000000000089e-01 -5.938671999999999571e+03 4.335000000000000000e+02 1.990000000000000107e-10
0.000000000000000000e+00 -5.939306999999999789e+03 4.340000000000000000e+02 1.990000000000000107e-10
4.640000000000000235e-01 -5.939078999999999724e+03 4.345000000000000000e+02 1.992999999999999994e-10
0.000000000000000000e+00 -5.939542999999999665e+03 4.350000000000000000e+02 1.992999999999999994e-10
5.819999999999999618e-01 -5.938828999999999724e+03 4.355000000000000000e+02 2.001999999999999911e-10
0.000000000000000000e+00 -5.939411000000000058e+03 4.360000000000000000e+02 2.001999999999999911e-10
7.540000000000000036e-01 -5.938451000000000022e+03 4.365000000000000000e+02 2.005000000000000056e-10
0.000000000000000000e+00 -5.939203999999999724e+03 4.370000000000000000e+02 2.005000000000000056e-10
6.770000000000000462e-01 -5.938555999999999585e+03 4.375000000000000000e+02 2.005000000000000056e-10
0.000000000000000000e+00 -5.939233000000000175e+03 4.380000000000000000e+02 2.005000000000000056e-10
5.260000000000000231e-01 -5.938680000000000291e+03 4.385000000000000000e+02 2.006999999999999894e-10
0.000000000000000000e+00 -5.939204999999999927e+03 4.390000000000000000e+02 2.006999999999999894e-10
4.169999999999999818e-01 -5.938850000000000364e+03 4.395000000000000000e+02 2.008999999999999990e-10
0.000000000000000000e+00 -5.939266999999999825e+03 4.400000000000000000e+02 2.008999999999999990e-10
4.809999999999999831e-01 -5.938807999999999993e+03 4.405000000000000000e+02 2.012999999999999925e-10
0.000000000000000000e+00 -5.939288999999999760e+03 4.410000000000000000e+02 2.012999999999999925e-10
5.540000000000000480e-01 -5.938587999999999738e+03 4.415000000000000000e+02 2.013999999999999973e-10
0.000000000000000000e+00 -5.939140999999999622e+03 4.420000000000000000e+02 2.013999999999999973e-10
4.769999999999999796e-01 -5.938684000000000196e+03 4.425000000000000000e+02 2.013999999999999973e-10
0.000000000000000000e+00 -5.939161000000000058e+03 4.430000000000000000e+02 2.013999999999999973e-10
6.999999999999999556e-01 -5.938438000000000102e+03 4.435000000000000000e+02 2.016000000000000069e-10
0.000000000000000000e+00 -5.939137999999999920e+03 4.440000000000000000e+02 2.016000000000000069e-10
5.610000000000000542e-01 -5.938984999999999673e+03 4.445000000000000000e+02 2.033999999999999904e-10
0.000000000000000000e+00 -5.939546000000000276e+03 4.450000000000000000e+02 2.033999999999999904e-10
7.029999999999999583e-01 -5.938613999999999578e+03 4.455000000000000000e+02 2.038000000000000097e-10
0.000000000000000000e+00 -5.939318000000000211e+03 4.460000000000000000e+02 2.038000000000000097e-10
4.749999999999999778e-01 -5.939070999999999913e+03 4.465000000000000000e+02 2.038999999999999886e-10
0.000000000000000000e+00 -5.939546000000000276e+03 4.470000000000000000e+02 2.038999999999999886e-10
9.040000000000000258e-01 -5.938332000000000335e+03 4.475000000000000000e+02 2.060000000000000124e-10
0.000000000000000000e+00 -5.939234999999999673e+03 4.480000000000000000e+02 2.060000000000000124e-10
4.739999999999999769e-01 -5.938899999999999636e+03 4.485000000000000000e+02 2.060999999999999914e-10
0.000000000000000000e+00 -5.939373999999999796e+03 4.490000000000000000e+02 2.060999999999999914e-10
6.219999999999999973e-01 -5.938463999999999942e+03 4.495000000000000000e+02 2.063000000000000010e-10
0.000000000000000000e+00 -5.939085000000000036e+03 4.500000000000000000e+02 2.063000000000000010e-10
3.330000000000000182e-01 -5.939041000000000167e+03 4.505000000000000000e+02 2.064000000000000059e-10
0.000000000000000000e+00 -5.939373999999999796e+03 4.510000000000000000e+02 2.064000000000000059e-10
6.159999999999999920e-01 -5.938583999999999833e+03 4.515000000000000000e+02 2.072999999999999976e-10
0.000000000000000000e+00 -5.939198999999999614e+03 4.520000000000000000e+02 2.072999999999999976e-10
5.130000000000000115e-01 -5.938684000000000196e+03 4.525000000000000000e+02 2.092000000000000117e-10
0.000000000000000000e+00 -5.939197000000000116e+03 4.530000000000000000e+02 2.092000000000000117e-10
5.110000000000000098e-01 -5.939025999999999840e+03 4.535000000000000000e+02 2.092999999999999907e-10
0.000000000000000000e+00 -5.939537000000000262e+03 4.540000000000000000e+02 2.092999999999999907e-10
8.499999999999999778e-01 -5.938346999999999753e+03 4.545000000000000000e+02 2.115999999999999982e-10
0.000000000000000000e+00 -5.939197000000000116e+03 4.550000000000000000e+02 2.115999999999999982e-10
5.110000000000000098e-01 -5.939025999999999840e+03 4.555000000000000000e+02 2.119000000000000127e-10
0.000000000000000000e+00 -5.939537000000000262e+03 4.560000000000000000e+02 2.119000000000000127e-10
8.499999999999999778e-01 -5.938346999999999753e+03 4.565000000000000000e+02 2.125999999999999948e-10
0.000000000000000000e+00 -5.939197000000000116e+03 4.570000000000000000e+02 2.125999999999999948e-10
5.110000000000000098e-01 -5.939025999999999840e+03 4.575000000000000000e+02 2.134000000000000075e-10
0.000000000000000000e+00 -5.939537000000000262e+03 4.580000000000000000e+02 2.134000000000000075e-10
8.369999999999999662e-01 -5.938302999999999884e+03 4.585000000000000000e+02 2.135000000000000124e-10
0.000000000000000000e+00 -5.939140000000000327e+03 4.590000000000000000e+02 2.135000000000000124e-10
3.639999999999999902e-01 -5.938417999999999665e+03 4.595000000000000000e+02 2.135999999999999913e-10
0.000000000000000000e+00 -5.938782000000000153e+03 4.600000000000000000e+02 2.135999999999999913e-10
2.500000000000000139e-02 -5.939109999999999673e+03 4.605000000000000000e+02 2.135999999999999913e-10
0.000000000000000000e+00 -5.939134000000000015e+03 4.610000000000000000e+02 2.135999999999999913e-10
3.770000000000000018e-01 -5.938404999999999745e+03 4.615000000000000000e+02 2.138000000000000010e-10
0.000000000000000000e+00 -5.938782000000000153e+03 4.620000000000000000e+02 2.138000000000000010e-10
2.500000000000000139e-02 -5.939109999999999673e+03 4.625000000000000000e+02 2.138000000000000010e-10
0.000000000000000000e+00 -5.939134000000000015e+03 4.630000000000000000e+02 2.138000000000000010e-10
4.819999999999999840e-01 -5.938716999999999643e+03 4.635000000000000000e+02 2.139000000000000058e-10
0.000000000000000000e+00 -5.939198999999999614e+03 4.640000000000000000e+02 2.139000000000000058e-10
5.470000000000000417e-01 -5.938587000000000444e+03 4.645000000000000000e+02 2.141999999999999944e-10
0.000000000000000000e+00 -5.939134000000000015e+03 4.650000000000000000e+02 2.141999999999999944e-10
4.819999999999999840e-01 -5.938716999999999643e+03 4.655000000000000000e+02 2.141999999999999944e-10
0.000000000000000000e+00 -5.939198999999999614e+03 4.660000000000000000e+02 2.141999999999999944e-10
5.470000000000000417e-01 -5.938587000000000444e+03 4.665000000000000000e+02 2.142999999999999993e-10
0.000000000000000000e+00 -5.939134000000000015e+03 4.670000000000000000e+02 2.142999999999999993e-10
4.099999999999999756e-01 -5.938717999999999847e+03 4.675000000000000000e+02 2.142999999999999993e-10
0.000000000000000000e+00 -5.939127999999999702e+03 4.680000000000000000e+02 2.142999999999999993e-10
6.129999999999999893e-01 -5.938527000000000044e+03 4.685000000000000000e+02 2.142999999999999993e-10
0.000000000000000000e+00 -5.939140000000000327e+03 4.690000000000000000e+02 2.142999999999999993e-10
5.809999999999999609e-01 -5.938815999999999804e+03 4.695000000000000000e+02 2.145999999999999879e-10
0.000000000000000000e+00 -5.939398000000000138e+03 4.700000000000000000e+02 2.145999999999999879e-10
7.550000000000000044e-01 -5.938442000000000007e+03 4.705000000000000000e+02 2.154000000000000006e-10
0.000000000000000000e+00 -5.939197000000000116e+03 4.710000000000000000e+02 2.154000000000000006e-10
8.289999999999999591e-01 -5.938225999999999658e+03 4.715000000000000000e+02 2.156000000000000103e-10
0.000000000000000000e+00 -5.939055000000000291e+03 4.720000000000000000e+02 2.156000000000000103e-10
4.259999999999999898e-01 -5.938746000000000095e+03 4.725000000000000000e+02 2.162999999999999924e-10
0.000000000000000000e+00 -5.939171999999999571e+03 4.730000000000000000e+02 2.162999999999999924e-10
7.940000000000000391e-01 -5.938144000000000233e+03 4.735000000000000000e+02 2.168999999999999955e-10
0.000000000000000000e+00 -5.938939000000000306e+03 4.740000000000000000e+02 2.168999999999999955e-10
6.860000000000000542e-01 -5.938064000000000306e+03 4.745000000000000000e+02 2.176000000000000034e-10
0.000000000000000000e+00 -5.938750000000000000e+03 4.750000000000000000e+02 2.176000000000000034e-10
5.849999999999999645e-01 -5.938305999999999585e+03 4.755000000000000000e+02 2.177000000000000082e-10
0.000000000000000000e+00 -5.938890999999999622e+03 4.760000000000000000e+02 2.177000000000000082e-10
4.620000000000000218e-01 -5.938676999999999680e+03 4.765000000000000000e+02 2.183000000000000113e-10
0.000000000000000000e+00 -5.939139000000000124e+03 4.770000000000000000e+02 2.183000000000000113e-10
8.289999999999999591e-01 -5.938158999999999651e+03 4.775000000000000000e+02 2.197000000000000013e-10
0.000000000000000000e+00 -5.938988000000000284e+03 4.780000000000000000e+02 2.197000000000000013e-10
4.380000000000000004e-01 -5.938502999999999702e+03 4.785000000000000000e+02 2.203000000000000044e-10
0.000000000000000000e+00 -5.938940999999999804e+03 4.790000000000000000e+02 2.203000000000000044e-10
5.959999999999999742e-01 -5.938795000000000073e+03 4.795000000000000000e+02 2.203000000000000044e-10
0.000000000000000000e+00 -5.939390999999999622e+03 4.800000000000000000e+02 2.203000000000000044e-10
8.110000000000000542e-01 -5.938170000000000073e+03 4.805000000000000000e+02 2.204999999999999882e-10
0.000000000000000000e+00 -5.938980999999999767e+03 4.810000000000000000e+02 2.204999999999999882e-10
4.010000000000000231e-01 -5.938989999999999782e+03 4.815000000000000000e+02 2.216999999999999944e-10
0.000000000000000000e+00 -5.939390999999999622e+03 4.820000000000000000e+02 2.216999999999999944e-10
7.029999999999999583e-01 -5.938474000000000160e+03 4.825000000000000000e+02 2.241000000000000068e-10
0.000000000000000000e+00 -5.939176999999999680e+03 4.830000000000000000e+02 2.241000000000000068e-10
