# t
0.000000000000000000e+00
3.424617099999999944e-13
1.167868100000000065e-12
1.399985500000000003e-12
1.522314000000000091e-12
1.776157600000000005e-12
2.222475100000000036e-12
2.659242099999999886e-12
4.985061899999999648e-12
5.210439399999999816e-12
5.631005300000000371e-12
6.851776599999999766e-12
7.795980799999999722e-12
9.671863000000000063e-12
1.152273100000000069e-11
1.162277300000000068e-11
1.167702899999999940e-11
1.317447499999999976e-11
1.337483200000000062e-11
1.355398400000000026e-11
1.382057100000000052e-11
1.552451100000000144e-11
1.648584400000000106e-11
1.669235900000000081e-11
1.669243999999999910e-11
1.694052199999999933e-11
1.942743700000000136e-11
1.957817300000000049e-11
1.965056299999999994e-11
1.979137999999999882e-11
1.996816000000000082e-11
2.084344500000000076e-11
2.110545999999999840e-11
2.112112199999999871e-11
2.127668800000000075e-11
2.154773299999999922e-11
2.266209299999999893e-11
2.286661300000000056e-11
2.299182899999999880e-11
2.304564199999999867e-11
2.336983799999999936e-11
2.370207400000000130e-11
2.378306399999999892e-11
2.402626399999999853e-11
2.515405499999999989e-11
2.906323500000000081e-11
2.987530700000000297e-11
3.048379500000000097e-11
3.052338699999999873e-11
3.264315899999999783e-11
3.502469899999999739e-11
3.533908199999999763e-11
3.617908499999999982e-11
3.716432499999999977e-11
3.722828799999999753e-11
4.024461200000000126e-11
4.086493900000000281e-11
4.092892199999999918e-11
4.094634199999999973e-11
4.193909600000000101e-11
4.230871899999999769e-11
4.346071499999999694e-11
4.348814399999999799e-11
4.424173600000000098e-11
4.618235499999999825e-11
4.645583399999999945e-11
4.662023400000000227e-11
4.695784600000000242e-11
4.720088899999999864e-11
4.726679600000000062e-11
4.767673499999999940e-11
4.835141699999999703e-11
4.837954199999999920e-11
4.868326299999999679e-11
4.993765899999999689e-11
5.000845599999999764e-11
5.050766000000000170e-11
5.068705500000000106e-11
5.164189200000000215e-11
5.173188300000000001e-11
5.199230599999999953e-11
5.297819900000000162e-11
5.316022500000000111e-11
5.325996599999999860e-11
5.330036100000000107e-11
5.573466300000000125e-11
5.597611799999999843e-11
5.658882200000000034e-11
5.732221400000000066e-11
5.743043199999999962e-11
6.470548999999999635e-11
6.475802100000000579e-11
7.318455299999999769e-11
7.450556900000000423e-11
7.474342099999999594e-11
7.486291099999999425e-11
7.627628099999999916e-11
7.632355899999999414e-11
7.728699999999999894e-11
7.754136700000000515e-11
7.955944500000000381e-11
8.054103099999999469e-11
8.062595400000000088e-11
8.062728000000000377e-11
8.203703800000000448e-11
8.270030699999999891e-11
8.572283599999999798e-11
8.606632600000000503e-11
8.680427100000000346e-11
8.724463100000000503e-11
8.740819200000000173e-11
8.764036100000000217e-11
8.788246199999999744e-11
8.793520200000000475e-11
8.794993000000000226e-11
8.813112600000000084e-11
8.821995099999999768e-11
8.829366399999999507e-11
8.863324000000000453e-11
8.863565299999999514e-11
8.871721699999999453e-11
8.925306100000000478e-11
8.986427199999999786e-11
8.991001399999999797e-11
9.161275599999999556e-11
9.171063999999999382e-11
9.180786500000000586e-11
9.244730199999999478e-11
9.272672999999999863e-11
9.429108300000000308e-11
9.568652900000000085e-11
9.723304199999999495e-11
9.808734800000000134e-11
9.847180900000000087e-11
9.849341399999999389e-11
9.882381000000000318e-11
9.886552000000000220e-11
9.899831299999999614e-11
9.900534999999999354e-11
9.911248500000000063e-11
9.911766700000000642e-11
9.917478100000000544e-11
9.938477600000000105e-11
9.943395599999999540e-11
1.028105800000000036e-10
1.042031099999999982e-10
1.044614000000000008e-10
1.049575399999999938e-10
1.051615000000000018e-10
1.065232100000000025e-10
1.076714600000000042e-10
1.081134500000000032e-10
1.082875700000000012e-10
1.128101599999999980e-10
1.140733999999999982e-10
1.141519100000000053e-10
1.151123399999999974e-10
1.153263700000000023e-10
1.159958900000000057e-10
1.161835399999999947e-10
1.170442299999999899e-10
1.171796099999999973e-10
1.180783699999999970e-10
1.181141499999999979e-10
1.185970599999999923e-10
1.198015199999999881e-10
1.206123799999999886e-10
1.215505400000000109e-10
1.224876600000000015e-10
1.231582699999999879e-10
1.252158800000000079e-10
1.252354000000000058e-10
1.255785400000000046e-10
1.257853800000000078e-10
1.262968000000000069e-10
1.263001600000000078e-10
1.263796199999999946e-10
1.272063099999999954e-10
1.272950699999999999e-10
1.289707100000000043e-10
1.290531699999999910e-10
1.309531199999999892e-10
1.310805000000000056e-10
1.331118700000000000e-10
1.334722100000000016e-10
1.353380499999999936e-10
1.353910699999999945e-10
1.354625199999999974e-10
1.358075600000000074e-10
1.359603300000000110e-10
1.399975599999999950e-10
1.406196799999999976e-10
1.409626300000000032e-10
1.410366100000000060e-10
1.415139999999999934e-10
1.422042099999999979e-10
1.423399500000000064e-10
1.433393499999999926e-10
1.435628400000000042e-10
1.453446499999999950e-10
1.456180999999999989e-10
1.466706499999999964e-10
1.468708799999999967e-10
1.471569300000000104e-10
1.479237199999999936e-10
1.480513600000000050e-10
1.486253100000000018e-10
1.486579299999999879e-10
1.498058199999999886e-10
1.523025199999999879e-10
1.545041799999999924e-10
1.547784599999999972e-10
1.548756199999999911e-10
1.552457099999999989e-10
1.563314900000000116e-10
1.587494400000000074e-10
1.603586399999999929e-10
1.609123300000000041e-10
1.616841500000000087e-10
1.618191400000000108e-10
1.619947099999999928e-10
1.625189800000000039e-10
1.631414900000000119e-10
1.635093699999999976e-10
1.640134899999999961e-10
1.644247899999999986e-10
1.651109400000000118e-10
1.672226100000000126e-10
1.673496799999999922e-10
1.691252499999999997e-10
1.695650699999999998e-10
1.698285999999999899e-10
1.699995300000000076e-10
1.702319899999999886e-10
1.704711200000000072e-10
1.704968900000000070e-10
1.789421199999999876e-10
1.789865200000000014e-10
1.790349199999999978e-10
1.791772300000000120e-10
1.793310099999999912e-10
1.803075099999999929e-10
1.833721899999999935e-10
1.866984200000000045e-10
1.867309999999999934e-10
1.868483700000000087e-10
1.882622300000000122e-10
1.883298799999999928e-10
1.892155099999999998e-10
1.898574700000000041e-10
1.901074199999999873e-10
1.903615200000000009e-10
1.907433099999999901e-10
1.908690700000000019e-10
1.911134900000000111e-10
1.915400399999999893e-10
1.916267600000000053e-10
1.952578600000000115e-10
1.986904299999999907e-10
1.991375700000000029e-10
2.001660700000000112e-10
2.005641200000000035e-10
2.009640000000000052e-10
2.010740200000000040e-10
2.010742599999999874e-10
2.011724499999999943e-10
2.013068599999999975e-10
2.015540899999999874e-10
2.022983100000000086e-10
2.032214199999999897e-10
2.034665600000000009e-10
2.080811000000000085e-10
2.082105700000000035e-10
2.087428599999999913e-10
2.095586800000000115e-10
2.096883099999999955e-10
2.102112899999999986e-10
2.130949500000000118e-10
2.135544700000000102e-10
2.138610199999999930e-10
2.139241899999999983e-10
2.160381600000000085e-10
2.163693199999999935e-10
2.168786499999999881e-10
2.171619199999999997e-10
2.174090399999999906e-10
2.180026300000000028e-10
2.181158399999999948e-10
2.181589400000000079e-10
2.184064199999999999e-10
2.189068700000000123e-10
2.190722000000000027e-10
2.191996000000000048e-10
2.198239600000000080e-10
2.205372400000000047e-10
2.210702000000000045e-10
2.226201899999999959e-10
2.235852600000000041e-10
2.247396799999999874e-10
2.248967799999999960e-10
2.251946600000000016e-10
2.251957400000000047e-10
2.257781499999999996e-10
2.258542200000000070e-10
2.269966200000000050e-10
2.275540199999999994e-10
2.276925999999999929e-10
2.281148400000000034e-10
2.301246399999999927e-10
2.323464600000000027e-10
2.324754900000000022e-10
2.332949400000000112e-10
2.348744300000000231e-10
2.350571999999999997e-10
2.351792499999999766e-10
2.357200899999999757e-10
2.404927799999999906e-10
2.467214400000000062e-10
2.507410800000000078e-10
2.509748300000000226e-10
2.512894499999999981e-10
2.514671800000000122e-10
2.523854699999999767e-10
2.528330100000000130e-10
2.532992999999999775e-10
2.533653800000000212e-10
2.582602500000000233e-10
2.582930800000000144e-10
2.599500599999999745e-10
2.601939800000000052e-10
2.611390499999999969e-10
2.613890600000000147e-10
2.622671900000000091e-10
2.626270800000000224e-10
2.628189199999999744e-10
2.629336899999999881e-10
2.636389699999999938e-10
2.636634699999999971e-10
2.638239599999999853e-10
2.661737299999999917e-10
2.662729299999999742e-10
2.681656600000000180e-10
3.246821600000000161e-10
3.262114799999999791e-10
3.262252899999999766e-10
3.263419900000000058e-10
3.273671099999999759e-10
3.276946000000000008e-10
3.279073599999999834e-10
3.282147799999999902e-10
3.285703300000000056e-10
3.287505200000000180e-10
3.291370300000000177e-10
3.298825599999999809e-10
3.307425100000000013e-10
3.307980399999999906e-10
3.316667500000000014e-10
3.320573899999999942e-10
3.321800200000000215e-10
3.324161200000000099e-10
3.325812800000000185e-10
3.330101400000000248e-10
3.338654400000000105e-10
3.340577800000000185e-10
3.341842499999999878e-10
3.357371399999999989e-10
3.359791099999999768e-10
3.367442600000000214e-10
3.368251899999999909e-10
3.381444899999999762e-10
3.382447299999999903e-10
3.388132100000000218e-10
3.389836999999999923e-10
3.390460899999999868e-10
3.390951799999999809e-10
3.422948199999999791e-10
3.423953699999999783e-10
3.433873299999999866e-10
3.434754100000000122e-10
3.445359299999999964e-10
3.449782599999999849e-10
3.450305500000000168e-10
3.452353199999999753e-10
3.452377499999999952e-10
3.458126399999999917e-10
3.458674399999999862e-10
3.458679200000000048e-10
3.459683200000000079e-10
3.471563300000000074e-10
3.471778500000000224e-10
3.476342900000000006e-10
3.489327400000000087e-10
3.493793000000000221e-10
3.496814100000000009e-10
3.498268300000000138e-10
3.499564599999999978e-10
3.500090299999999845e-10
3.500940800000000058e-10
3.511362599999999754e-10
3.514246100000000244e-10
3.526119499999999861e-10
3.529976599999999893e-10
3.530173700000000064e-10
3.535671600000000151e-10
3.538130299999999953e-10
3.540199600000000117e-10
3.545427900000000187e-10
3.548064599999999862e-10
3.557822700000000161e-10
3.558433500000000169e-10
3.560393100000000209e-10
3.571172899999999771e-10
3.575093700000000256e-10
3.581912199999999864e-10
3.605170300000000169e-10
3.617421499999999966e-10
3.625766299999999836e-10
3.627264799999999818e-10
3.636174100000000239e-10
3.639019899999999774e-10
3.642717400000000216e-10
3.650458600000000098e-10
3.651133299999999899e-10
3.654778300000000149e-10
3.658454700000000171e-10
3.661851300000000234e-10
3.662369399999999850e-10
3.664595099999999825e-10
3.666319199999999757e-10
3.666379500000000057e-10
3.675718899999999960e-10
3.677401999999999747e-10
3.679436599999999912e-10
3.681959200000000025e-10
3.686228100000000219e-10
3.689283999999999934e-10
3.690472900000000072e-10
3.694315199999999833e-10
3.711658399999999988e-10
3.712256800000000076e-10
3.714056399999999777e-10
3.722480200000000014e-10
