# t	msd	err
1.000000000000694512e-14 3.578933076684399639e-01 5.552290831671809201e-02
2.500000000000120614e-14 1.425964302219174584e+00 2.666098110621697992e-01
4.625000000000255447e-14 1.366220605353698936e+00 1.878647177734368845e-01
9.680272108843391776e-14 1.655009342109559300e+00 8.116722159943534631e-02
1.411000000000002015e-13 1.054339870979668969e+00 1.576204553024239396e-01
2.487032520325182709e-13 2.042958058884712713e+00 9.322523361243215123e-02
4.428900414937760917e-13 2.435945058085222659e+00 1.474220369808433573e-01
8.030066666666712334e-13 3.435905062145149458e+00 1.380664584945441309e-01
1.439145180722903416e-12 4.921922262449943020e+00 1.554247284413551033e-01
2.536041066282389549e-12 6.767152058890069100e+00 1.680669371283969038e-01
4.522246183206145690e-12 1.003992232746898772e+01 1.705112121562804006e-01
8.139115909625823860e-12 1.604431891794129683e+01 1.905345855000571409e-01
1.453936088798001402e-11 2.571265598383702411e+01 2.385879131946296583e-01
2.593565331055081589e-11 4.882672451166879313e+01 3.149895451361224286e-01
4.578581252909786225e-11 9.097351511746450115e+01 3.986366098277384640e-01
8.242779807841192890e-11 1.614182856284176637e+02 5.318189858147902571e-01
1.467883478415093196e-10 3.760535543630420534e+02 9.579416091362132901e-01
2.629051544332477437e-10 7.890965449110378813e+02 1.693012297844183278e+00
4.212452397212028180e-10 1.292982348007603605e+03 1.788459437636762184e+00
