# t	msd	err
9.450710523926294327e-11 9.773832070643684311e-02 3.338297663126834529e-04
2.831387407384624291e-10 2.768565117119022867e-01 4.184074629208978839e-04
4.713698188301017312e-10 4.539149174144161969e-01 4.864758215734185567e-04
6.609277587384172801e-10 6.299674768066392261e-01 5.349353292185283614e-04
8.502645655592026170e-10 8.135823575339082847e-01 5.700617893456930456e-04
1.038237669089470070e-09 9.968152776737221332e-01 5.877541022304801684e-04
1.227354503983996610e-09 1.179603793223974906e+00 5.776920520182621862e-04
1.416040006308383550e-09 1.363730883291952578e+00 6.137855907617787354e-04
1.605457251867219931e-09 1.549394617469625590e+00 6.486397458900808278e-04
1.794223334068657188e-09 1.730821929431391348e+00 6.917426043999125697e-04
1.983189829810599546e-09 1.912476019358822832e+00 7.052717460428608882e-04
2.172041782997637137e-09 2.096994719863431111e+00 7.121622389842947182e-04
2.360604773894405870e-09 2.282430568106643687e+00 7.326319972878260782e-04
2.550211272896282026e-09 2.463363408125952780e+00 7.106325687536150550e-04
2.738635936393703123e-09 2.640056253458439972e+00 7.139494408168875136e-04
2.927918868100998133e-09 2.819424165186585007e+00 7.273083676161085304e-04
3.116357247810676808e-09 2.998646211758190905e+00 8.044728398696690151e-04
3.305549718712123646e-09 3.184939614891933335e+00 8.219744063018394505e-04
3.495361929921631595e-09 3.372711776906630821e+00 8.678671514200961105e-04
3.682769972696218535e-09 3.567786167342597015e+00 9.928850702546772843e-04
3.872307323103196910e-09 3.758058292788600596e+00 1.260047295994045496e-03
4.060215374531859655e-09 3.950559952276285536e+00 1.565493108492767554e-03
4.249057096611735565e-09 4.128544718911366651e+00 1.895282012295663055e-03
4.438004381651968862e-09 4.308521665722981453e+00 2.129423465143508425e-03
4.625146008512011378e-09 4.483475542899700628e+00 2.158739168571947864e-03
4.811642186694276677e-09 4.647002652434998993e+00 2.401592389205294865e-03
5.002769777530572155e-09 4.799801462533747731e+00 2.576250691882237247e-03
5.190421149560063067e-09 4.930222632112719161e+00 2.512656115698971501e-03
5.376168262081428950e-09 5.025621375310292294e+00 2.271147345236572239e-03
5.559020477032462843e-09 5.108053625746821425e+00 2.034476471849087052e-03
5.724463478261256936e-09 5.176188454653248172e+00 1.449392471239850612e-03
