# t
0.000000000000000000e+00
1.290776999999999930e+02
2.829404000000000110e+02
3.033729700000000093e+02
3.427975500000000011e+02
4.584378199999999879e+02
4.693803800000000024e+02
6.347118799999999510e+02
2.565762400000000071e+03
3.298822599999999966e+03
3.334987900000000081e+03
3.606417600000000220e+03
3.917488899999999830e+03
4.630256300000000010e+03
4.951025499999999738e+03
5.644561399999999594e+03
5.867953300000000127e+03
5.979162800000000061e+03
6.240225999999999658e+03
6.335606899999999769e+03
6.971375299999999697e+03
8.525222999999999956e+03
8.974997300000000905e+03
9.008363999999999578e+03
9.065204799999999523e+03
9.182671200000000681e+03
9.310553400000000693e+03
9.779185199999999895e+03
1.001641100000000006e+04
1.030103800000000047e+04
1.041013400000000001e+04
1.098336800000000039e+04
1.117983799999999974e+04
1.120272700000000077e+04
1.147804099999999926e+04
1.157522999999999956e+04
1.169252299999999923e+04
1.235377800000000025e+04
1.237525400000000081e+04
1.238688800000000083e+04
1.288085299999999916e+04
1.289694100000000071e+04
1.302737999999999920e+04
1.307597500000000036e+04
1.324315999999999985e+04
1.341828900000000067e+04
1.372501499999999942e+04
1.398101499999999942e+04
1.400424400000000060e+04
1.425206500000000051e+04
1.445660800000000017e+04
1.447139500000000044e+04
1.472970299999999952e+04
1.515993699999999990e+04
1.552402499999999964e+04
1.574007799999999952e+04
1.600946199999999953e+04
1.625864199999999983e+04
1.663496900000000096e+04
1.670417199999999866e+04
1.709085099999999875e+04
1.715595699999999852e+04
1.769245100000000093e+04
1.813250700000000143e+04
1.858456399999999849e+04
1.864109000000000015e+04
1.934397000000000116e+04
1.995086799999999857e+04
2.011172499999999854e+04
2.056138899999999921e+04
2.056717599999999948e+04
2.121329100000000108e+04
2.135172899999999936e+04
2.137182500000000073e+04
2.153331599999999889e+04
2.169370799999999872e+04
2.178723900000000140e+04
2.185153499999999985e+04
2.197374799999999959e+04
2.220789700000000084e+04
2.230436699999999837e+04
2.243976399999999921e+04
2.288113499999999840e+04
2.305129599999999846e+04
2.333088699999999881e+04
2.374173500000000058e+04
2.448795100000000093e+04
2.451566300000000047e+04
2.485562399999999980e+04
2.500636999999999898e+04
2.560978600000000006e+04
2.578371399999999994e+04
2.625187399999999980e+04
2.649563699999999881e+04
2.666715399999999863e+04
2.702583799999999974e+04
2.707209000000000015e+04
2.747517499999999927e+04
2.751998500000000058e+04
2.756249699999999939e+04
2.794617799999999988e+04
2.811529999999999927e+04
2.823121500000000015e+04
2.872815299999999843e+04
2.890639800000000105e+04
2.893195500000000175e+04
2.918395999999999913e+04
2.950677600000000166e+04
2.965877500000000146e+04
3.048857500000000073e+04
3.062034200000000055e+04
3.074681399999999849e+04
3.080467699999999968e+04
3.086940100000000166e+04
3.155763399999999820e+04
3.164152699999999822e+04
3.167975800000000163e+04
3.232565000000000146e+04
3.246831499999999869e+04
3.338600200000000041e+04
3.416016300000000047e+04
3.451804699999999866e+04
3.480719099999999889e+04
3.535930700000000070e+04
3.542756300000000192e+04
3.543172400000000198e+04
3.556105599999999686e+04
3.618069299999999930e+04
3.627077799999999843e+04
3.650031900000000314e+04
3.664283800000000338e+04
3.754742500000000291e+04
3.784678899999999703e+04
3.785670199999999750e+04
3.874255900000000111e+04
3.901515800000000309e+04
3.903278100000000268e+04
3.906911299999999756e+04
3.918539699999999721e+04
3.938081599999999889e+04
3.969578100000000268e+04
3.995859399999999732e+04
4.011139699999999721e+04
4.015526299999999901e+04
4.018127100000000064e+04
4.052944700000000012e+04
4.057516599999999744e+04
4.067176000000000204e+04
4.117781500000000233e+04
4.146842899999999645e+04
4.156536699999999837e+04
4.185076900000000023e+04
4.185389400000000023e+04
4.212308200000000215e+04
4.262087700000000041e+04
4.284503399999999965e+04
4.327123900000000140e+04
4.328526600000000326e+04
4.333817100000000210e+04
4.371781999999999971e+04
4.410300200000000041e+04
4.420340400000000227e+04
4.450170100000000093e+04
4.494574300000000221e+04
4.509625200000000041e+04
4.543779200000000128e+04
4.551495700000000215e+04
4.580194200000000274e+04
4.618310100000000239e+04
4.649750099999999657e+04
4.705455500000000029e+04
4.708252599999999802e+04
4.714581399999999849e+04
4.729487799999999697e+04
4.755221399999999994e+04
4.767162400000000343e+04
4.807589800000000105e+04
4.807637799999999697e+04
4.816860399999999936e+04
4.843769400000000314e+04
4.866009300000000076e+04
4.878970700000000215e+04
4.879967599999999948e+04
4.880878800000000047e+04
4.882999500000000262e+04
4.908392300000000250e+04
4.934001099999999860e+04
4.937122200000000157e+04
4.985774599999999919e+04
4.985781599999999889e+04
4.994152399999999761e+04
5.036297899999999936e+04
5.060664699999999721e+04
5.072691300000000047e+04
5.190837000000000262e+04
5.192381399999999849e+04
5.211379800000000250e+04
5.227762400000000343e+04
5.254420599999999831e+04
5.288712400000000343e+04
5.312361899999999878e+04
5.320674199999999837e+04
5.324430200000000332e+04
5.424200299999999697e+04
5.432272099999999773e+04
5.477056599999999889e+04
5.486758200000000215e+04
5.501356999999999971e+04
5.520027100000000064e+04
5.525990099999999802e+04
5.549856500000000233e+04
5.559083899999999994e+04
5.596133999999999651e+04
5.620631199999999808e+04
5.640073500000000058e+04
5.650687700000000041e+04
5.672497600000000239e+04
5.680620399999999790e+04
5.699110500000000320e+04
5.717664199999999983e+04
5.718691399999999703e+04
5.733633699999999953e+04
5.743083099999999831e+04
5.775732100000000355e+04
5.822578300000000309e+04
5.855862000000000262e+04
5.894892899999999645e+04
5.941338100000000122e+04
6.001710300000000279e+04
6.005936899999999878e+04
6.015365299999999843e+04
6.021162099999999919e+04
6.029269799999999668e+04
6.033924300000000221e+04
6.041778300000000309e+04
6.053457600000000093e+04
6.055316900000000169e+04
6.070531500000000233e+04
6.079598300000000017e+04
6.080666599999999744e+04
6.125284999999999854e+04
6.132183600000000297e+04
6.140851200000000244e+04
6.145281500000000233e+04
6.149385700000000361e+04
6.162047699999999895e+04
6.186212200000000303e+04
6.196035899999999674e+04
6.199492799999999988e+04
6.228880200000000332e+04
6.242906599999999889e+04
6.248144499999999971e+04
6.250369799999999668e+04
6.254504899999999907e+04
6.255826200000000244e+04
6.268971800000000076e+04
6.292308099999999831e+04
6.294604499999999825e+04
6.301274900000000343e+04
6.304086600000000180e+04
6.318603899999999703e+04
6.329804299999999785e+04
6.334574599999999919e+04
6.362116000000000349e+04
6.364063700000000244e+04
6.372100000000000000e+04
6.375925200000000041e+04
6.408168299999999726e+04
6.418857299999999668e+04
6.456809999999999854e+04
6.461314100000000326e+04
6.461573500000000058e+04
6.462935399999999936e+04
6.488106100000000151e+04
6.640131600000000617e+04
6.650225800000000163e+04
6.662524499999999534e+04
6.666188199999999779e+04
6.689719100000000617e+04
6.703740399999999499e+04
6.711056799999999930e+04
6.766188999999999942e+04
6.861388099999999395e+04
6.879289100000000326e+04
6.881830599999999686e+04
6.917763599999999860e+04
6.937183999999999651e+04
6.959821400000000722e+04
6.980097299999999814e+04
7.007470699999999488e+04
7.033441199999999662e+04
7.033638700000000244e+04
7.059039100000000326e+04
7.074493499999999767e+04
7.152850999999999476e+04
7.152898500000000058e+04
7.185015499999999884e+04
7.215423099999999977e+04
7.247945799999999872e+04
7.274609299999999348e+04
7.278898399999999674e+04
7.280978299999999581e+04
7.332395500000000175e+04
7.334860000000000582e+04
7.367220100000000093e+04
7.372367699999999604e+04
7.382830299999999988e+04
7.393938099999999395e+04
7.408994500000000698e+04
7.410658199999999488e+04
7.444450800000000163e+04
7.444947599999999511e+04
7.453128900000000431e+04
7.454925199999999313e+04
7.459663499999999476e+04
7.469436400000000140e+04
7.492441999999999825e+04
7.493431100000000151e+04
7.502244000000000233e+04
7.508943300000000454e+04
7.525175699999999779e+04
7.525691999999999825e+04
7.539228399999999965e+04
7.544427999999999884e+04
7.573041400000000431e+04
7.586473200000000361e+04
7.613974700000000303e+04
7.617497199999999430e+04
7.619041199999999662e+04
7.638672900000000664e+04
7.659691300000000047e+04
7.673551499999999942e+04
7.724793300000000454e+04
7.761863899999999558e+04
7.767900199999999313e+04
7.806726300000000629e+04
7.811596499999999651e+04
7.813403800000000047e+04
7.829825500000000466e+04
7.829947100000000501e+04
7.837272800000000279e+04
7.851838400000000547e+04
7.855404700000000594e+04
7.861700500000000466e+04
7.876069700000000012e+04
7.878234299999999348e+04
7.890080100000000675e+04
7.893078200000000652e+04
7.896156900000000314e+04
7.911064100000000326e+04
7.927503699999999662e+04
7.934413099999999395e+04
7.948047100000000501e+04
7.964769100000000617e+04
7.988230800000000454e+04
8.000304300000000512e+04
8.002079099999999744e+04
8.011129600000000210e+04
8.013847999999999593e+04
8.032253500000000349e+04
8.035538199999999779e+04
8.048107000000000698e+04
8.070548299999999290e+04
8.076413000000000466e+04
8.123441300000000047e+04
8.146488599999999860e+04
8.174635499999999593e+04
8.206288800000000629e+04
8.282961100000000442e+04
8.283477999999999884e+04
8.340540399999999499e+04
8.360047299999999814e+04
8.417565399999999499e+04
8.437372599999999511e+04
8.438890799999999581e+04
8.477883000000000175e+04
8.489753999999999360e+04
8.537506699999999546e+04
8.595301799999999639e+04
8.648516999999999825e+04
8.663441800000000512e+04
8.710636999999999534e+04
8.728754300000000512e+04
8.771405499999999302e+04
8.796474199999999837e+04
8.809626799999999639e+04
8.815701399999999558e+04
8.834070100000000093e+04
8.837588300000000163e+04
8.852344000000000233e+04
8.853195600000000559e+04
8.865102800000000570e+04
8.947785599999999977e+04
8.972846300000000338e+04
9.001770699999999488e+04
9.033642299999999523e+04
9.034316199999999662e+04
9.040754300000000512e+04
9.169466199999999662e+04
9.195814599999999336e+04
9.197834600000000501e+04
9.204035700000000361e+04
9.233106200000000536e+04
9.406224199999999837e+04
9.444462600000000384e+04
9.456172699999999895e+04
9.499752599999999802e+04
9.517128299999999581e+04
9.541059500000000116e+04
9.549742600000000675e+04
9.554941099999999278e+04
9.606060199999999895e+04
9.612808699999999953e+04
9.618292100000000210e+04
9.639519599999999627e+04
9.686788800000000629e+04
9.735816000000000349e+04
9.752407399999999325e+04
9.765120200000000477e+04
9.807810499999999593e+04
9.871420500000000175e+04
9.935493799999999464e+04
9.961859699999999430e+04
9.962306399999999849e+04
9.962699899999999616e+04
9.986386699999999837e+04
1.000086799999999930e+05
1.003724299999999930e+05
1.007615700000000070e+05
1.008068099999999977e+05
1.008092100000000064e+05
1.010369100000000035e+05
1.020232500000000000e+05
1.021862599999999948e+05
1.023367599999999948e+05
1.023653300000000017e+05
1.026920000000000000e+05
1.027518200000000070e+05
1.029397100000000064e+05
1.030501999999999971e+05
1.038362799999999988e+05
1.045112500000000000e+05
1.048874199999999983e+05
1.049095599999999977e+05
1.049517400000000052e+05
1.053689799999999959e+05
1.056246399999999994e+05
1.058069400000000023e+05
1.059120500000000029e+05
1.059642799999999988e+05
1.060539700000000012e+05
1.061223899999999994e+05
1.063141600000000035e+05
1.067766499999999942e+05
1.067987500000000000e+05
1.071764299999999930e+05
1.072016199999999953e+05
1.084348300000000017e+05
1.085578300000000017e+05
1.086104400000000023e+05
1.099200299999999988e+05
1.099417799999999988e+05
1.104221399999999994e+05
1.107310299999999988e+05
1.108267899999999936e+05
1.108874600000000064e+05
1.112159400000000023e+05
1.115552899999999936e+05
1.127334100000000035e+05
1.131754199999999983e+05
1.136926100000000006e+05
1.143289199999999983e+05
1.143444499999999971e+05
1.145829400000000023e+05
1.158331199999999953e+05
1.169790399999999936e+05
1.172342500000000000e+05
1.173796300000000047e+05
1.174736999999999971e+05
1.175230200000000041e+05
1.177533099999999977e+05
1.179192299999999959e+05
1.191819100000000035e+05
1.196192500000000000e+05
1.199507799999999988e+05
1.204203800000000047e+05
1.214102599999999948e+05
1.216961000000000058e+05
1.219811499999999942e+05
1.220781100000000006e+05
1.221522500000000000e+05
1.227123999999999942e+05
1.227236699999999983e+05
1.227360899999999965e+05
1.227684400000000023e+05
1.228946799999999930e+05
1.230988999999999942e+05
1.232194600000000064e+05
1.232504900000000052e+05
1.236455800000000017e+05
1.239945200000000041e+05
1.245780299999999988e+05
1.246252100000000064e+05
1.249340500000000029e+05
1.252931399999999994e+05
1.254382799999999988e+05
1.259099600000000064e+05
1.264386799999999930e+05
1.266294600000000064e+05
1.266317100000000064e+05
1.267171199999999953e+05
1.270286900000000023e+05
1.275300000000000000e+05
1.275872200000000012e+05
1.281386999999999971e+05
1.283835200000000041e+05
1.284948500000000058e+05
1.286182100000000064e+05
1.291863800000000047e+05
1.292369199999999983e+05
1.295620700000000070e+05
1.296063099999999977e+05
1.297185299999999988e+05
1.305379900000000052e+05
1.313167699999999895e+05
1.313956700000000128e+05
1.316924200000000128e+05
1.317307999999999884e+05
1.326639899999999907e+05
1.327692699999999895e+05
1.329031499999999942e+05
1.329107000000000116e+05
1.330845899999999965e+05
1.331327399999999907e+05
1.335642799999999988e+05
1.340320299999999988e+05
1.343030700000000070e+05
1.343664500000000116e+05
1.346018999999999942e+05
1.355450000000000000e+05
1.359781000000000058e+05
1.361312300000000105e+05
1.363434800000000105e+05
1.371083299999999872e+05
1.374592000000000116e+05
1.375501000000000058e+05
1.376730000000000000e+05
1.376766300000000047e+05
1.381947699999999895e+05
1.382709599999999919e+05
1.388554899999999907e+05
1.398150599999999977e+05
1.400953800000000047e+05
1.403929899999999907e+05
1.406567399999999907e+05
1.408527799999999988e+05
1.413159599999999919e+05
1.416757600000000093e+05
1.420836300000000047e+05
1.421041300000000047e+05
1.422179700000000012e+05
1.423702099999999919e+05
1.424907500000000000e+05
1.436398999999999942e+05
1.437191400000000140e+05
1.439473800000000047e+05
1.443743200000000070e+05
1.444782099999999919e+05
1.446836300000000047e+05
1.448646900000000023e+05
1.449167099999999919e+05
1.449334200000000128e+05
1.452493500000000058e+05
1.452539299999999930e+05
1.452554800000000105e+05
1.456921099999999860e+05
1.461240499999999884e+05
1.466247099999999919e+05
1.482847099999999919e+05
1.483959599999999919e+05
1.486628299999999872e+05
1.487675700000000070e+05
1.490234400000000023e+05
1.490256000000000058e+05
1.490805899999999965e+05
1.492358999999999942e+05
1.494078099999999977e+05
1.496389200000000128e+05
1.496555799999999872e+05
1.499548399999999965e+05
1.499835400000000081e+05
1.500810299999999988e+05
1.501084899999999907e+05
1.501101000000000058e+05
1.501486000000000058e+05
1.502950400000000081e+05
1.505973399999999965e+05
1.506059700000000012e+05
1.507843599999999860e+05
1.509094500000000116e+05
1.511293399999999965e+05
1.511858800000000047e+05
1.512169400000000023e+05
1.512529100000000035e+05
1.512709700000000012e+05
1.517224100000000035e+05
1.519854599999999919e+05
1.528192699999999895e+05
1.528673999999999942e+05
1.531946000000000058e+05
1.536521700000000128e+05
1.544487799999999988e+05
1.545506400000000140e+05
1.547396000000000058e+05
1.553116900000000023e+05
1.557742999999999884e+05
1.564086499999999942e+05
1.564265100000000093e+05
1.569263200000000070e+05
1.569691700000000128e+05
1.579035199999999895e+05
1.581170700000000070e+05
1.583202799999999988e+05
1.585796300000000047e+05
1.592911499999999942e+05
1.594201900000000023e+05
1.594579100000000035e+05
1.596916799999999930e+05
1.597138599999999860e+05
1.600378900000000140e+05
1.602445400000000081e+05
1.602525199999999895e+05
1.603065000000000000e+05
1.605067799999999988e+05
1.606161400000000140e+05
1.607805599999999977e+05
1.612355400000000081e+05
1.615999299999999930e+05
1.618815700000000070e+05
1.620916499999999942e+05
1.621381300000000047e+05
1.623014400000000023e+05
1.623072799999999988e+05
1.623687399999999907e+05
1.626489700000000012e+05
1.627391099999999860e+05
1.627434599999999919e+05
1.630768800000000047e+05
1.630994899999999907e+05
1.631612300000000105e+05
1.632075100000000093e+05
1.632248399999999965e+05
1.632421099999999860e+05
1.632564599999999919e+05
1.635747000000000116e+05
1.639962200000000012e+05
1.641312399999999907e+05
1.642278099999999977e+05
1.642490000000000000e+05
1.643541900000000023e+05
1.644251000000000058e+05
1.645761199999999953e+05
1.646336799999999930e+05
1.646656400000000140e+05
1.647543800000000047e+05
1.651009400000000023e+05
1.651315700000000070e+05
1.656497000000000116e+05
1.657371300000000047e+05
1.659100299999999988e+05
1.661884599999999919e+05
1.664060899999999965e+05
1.666533200000000070e+05
1.666753699999999953e+05
1.667718099999999977e+05
1.670410000000000000e+05
1.672391600000000035e+05
1.672990299999999988e+05
1.673085100000000093e+05
1.673913699999999953e+05
1.673929200000000128e+05
1.677507699999999895e+05
1.677787099999999919e+05
1.680120599999999977e+05
1.680197300000000105e+05
1.682706600000000035e+05
1.683252699999999895e+05
1.687621400000000140e+05
1.690484800000000105e+05
1.695175599999999977e+05
1.695191499999999942e+05
1.699306400000000140e+05
1.703297200000000012e+05
1.706296600000000035e+05
1.707009100000000035e+05
1.713147600000000093e+05
1.714343699999999953e+05
1.716067200000000012e+05
1.716960100000000093e+05
1.720837999999999884e+05
1.721376900000000023e+05
1.721519599999999919e+05
1.721981000000000058e+05
1.722558500000000058e+05
1.722892000000000116e+05
1.723017600000000093e+05
1.726092000000000116e+05
1.729392999999999884e+05
1.732056499999999942e+05
1.743901199999999953e+05
1.746797200000000012e+05
1.747257699999999895e+05
1.754555899999999965e+05
1.757182399999999907e+05
1.761378999999999942e+05
1.763870499999999884e+05
1.766474299999999930e+05
1.768567600000000093e+05
1.779083200000000070e+05
1.781152999999999884e+05
1.789551099999999860e+05
1.790345700000000070e+05
1.802840599999999977e+05
1.803473500000000058e+05
1.807630199999999895e+05
1.810003299999999872e+05
1.811626099999999860e+05
1.815384100000000035e+05
1.820868900000000140e+05
1.821880700000000070e+05
1.822612099999999919e+05
1.826298900000000140e+05
1.834422099999999919e+05
1.836609599999999919e+05
1.839139599999999919e+05
1.842663599999999860e+05
1.843411099999999860e+05
1.844863800000000047e+05
1.846933200000000070e+05
1.848020000000000000e+05
1.850917900000000081e+05
1.852703699999999953e+05
1.854724400000000023e+05
1.858187500000000000e+05
1.860834599999999919e+05
1.863719299999999930e+05
1.863882200000000012e+05
1.864813800000000047e+05
1.865155299999999988e+05
1.868188699999999953e+05
1.869347600000000093e+05
1.872075400000000081e+05
1.873557900000000081e+05
1.878129500000000116e+05
1.878190000000000000e+05
1.879728800000000047e+05
1.882441199999999953e+05
1.886609800000000105e+05
1.887378599999999860e+05
1.888591600000000035e+05
1.893931900000000023e+05
1.896434800000000105e+05
1.896492500000000000e+05
1.905575700000000070e+05
1.905722500000000000e+05
1.910558699999999953e+05
1.914506700000000128e+05
1.915955499999999884e+05
1.921705199999999895e+05
1.922386799999999930e+05
1.922850499999999884e+05
1.930736199999999953e+05
1.931199100000000035e+05
1.938526000000000058e+05
1.941278699999999953e+05
1.942655199999999895e+05
1.948022200000000012e+05
1.952037699999999895e+05
1.957450199999999895e+05
1.957776400000000140e+05
1.960323099999999977e+05
1.962330799999999872e+05
1.969613599999999860e+05
1.970061199999999953e+05
1.970253099999999977e+05
1.975013900000000140e+05
1.976796900000000023e+05
1.982222200000000012e+05
1.986554500000000116e+05
1.992145599999999977e+05
1.993595700000000070e+05
1.995491400000000140e+05
1.996003099999999977e+05
2.000125700000000070e+05
2.000203299999999872e+05
2.003458800000000047e+05
2.004215199999999895e+05
2.004391099999999860e+05
2.007155400000000081e+05
2.007796300000000047e+05
2.009669800000000105e+05
2.009780100000000093e+05
2.011851300000000047e+05
2.013143800000000047e+05
2.022494899999999907e+05
2.022546099999999860e+05
2.022735400000000081e+05
2.024688099999999977e+05
2.027019400000000023e+05
2.028666499999999942e+05
2.030371700000000128e+05
2.030838399999999965e+05
2.044831900000000023e+05
2.045518299999999872e+05
2.048440499999999884e+05
2.051126799999999930e+05
2.052425400000000081e+05
2.053144800000000105e+05
2.053220000000000000e+05
2.058022699999999895e+05
2.059732600000000093e+05
2.060421099999999860e+05
2.060653599999999860e+05
2.064696700000000128e+05
2.065626099999999860e+05
2.074503699999999953e+05
2.075034400000000023e+05
2.078083900000000140e+05
2.080480499999999884e+05
2.087223299999999872e+05
2.095083500000000058e+05
2.101602699999999895e+05
2.102560100000000093e+05
2.106176099999999860e+05
2.111516000000000058e+05
2.111539400000000023e+05
2.113126499999999942e+05
2.113617399999999907e+05
2.121278900000000140e+05
2.121417399999999907e+05
2.126248800000000047e+05
2.126455299999999988e+05
2.126948299999999872e+05
2.127406600000000035e+05
2.129656199999999953e+05
2.130731199999999953e+05
2.133693299999999872e+05
2.137566000000000058e+05
2.139178599999999860e+05
2.139206300000000047e+05
2.139466499999999942e+05
2.143348800000000047e+05
2.149990199999999895e+05
2.152455100000000093e+05
2.153645499999999884e+05
2.155400400000000081e+05
2.158356799999999930e+05
2.158840400000000081e+05
2.161138200000000070e+05
2.162708099999999977e+05
2.166776400000000140e+05
2.169986000000000058e+05
2.171484299999999930e+05
2.172534400000000023e+05
2.173515199999999895e+05
2.180904700000000012e+05
2.181055700000000070e+05
2.191655100000000093e+05
2.192171499999999942e+05
2.196967799999999988e+05
2.202303999999999942e+05
2.203290599999999977e+05
2.204080000000000000e+05
2.205049200000000128e+05
2.207328299999999872e+05
2.207559700000000012e+05
2.212286400000000140e+05
2.215720799999999872e+05
2.218408699999999953e+05
2.224618999999999942e+05
2.227301700000000128e+05
2.230943699999999953e+05
2.235581400000000140e+05
2.238345899999999965e+05
2.239332900000000081e+05
2.240263699999999953e+05
2.243980899999999965e+05
2.244072600000000093e+05
2.252859200000000128e+05
2.254490599999999977e+05
2.254959200000000128e+05
2.256623500000000058e+05
2.258076000000000058e+05
2.263551600000000035e+05
2.264636000000000058e+05
2.265201400000000140e+05
2.267525899999999965e+05
2.267787799999999988e+05
2.272703800000000047e+05
2.276438099999999977e+05
2.278450000000000000e+05
2.281691600000000035e+05
2.290653999999999942e+05
2.290795899999999965e+05
2.293976300000000047e+05
2.296038200000000070e+05
2.296936300000000047e+05
2.297711000000000058e+05
2.298052799999999988e+05
2.299931300000000047e+05
2.300302500000000000e+05
2.304859700000000012e+05
2.306654899999999907e+05
2.308435100000000093e+05
2.309464500000000116e+05
2.311604899999999907e+05
2.312840299999999988e+05
2.313269800000000105e+05
2.317376099999999860e+05
2.320474700000000012e+05
2.321004700000000012e+05
2.324221600000000035e+05
2.329966300000000047e+05
2.332076900000000023e+05
2.332520400000000081e+05
2.334975000000000000e+05
2.335071900000000023e+05
2.340830700000000070e+05
2.342111099999999860e+05
2.343919400000000023e+05
2.345816199999999953e+05
2.347416099999999860e+05
2.350297699999999895e+05
2.353139100000000035e+05
2.354042000000000116e+05
2.354582000000000116e+05
2.357180000000000000e+05
2.359490400000000081e+05
2.362019599999999919e+05
2.368397399999999907e+05
2.368936199999999953e+05
2.369862399999999907e+05
2.371814599999999919e+05
2.380073599999999860e+05
2.380986600000000035e+05
2.381841400000000140e+05
2.382271400000000140e+05
2.383788099999999977e+05
2.384480700000000070e+05
2.384976799999999930e+05
2.387517200000000012e+05
2.387800400000000081e+05
2.390423599999999860e+05
2.394222699999999895e+05
2.399999700000000012e+05
2.401325700000000070e+05
2.403185199999999895e+05
2.405883599999999860e+05
2.406089500000000116e+05
2.409673699999999953e+05
2.411709599999999919e+05
2.413418099999999977e+05
2.414632300000000105e+05
2.417960599999999977e+05
2.418706199999999953e+05
2.419002999999999884e+05
2.421671900000000023e+05
2.426707799999999988e+05
2.428366199999999953e+05
2.435212600000000093e+05
2.435255100000000093e+05
2.436778299999999872e+05
2.437168299999999872e+05
2.439772200000000012e+05
2.442215199999999895e+05
2.442957999999999884e+05
2.446961900000000023e+05
2.447732500000000000e+05
2.451387300000000105e+05
2.451917399999999907e+05
2.453283999999999942e+05
2.453760000000000000e+05
2.453775000000000000e+05
2.454152000000000116e+05
2.454679800000000105e+05
2.455243399999999965e+05
2.458028399999999965e+05
2.460662900000000081e+05
2.460834500000000116e+05
2.461156400000000140e+05
2.461160700000000070e+05
2.464932699999999895e+05
2.467139100000000035e+05
2.468052099999999919e+05
2.468641300000000047e+05
2.469310299999999988e+05
2.469680899999999965e+05
2.471960400000000081e+05
2.473230700000000070e+05
2.475499299999999930e+05
2.475807200000000012e+05
