# t	msd	err
1.000000000000069734e-14 7.460027195076732940e-06 4.524492127678598829e-07
1.999999999999967181e-14 1.261465627098729957e-05 3.098620837399719885e-06
3.284777777778182990e-14 1.240388503574792160e-05 2.615769415704679874e-06
6.100000000000047214e-14 1.084701445995498021e-05 3.044576978879928066e-06
1.009230769230760736e-13 1.233983226771137072e-05 1.479513497766871362e-06
1.848679245283025656e-13 1.228715951456262656e-05 1.191695840861940841e-06
2.994304878048766363e-13 1.394368772915092927e-05 1.323754549281797395e-06
4.918124999999990214e-13 1.633878961052863618e-05 1.128330856598932313e-06
8.339109722222208595e-13 2.064713712992729056e-05 1.096613073219616903e-06
1.384239196428571681e-12 2.085325876988855845e-05 9.818325556515681320e-07
2.266084925690019677e-12 2.819310110417657089e-05 1.037276979333076047e-06
3.856215083798883638e-12 3.360575042129116823e-05 9.350733854982480383e-07
6.433419131134338470e-12 4.402638223040207565e-05 8.583015303635937043e-07
1.071041969525467258e-11 6.906312386109165699e-05 9.961294379448580886e-07
1.804704644648155606e-11 9.587674182370470636e-05 1.193862968363894716e-06
3.035601273144865843e-11 1.465036486971762466e-04 1.305076753014953795e-06
5.040030560247170980e-11 2.030904033624419806e-04 1.284613948363096701e-06
8.309309207750026618e-11 3.747404959338113042e-04 1.770542649651997521e-06
1.275704547787961001e-10 7.067470483457922959e-04 4.879532529095069477e-06
