# t	msd	err
1.000000000000214727e-14 1.583366534332466324e+00 6.891953416091244067e-02
2.038000000000041399e-14 1.664825831463657924e+00 2.324264964780583254e-01
3.513513513513599499e-14 1.366842344365728712e+00 1.640723771154775634e-01
6.157692307692245142e-14 1.821849366529525671e+00 1.928499618999446330e-01
9.987428571428525143e-14 2.163840106943503372e+00 1.765730559757329454e-01
1.790598930481283753e-13 2.370399879524095699e+00 1.407704799247607719e-01
2.796459143968862369e-13 3.181633826554751465e+00 2.006507900080936047e-01
4.542747933884286536e-13 3.673712950562045165e+00 1.534835561325337550e-01
7.622268506900889299e-13 5.537320786144682039e+00 1.831252808212599226e-01
1.269872408293454884e-12 8.902786854843684594e+00 2.021012277735181051e-01
2.109034540942942345e-12 1.376535480194520211e+01 2.543287998329561428e-01
3.502694125119111837e-12 1.930230379298512489e+01 2.771528682461635862e-01
5.810944713478629962e-12 3.150691573852964211e+01 3.458685744923121197e-01
9.776725313807548188e-12 5.169582651091833014e+01 4.338162719492362762e-01
1.607856041933789332e-11 8.030045223801540999e+01 4.403562620699849606e-01
2.661075760852630979e-11 1.069820540915463454e+02 5.862241205089597784e-01
4.438331138956292405e-11 1.762851365571897588e+02 8.348742044635557580e-01
7.287403423092638179e-11 2.331021083068262669e+02 6.286658468419042967e-01
1.131251487455045324e-10 2.849526826703057623e+02 5.815364581923301301e-01
