# t
0.000000000000000000e+00
4.425434600000000087e-14
3.689324699999999962e-13
9.934635600000000050e-13
1.660326299999999939e-12
1.752906500000000049e-12
1.847337100000000025e-12
2.899871499999999898e-12
2.937906299999999832e-12
3.004389100000000172e-12
3.190692400000000182e-12
3.204431800000000139e-12
3.215989000000000141e-12
3.914528600000000284e-12
5.016187999999999911e-12
5.313268699999999691e-12
5.711498599999999644e-12
5.999292100000000381e-12
6.625228299999999860e-12
6.655756900000000134e-12
6.656865600000000376e-12
7.430576000000000144e-12
7.827603900000000119e-12
8.278228799999999668e-12
8.538122500000000609e-12
9.041794999999999239e-12
9.171786199999999461e-12
9.548222700000000227e-12
1.058287700000000053e-11
1.063780499999999942e-11
1.076521299999999964e-11
1.089048799999999963e-11
1.092393100000000046e-11
1.131619399999999955e-11
1.146587399999999978e-11
1.160948700000000033e-11
1.177602999999999945e-11
1.180129899999999923e-11
1.181423499999999949e-11
1.217848600000000026e-11
1.230344500000000039e-11
1.243035200000000059e-11
1.246106599999999964e-11
1.269874900000000042e-11
1.298851299999999967e-11
1.316600599999999967e-11
1.320350799999999940e-11
1.347417499999999938e-11
1.370228900000000000e-11
1.374912600000000052e-11
1.399329599999999947e-11
1.407252499999999996e-11
1.433790499999999978e-11
1.639817399999999887e-11
1.648763500000000096e-11
1.738572699999999956e-11
1.934928899999999967e-11
1.940540900000000004e-11
1.971792800000000023e-11
1.972374199999999926e-11
1.979338399999999890e-11
1.979438599999999894e-11
2.009225699999999933e-11
2.022772399999999884e-11
2.075382500000000058e-11
2.079992199999999882e-11
2.082064200000000118e-11
2.125544100000000113e-11
2.132797999999999936e-11
2.162088300000000118e-11
2.210340500000000097e-11
2.335258099999999920e-11
2.366499999999999983e-11
2.376177899999999998e-11
2.387234199999999877e-11
2.427434300000000026e-11
2.466185100000000095e-11
2.477270499999999971e-11
2.481179400000000114e-11
2.509007999999999844e-11
2.510228799999999851e-11
3.024462399999999749e-11
3.037786900000000032e-11
3.043200599999999981e-11
3.067055700000000082e-11
3.101624400000000304e-11
3.117224699999999885e-11
3.122596799999999731e-11
3.125570700000000060e-11
3.167684400000000125e-11
3.171759999999999886e-11
3.206918199999999840e-11
3.247636899999999829e-11
3.248416400000000028e-11
3.357121499999999712e-11
3.358122200000000294e-11
3.397903800000000226e-11
3.408845600000000247e-11
3.415035599999999840e-11
3.419326799999999982e-11
3.425130300000000059e-11
3.428083199999999898e-11
3.443227800000000084e-11
3.443768999999999722e-11
3.475508100000000196e-11
3.476614699999999872e-11
3.488217500000000187e-11
3.508726799999999823e-11
3.508830999999999875e-11
3.567181900000000120e-11
3.576909200000000217e-11
3.579223200000000242e-11
3.586581400000000173e-11
3.601731599999999714e-11
3.665563700000000100e-11
3.734970699999999786e-11
3.747755299999999889e-11
3.891210299999999705e-11
3.925156199999999713e-11
3.981130800000000160e-11
4.010967399999999694e-11
4.012069700000000118e-11
4.019024799999999998e-11
4.023195100000000142e-11
4.033916600000000300e-11
4.084542200000000019e-11
4.095275699999999996e-11
4.133186800000000012e-11
4.150434299999999853e-11
4.171304399999999680e-11
4.173158200000000295e-11
4.193568999999999940e-11
4.217705799999999806e-11
4.237904799999999970e-11
4.243338100000000248e-11
4.250433400000000281e-11
4.261700500000000032e-11
4.286576400000000039e-11
4.305670400000000160e-11
4.327037600000000016e-11
4.332666099999999885e-11
4.348170799999999856e-11
4.359261900000000114e-11
4.364313599999999826e-11
4.427890999999999878e-11
4.453528500000000091e-11
4.454045600000000034e-11
4.487793199999999954e-11
4.528901499999999956e-11
4.567811400000000103e-11
4.568707899999999987e-11
4.604421600000000079e-11
4.604770100000000277e-11
4.607436300000000050e-11
4.640833600000000025e-11
4.652347800000000247e-11
4.689486999999999928e-11
4.729103400000000139e-11
4.732128699999999766e-11
4.740137100000000219e-11
4.740535099999999911e-11
4.748320899999999819e-11
4.761282600000000051e-11
4.761743000000000221e-11
4.776137799999999904e-11
4.792845300000000154e-11
4.831889699999999749e-11
4.891375100000000266e-11
4.922378700000000092e-11
4.922976800000000265e-11
5.029346399999999791e-11
5.031756300000000245e-11
5.033231099999999859e-11
5.043609499999999705e-11
5.057235899999999781e-11
5.114785799999999695e-11
5.122851200000000094e-11
5.133538900000000127e-11
5.194270700000000242e-11
5.356167599999999853e-11
5.363618599999999717e-11
5.402618600000000177e-11
5.432457699999999861e-11
5.457260899999999906e-11
5.457302399999999952e-11
5.458493499999999939e-11
5.482243600000000173e-11
5.524011200000000133e-11
5.583636700000000100e-11
5.612066699999999970e-11
5.864859100000000644e-11
5.971667599999999563e-11
6.113432200000000031e-11
6.120562599999999647e-11
6.121659399999999481e-11
6.180070499999999581e-11
6.187755099999999878e-11
6.188077400000000461e-11
6.438998600000000169e-11
6.790193599999999906e-11
6.797902899999999597e-11
6.809294899999999717e-11
6.834379600000000057e-11
6.838666100000000071e-11
6.860695599999999680e-11
6.885080699999999416e-11
7.078694200000000083e-11
7.089834599999999720e-11
7.347588099999999506e-11
7.414752699999999787e-11
7.482790299999999957e-11
7.512117899999999700e-11
7.512134700000000351e-11
7.536325299999999608e-11
7.600917999999999622e-11
7.650969999999999740e-11
7.653487499999999623e-11
7.683079899999999714e-11
7.690202499999999997e-11
7.705152300000000176e-11
7.764818700000000489e-11
7.792589900000000042e-11
7.795313300000000523e-11
7.796850999999999611e-11
7.820168699999999682e-11
7.846268999999999512e-11
7.855199000000000121e-11
7.906531600000000193e-11
7.914843099999999839e-11
7.977963499999999744e-11
8.004033499999999531e-11
8.036408600000000084e-11
8.058281800000000585e-11
8.075717399999999797e-11
8.078076099999999775e-11
8.101243500000000325e-11
8.113475699999999495e-11
8.126921999999999649e-11
8.197059599999999740e-11
8.216505100000000497e-11
8.266860900000000213e-11
8.282812600000000374e-11
8.291716100000000549e-11
8.298071700000000095e-11
8.310924299999999385e-11
8.337663599999999733e-11
8.376038099999999713e-11
8.407023900000000249e-11
8.441785200000000500e-11
8.450545499999999436e-11
8.453971600000000372e-11
8.458692799999999938e-11
8.472213700000000505e-11
8.491193800000000145e-11
8.533206299999999952e-11
9.124551299999999630e-11
9.174917900000000410e-11
9.363342999999999354e-11
9.384899900000000151e-11
9.413488800000000629e-11
9.839388699999999716e-11
9.843052099999999989e-11
9.845261600000000435e-11
9.897432300000000282e-11
9.930415000000000030e-11
9.956535600000000592e-11
9.977787200000000279e-11
9.985060799999999842e-11
1.000514799999999945e-10
1.000729099999999963e-10
1.000878699999999985e-10
1.002225100000000053e-10
1.002698400000000044e-10
1.007809299999999939e-10
1.023540100000000020e-10
1.025345400000000039e-10
1.033452499999999953e-10
1.035044199999999969e-10
1.040538099999999944e-10
1.042047399999999957e-10
1.042845799999999951e-10
1.044958400000000036e-10
1.045845900000000024e-10
1.046351999999999950e-10
1.050942499999999936e-10
1.057159699999999979e-10
1.057305800000000049e-10
1.057769799999999971e-10
1.059409100000000064e-10
1.061807000000000054e-10
1.063748699999999971e-10
1.069312099999999999e-10
1.070175300000000047e-10
1.076645299999999974e-10
1.078325300000000040e-10
1.078562899999999938e-10
1.084211399999999978e-10
1.084883499999999958e-10
1.085839099999999967e-10
1.087655999999999961e-10
1.089344500000000022e-10
1.089728199999999989e-10
1.094148299999999966e-10
1.094732300000000012e-10
1.095726799999999988e-10
1.097000999999999994e-10
1.097714400000000035e-10
1.101405100000000040e-10
1.102159200000000052e-10
1.103626400000000060e-10
1.104077500000000032e-10
1.105365600000000049e-10
1.106618900000000011e-10
1.108326400000000054e-10
1.108438899999999985e-10
1.108537700000000021e-10
1.112140799999999994e-10
1.114947099999999992e-10
1.117771499999999969e-10
1.117854000000000031e-10
1.120185799999999991e-10
1.120848200000000059e-10
1.126079700000000037e-10
1.128993999999999953e-10
1.129154799999999978e-10
1.129898299999999946e-10
1.133049500000000002e-10
1.134279400000000027e-10
1.134340800000000057e-10
1.135230399999999965e-10
1.135851899999999946e-10
1.136346799999999998e-10
1.139911900000000007e-10
1.140224799999999946e-10
1.140543199999999958e-10
1.140635400000000061e-10
1.141376299999999950e-10
1.142021099999999939e-10
1.142894799999999974e-10
1.143159399999999948e-10
1.143268600000000043e-10
1.151250400000000004e-10
1.159155500000000020e-10
1.159779100000000050e-10
1.165678199999999996e-10
1.167016999999999942e-10
1.168517900000000017e-10
1.169246999999999943e-10
1.171179800000000022e-10
1.171387399999999921e-10
1.178506399999999935e-10
1.181700999999999971e-10
1.184786099999999998e-10
1.185284899999999975e-10
1.188128699999999907e-10
1.195374700000000080e-10
1.196358200000000039e-10
1.196953800000000061e-10
1.197192700000000063e-10
1.210011899999999977e-10
1.213611300000000011e-10
1.218068599999999877e-10
1.221029699999999926e-10
1.223955799999999933e-10
1.224238300000000030e-10
1.228594200000000040e-10
1.228881200000000020e-10
1.230313400000000116e-10
1.230417399999999923e-10
1.238307399999999882e-10
1.239205499999999914e-10
1.249822900000000079e-10
1.250228699999999879e-10
1.250356300000000126e-10
1.250421800000000067e-10
1.251053799999999905e-10
1.263170400000000068e-10
1.265877699999999914e-10
1.273553199999999998e-10
1.274137799999999874e-10
1.277857099999999975e-10
1.278299499999999965e-10
1.283416000000000120e-10
1.284376800000000029e-10
1.284874500000000018e-10
1.296268800000000043e-10
1.302557799999999917e-10
1.306743799999999948e-10
1.306951999999999935e-10
1.312506300000000009e-10
1.315833699999999933e-10
1.318312999999999995e-10
1.320057100000000098e-10
1.320545699999999875e-10
1.321067400000000018e-10
1.323458299999999973e-10
1.329916800000000111e-10
1.330285399999999892e-10
1.330572200000000016e-10
1.346195100000000107e-10
1.346790700000000129e-10
1.347451699999999906e-10
1.347598900000000093e-10
1.349853900000000051e-10
1.351075699999999924e-10
1.353509499999999957e-10
1.354078099999999903e-10
1.354470100000000008e-10
1.354849299999999963e-10
1.354975799999999963e-10
1.359221000000000046e-10
1.359591500000000019e-10
1.376397000000000102e-10
1.376827800000000116e-10
1.378837199999999952e-10
1.380161899999999901e-10
1.380204899999999908e-10
1.381877199999999923e-10
1.382898499999999989e-10
1.384751500000000013e-10
1.385658699999999999e-10
1.386947800000000077e-10
1.389829200000000001e-10
1.394969899999999908e-10
1.395331299999999927e-10
1.395552600000000109e-10
1.404910199999999920e-10
1.406410899999999879e-10
1.406435799999999907e-10
1.416849800000000012e-10
1.417722799999999901e-10
1.421745300000000029e-10
1.432945500000000064e-10
1.435229899999999933e-10
1.437809500000000121e-10
1.438593600000000002e-10
1.439118799999999969e-10
1.440875799999999893e-10
1.443389399999999981e-10
1.449105499999999882e-10
1.454762199999999874e-10
1.454981700000000050e-10
1.455870500000000013e-10
1.456631699999999988e-10
1.460373899999999996e-10
1.462541899999999879e-10
1.463365300000000088e-10
1.463766100000000103e-10
1.474447199999999946e-10
1.480499500000000053e-10
1.484573400000000125e-10
1.492602600000000048e-10
1.494385999999999962e-10
1.494622699999999986e-10
1.497498299999999922e-10
1.504138200000000086e-10
1.505325500000000077e-10
1.507399100000000008e-10
1.508261000000000082e-10
1.511765800000000049e-10
1.513631800000000081e-10
1.516535800000000126e-10
1.519632399999999942e-10
1.523127600000000054e-10
1.523516299999999935e-10
1.526144500000000002e-10
1.529515000000000120e-10
1.532682799999999936e-10
1.535059300000000109e-10
1.535208499999999900e-10
1.537132299999999953e-10
1.537338399999999891e-10
1.538617900000000114e-10
1.543709400000000054e-10
1.544534200000000037e-10
1.547364800000000103e-10
1.547381599999999979e-10
1.549556799999999882e-10
1.565506700000000038e-10
1.568539499999999989e-10
1.571068099999999946e-10
1.572804300000000013e-10
1.579092700000000058e-10
1.582902100000000084e-10
1.583523000000000106e-10
1.592387199999999954e-10
1.593381099999999971e-10
1.594371099999999933e-10
1.594881200000000101e-10
1.595647999999999948e-10
1.597237999999999887e-10
1.599305800000000090e-10
1.603955300000000013e-10
1.605788400000000052e-10
1.621301200000000047e-10
1.622787300000000108e-10
1.624028299999999949e-10
1.624770900000000044e-10
1.628072100000000094e-10
1.628551100000000016e-10
1.628760499999999920e-10
1.630831000000000001e-10
1.635991199999999921e-10
1.639856199999999989e-10
1.641432700000000020e-10
1.641971900000000055e-10
1.642631299999999942e-10
1.643764799999999895e-10
1.648070300000000020e-10
1.678734700000000105e-10
1.687329900000000024e-10
1.688864299999999921e-10
1.689125599999999929e-10
1.690697900000000120e-10
1.691705799999999946e-10
1.692529099999999968e-10
1.692725799999999908e-10
1.701319200000000080e-10
1.701605500000000044e-10
1.707541699999999952e-10
1.707790299999999996e-10
1.710572400000000112e-10
1.710748400000000122e-10
1.712431099999999937e-10
1.712469600000000060e-10
1.713356299999999974e-10
1.713649399999999986e-10
1.714273400000000118e-10
1.714405999999999890e-10
1.726016200000000083e-10
1.726428900000000118e-10
1.729562900000000068e-10
1.729723800000000021e-10
1.729903599999999899e-10
1.730026300000000031e-10
1.733283299999999899e-10
1.733907600000000075e-10
1.735262699999999995e-10
1.738422099999999873e-10
1.738892599999999929e-10
1.739306699999999997e-10
1.740090500000000093e-10
1.742631300000000114e-10
1.752228000000000042e-10
1.754492300000000069e-10
1.754527300000000111e-10
1.756480200000000030e-10
1.758568800000000091e-10
1.758885299999999911e-10
1.759608300000000064e-10
1.761078300000000009e-10
1.762494300000000058e-10
1.764821699999999934e-10
1.766546699999999998e-10
1.769696599999999950e-10
1.771993199999999882e-10
1.780759700000000071e-10
1.782346599999999901e-10
1.784074599999999887e-10
1.784170200000000014e-10
1.787288999999999979e-10
1.792222899999999932e-10
1.796043199999999917e-10
1.802975500000000078e-10
1.831024999999999889e-10
1.832366599999999900e-10
1.838349800000000056e-10
1.838375800000000072e-10
1.842001600000000095e-10
1.843075800000000066e-10
1.862916799999999977e-10
1.865130899999999977e-10
1.869547400000000072e-10
1.870081399999999948e-10
1.874202300000000010e-10
1.874486199999999881e-10
1.883246299999999995e-10
1.888475400000000009e-10
1.891752800000000021e-10
1.893312199999999874e-10
1.895758800000000059e-10
1.896148400000000071e-10
1.899317000000000091e-10
1.901492299999999923e-10
1.905957100000000112e-10
1.911130099999999925e-10
1.919729400000000013e-10
1.922134099999999921e-10
1.923804599999999931e-10
1.925684799999999889e-10
1.930455700000000098e-10
1.930534399999999905e-10
1.932278000000000108e-10
1.933612899999999999e-10
1.934678199999999874e-10
1.936548899999999905e-10
1.936887099999999973e-10
1.939102699999999934e-10
1.942745700000000063e-10
1.952585100000000119e-10
1.961133799999999949e-10
1.961203400000000060e-10
1.961315800000000063e-10
1.961881899999999987e-10
1.963352999999999920e-10
1.967575400000000025e-10
1.967622499999999943e-10
1.982345700000000112e-10
