# t msd err
9.993155825053736437e-15 3.088577196215381952e-03 1.692199600573848626e-05
1.997015011113524546e-14 3.602646519729154392e-03 2.015736694915238269e-05
2.988264157782909470e-14 3.295974356253464355e-03 1.892067714862106877e-05
3.983960658058889605e-14 4.151743696392314747e-03 2.410588048677871596e-05
5.541040598425504016e-14 4.051217045888735706e-03 1.720490818094577734e-05
7.980144077179428853e-14 4.788653172019770310e-03 1.626246232376695822e-05
1.047030848713522398e-13 5.535291285250251714e-03 9.980945187264921552e-06
1.652871985058697985e-13 5.961399182149816102e-03 1.539637274867943257e-05
2.173327279801271751e-13 6.774329316612998780e-03 1.107767203787899228e-05
3.177004118498222911e-13 8.385152279016446983e-03 1.242506605292854710e-05
4.582859661037123544e-13 9.776720189419035173e-03 1.137252017328146839e-05
6.625456454113638347e-13 1.305329987657798466e-02 1.414160602124120955e-05
9.476383936309878452e-13 1.546401961155616234e-02 1.314549015794881110e-05
1.349972025269839715e-12 2.033498454201809746e-02 1.582663282431762028e-05
1.906993227935314602e-12 2.632241292853829129e-02 1.674940132514152706e-05
2.707669995294525644e-12 3.481342311366640574e-02 1.889418164953514791e-05
3.869747738119313165e-12 4.592289978398270134e-02 2.074684858248682158e-05
5.490916823746503483e-12 6.241599484633990336e-02 2.411303902564669843e-05
7.801654332335344832e-12 8.350908332966890113e-02 2.748398725455471290e-05
1.108878483102474201e-11 1.139133474513294025e-01 3.164989074975944910e-05
1.575711864989948931e-11 1.593288990032011576e-01 3.779393626630254662e-05
2.240106007545100116e-11 2.194760613108966141e-01 4.467609794444998546e-05
3.177808765639151333e-11 3.067730822170438021e-01 5.414954835531271511e-05
4.506742890269769257e-11 4.331650564548126248e-01 6.782169852833543479e-05
6.402421906635124737e-11 6.140625134012469566e-01 8.561183329394592102e-05
9.045524142339170139e-11 8.798978663189391813e-01 1.174177114760302488e-04
1.271496478543531902e-10 1.223525669133202376e+00 1.771096614195622691e-04
1.689353071025187736e-10 1.612262790282964264e+00 4.103921833899217214e-04
