# t	msd	err
2.733333333333258241e-13 6.147932541943302631e+00 1.573231450305712592e-06
9.972222222222666538e-13 6.489486242715044817e+00 3.367747981339464514e-01
1.980769230768991254e-12 6.620854107163807178e+00 4.637345754278667798e-01
3.492063492063565900e-12 6.538277997716909873e+00 2.715989764876179935e-01
5.865491666666733748e-12 8.094780086211800452e+00 4.406218687832292313e-01
1.017608695652167650e-11 1.026680625180063267e+01 3.845804995795121251e-01
1.944206845637577214e-11 1.398758125500695471e+01 4.636412286113824055e-01
3.460167330677278866e-11 2.191701660935341422e+01 5.866745295951262262e-01
6.112405568776795350e-11 3.337324326935756602e+01 6.574922112269750984e-01
1.110234214434894334e-10 6.250518128828750974e+01 8.337892822391452796e-01
2.010697676095388320e-10 1.268723124864644660e+02 1.300342849505367049e+00
3.612267637597195633e-10 2.835084147293623573e+02 1.629443741228309595e+00
6.527290588062059392e-10 7.223994090289462520e+02 2.759670537907733312e+00
1.176953254351090538e-09 1.885690428693537797e+03 5.095534270290372092e+00
2.113890625625226348e-09 5.308618028650362248e+03 9.767967041368009973e+00
3.794686978809478693e-09 1.663214248813845188e+04 2.107588547767762677e+01
6.765744211392676211e-09 5.305103647179039399e+04 5.170754289553275385e+01
1.102815825399577986e-08 1.308451129320020555e+05 1.150750278244317144e+02
