# t msd err
3.995673076923136016e-14 2.312428254388768423e+00 3.206761016165534661e-01
5.507344632768331929e-14 2.448208200647096433e+00 2.602415955695478456e-01
8.018085106382972433e-14 3.135276315231944722e+00 2.892390246595277770e-01
1.040273404255320057e-13 2.899376371869635705e+00 9.456723008592000934e-02
1.941405448717940130e-13 3.730385398291054422e+00 1.219314611481261690e-01
2.883411277806526538e-13 4.378688390637624828e+00 1.408455436731540777e-01
3.910546396608574205e-13 5.112483887744943445e+00 1.569177069278083203e-01
5.533468066988360905e-13 5.759894477268730384e+00 1.372376280635080326e-01
8.057591488527161473e-13 7.114594072976432315e+00 1.409037715851618466e-01
1.199459556890721629e-12 9.313765692183411105e+00 1.473649141310741650e-01
1.752190208542438926e-12 1.145681543231584953e+01 1.711020959998034441e-01
2.565289921085416446e-12 1.585311694071458533e+01 1.865330776400042079e-01
3.784886471573547722e-12 2.197600685917712582e+01 2.181409276796963670e-01
5.585143424871644558e-12 3.092842010352683957e+01 2.668127488494373423e-01
8.159441626242232162e-12 4.219903431504489788e+01 3.055935946845391715e-01
1.199053964503859504e-11 6.151630500189509121e+01 3.812806939518841864e-01
1.751515980055349262e-11 8.862032135536550470e+01 4.582233321329083342e-01
2.570510815631479964e-11 1.071147838079565133e+02 4.725389088021439976e-01
3.776937635839684558e-11 1.420467915233727467e+02 5.299995151363884327e-01
5.516026787078117892e-11 1.894834609742096632e+02 6.070943095478312790e-01
8.079610485500472724e-11 2.583420566440175321e+02 7.128230378374056375e-01
1.178685551745457353e-10 3.187674983541866141e+02 8.377298687782147590e-01
1.726208417137186858e-10 3.987567550289447809e+02 1.041292984587590675e+00
2.479742148789504226e-10 4.674222848589567434e+02 1.392204857592637124e+00
3.674380513001510858e-10 5.751255897703842948e+02 2.408671916054252460e+00
5.271598388968879391e-10 4.623657836682576772e+02 2.246215039129137558e+00
