# t msd err
4.073473381665659694e-11 6.902044272248834034e+01 2.479647467193841215e-01
1.369240991558460474e-10 2.142780009097821790e+02 8.454902913063698788e-01
2.282867094921215163e-10 3.499358812891201751e+02 1.434091186330555656e+00
3.199687089201499604e-10 4.709960105883392885e+02 1.972006928035502593e+00
4.115644711327363038e-10 6.585951684785675297e+02 2.840831444739955192e+00
5.029732804698081915e-10 7.934446654745465821e+02 3.419813620900735707e+00
5.940595953399219826e-10 8.472707290101673152e+02 3.741119835361407464e+00
6.848436739833252522e-10 9.997560310584514127e+02 4.676252176616267242e+00
7.771182983588208042e-10 1.100429233783117525e+03 5.368362659818530780e+00
8.689650401286471404e-10 1.207976298052136826e+03 5.979604432555697180e+00
9.598183529782424871e-10 1.189637117631235469e+03 5.934256433109670326e+00
1.051238511743960356e-09 1.328753695106266377e+03 6.928914338071039403e+00
1.143457322413467926e-09 1.416305658669386958e+03 7.545130766044248816e+00
1.234825104062866173e-09 1.545591648850022011e+03 8.621952191481172534e+00
1.326079514489688339e-09 1.674070366903953754e+03 9.746649308948867940e+00
1.417667417131003259e-09 1.718383942925034034e+03 1.025795750761407987e+01
1.508673820419132396e-09 1.861710868094927719e+03 1.125440250128025710e+01
1.600721586132039432e-09 1.949871140918136916e+03 1.243104003873479968e+01
1.692028303576310905e-09 2.100857989529442420e+03 1.415754788880734694e+01
1.782292788034293239e-09 2.076573137405116995e+03 1.470400545188076791e+01
1.875536845043369726e-09 2.202589424554231755e+03 1.700828577105141193e+01
1.965686112097498322e-09 2.235479728041836552e+03 1.881979653992504709e+01
2.056699867375376369e-09 2.070766120579394283e+03 1.862195230825082604e+01
2.150816978672129456e-09 1.910606774211247512e+03 1.891365436121993682e+01
2.240488911566389211e-09 1.919296182509550135e+03 1.985951148933004617e+01
2.331918205195619234e-09 1.977802927882094991e+03 2.178611962642711930e+01
2.419938627435358065e-09 2.194193236028786487e+03 2.715095000565423433e+01
2.513639188645137225e-09 2.699013977858704493e+03 3.856718236300746128e+01
2.600405839660450006e-09 2.775152505939620369e+03 4.990361423194534751e+01
2.688883611377051486e-09 2.194447295305180432e+03 8.164060774541758292e+01
2.776516930036916674e-09 5.433533020577302608e+01 4.633732529315778947e+00
