# t
0.000000000000000000e+00
1.610665400000000063e-13
2.186692099999999945e-13
2.619913299999999776e-13
1.678980299999999952e-12
3.000258900000000154e-12
3.108687499999999925e-12
3.190038200000000179e-12
3.258627800000000164e-12
3.358930100000000165e-12
3.852312999999999885e-12
3.889599000000000136e-12
3.980908499999999788e-12
4.627355200000000243e-12
4.847758299999999761e-12
4.853385399999999952e-12
5.587265800000000283e-12
5.810646300000000373e-12
5.902190499999999800e-12
5.957366799999999859e-12
6.112211199999999748e-12
6.238667399999999824e-12
6.436492599999999655e-12
6.605625999999999706e-12
6.970058600000000291e-12
7.114126099999999869e-12
7.227520699999999884e-12
7.341129099999999725e-12
7.428443300000000088e-12
7.563737900000000241e-12
7.910208799999999385e-12
7.952163699999999222e-12
7.972717100000000729e-12
8.136679599999999789e-12
8.236696199999999656e-12
8.260058200000000420e-12
8.388286699999999302e-12
8.675882500000000620e-12
8.728951699999999244e-12
8.799869400000000203e-12
8.910842900000000084e-12
9.003899500000000150e-12
9.059129800000000684e-12
9.152529800000000266e-12
9.244192600000000303e-12
9.507676899999999558e-12
9.552141100000000361e-12
9.671093400000000086e-12
1.190462300000000034e-11
1.224804000000000079e-11
1.255836299999999993e-11
1.315554499999999996e-11
1.322345999999999948e-11
1.332419599999999942e-11
1.349505899999999948e-11
1.350274800000000005e-11
1.377024800000000068e-11
1.392334100000000010e-11
1.406006799999999994e-11
1.439948000000000035e-11
1.492200100000000020e-11
1.507754800000000097e-11
1.534969300000000112e-11
1.560239200000000087e-11
1.565545000000000111e-11
1.589220399999999875e-11
1.592008099999999993e-11
1.610443999999999878e-11
1.617334399999999890e-11
1.620388499999999987e-11
1.624007099999999925e-11
1.634934199999999862e-11
1.635748799999999966e-11
1.719171300000000098e-11
1.727506499999999855e-11
1.727964300000000140e-11
1.734065400000000113e-11
1.739433499999999911e-11
1.875328700000000065e-11
1.875888000000000135e-11
1.877997899999999954e-11
1.959699499999999934e-11
1.993499199999999879e-11
2.006740100000000047e-11
2.017856100000000139e-11
2.038687200000000070e-11
2.125992799999999992e-11
2.150275600000000128e-11
2.157787700000000043e-11
2.173990699999999868e-11
2.256552600000000160e-11
2.262125200000000072e-11
2.270371800000000058e-11
2.301659199999999891e-11
2.304792099999999917e-11
2.315649100000000100e-11
2.331024199999999897e-11
2.334309600000000068e-11
2.515410399999999910e-11
2.544744200000000001e-11
2.559478300000000064e-11
2.621579100000000110e-11
2.637470000000000070e-11
2.650150699999999971e-11
2.659223800000000146e-11
2.719820599999999878e-11
2.737309500000000131e-11
2.912034300000000283e-11
2.959671799999999877e-11
2.983469900000000032e-11
2.993014600000000057e-11
3.014267200000000321e-11
3.022492099999999736e-11
3.023526899999999969e-11
3.055549399999999897e-11
3.073067600000000261e-11
3.082381400000000120e-11
3.083882099999999821e-11
3.098677500000000051e-11
3.168314199999999857e-11
3.173608500000000027e-11
3.198962299999999967e-11
3.231131499999999923e-11
3.250109300000000173e-11
3.385041399999999802e-11
3.404611299999999993e-11
3.426991699999999892e-11
3.442707999999999874e-11
3.457401099999999858e-11
3.796565200000000307e-11
3.822450999999999744e-11
3.896632199999999864e-11
3.898424800000000048e-11
3.902617899999999783e-11
3.916873199999999717e-11
3.931141900000000278e-11
3.939425199999999801e-11
3.953821100000000119e-11
3.956059699999999915e-11
3.973643900000000252e-11
3.975422500000000108e-11
4.015691899999999872e-11
4.018826099999999679e-11
4.205654000000000085e-11
4.213096899999999797e-11
4.215591700000000147e-11
4.288158300000000085e-11
4.289380399999999873e-11
4.346454100000000189e-11
4.395998199999999859e-11
4.412340099999999733e-11
4.492496099999999942e-11
4.552576700000000250e-11
4.563858299999999971e-11
4.652873800000000158e-11
4.656226800000000255e-11
4.680642899999999792e-11
4.720681700000000209e-11
4.797728300000000064e-11
4.816849599999999788e-11
4.832944499999999895e-11
4.836136500000000110e-11
4.838803400000000287e-11
4.857187000000000031e-11
4.873405799999999930e-11
4.884511400000000157e-11
4.894769699999999820e-11
4.933652000000000191e-11
4.967790899999999812e-11
4.987853299999999963e-11
4.994944600000000272e-11
5.030323000000000032e-11
5.035919899999999753e-11
5.058514699999999987e-11
5.067657299999999892e-11
5.121914599999999680e-11
5.133747699999999814e-11
5.135040799999999875e-11
5.274159900000000241e-11
5.283620899999999770e-11
5.307285300000000293e-11
5.312526799999999710e-11
5.315451099999999842e-11
5.322633000000000106e-11
5.326234099999999958e-11
5.330807099999999923e-11
5.345556600000000152e-11
5.358408000000000042e-11
5.376171499999999838e-11
5.425877099999999678e-11
5.434368200000000250e-11
5.483542200000000177e-11
5.492753400000000262e-11
5.542684100000000152e-11
5.557465500000000055e-11
5.566731299999999993e-11
5.588151900000000303e-11
5.611564600000000284e-11
5.630227999999999988e-11
5.658773399999999912e-11
5.658878299999999721e-11
5.684277399999999962e-11
5.691144899999999680e-11
5.708683099999999958e-11
5.710965200000000308e-11
5.721259900000000305e-11
5.728240900000000272e-11
5.734839199999999687e-11
5.742682499999999830e-11
5.767926000000000075e-11
5.818606200000000293e-11
5.828549700000000472e-11
5.896863900000000048e-11
5.940445500000000267e-11
6.063352700000000194e-11
6.068961300000000207e-11
6.069363299999999623e-11
6.070016699999999407e-11
6.110537899999999769e-11
6.114096199999999471e-11
6.215232799999999964e-11
6.267874999999999927e-11
6.378292700000000142e-11
6.409402200000000354e-11
6.460530800000000278e-11
6.469732499999999403e-11
6.470540500000000544e-11
6.568058899999999714e-11
6.627414000000000623e-11
6.644345300000000171e-11
6.653095399999999682e-11
6.858467700000000244e-11
6.902752599999999972e-11
6.923207599999999929e-11
6.952138599999999495e-11
6.953317299999999432e-11
6.961952399999999766e-11
6.999650200000000082e-11
7.007422400000000541e-11
7.092365400000000172e-11
7.097296999999999702e-11
7.198060200000000486e-11
7.206416399999999440e-11
7.240869200000000612e-11
7.243254399999999732e-11
7.260597599999999888e-11
7.261853599999999857e-11
7.327422600000000585e-11
7.327632099999999384e-11
7.400023799999999817e-11
7.404636499999999435e-11
7.405232400000000276e-11
7.422726700000000415e-11
7.431412099999999412e-11
7.468805099999999554e-11
7.483635600000000012e-11
7.500266500000000634e-11
7.518883600000000106e-11
7.576139000000000622e-11
7.578505900000000164e-11
7.590259099999999412e-11
7.627533499999999590e-11
7.631917899999999896e-11
7.645510299999999732e-11
7.683210300000000026e-11
7.705031999999999879e-11
7.711452799999999580e-11
7.728039599999999947e-11
7.757189099999999630e-11
7.782290099999999687e-11
7.796993699999999915e-11
7.802974700000000351e-11
7.805355100000000578e-11
7.821565400000000094e-11
7.824470099999999897e-11
7.891891099999999554e-11
7.902654400000000577e-11
7.902937899999999442e-11
7.916491000000000503e-11
8.022810900000000420e-11
8.025743200000000646e-11
8.038608599999999570e-11
8.124732100000000178e-11
8.170055300000000220e-11
