# AtomId eventId barrier
1.094000000000000000e+03 1.278039000000000000e+06 6.535379999999999523e-01
3.700000000000000000e+01 1.631010000000000000e+05 1.276756000000000002e+00
3.700000000000000000e+01 5.770300000000000000e+05 1.915807999999999955e+00
3.700000000000000000e+01 6.697010000000000000e+05 1.653156999999999988e+00
1.094000000000000000e+03 1.278039000000000000e+06 6.535370000000000346e-01
3.700000000000000000e+01 1.631010000000000000e+05 1.276756000000000002e+00
3.700000000000000000e+01 5.770300000000000000e+05 1.915933000000000108e+00
3.700000000000000000e+01 6.697010000000000000e+05 1.653191999999999995e+00
1.094000000000000000e+03 1.278039000000000000e+06 6.535379999999999523e-01
3.700000000000000000e+01 1.631010000000000000e+05 1.276755000000000084e+00
3.700000000000000000e+01 5.770300000000000000e+05 1.916061000000000014e+00
3.700000000000000000e+01 6.697010000000000000e+05 1.653161000000000103e+00
1.094000000000000000e+03 1.278039000000000000e+06 6.535379999999999523e-01
3.700000000000000000e+01 1.631010000000000000e+05 1.276758000000000060e+00
3.700000000000000000e+01 5.770300000000000000e+05 1.915853999999999946e+00
3.700000000000000000e+01 6.697010000000000000e+05 1.653165999999999913e+00
1.094000000000000000e+03 1.278039000000000000e+06 6.535379999999999523e-01
6.680000000000000000e+02 5.857100000000000000e+05 9.562519999999999909e-01
1.248000000000000000e+03 9.056680000000000000e+05 7.687570000000000237e-01
5.570000000000000000e+02 5.983580000000000000e+05 1.093369000000000035e+00
6.680000000000000000e+02 1.070030000000000000e+06 1.183667000000000025e+00
9.920000000000000000e+02 1.049701000000000000e+06 1.199211999999999945e+00
5.570000000000000000e+02 9.862590000000000000e+05 1.173907000000000034e+00
6.380000000000000000e+02 7.477050000000000000e+05 1.055733999999999950e+00
6.380000000000000000e+02 7.477050000000000000e+05 1.055733000000000033e+00
6.090000000000000000e+02 3.353590000000000000e+05 8.733969999999999789e-01
6.170000000000000000e+02 2.548440000000000000e+05 1.076610999999999985e+00
6.380000000000000000e+02 7.157310000000000000e+05 4.536850000000000049e-01
6.710000000000000000e+02 1.203258000000000000e+06 7.559839999999999893e-01
1.110000000000000000e+03 7.451300000000000000e+05 5.314229999999999787e-01
6.380000000000000000e+02 7.477050000000000000e+05 1.055733000000000033e+00
6.380000000000000000e+02 7.477050000000000000e+05 1.055731999999999893e+00
6.090000000000000000e+02 3.353590000000000000e+05 8.733969999999999789e-01
6.170000000000000000e+02 2.548440000000000000e+05 1.076608999999999927e+00
6.380000000000000000e+02 7.157310000000000000e+05 4.536859999999999782e-01
6.710000000000000000e+02 1.203258000000000000e+06 7.559550000000000436e-01
1.110000000000000000e+03 7.451300000000000000e+05 5.314240000000000075e-01
1.520000000000000000e+02 3.526120000000000000e+05 6.287199999999999456e-01
6.090000000000000000e+02 8.958570000000000000e+05 9.294329999999999536e-01
6.710000000000000000e+02 7.600470000000000000e+05 8.907610000000000250e-01
6.710000000000000000e+02 4.784290000000000000e+05 4.403000999999999721e+00
1.110000000000000000e+03 1.102823000000000000e+06 6.690519999999999801e-01
1.178000000000000000e+03 1.265341000000000000e+06 8.982069999999999776e-01
1.520000000000000000e+02 8.831010000000000000e+05 9.720849999999999769e-01
4.590000000000000000e+02 3.735540000000000000e+05 7.903149999999999897e-01
5.950000000000000000e+02 7.243000000000000000e+05 6.960899999999999865e-01
1.178000000000000000e+03 6.148800000000000000e+04 8.318630000000000191e-01
1.520000000000000000e+02 1.844130000000000000e+05 1.093247000000000080e+00
4.590000000000000000e+02 8.735790000000000000e+05 9.932809999999999695e-01
5.950000000000000000e+02 1.010140000000000000e+05 1.029612999999999889e+00
7.320000000000000000e+02 3.225710000000000000e+05 7.692999999999999838e-01
1.520000000000000000e+02 8.831010000000000000e+05 9.721149999999999514e-01
4.590000000000000000e+02 3.735540000000000000e+05 7.903170000000000472e-01
5.950000000000000000e+02 7.243000000000000000e+05 6.960910000000000153e-01
1.178000000000000000e+03 6.148800000000000000e+04 8.318619999999999903e-01
1.520000000000000000e+02 1.844130000000000000e+05 1.093253000000000030e+00
4.590000000000000000e+02 8.735790000000000000e+05 9.932830000000000270e-01
5.950000000000000000e+02 1.010140000000000000e+05 1.029612999999999889e+00
7.320000000000000000e+02 3.225710000000000000e+05 7.692999999999999838e-01
1.520000000000000000e+02 8.831010000000000000e+05 9.721090000000000009e-01
4.590000000000000000e+02 3.735540000000000000e+05 7.903149999999999897e-01
5.950000000000000000e+02 7.243000000000000000e+05 6.960889999999999578e-01
1.178000000000000000e+03 6.148800000000000000e+04 8.318640000000000478e-01
1.520000000000000000e+02 1.844130000000000000e+05 1.093253000000000030e+00
4.590000000000000000e+02 8.735790000000000000e+05 9.932800000000000518e-01
5.950000000000000000e+02 1.010140000000000000e+05 1.029612999999999889e+00
7.320000000000000000e+02 3.225710000000000000e+05 7.692999999999999838e-01
1.520000000000000000e+02 8.831010000000000000e+05 9.720959999999999601e-01
4.590000000000000000e+02 3.735540000000000000e+05 7.903189999999999937e-01
5.950000000000000000e+02 7.243000000000000000e+05 6.960880000000000400e-01
1.178000000000000000e+03 6.148800000000000000e+04 8.318630000000000191e-01
1.520000000000000000e+02 4.769870000000000000e+05 4.971729999999999761e-01
4.540000000000000000e+02 4.673620000000000000e+05 6.767729999999999579e-01
1.110000000000000000e+03 1.274779000000000000e+06 8.395810000000000217e-01
1.520000000000000000e+02 1.482030000000000000e+05 7.368730000000000002e-01
4.540000000000000000e+02 1.139770000000000000e+05 1.067679000000000045e+00
1.110000000000000000e+03 5.147360000000000000e+05 9.340079999999999494e-01
1.054000000000000000e+03 7.971500000000000000e+04 7.800970000000000404e-01
8.130000000000000000e+02 2.822160000000000000e+05 1.031592000000000064e+00
1.054000000000000000e+03 2.891780000000000000e+05 9.406280000000000197e-01
1.054000000000000000e+03 4.164750000000000000e+05 9.402970000000000494e-01
1.054000000000000000e+03 7.971500000000000000e+04 7.800949999999999829e-01
3.970000000000000000e+02 1.543800000000000000e+05 4.015999999999999605e-03
3.970000000000000000e+02 3.995710000000000000e+05 8.730339999999999767e-01
3.970000000000000000e+02 2.983400000000000000e+04 7.839399999999999702e-01
3.970000000000000000e+02 2.649460000000000000e+05 1.065829999999999972e-01
3.970000000000000000e+02 5.338430000000000000e+05 8.117309999999999803e-01
3.970000000000000000e+02 2.649470000000000000e+05 1.071590000000000042e-01
1.054000000000000000e+03 9.275970000000000000e+05 6.811749999999999750e-01
3.970000000000000000e+02 1.543800000000000000e+05 4.015999999999999605e-03
3.970000000000000000e+02 3.995710000000000000e+05 8.730050000000000310e-01
3.970000000000000000e+02 2.983400000000000000e+04 7.839359999999999662e-01
3.600000000000000000e+01 5.432640000000000000e+05 1.024971000000000076e+00
1.004000000000000000e+03 3.861810000000000000e+05 9.290329999999999977e-01
1.054000000000000000e+03 7.314780000000000000e+05 6.724769999999999914e-01
1.004000000000000000e+03 7.289390000000000000e+05 7.929429999999999534e-01
3.600000000000000000e+01 5.432640000000000000e+05 1.024968000000000101e+00
1.004000000000000000e+03 3.861810000000000000e+05 9.290319999999999689e-01
1.054000000000000000e+03 7.314780000000000000e+05 6.724780000000000202e-01
1.004000000000000000e+03 7.289390000000000000e+05 7.929429999999999534e-01
3.970000000000000000e+02 5.338430000000000000e+05 8.371349999999999625e-01
1.054000000000000000e+03 9.275970000000000000e+05 6.641190000000000149e-01
1.004000000000000000e+03 7.289390000000000000e+05 7.929410000000000069e-01
1.004000000000000000e+03 7.289390000000000000e+05 7.929429999999999534e-01
3.600000000000000000e+01 5.432640000000000000e+05 1.024084999999999912e+00
1.004000000000000000e+03 3.861810000000000000e+05 9.289570000000000327e-01
1.054000000000000000e+03 7.314780000000000000e+05 6.726210000000000244e-01
3.970000000000000000e+02 2.649470000000000000e+05 1.074269999999999947e-01
3.970000000000000000e+02 5.338430000000000000e+05 8.124959999999999960e-01
1.054000000000000000e+03 9.275970000000000000e+05 6.813310000000000199e-01
1.063000000000000000e+03 8.185580000000000000e+05 5.277039999999999509e-01
1.191000000000000000e+03 8.174400000000000000e+04 7.955489999999999506e-01
1.268000000000000000e+03 1.019786000000000000e+06 7.164289999999999825e-01
1.063000000000000000e+03 8.185580000000000000e+05 5.276920000000000499e-01
1.191000000000000000e+03 8.174400000000000000e+04 7.955520000000000369e-01
1.268000000000000000e+03 1.019786000000000000e+06 7.164460000000000273e-01
1.004000000000000000e+03 7.289390000000000000e+05 7.752050000000000329e-01
3.600000000000000000e+01 5.432640000000000000e+05 1.112103999999999981e+00
1.004000000000000000e+03 3.861810000000000000e+05 9.166619999999999768e-01
1.004000000000000000e+03 1.128042000000000000e+06 4.221915000000000084e+00
1.004000000000000000e+03 4.196600000000000000e+04 4.193618999999999986e+00
1.054000000000000000e+03 7.314780000000000000e+05 7.127419999999999867e-01
3.970000000000000000e+02 5.338430000000000000e+05 7.911589999999999456e-01
1.054000000000000000e+03 9.275970000000000000e+05 7.159680000000000488e-01
3.970000000000000000e+02 1.051768000000000000e+06 9.197659999999999725e-01
3.970000000000000000e+02 9.069640000000000000e+05 1.025411999999999990e+00
3.970000000000000000e+02 1.880930000000000000e+05 9.338790000000000147e-01
1.279000000000000000e+03 8.581550000000000000e+05 5.752869999999999928e-01
1.279000000000000000e+03 7.778430000000000000e+05 5.764380000000000059e-01
1.329000000000000000e+03 1.054695000000000000e+06 7.549740000000000339e-01
1.329000000000000000e+03 1.123444000000000000e+06 7.795119999999999827e-01
1.370000000000000000e+03 7.411320000000000000e+05 6.989549999999999930e-01
3.970000000000000000e+02 1.880930000000000000e+05 9.347210000000000241e-01
3.970000000000000000e+02 1.051768000000000000e+06 9.196670000000000122e-01
3.970000000000000000e+02 9.069640000000000000e+05 1.025123000000000006e+00
8.080000000000000000e+02 7.192070000000000000e+05 1.297449999999999992e+00
2.340000000000000000e+02 9.721270000000000000e+05 5.926620000000000221e-01
8.080000000000000000e+02 3.773390000000000000e+05 6.182029999999999470e-01
1.007000000000000000e+03 9.665870000000000000e+05 7.114289999999999781e-01
1.007000000000000000e+03 2.988060000000000000e+05 4.346160000000000245e+00
5.290000000000000000e+02 1.602460000000000000e+05 9.903710000000000013e-01
3.970000000000000000e+02 1.051768000000000000e+06 7.048750000000000293e-01
3.970000000000000000e+02 9.069640000000000000e+05 8.849679999999999769e-01
3.970000000000000000e+02 1.051768000000000000e+06 9.196499999999999675e-01
3.970000000000000000e+02 9.069640000000000000e+05 1.025487999999999955e+00
8.080000000000000000e+02 7.192070000000000000e+05 1.297447000000000017e+00
1.550000000000000000e+02 2.400860000000000000e+05 1.159431000000000100e+00
2.340000000000000000e+02 2.217910000000000000e+05 8.750900000000000345e-01
8.080000000000000000e+02 5.487630000000000000e+05 8.204209999999999559e-01
1.550000000000000000e+02 4.665730000000000000e+05 1.257314000000000043e+00
3.470000000000000000e+02 6.581900000000000000e+04 9.575939999999999452e-01
1.262000000000000000e+03 3.949170000000000000e+05 8.472640000000000171e-01
1.550000000000000000e+02 2.400860000000000000e+05 1.159421999999999953e+00
2.340000000000000000e+02 2.217910000000000000e+05 8.750909999999999522e-01
8.080000000000000000e+02 5.487630000000000000e+05 8.204240000000000421e-01
1.550000000000000000e+02 4.665730000000000000e+05 1.257319999999999993e+00
3.470000000000000000e+02 6.581900000000000000e+04 9.575989999999999780e-01
3.470000000000000000e+02 6.000470000000000000e+05 1.073782999999999932e+00
1.262000000000000000e+03 3.949170000000000000e+05 8.473739999999999606e-01
8.580000000000000000e+02 1.822980000000000000e+05 7.795039999999999747e-01
1.262000000000000000e+03 9.788300000000000000e+04 1.255850000000000022e-01
3.470000000000000000e+02 6.058110000000000000e+05 7.264800000000000146e-01
4.930000000000000000e+02 5.490860000000000000e+05 1.131645000000000012e+00
1.329000000000000000e+03 3.983910000000000000e+05 1.056634000000000073e+00
4.720000000000000000e+02 8.641910000000000000e+05 3.180575999999999848e+00
4.930000000000000000e+02 5.666840000000000000e+05 1.241325999999999929e+00
4.930000000000000000e+02 1.045682000000000000e+06 1.368270000000000097e+00
1.279000000000000000e+03 1.071053000000000000e+06 9.036009999999999875e-01
1.329000000000000000e+03 1.889000000000000000e+03 1.605753999999999904e+00
1.329000000000000000e+03 3.968250000000000000e+05 1.419332999999999956e+00
1.329000000000000000e+03 5.660110000000000000e+05 1.875758999999999954e+00
3.470000000000000000e+02 6.058110000000000000e+05 7.264819999999999611e-01
4.930000000000000000e+02 5.490860000000000000e+05 1.131642999999999954e+00
1.329000000000000000e+03 3.983910000000000000e+05 1.056612000000000107e+00
3.470000000000000000e+02 6.058110000000000000e+05 7.264110000000000289e-01
4.930000000000000000e+02 5.490860000000000000e+05 1.130530000000000035e+00
1.329000000000000000e+03 3.983910000000000000e+05 1.056802999999999937e+00
8.130000000000000000e+02 1.295021000000000000e+06 1.324079000000000006e+00
9.880000000000000000e+02 5.479340000000000000e+05 5.611490000000000089e-01
8.130000000000000000e+02 4.018550000000000000e+05 1.184938000000000047e+00
9.260000000000000000e+02 4.085900000000000000e+05 1.037910000000000110e+00
4.540000000000000000e+02 3.253080000000000000e+05 1.144827999999999957e+00
8.130000000000000000e+02 1.146560000000000000e+05 1.261786000000000074e+00
8.130000000000000000e+02 3.802270000000000000e+05 1.623652000000000095e+00
8.130000000000000000e+02 4.018550000000000000e+05 1.184938000000000047e+00
9.260000000000000000e+02 4.085900000000000000e+05 1.037898999999999905e+00
9.260000000000000000e+02 2.314750000000000000e+05 9.884859999999999758e-01
9.260000000000000000e+02 6.444500000000000000e+04 1.265282999999999936e+00
8.130000000000000000e+02 4.018550000000000000e+05 1.184941000000000022e+00
9.260000000000000000e+02 4.085900000000000000e+05 1.037908999999999970e+00
9.260000000000000000e+02 2.314750000000000000e+05 9.884749999999999925e-01
9.260000000000000000e+02 6.444500000000000000e+04 1.265282999999999936e+00
8.130000000000000000e+02 4.018550000000000000e+05 1.184947999999999890e+00
9.260000000000000000e+02 4.085900000000000000e+05 1.037922000000000011e+00
4.540000000000000000e+02 3.253080000000000000e+05 1.144813999999999998e+00
8.130000000000000000e+02 1.146560000000000000e+05 1.261786000000000074e+00
8.130000000000000000e+02 3.802270000000000000e+05 1.623653999999999931e+00
8.130000000000000000e+02 4.018550000000000000e+05 1.184949000000000030e+00
9.260000000000000000e+02 4.085900000000000000e+05 1.037922000000000011e+00
9.260000000000000000e+02 2.314750000000000000e+05 9.884819999999999718e-01
9.260000000000000000e+02 6.444500000000000000e+04 1.265282000000000018e+00
8.130000000000000000e+02 4.018550000000000000e+05 1.184952999999999923e+00
9.260000000000000000e+02 4.085900000000000000e+05 1.037940000000000085e+00
4.540000000000000000e+02 3.253080000000000000e+05 1.144822000000000006e+00
8.130000000000000000e+02 1.146560000000000000e+05 1.261786999999999992e+00
8.130000000000000000e+02 3.802270000000000000e+05 1.623650000000000038e+00
8.130000000000000000e+02 4.018550000000000000e+05 1.184954999999999981e+00
9.260000000000000000e+02 4.085900000000000000e+05 1.037932000000000077e+00
4.540000000000000000e+02 3.253080000000000000e+05 1.144840000000000080e+00
8.130000000000000000e+02 1.146560000000000000e+05 1.261789000000000049e+00
8.130000000000000000e+02 3.802270000000000000e+05 1.623652000000000095e+00
8.130000000000000000e+02 4.018550000000000000e+05 1.184954000000000063e+00
9.260000000000000000e+02 4.085900000000000000e+05 1.037935999999999970e+00
9.260000000000000000e+02 2.314750000000000000e+05 9.884889999999999510e-01
9.260000000000000000e+02 6.444500000000000000e+04 1.265282000000000018e+00
8.130000000000000000e+02 4.018550000000000000e+05 1.184960000000000013e+00
9.260000000000000000e+02 4.085900000000000000e+05 1.037935999999999970e+00
4.540000000000000000e+02 3.253080000000000000e+05 1.144832000000000072e+00
8.130000000000000000e+02 1.146560000000000000e+05 1.261786000000000074e+00
8.130000000000000000e+02 3.802270000000000000e+05 1.623650999999999955e+00
8.130000000000000000e+02 4.018550000000000000e+05 1.184960999999999931e+00
9.260000000000000000e+02 4.085900000000000000e+05 1.037946999999999953e+00
4.540000000000000000e+02 3.253080000000000000e+05 1.144832000000000072e+00
8.130000000000000000e+02 1.146560000000000000e+05 1.261789000000000049e+00
8.130000000000000000e+02 3.802270000000000000e+05 1.623655999999999988e+00
8.130000000000000000e+02 4.018550000000000000e+05 1.184959000000000096e+00
9.260000000000000000e+02 4.085900000000000000e+05 1.037946000000000035e+00
4.540000000000000000e+02 3.253080000000000000e+05 1.144822999999999924e+00
8.130000000000000000e+02 1.146560000000000000e+05 1.261794000000000082e+00
8.130000000000000000e+02 3.802270000000000000e+05 1.623658000000000046e+00
1.218000000000000000e+03 1.303510000000000000e+05 7.591569999999999707e-01
8.130000000000000000e+02 4.018550000000000000e+05 1.184960000000000013e+00
9.260000000000000000e+02 4.085900000000000000e+05 1.037949000000000011e+00
4.540000000000000000e+02 3.253080000000000000e+05 1.144830000000000014e+00
4.710000000000000000e+02 1.038440000000000000e+05 3.772594999999999921e+00
8.130000000000000000e+02 1.146560000000000000e+05 1.261797000000000057e+00
8.130000000000000000e+02 3.802270000000000000e+05 1.623658000000000046e+00
1.218000000000000000e+03 1.303510000000000000e+05 7.590980000000000505e-01
8.130000000000000000e+02 4.018550000000000000e+05 1.184960000000000013e+00
9.260000000000000000e+02 4.085900000000000000e+05 1.037941000000000003e+00
8.130000000000000000e+02 1.295021000000000000e+06 1.324257999999999935e+00
9.880000000000000000e+02 5.479340000000000000e+05 5.610429999999999584e-01
8.130000000000000000e+02 4.018550000000000000e+05 1.184963999999999906e+00
9.260000000000000000e+02 4.085900000000000000e+05 1.037944999999999895e+00
4.540000000000000000e+02 3.253080000000000000e+05 1.144806999999999908e+00
4.710000000000000000e+02 1.038440000000000000e+05 3.772569999999999979e+00
8.130000000000000000e+02 1.146560000000000000e+05 1.261784999999999934e+00
8.130000000000000000e+02 3.802270000000000000e+05 1.623652000000000095e+00
1.218000000000000000e+03 1.303510000000000000e+05 7.592830000000000412e-01
8.130000000000000000e+02 4.018550000000000000e+05 1.184965000000000046e+00
9.260000000000000000e+02 4.085900000000000000e+05 1.037949000000000011e+00
4.540000000000000000e+02 3.253080000000000000e+05 1.144817999999999891e+00
4.710000000000000000e+02 1.038440000000000000e+05 3.772578000000000209e+00
8.130000000000000000e+02 1.146560000000000000e+05 1.261789000000000049e+00
8.130000000000000000e+02 3.802270000000000000e+05 1.623655000000000070e+00
1.218000000000000000e+03 1.303510000000000000e+05 7.593459999999999654e-01
8.130000000000000000e+02 4.018550000000000000e+05 1.184963999999999906e+00
9.260000000000000000e+02 4.085900000000000000e+05 1.037957000000000019e+00
9.260000000000000000e+02 2.314750000000000000e+05 9.884789999999999965e-01
9.260000000000000000e+02 6.444500000000000000e+04 1.265284000000000075e+00
8.130000000000000000e+02 4.018550000000000000e+05 1.184970999999999997e+00
9.260000000000000000e+02 4.085900000000000000e+05 1.037960999999999911e+00
4.540000000000000000e+02 3.253080000000000000e+05 1.144841999999999915e+00
4.710000000000000000e+02 1.038440000000000000e+05 3.772590000000000110e+00
8.130000000000000000e+02 1.146560000000000000e+05 1.261787999999999910e+00
8.130000000000000000e+02 3.802270000000000000e+05 1.623650000000000038e+00
1.218000000000000000e+03 1.303510000000000000e+05 7.591360000000000330e-01
8.130000000000000000e+02 4.018550000000000000e+05 1.184970000000000079e+00
9.260000000000000000e+02 4.085900000000000000e+05 1.037965000000000027e+00
4.540000000000000000e+02 3.253080000000000000e+05 1.144824999999999982e+00
4.710000000000000000e+02 1.038440000000000000e+05 3.772585999999999995e+00
8.130000000000000000e+02 1.146560000000000000e+05 1.261791000000000107e+00
8.130000000000000000e+02 3.802270000000000000e+05 1.623652000000000095e+00
1.218000000000000000e+03 1.303510000000000000e+05 7.591609999999999747e-01
8.130000000000000000e+02 4.018550000000000000e+05 1.184970999999999997e+00
9.260000000000000000e+02 4.085900000000000000e+05 1.037965999999999944e+00
4.540000000000000000e+02 3.253080000000000000e+05 1.144832000000000072e+00
4.710000000000000000e+02 1.038440000000000000e+05 3.772591999999999945e+00
8.130000000000000000e+02 1.146560000000000000e+05 1.261794000000000082e+00
8.130000000000000000e+02 3.802270000000000000e+05 1.623658999999999963e+00
1.218000000000000000e+03 1.303510000000000000e+05 7.583349999999999813e-01
8.130000000000000000e+02 4.018550000000000000e+05 1.184971999999999914e+00
9.260000000000000000e+02 4.085900000000000000e+05 1.037964000000000109e+00
9.260000000000000000e+02 2.314750000000000000e+05 9.894089999999999829e-01
9.260000000000000000e+02 6.444500000000000000e+04 1.266313999999999940e+00
4.710000000000000000e+02 1.038440000000000000e+05 3.620894999999999975e+00
1.218000000000000000e+03 8.076430000000000000e+05 7.241800000000000459e-01
4.710000000000000000e+02 5.629600000000000000e+05 5.660009999999999764e-01
1.218000000000000000e+03 1.215848000000000000e+06 1.589160000000000017e-01
1.260000000000000000e+03 8.639590000000000000e+05 7.883430000000000160e-01
4.710000000000000000e+02 5.629600000000000000e+05 6.864200000000000301e-01
1.260000000000000000e+03 1.520150000000000000e+05 7.941639999999999810e-01
1.207000000000000000e+03 1.483420000000000000e+05 1.163311999999999902e+00
1.260000000000000000e+03 1.151176000000000000e+06 1.140505000000000102e+00
1.207000000000000000e+03 1.483420000000000000e+05 1.174444000000000043e+00
1.260000000000000000e+03 1.151176000000000000e+06 1.113831999999999933e+00
4.540000000000000000e+02 8.653850000000000000e+05 8.100730000000000430e-01
4.540000000000000000e+02 4.745840000000000000e+05 8.278990000000000515e-01
4.710000000000000000e+02 1.458230000000000000e+05 1.070348000000000077e+00
1.218000000000000000e+03 8.982890000000000000e+05 8.434369999999999923e-01
4.540000000000000000e+02 8.653850000000000000e+05 8.100870000000000015e-01
4.540000000000000000e+02 4.745840000000000000e+05 8.279050000000000020e-01
4.710000000000000000e+02 1.458230000000000000e+05 1.070351000000000052e+00
1.218000000000000000e+03 8.982890000000000000e+05 8.434409999999999963e-01
4.540000000000000000e+02 8.653850000000000000e+05 8.100770000000000470e-01
4.540000000000000000e+02 4.745840000000000000e+05 8.279050000000000020e-01
4.710000000000000000e+02 1.458230000000000000e+05 1.070348999999999995e+00
1.218000000000000000e+03 8.982890000000000000e+05 8.434399999999999675e-01
1.260000000000000000e+03 1.287467000000000000e+06 3.971042000000000183e+00
1.207000000000000000e+03 1.483420000000000000e+05 1.174523999999999901e+00
1.260000000000000000e+03 1.151176000000000000e+06 1.113995999999999986e+00
1.260000000000000000e+03 1.287467000000000000e+06 3.971042000000000183e+00
4.540000000000000000e+02 8.653850000000000000e+05 8.100650000000000350e-01
4.540000000000000000e+02 4.745840000000000000e+05 8.278900000000000148e-01
4.710000000000000000e+02 1.458230000000000000e+05 1.070353000000000110e+00
1.218000000000000000e+03 8.982890000000000000e+05 8.434359999999999635e-01
1.260000000000000000e+03 1.287467000000000000e+06 3.971042000000000183e+00
4.540000000000000000e+02 8.653850000000000000e+05 8.100709999999999855e-01
4.540000000000000000e+02 4.745840000000000000e+05 8.278839999999999533e-01
1.218000000000000000e+03 8.982890000000000000e+05 8.434589999999999588e-01
1.260000000000000000e+03 1.287467000000000000e+06 3.971042000000000183e+00
4.540000000000000000e+02 8.653850000000000000e+05 8.100720000000000143e-01
4.540000000000000000e+02 4.745840000000000000e+05 8.278940000000000188e-01
4.710000000000000000e+02 1.458230000000000000e+05 1.070356000000000085e+00
1.218000000000000000e+03 8.982890000000000000e+05 8.434369999999999923e-01
1.260000000000000000e+03 1.287467000000000000e+06 3.971042000000000183e+00
4.540000000000000000e+02 8.653850000000000000e+05 8.100650000000000350e-01
4.540000000000000000e+02 4.745840000000000000e+05 8.278910000000000435e-01
4.710000000000000000e+02 1.458230000000000000e+05 1.070353000000000110e+00
1.218000000000000000e+03 8.982890000000000000e+05 8.434390000000000498e-01
1.260000000000000000e+03 1.287467000000000000e+06 3.971042000000000183e+00
4.540000000000000000e+02 8.653850000000000000e+05 8.100829999999999975e-01
4.540000000000000000e+02 4.745840000000000000e+05 8.278940000000000188e-01
4.710000000000000000e+02 1.458230000000000000e+05 1.070354999999999945e+00
1.218000000000000000e+03 8.982890000000000000e+05 8.434519999999999795e-01
1.260000000000000000e+03 1.287467000000000000e+06 3.971042000000000183e+00
4.540000000000000000e+02 8.653850000000000000e+05 8.100850000000000550e-01
4.540000000000000000e+02 4.745840000000000000e+05 8.278950000000000475e-01
1.218000000000000000e+03 8.982890000000000000e+05 8.434519999999999795e-01
1.260000000000000000e+03 1.287467000000000000e+06 3.971042000000000183e+00
4.540000000000000000e+02 8.653850000000000000e+05 8.100840000000000263e-01
4.540000000000000000e+02 4.745840000000000000e+05 8.278969999999999940e-01
4.710000000000000000e+02 1.458230000000000000e+05 1.070360999999999896e+00
1.218000000000000000e+03 8.982890000000000000e+05 8.434540000000000370e-01
1.260000000000000000e+03 1.287467000000000000e+06 3.971042000000000183e+00
4.540000000000000000e+02 8.653850000000000000e+05 8.101899999999999658e-01
4.540000000000000000e+02 4.745840000000000000e+05 8.280060000000000198e-01
1.218000000000000000e+03 8.982890000000000000e+05 8.435639999999999805e-01
1.260000000000000000e+03 1.287467000000000000e+06 3.971042000000000183e+00
4.540000000000000000e+02 8.653850000000000000e+05 8.101840000000000153e-01
4.540000000000000000e+02 4.745840000000000000e+05 8.280009999999999870e-01
1.218000000000000000e+03 8.982890000000000000e+05 8.435589999999999478e-01
1.260000000000000000e+03 1.287467000000000000e+06 3.971042000000000183e+00
4.540000000000000000e+02 8.653850000000000000e+05 8.101859999999999618e-01
4.540000000000000000e+02 4.745840000000000000e+05 8.280030000000000445e-01
4.710000000000000000e+02 1.458230000000000000e+05 1.070453000000000099e+00
1.218000000000000000e+03 8.982890000000000000e+05 8.435650000000000093e-01
4.540000000000000000e+02 8.382210000000000000e+05 1.326219000000000037e+00
6.380000000000000000e+02 9.634290000000000000e+05 3.819600000000000217e-01
1.110000000000000000e+03 9.385880000000000000e+05 8.210450000000000248e-01
4.540000000000000000e+02 8.653850000000000000e+05 8.101880000000000193e-01
4.540000000000000000e+02 4.745840000000000000e+05 8.280060000000000198e-01
4.710000000000000000e+02 1.458240000000000000e+05 1.070121000000000100e+00
1.218000000000000000e+03 8.982890000000000000e+05 8.435500000000000220e-01
4.710000000000000000e+02 1.458240000000000000e+05 6.617199999999999749e-01
1.260000000000000000e+03 1.287467000000000000e+06 3.971042000000000183e+00
1.207000000000000000e+03 1.483420000000000000e+05 1.174469999999999903e+00
1.260000000000000000e+03 1.151176000000000000e+06 1.114181000000000088e+00
9.000000000000000000e+01 1.496760000000000000e+05 9.877420000000000089e-01
6.190000000000000000e+02 7.376150000000000000e+05 9.669980000000000242e-01
1.207000000000000000e+03 1.189168000000000000e+06 1.124330000000000052e+00
1.260000000000000000e+03 5.698700000000000000e+04 1.141564999999999941e+00
5.480000000000000000e+02 5.851370000000000000e+05 9.363110000000000044e-01
1.260000000000000000e+03 8.938000000000000000e+03 6.729439999999999866e-01
9.000000000000000000e+01 1.496760000000000000e+05 9.877439999999999554e-01
6.190000000000000000e+02 7.376150000000000000e+05 9.669940000000000202e-01
1.207000000000000000e+03 1.189168000000000000e+06 1.124319999999999986e+00
1.260000000000000000e+03 5.698700000000000000e+04 1.141566000000000081e+00
5.480000000000000000e+02 5.851370000000000000e+05 9.363179999999999836e-01
1.260000000000000000e+03 8.938000000000000000e+03 6.729439999999999866e-01
4.140000000000000000e+02 6.346730000000000000e+05 8.794119999999999715e-01
1.000000000000000000e+03 1.188763000000000000e+06 7.304640000000000022e-01
1.352000000000000000e+03 1.212895000000000000e+06 9.579189999999999650e-01
4.140000000000000000e+02 6.346730000000000000e+05 8.794079999999999675e-01
1.000000000000000000e+03 6.208380000000000000e+05 8.388189999999999813e-01
1.000000000000000000e+03 6.208380000000000000e+05 8.782699999999999951e-01
1.000000000000000000e+03 6.208380000000000000e+05 8.387179999999999636e-01
1.000000000000000000e+03 6.208380000000000000e+05 8.784189999999999499e-01
8.700000000000000000e+02 8.900040000000000000e+05 8.101059999999999928e-01
1.000000000000000000e+03 8.728980000000000000e+05 1.072713000000000028e+00
1.332000000000000000e+03 1.234700000000000000e+05 1.006772999999999918e+00
8.700000000000000000e+02 1.149259000000000000e+06 7.691789999999999461e-01
1.229000000000000000e+03 6.373000000000000000e+04 6.131659999999999888e-01
1.352000000000000000e+03 4.568680000000000000e+05 8.070540000000000491e-01
8.700000000000000000e+02 1.166590000000000000e+05 7.766979999999999995e-01
1.229000000000000000e+03 1.058297000000000000e+06 6.251649999999999707e-01
8.700000000000000000e+02 5.883530000000000000e+05 8.084999999999999964e-01
1.240000000000000000e+03 2.259950000000000000e+05 6.484370000000000411e-01
8.700000000000000000e+02 1.166590000000000000e+05 7.767260000000000275e-01
1.229000000000000000e+03 1.058297000000000000e+06 6.251640000000000530e-01
2.540000000000000000e+02 8.402370000000000000e+05 8.189149999999999485e-01
8.700000000000000000e+02 1.019920000000000000e+06 5.586659999999999959e-01
1.229000000000000000e+03 2.360230000000000000e+05 5.207209999999999894e-01
1.332000000000000000e+03 1.203500000000000000e+05 1.038707000000000047e+00
2.540000000000000000e+02 2.015270000000000000e+05 1.086718999999999991e+00
2.540000000000000000e+02 9.890210000000000000e+05 1.539476999999999984e+00
4.210000000000000000e+02 6.204800000000000000e+05 9.243639999999999635e-01
5.660000000000000000e+02 9.730870000000000000e+05 1.113237000000000032e+00
8.700000000000000000e+02 4.950500000000000000e+05 1.288075999999999999e+00
1.126000000000000000e+03 7.318110000000000000e+05 5.893819999999999615e-01
1.146000000000000000e+03 7.617890000000000000e+05 5.930250000000000243e-01
1.332000000000000000e+03 3.983910000000000000e+05 1.142465000000000064e+00
1.332000000000000000e+03 9.074110000000000000e+05 4.251069000000000209e+00
2.540000000000000000e+02 8.402370000000000000e+05 8.189250000000000140e-01
8.700000000000000000e+02 1.019920000000000000e+06 5.586649999999999672e-01
1.229000000000000000e+03 2.360230000000000000e+05 5.189660000000000384e-01
1.332000000000000000e+03 1.203500000000000000e+05 1.038874000000000075e+00
2.540000000000000000e+02 2.015270000000000000e+05 1.086186000000000096e+00
4.210000000000000000e+02 6.204800000000000000e+05 9.234259999999999691e-01
5.660000000000000000e+02 9.730870000000000000e+05 1.113598000000000088e+00
8.700000000000000000e+02 4.950500000000000000e+05 1.288262999999999936e+00
1.126000000000000000e+03 7.318110000000000000e+05 5.900940000000000074e-01
1.146000000000000000e+03 7.617890000000000000e+05 5.931229999999999558e-01
1.332000000000000000e+03 3.983910000000000000e+05 1.142633999999999928e+00
1.332000000000000000e+03 9.074110000000000000e+05 4.251069000000000209e+00
4.210000000000000000e+02 3.298080000000000000e+05 5.889119999999999910e-01
5.660000000000000000e+02 7.801380000000000000e+05 9.008559999999999901e-01
1.126000000000000000e+03 3.199710000000000000e+05 2.791690000000000005e-01
1.146000000000000000e+03 4.779730000000000000e+05 6.797360000000000069e-01
2.540000000000000000e+02 2.015270000000000000e+05 1.086190999999999907e+00
2.540000000000000000e+02 9.890210000000000000e+05 1.539900000000000047e+00
4.210000000000000000e+02 6.204800000000000000e+05 9.234329999999999483e-01
5.660000000000000000e+02 9.730870000000000000e+05 1.116203000000000056e+00
8.700000000000000000e+02 4.950500000000000000e+05 1.288270000000000026e+00
1.126000000000000000e+03 7.318110000000000000e+05 5.901020000000000154e-01
1.146000000000000000e+03 7.617890000000000000e+05 5.931250000000000133e-01
1.332000000000000000e+03 3.983910000000000000e+05 1.141842000000000024e+00
1.332000000000000000e+03 9.074110000000000000e+05 4.251069000000000209e+00
2.540000000000000000e+02 8.402370000000000000e+05 8.192139999999999977e-01
8.700000000000000000e+02 1.019920000000000000e+06 5.584999999999999964e-01
1.229000000000000000e+03 2.360230000000000000e+05 5.190299999999999914e-01
1.332000000000000000e+03 1.203500000000000000e+05 1.038697999999999899e+00
2.540000000000000000e+02 2.015270000000000000e+05 1.086168999999999940e+00
2.540000000000000000e+02 9.890210000000000000e+05 1.539857000000000031e+00
4.210000000000000000e+02 6.204800000000000000e+05 9.234350000000000058e-01
5.660000000000000000e+02 9.730870000000000000e+05 1.113861999999999908e+00
8.700000000000000000e+02 4.950500000000000000e+05 1.288269000000000108e+00
1.126000000000000000e+03 7.318110000000000000e+05 5.901030000000000442e-01
1.146000000000000000e+03 7.617890000000000000e+05 5.931349999999999678e-01
1.332000000000000000e+03 3.983910000000000000e+05 1.141769000000000034e+00
1.332000000000000000e+03 9.074110000000000000e+05 4.251069000000000209e+00
4.210000000000000000e+02 3.298080000000000000e+05 5.889780000000000015e-01
5.660000000000000000e+02 7.801380000000000000e+05 9.014050000000000118e-01
1.126000000000000000e+03 3.199710000000000000e+05 2.791719999999999757e-01
1.146000000000000000e+03 4.779730000000000000e+05 6.797290000000000276e-01
2.540000000000000000e+02 2.015270000000000000e+05 1.086197000000000079e+00
2.540000000000000000e+02 9.890210000000000000e+05 1.539665999999999979e+00
4.210000000000000000e+02 6.204800000000000000e+05 9.234449999999999603e-01
5.660000000000000000e+02 9.730870000000000000e+05 1.113409000000000093e+00
8.700000000000000000e+02 4.950500000000000000e+05 1.288275999999999977e+00
1.126000000000000000e+03 7.318110000000000000e+05 5.901119999999999699e-01
1.146000000000000000e+03 7.617890000000000000e+05 5.931400000000000006e-01
1.332000000000000000e+03 3.983910000000000000e+05 1.142025000000000068e+00
1.332000000000000000e+03 9.074110000000000000e+05 4.251069000000000209e+00
2.540000000000000000e+02 8.402370000000000000e+05 8.192209999999999770e-01
8.700000000000000000e+02 1.019920000000000000e+06 5.585020000000000540e-01
1.229000000000000000e+03 2.360230000000000000e+05 5.190320000000000489e-01
1.332000000000000000e+03 1.203500000000000000e+05 1.038812999999999986e+00
2.540000000000000000e+02 2.015270000000000000e+05 1.086192999999999964e+00
2.540000000000000000e+02 9.890210000000000000e+05 1.539767000000000108e+00
4.210000000000000000e+02 6.204800000000000000e+05 9.234419999999999851e-01
5.660000000000000000e+02 9.730870000000000000e+05 1.113747999999999960e+00
8.700000000000000000e+02 4.950500000000000000e+05 1.288275000000000059e+00
1.126000000000000000e+03 7.318110000000000000e+05 5.901089999999999947e-01
1.146000000000000000e+03 7.617890000000000000e+05 5.931210000000000093e-01
1.332000000000000000e+03 3.983910000000000000e+05 1.142827000000000037e+00
1.332000000000000000e+03 9.074110000000000000e+05 4.251069000000000209e+00
1.140000000000000000e+02 5.884140000000000000e+05 1.177475000000000049e+00
2.540000000000000000e+02 4.434920000000000000e+05 8.600740000000000052e-01
4.210000000000000000e+02 1.010166000000000000e+06 8.101279999999999593e-01
5.490000000000000000e+02 8.157130000000000000e+05 8.184460000000000068e-01
1.146000000000000000e+03 1.010165000000000000e+06 3.785919999999999841e-01
1.140000000000000000e+02 9.441570000000000000e+05 1.112271999999999927e+00
4.210000000000000000e+02 3.298080000000000000e+05 7.745119999999999783e-01
5.490000000000000000e+02 7.600640000000000000e+05 6.682270000000000154e-01
7.000000000000000000e+02 4.045130000000000000e+05 6.516739999999999755e-01
4.210000000000000000e+02 2.231660000000000000e+05 6.639739999999999531e-01
5.490000000000000000e+02 3.985510000000000000e+05 5.740549999999999820e-01
7.000000000000000000e+02 4.045130000000000000e+05 5.596379999999999688e-01
4.210000000000000000e+02 3.436150000000000000e+05 8.441149999999999487e-01
4.210000000000000000e+02 3.298080000000000000e+05 1.062186999999999992e+00
7.000000000000000000e+02 7.347580000000000000e+05 1.000399000000000038e+00
7.970000000000000000e+02 9.736020000000000000e+05 8.231810000000000516e-01
4.210000000000000000e+02 3.436150000000000000e+05 8.442629999999999857e-01
7.970000000000000000e+02 8.793340000000000000e+05 1.010431000000000079e+00
4.210000000000000000e+02 3.436150000000000000e+05 8.439820000000000100e-01
4.210000000000000000e+02 3.298080000000000000e+05 1.062619999999999898e+00
7.000000000000000000e+02 7.347580000000000000e+05 1.001829000000000081e+00
7.970000000000000000e+02 9.736020000000000000e+05 8.231760000000000188e-01
4.210000000000000000e+02 1.010166000000000000e+06 8.832489999999999508e-01
4.210000000000000000e+02 3.298080000000000000e+05 1.063277000000000028e+00
7.000000000000000000e+02 7.347580000000000000e+05 1.001279000000000030e+00
7.970000000000000000e+02 9.736020000000000000e+05 8.232490000000000085e-01
4.210000000000000000e+02 3.436150000000000000e+05 8.443519999999999914e-01
7.970000000000000000e+02 8.793340000000000000e+05 9.634279999999999511e-01
4.210000000000000000e+02 3.436150000000000000e+05 8.442460000000000520e-01
7.970000000000000000e+02 8.793340000000000000e+05 9.636109999999999953e-01
4.210000000000000000e+02 3.436150000000000000e+05 8.443300000000000249e-01
4.210000000000000000e+02 3.298080000000000000e+05 1.062573999999999907e+00
7.000000000000000000e+02 7.347580000000000000e+05 1.001508999999999983e+00
7.970000000000000000e+02 9.736020000000000000e+05 8.231340000000000323e-01
4.210000000000000000e+02 3.436150000000000000e+05 8.419060000000000432e-01
4.210000000000000000e+02 3.298080000000000000e+05 1.062828000000000106e+00
7.000000000000000000e+02 7.347580000000000000e+05 1.000972999999999891e+00
7.970000000000000000e+02 9.736020000000000000e+05 8.231370000000000076e-01
4.210000000000000000e+02 3.436150000000000000e+05 8.442770000000000552e-01
7.970000000000000000e+02 8.793340000000000000e+05 9.633180000000000076e-01
4.210000000000000000e+02 3.436150000000000000e+05 8.424500000000000322e-01
4.210000000000000000e+02 3.298080000000000000e+05 1.062022000000000022e+00
7.000000000000000000e+02 7.347580000000000000e+05 1.000064000000000064e+00
7.970000000000000000e+02 9.736020000000000000e+05 8.231319999999999748e-01
4.210000000000000000e+02 3.436150000000000000e+05 8.440060000000000340e-01
1.140000000000000000e+02 9.441570000000000000e+05 1.112281000000000075e+00
4.210000000000000000e+02 3.298080000000000000e+05 7.743470000000000075e-01
5.490000000000000000e+02 7.600640000000000000e+05 6.682829999999999604e-01
7.000000000000000000e+02 4.045130000000000000e+05 6.517249999999999988e-01
1.140000000000000000e+02 4.896090000000000000e+05 1.257419000000000064e+00
1.140000000000000000e+02 4.994730000000000000e+05 4.314508000000000010e+00
2.540000000000000000e+02 9.988710000000000000e+05 1.093396000000000035e+00
4.210000000000000000e+02 6.930400000000000000e+05 8.650309999999999944e-01
5.490000000000000000e+02 3.490620000000000000e+05 8.729820000000000357e-01
1.126000000000000000e+03 2.632710000000000000e+05 8.117299999999999516e-01
1.146000000000000000e+03 6.930400000000000000e+05 4.138800000000000257e-01
2.540000000000000000e+02 4.434920000000000000e+05 6.522599999999999509e-01
1.140000000000000000e+02 5.884140000000000000e+05 1.179005999999999998e+00
2.540000000000000000e+02 4.434920000000000000e+05 8.622030000000000527e-01
4.210000000000000000e+02 1.010166000000000000e+06 8.110800000000000232e-01
5.490000000000000000e+02 8.157130000000000000e+05 8.185350000000000126e-01
1.146000000000000000e+03 1.010166000000000000e+06 3.780430000000000179e-01
1.140000000000000000e+02 9.441570000000000000e+05 1.112044000000000032e+00
4.210000000000000000e+02 3.298080000000000000e+05 7.742890000000000050e-01
5.490000000000000000e+02 7.600640000000000000e+05 6.678070000000000395e-01
7.000000000000000000e+02 4.045140000000000000e+05 6.506769999999999499e-01
4.210000000000000000e+02 2.231660000000000000e+05 6.639639999999999986e-01
5.490000000000000000e+02 3.985510000000000000e+05 5.738889999999999825e-01
7.000000000000000000e+02 4.045140000000000000e+05 5.564740000000000242e-01
1.140000000000000000e+02 9.441570000000000000e+05 1.112052000000000040e+00
4.210000000000000000e+02 3.298080000000000000e+05 7.743769999999999820e-01
5.490000000000000000e+02 7.600640000000000000e+05 6.678169999999999940e-01
7.000000000000000000e+02 4.045140000000000000e+05 6.506859999999999866e-01
4.210000000000000000e+02 2.231660000000000000e+05 6.639620000000000521e-01
5.490000000000000000e+02 3.985510000000000000e+05 5.738959999999999617e-01
7.000000000000000000e+02 4.045140000000000000e+05 5.562519999999999687e-01
4.210000000000000000e+02 4.073160000000000000e+05 4.472908000000000328e+00
4.210000000000000000e+02 2.231660000000000000e+05 6.639699999999999491e-01
5.490000000000000000e+02 3.985510000000000000e+05 5.739220000000000432e-01
7.000000000000000000e+02 4.045140000000000000e+05 5.563679999999999737e-01
1.140000000000000000e+02 9.441570000000000000e+05 1.112718000000000096e+00
4.210000000000000000e+02 3.298080000000000000e+05 7.736779999999999768e-01
5.490000000000000000e+02 7.600640000000000000e+05 6.687410000000000299e-01
7.000000000000000000e+02 4.045140000000000000e+05 6.508720000000000061e-01
4.210000000000000000e+02 2.231660000000000000e+05 6.639699999999999491e-01
5.490000000000000000e+02 3.985510000000000000e+05 5.739269999999999650e-01
7.000000000000000000e+02 4.045140000000000000e+05 5.565440000000000387e-01
1.140000000000000000e+02 4.896090000000000000e+05 1.257289000000000101e+00
1.140000000000000000e+02 4.994730000000000000e+05 4.314508000000000010e+00
2.540000000000000000e+02 9.988710000000000000e+05 1.093285000000000062e+00
4.210000000000000000e+02 6.930400000000000000e+05 8.649310000000000054e-01
5.490000000000000000e+02 3.490620000000000000e+05 8.729200000000000292e-01
1.126000000000000000e+03 2.632710000000000000e+05 8.116809999999999858e-01
1.146000000000000000e+03 6.930400000000000000e+05 4.136900000000000022e-01
1.140000000000000000e+02 9.441570000000000000e+05 1.112301999999999902e+00
4.210000000000000000e+02 3.298080000000000000e+05 7.743120000000000003e-01
5.490000000000000000e+02 7.600640000000000000e+05 6.683029999999999804e-01
7.000000000000000000e+02 4.045140000000000000e+05 6.509249999999999758e-01
4.210000000000000000e+02 2.231660000000000000e+05 6.639819999999999611e-01
5.490000000000000000e+02 3.985510000000000000e+05 5.740650000000000475e-01
7.000000000000000000e+02 4.045140000000000000e+05 5.565579999999999972e-01
1.140000000000000000e+02 9.441570000000000000e+05 1.112301999999999902e+00
4.210000000000000000e+02 3.298080000000000000e+05 7.744950000000000445e-01
5.490000000000000000e+02 7.600640000000000000e+05 6.682989999999999764e-01
7.000000000000000000e+02 4.045140000000000000e+05 6.509239999999999471e-01
1.140000000000000000e+02 7.585100000000000000e+05 1.090783999999999976e+00
5.490000000000000000e+02 1.134451000000000000e+06 8.625490000000000101e-01
7.000000000000000000e+02 1.004878000000000000e+06 7.742200000000000193e-01
7.000000000000000000e+02 3.027250000000000000e+05 7.570949999999999624e-01
4.210000000000000000e+02 3.436150000000000000e+05 8.441629999999999967e-01
4.210000000000000000e+02 8.294860000000000000e+05 4.572941000000000145e+00
4.210000000000000000e+02 3.298080000000000000e+05 1.062975999999999921e+00
7.000000000000000000e+02 7.347580000000000000e+05 1.000002000000000058e+00
7.970000000000000000e+02 9.736020000000000000e+05 8.231770000000000476e-01
4.210000000000000000e+02 3.436150000000000000e+05 8.440280000000000005e-01
4.210000000000000000e+02 8.294860000000000000e+05 4.572941000000000145e+00
4.210000000000000000e+02 3.436150000000000000e+05 8.441170000000000062e-01
4.210000000000000000e+02 8.294860000000000000e+05 4.572941000000000145e+00
7.970000000000000000e+02 8.793340000000000000e+05 1.010431000000000079e+00
4.210000000000000000e+02 3.436150000000000000e+05 8.441239999999999855e-01
4.210000000000000000e+02 8.294860000000000000e+05 4.572941000000000145e+00
4.210000000000000000e+02 3.298080000000000000e+05 1.061954999999999982e+00
4.210000000000000000e+02 1.092954000000000000e+06 1.065390999999999977e+00
7.000000000000000000e+02 7.347580000000000000e+05 1.000803000000000109e+00
7.970000000000000000e+02 9.736020000000000000e+05 8.231789999999999941e-01
4.210000000000000000e+02 1.010166000000000000e+06 8.831890000000000018e-01
4.210000000000000000e+02 5.629600000000000000e+05 6.693999999999999950e-01
8.700000000000000000e+02 1.861360000000000000e+05 5.752650000000000263e-01
1.146000000000000000e+03 5.629600000000000000e+05 6.295300000000000340e-01
1.229000000000000000e+03 5.629600000000000000e+05 7.088940000000000241e-01
1.229000000000000000e+03 8.275210000000000000e+05 8.743370000000000308e-01
8.700000000000000000e+02 1.204289000000000000e+06 4.464969999999999772e-01
1.229000000000000000e+03 3.298080000000000000e+05 4.372329999999999828e-01
1.240000000000000000e+03 1.114957000000000000e+06 4.857480000000000131e-01
1.150000000000000000e+02 7.276680000000000000e+05 6.306589999999999696e-01
3.650000000000000000e+02 1.061275000000000000e+06 9.953840000000000465e-01
1.074000000000000000e+03 5.354680000000000000e+05 8.217240000000000100e-01
1.240000000000000000e+03 2.379490000000000000e+05 1.127350000000000074e+00
3.900000000000000000e+02 1.299195000000000000e+06 8.505580000000000362e-01
3.900000000000000000e+02 1.738020000000000000e+05 8.500459999999999683e-01
1.074000000000000000e+03 9.064480000000000000e+05 9.120690000000000186e-01
3.900000000000000000e+02 1.138999000000000000e+06 7.406350000000000433e-01
3.900000000000000000e+02 1.299195000000000000e+06 8.505700000000000482e-01
3.900000000000000000e+02 1.738020000000000000e+05 8.500210000000000266e-01
1.074000000000000000e+03 9.064480000000000000e+05 9.120589999999999531e-01
3.900000000000000000e+02 1.138999000000000000e+06 7.413340000000000485e-01
3.900000000000000000e+02 1.299195000000000000e+06 8.504129999999999745e-01
3.900000000000000000e+02 1.738020000000000000e+05 8.505399999999999627e-01
1.074000000000000000e+03 9.064480000000000000e+05 9.111000000000000210e-01
7.410000000000000000e+02 4.111200000000000000e+04 5.512399999999999939e-02
3.900000000000000000e+02 1.299195000000000000e+06 8.496799999999999908e-01
3.900000000000000000e+02 1.738020000000000000e+05 8.493180000000000174e-01
1.074000000000000000e+03 9.064480000000000000e+05 9.111730000000000107e-01
7.410000000000000000e+02 6.967780000000000000e+05 5.512399999999999939e-02
3.900000000000000000e+02 1.299195000000000000e+06 8.508820000000000272e-01
3.900000000000000000e+02 1.738020000000000000e+05 8.502359999999999918e-01
1.074000000000000000e+03 9.064480000000000000e+05 9.111190000000000122e-01
3.900000000000000000e+02 1.138999000000000000e+06 7.409280000000000310e-01
3.900000000000000000e+02 1.299195000000000000e+06 8.504450000000000065e-01
3.900000000000000000e+02 1.738020000000000000e+05 8.504969999999999475e-01
1.074000000000000000e+03 9.064480000000000000e+05 9.110920000000000130e-01
3.900000000000000000e+02 1.299195000000000000e+06 8.504340000000000233e-01
3.900000000000000000e+02 1.738020000000000000e+05 8.504920000000000258e-01
1.074000000000000000e+03 9.064480000000000000e+05 9.110920000000000130e-01
7.410000000000000000e+02 4.111200000000000000e+04 5.512500000000000039e-02
3.900000000000000000e+02 1.299195000000000000e+06 8.504340000000000233e-01
3.900000000000000000e+02 1.738020000000000000e+05 8.504660000000000553e-01
1.074000000000000000e+03 9.064480000000000000e+05 9.111019999999999675e-01
7.410000000000000000e+02 4.111200000000000000e+04 5.511599999999999833e-02
3.900000000000000000e+02 1.299195000000000000e+06 8.496730000000000116e-01
3.900000000000000000e+02 1.738020000000000000e+05 8.493500000000000494e-01
1.074000000000000000e+03 9.064480000000000000e+05 9.111909999999999732e-01
3.900000000000000000e+02 1.138999000000000000e+06 7.408559999999999590e-01
3.900000000000000000e+02 1.299195000000000000e+06 8.496920000000000028e-01
3.900000000000000000e+02 1.738020000000000000e+05 8.493450000000000166e-01
1.074000000000000000e+03 9.064480000000000000e+05 9.111909999999999732e-01
3.440000000000000000e+02 6.288870000000000000e+05 2.759940000000000171e-01
1.074000000000000000e+03 3.223200000000000000e+05 8.488019999999999454e-01
3.900000000000000000e+02 1.299195000000000000e+06 8.496970000000000356e-01
3.900000000000000000e+02 1.738020000000000000e+05 8.493690000000000406e-01
1.074000000000000000e+03 9.064480000000000000e+05 9.111860000000000515e-01
1.460000000000000000e+02 3.657990000000000000e+05 8.206059999999999466e-01
1.460000000000000000e+02 3.444380000000000000e+05 8.573309999999999542e-01
1.460000000000000000e+02 8.989540000000000000e+05 1.123377000000000070e+00
1.460000000000000000e+02 1.162713000000000000e+06 8.190089999999999870e-01
4.710000000000000000e+02 3.298080000000000000e+05 5.115650000000000475e-01
4.710000000000000000e+02 2.126110000000000000e+05 6.573689999999999811e-01
4.710000000000000000e+02 8.294860000000000000e+05 4.572941000000000145e+00
1.260000000000000000e+03 3.927810000000000000e+05 6.696239999999999970e-01
5.480000000000000000e+02 5.851370000000000000e+05 9.707329999999999570e-01
1.000000000000000000e+03 1.042197000000000000e+06 8.048819999999999864e-01
4.710000000000000000e+02 2.126110000000000000e+05 6.573449999999999571e-01
1.260000000000000000e+03 3.927810000000000000e+05 6.696189999999999642e-01
1.460000000000000000e+02 1.162713000000000000e+06 8.189710000000000045e-01
4.710000000000000000e+02 3.298080000000000000e+05 5.114889999999999715e-01
4.710000000000000000e+02 2.126110000000000000e+05 6.573170000000000401e-01
1.260000000000000000e+03 3.927810000000000000e+05 6.696429999999999882e-01
5.480000000000000000e+02 5.851370000000000000e+05 9.706550000000000455e-01
1.000000000000000000e+03 1.042197000000000000e+06 8.048830000000000151e-01
1.260000000000000000e+03 8.938000000000000000e+03 6.845090000000000341e-01
4.710000000000000000e+02 2.126110000000000000e+05 6.568089999999999762e-01
1.260000000000000000e+03 3.927810000000000000e+05 6.702510000000000412e-01
1.460000000000000000e+02 1.162713000000000000e+06 8.189340000000000508e-01
4.710000000000000000e+02 3.298080000000000000e+05 5.118519999999999737e-01
4.710000000000000000e+02 2.126110000000000000e+05 6.567969999999999642e-01
1.260000000000000000e+03 3.927810000000000000e+05 6.702639999999999709e-01
1.460000000000000000e+02 1.162713000000000000e+06 8.189680000000000293e-01
4.710000000000000000e+02 3.298080000000000000e+05 5.115459999999999452e-01
4.710000000000000000e+02 2.126110000000000000e+05 6.568519999999999914e-01
1.260000000000000000e+03 3.927810000000000000e+05 6.702850000000000197e-01
5.480000000000000000e+02 5.851370000000000000e+05 9.707529999999999770e-01
1.000000000000000000e+03 1.042197000000000000e+06 8.048959999999999448e-01
4.710000000000000000e+02 2.126110000000000000e+05 6.568659999999999499e-01
1.260000000000000000e+03 3.927810000000000000e+05 6.702799999999999869e-01
1.460000000000000000e+02 1.162713000000000000e+06 8.189400000000000013e-01
4.710000000000000000e+02 3.298080000000000000e+05 5.117099999999999982e-01
4.710000000000000000e+02 2.126110000000000000e+05 6.569209999999999772e-01
1.260000000000000000e+03 3.927810000000000000e+05 6.702970000000000317e-01
4.710000000000000000e+02 1.219680000000000000e+05 7.535910000000000108e-01
1.260000000000000000e+03 1.232967000000000000e+06 6.256059999999999954e-01
4.710000000000000000e+02 3.298080000000000000e+05 9.176250000000000240e-01
9.260000000000000000e+02 9.827550000000000000e+05 6.082499999999999574e-01
1.218000000000000000e+03 3.003110000000000000e+05 5.914390000000000480e-01
4.710000000000000000e+02 1.219680000000000000e+05 7.537080000000000446e-01
1.260000000000000000e+03 1.232968000000000000e+06 6.099430000000000129e-01
5.480000000000000000e+02 5.851370000000000000e+05 1.058489999999999931e+00
1.260000000000000000e+03 3.298080000000000000e+05 6.973850000000000326e-01
1.260000000000000000e+03 1.219680000000000000e+05 4.949819999999999776e-01
5.480000000000000000e+02 5.851370000000000000e+05 1.058548000000000044e+00
1.260000000000000000e+03 3.298080000000000000e+05 6.973059999999999814e-01
9.000000000000000000e+01 1.496760000000000000e+05 9.922689999999999566e-01
6.190000000000000000e+02 7.376150000000000000e+05 8.499729999999999785e-01
1.207000000000000000e+03 2.637540000000000000e+05 9.723089999999999788e-01
4.710000000000000000e+02 1.219680000000000000e+05 7.542769999999999753e-01
1.260000000000000000e+03 1.232968000000000000e+06 6.101760000000000517e-01
5.480000000000000000e+02 5.851370000000000000e+05 1.058486999999999956e+00
1.260000000000000000e+03 3.298080000000000000e+05 6.975470000000000281e-01
4.710000000000000000e+02 1.219680000000000000e+05 7.542600000000000415e-01
1.260000000000000000e+03 1.232968000000000000e+06 6.106059999999999821e-01
4.710000000000000000e+02 3.298080000000000000e+05 9.175710000000000255e-01
9.260000000000000000e+02 9.827550000000000000e+05 6.086449999999999916e-01
1.218000000000000000e+03 3.003110000000000000e+05 5.925970000000000404e-01
4.710000000000000000e+02 1.138999000000000000e+06 6.467680000000000096e-01
4.710000000000000000e+02 1.138999000000000000e+06 5.458089999999999886e-01
1.218000000000000000e+03 3.956730000000000000e+05 3.357629999999999781e-01
4.540000000000000000e+02 4.745840000000000000e+05 8.856469999999999620e-01
4.710000000000000000e+02 1.458230000000000000e+05 1.016496000000000066e+00
1.218000000000000000e+03 8.982890000000000000e+05 8.859900000000000553e-01
4.710000000000000000e+02 1.138999000000000000e+06 6.468439999999999745e-01
4.710000000000000000e+02 1.138999000000000000e+06 5.459270000000000511e-01
1.218000000000000000e+03 3.956730000000000000e+05 3.356700000000000239e-01
4.540000000000000000e+02 1.127748000000000000e+06 8.011690000000000200e-01
4.710000000000000000e+02 7.508920000000000000e+05 5.791699999999999626e-01
4.710000000000000000e+02 1.138999000000000000e+06 5.454360000000000319e-01
1.218000000000000000e+03 3.956730000000000000e+05 3.356859999999999844e-01
4.710000000000000000e+02 1.138999000000000000e+06 6.498450000000000060e-01
4.540000000000000000e+02 4.745840000000000000e+05 8.856469999999999620e-01
4.710000000000000000e+02 1.458230000000000000e+05 1.017066999999999943e+00
1.218000000000000000e+03 8.982890000000000000e+05 8.859709999999999530e-01
4.710000000000000000e+02 1.138999000000000000e+06 5.456760000000000499e-01
1.218000000000000000e+03 3.956730000000000000e+05 3.356770000000000032e-01
4.710000000000000000e+02 1.138999000000000000e+06 6.497490000000000210e-01
6.810000000000000000e+02 9.993740000000000000e+05 6.398430000000000506e-01
1.207000000000000000e+03 1.004382000000000000e+06 1.046305999999999958e+00
4.540000000000000000e+02 1.284960000000000000e+05 7.774980000000000224e-01
6.810000000000000000e+02 9.993740000000000000e+05 6.398570000000000091e-01
1.207000000000000000e+03 1.004382000000000000e+06 1.046291000000000082e+00
6.810000000000000000e+02 3.232460000000000000e+05 3.886669999999999847e-01
9.480000000000000000e+02 1.015975000000000000e+06 9.455109999999999904e-01
1.082000000000000000e+03 5.746950000000000000e+05 1.002642000000000033e+00
6.810000000000000000e+02 9.993740000000000000e+05 6.398730000000000251e-01
1.207000000000000000e+03 1.004382000000000000e+06 1.046322999999999892e+00
6.810000000000000000e+02 3.232460000000000000e+05 3.886669999999999847e-01
9.480000000000000000e+02 1.015975000000000000e+06 9.455109999999999904e-01
1.082000000000000000e+03 5.746950000000000000e+05 1.001975999999999978e+00
6.810000000000000000e+02 9.993740000000000000e+05 6.398779999999999468e-01
1.207000000000000000e+03 1.004382000000000000e+06 1.046322999999999892e+00
1.207000000000000000e+03 1.111576000000000000e+06 1.103324999999999889e+00
3.230000000000000000e+02 3.298080000000000000e+05 8.628090000000000481e-01
1.274000000000000000e+03 1.004224000000000000e+06 1.010504999999999987e+00
1.274000000000000000e+03 3.285720000000000000e+05 1.131431000000000076e+00
3.230000000000000000e+02 3.809310000000000000e+05 6.788300000000000445e-01
8.960000000000000000e+02 1.138860000000000000e+06 1.068753000000000064e+00
4.120000000000000000e+02 1.240630000000000000e+05 5.820440000000000058e-01
4.120000000000000000e+02 1.240630000000000000e+05 1.325574999999999948e+00
8.960000000000000000e+02 1.138860000000000000e+06 1.068777000000000088e+00
2.220000000000000000e+02 9.742280000000000000e+05 1.232847000000000026e+00
2.220000000000000000e+02 1.349790000000000000e+05 1.240029000000000048e+00
4.420000000000000000e+02 5.040550000000000000e+05 1.164822000000000024e+00
8.960000000000000000e+02 3.921200000000000000e+05 1.132581999999999978e+00
4.420000000000000000e+02 1.297347000000000000e+06 9.713039999999999452e-01
4.420000000000000000e+02 5.526470000000000000e+05 1.497276000000000051e+00
8.960000000000000000e+02 3.227800000000000000e+04 5.029689999999999994e-01
4.120000000000000000e+02 1.746480000000000000e+05 1.063873000000000069e+00
4.120000000000000000e+02 8.239760000000000000e+05 1.925087999999999910e+00
8.960000000000000000e+02 1.070401000000000000e+06 3.443339999999999734e-01
9.690000000000000000e+02 9.665870000000000000e+05 2.371179999999999954e-01
9.690000000000000000e+02 2.988060000000000000e+05 4.346160000000000245e+00
9.690000000000000000e+02 3.976430000000000000e+05 6.037230000000000096e-01
1.274000000000000000e+03 7.590260000000000000e+05 9.138650000000000384e-01
8.960000000000000000e+02 6.930810000000000000e+05 5.893639999999999990e-01
9.690000000000000000e+02 8.036500000000000000e+05 3.863460000000000227e-01
1.262000000000000000e+03 6.801790000000000000e+05 1.221348000000000100e+00
2.220000000000000000e+02 8.803760000000000000e+05 1.555304999999999938e+00
8.580000000000000000e+02 2.718610000000000000e+05 1.922260000000000080e-01
8.580000000000000000e+02 1.219680000000000000e+05 1.926849999999999952e-01
8.960000000000000000e+02 2.346930000000000000e+05 7.349909999999999499e-01
8.960000000000000000e+02 6.930810000000000000e+05 5.893620000000000525e-01
9.690000000000000000e+02 1.002898000000000000e+06 3.852200000000000069e-01
1.262000000000000000e+03 6.801790000000000000e+05 1.221270999999999995e+00
4.120000000000000000e+02 1.746480000000000000e+05 1.063852999999999938e+00
4.120000000000000000e+02 8.239760000000000000e+05 1.924843999999999999e+00
8.960000000000000000e+02 1.070401000000000000e+06 3.435420000000000140e-01
9.690000000000000000e+02 1.149325000000000000e+06 2.356729999999999936e-01
1.274000000000000000e+03 5.169930000000000000e+05 8.857909999999999950e-01
1.274000000000000000e+03 7.590260000000000000e+05 9.134480000000000377e-01
8.960000000000000000e+02 5.904180000000000000e+05 4.967199999999999949e-01
9.690000000000000000e+02 4.640950000000000000e+05 5.668360000000000065e-01
9.690000000000000000e+02 2.988060000000000000e+05 4.346160000000000245e+00
4.120000000000000000e+02 1.746480000000000000e+05 1.063849999999999962e+00
4.120000000000000000e+02 8.239760000000000000e+05 1.924843000000000082e+00
8.960000000000000000e+02 1.070401000000000000e+06 3.435420000000000140e-01
9.690000000000000000e+02 9.665870000000000000e+05 2.365530000000000133e-01
1.274000000000000000e+03 5.169930000000000000e+05 8.857909999999999950e-01
1.274000000000000000e+03 7.590260000000000000e+05 9.134419999999999762e-01
8.960000000000000000e+02 6.930810000000000000e+05 5.893629999999999702e-01
9.690000000000000000e+02 8.036500000000000000e+05 3.860979999999999968e-01
1.262000000000000000e+03 6.801790000000000000e+05 1.221289000000000069e+00
4.120000000000000000e+02 1.746480000000000000e+05 1.063849000000000045e+00
4.120000000000000000e+02 8.239760000000000000e+05 1.924846999999999975e+00
8.960000000000000000e+02 1.070401000000000000e+06 3.435409999999999853e-01
9.690000000000000000e+02 3.179550000000000000e+05 2.365530000000000133e-01
1.274000000000000000e+03 5.169930000000000000e+05 8.857899999999999663e-01
1.274000000000000000e+03 7.590260000000000000e+05 9.134489999999999554e-01
8.960000000000000000e+02 6.930810000000000000e+05 5.893690000000000317e-01
9.690000000000000000e+02 8.036500000000000000e+05 3.861010000000000275e-01
1.262000000000000000e+03 6.801790000000000000e+05 1.221287000000000011e+00
4.120000000000000000e+02 1.746480000000000000e+05 1.063854000000000077e+00
4.120000000000000000e+02 8.239760000000000000e+05 1.924846999999999975e+00
8.960000000000000000e+02 1.070401000000000000e+06 3.435579999999999745e-01
9.690000000000000000e+02 3.179550000000000000e+05 2.365530000000000133e-01
1.274000000000000000e+03 5.169930000000000000e+05 8.857880000000000198e-01
1.274000000000000000e+03 7.590260000000000000e+05 9.134489999999999554e-01
8.960000000000000000e+02 6.930810000000000000e+05 5.893530000000000157e-01
9.690000000000000000e+02 8.036500000000000000e+05 3.860999999999999988e-01
1.262000000000000000e+03 6.801790000000000000e+05 1.221336999999999895e+00
2.220000000000000000e+02 8.803760000000000000e+05 1.555323000000000011e+00
8.580000000000000000e+02 2.718610000000000000e+05 1.921279999999999932e-01
8.580000000000000000e+02 3.009090000000000000e+05 1.928360000000000074e-01
8.580000000000000000e+02 1.219680000000000000e+05 1.940510000000000013e-01
8.960000000000000000e+02 2.346930000000000000e+05 7.349909999999999499e-01
8.960000000000000000e+02 6.930810000000000000e+05 5.893639999999999990e-01
9.690000000000000000e+02 1.002898000000000000e+06 3.852240000000000109e-01
1.262000000000000000e+03 6.801790000000000000e+05 1.221275000000000110e+00
2.220000000000000000e+02 8.803760000000000000e+05 1.555315999999999921e+00
8.580000000000000000e+02 2.718610000000000000e+05 1.921329999999999982e-01
8.580000000000000000e+02 3.009090000000000000e+05 1.927419999999999967e-01
8.580000000000000000e+02 1.219680000000000000e+05 1.939690000000000025e-01
8.960000000000000000e+02 2.346930000000000000e+05 7.349909999999999499e-01
8.960000000000000000e+02 6.930810000000000000e+05 5.893659999999999455e-01
9.690000000000000000e+02 1.002898000000000000e+06 3.852229999999999821e-01
1.262000000000000000e+03 6.801790000000000000e+05 1.221341999999999928e+00
2.220000000000000000e+02 8.803760000000000000e+05 1.555311000000000110e+00
8.580000000000000000e+02 2.718610000000000000e+05 1.922369999999999912e-01
8.580000000000000000e+02 5.280060000000000000e+05 1.940769999999999995e-01
8.580000000000000000e+02 1.219680000000000000e+05 1.937240000000000073e-01
8.960000000000000000e+02 2.346930000000000000e+05 7.349900000000000322e-01
2.220000000000000000e+02 7.322540000000000000e+05 1.357674000000000047e+00
4.030000000000000000e+02 1.185857000000000000e+06 3.996182000000000123e+00
4.930000000000000000e+02 5.436900000000000000e+04 3.101860999999999979e+00
8.580000000000000000e+02 2.628950000000000000e+05 7.770000000000000517e-02
1.262000000000000000e+03 6.657840000000000000e+05 1.179345000000000088e+00
3.470000000000000000e+02 3.248460000000000000e+05 4.056440000000000046e-01
4.930000000000000000e+02 1.119796000000000000e+06 7.602659999999999973e-01
1.262000000000000000e+03 1.092868000000000000e+06 1.350041000000000047e+00
1.329000000000000000e+03 3.531470000000000000e+05 7.713759999999999506e-01
3.470000000000000000e+02 7.681670000000000000e+05 2.674170000000000158e-01
1.262000000000000000e+03 1.797080000000000000e+05 1.172114000000000100e+00
1.262000000000000000e+03 4.225580000000000000e+05 1.172295000000000087e+00
1.329000000000000000e+03 7.140660000000000000e+05 7.594870000000000232e-01
3.470000000000000000e+02 1.162485000000000000e+06 4.056440000000000046e-01
4.930000000000000000e+02 1.119796000000000000e+06 7.602799999999999558e-01
1.329000000000000000e+03 3.531470000000000000e+05 7.713759999999999506e-01
1.550000000000000000e+02 2.446300000000000000e+04 1.014083999999999985e+00
3.470000000000000000e+02 6.970900000000000000e+04 4.256329999999999836e-01
1.262000000000000000e+03 2.230270000000000000e+05 1.322840000000000016e+00
3.470000000000000000e+02 1.074840000000000000e+06 5.650800000000000267e-02
3.470000000000000000e+02 1.088216000000000000e+06 1.591499999999999859e-02
1.550000000000000000e+02 2.446300000000000000e+04 1.014089000000000018e+00
3.470000000000000000e+02 6.970900000000000000e+04 4.256389999999999896e-01
1.262000000000000000e+03 2.230270000000000000e+05 1.323080999999999952e+00
3.470000000000000000e+02 1.074840000000000000e+06 5.650899999999999673e-02
3.470000000000000000e+02 1.088216000000000000e+06 1.591499999999999859e-02
3.470000000000000000e+02 2.339380000000000000e+05 2.323399999999999910e-01
1.262000000000000000e+03 1.797080000000000000e+05 1.055949000000000026e+00
1.262000000000000000e+03 2.227120000000000000e+05 1.054999999999999938e+00
1.329000000000000000e+03 5.566190000000000000e+05 7.309790000000000454e-01
3.470000000000000000e+02 1.088216000000000000e+06 1.591499999999999859e-02
3.470000000000000000e+02 1.074841000000000000e+06 5.439399999999999791e-02
1.550000000000000000e+02 2.446300000000000000e+04 1.014140000000000041e+00
3.470000000000000000e+02 6.970900000000000000e+04 4.237839999999999940e-01
1.262000000000000000e+03 2.230270000000000000e+05 1.323557000000000095e+00
1.550000000000000000e+02 1.131427000000000000e+06 1.929549999999999876e-01
1.550000000000000000e+02 5.193620000000000000e+05 6.106400000000000022e-02
1.550000000000000000e+02 4.280180000000000000e+05 4.347610000000000086e-01
6.070000000000000000e+02 6.947090000000000000e+05 1.036696000000000062e+00
1.262000000000000000e+03 9.195610000000000000e+05 7.680200000000000360e-01
3.230000000000000000e+02 3.298080000000000000e+05 5.255370000000000319e-01
1.550000000000000000e+02 4.280190000000000000e+05 4.390419999999999878e-01
1.550000000000000000e+02 1.185938000000000000e+06 5.681779999999999609e-01
6.070000000000000000e+02 6.947090000000000000e+05 1.036413999999999946e+00
1.262000000000000000e+03 1.292070000000000000e+05 7.680350000000000232e-01
3.230000000000000000e+02 3.298080000000000000e+05 5.259019999999999806e-01
3.230000000000000000e+02 3.298080000000000000e+05 5.255900000000000016e-01
1.550000000000000000e+02 4.280190000000000000e+05 4.458750000000000213e-01
1.550000000000000000e+02 1.185938000000000000e+06 4.449509999999999854e-01
6.070000000000000000e+02 6.947090000000000000e+05 1.044122999999999912e+00
1.262000000000000000e+03 1.292070000000000000e+05 7.752289999999999459e-01
5.120000000000000000e+02 3.606110000000000000e+05 5.727079999999999949e-01
7.280000000000000000e+02 9.535580000000000000e+05 1.112953999999999999e+00
7.280000000000000000e+02 3.244860000000000000e+05 1.113256000000000023e+00
1.550000000000000000e+02 3.125600000000000000e+04 7.236660000000000315e-01
1.327000000000000000e+03 1.499380000000000000e+05 1.207532999999999967e+00
1.327000000000000000e+03 1.237606000000000000e+06 1.055372999999999895e+00
1.550000000000000000e+02 3.125600000000000000e+04 7.236639999999999739e-01
1.327000000000000000e+03 1.499380000000000000e+05 1.207526000000000099e+00
5.120000000000000000e+02 3.606110000000000000e+05 5.724359999999999449e-01
7.280000000000000000e+02 3.244860000000000000e+05 1.112719000000000014e+00
1.550000000000000000e+02 3.125600000000000000e+04 7.236690000000000067e-01
1.327000000000000000e+03 1.499380000000000000e+05 1.207527999999999935e+00
1.327000000000000000e+03 1.237606000000000000e+06 1.055398000000000058e+00
4.930000000000000000e+02 1.238561000000000000e+06 5.132970000000000033e-01
1.229000000000000000e+03 7.508920000000000000e+05 1.110379000000000005e+00
4.930000000000000000e+02 1.238561000000000000e+06 5.133590000000000098e-01
1.229000000000000000e+03 1.989830000000000000e+05 1.110819000000000001e+00
3.700000000000000000e+01 1.683060000000000000e+05 8.084019999999999539e-01
4.030000000000000000e+02 7.424660000000000000e+05 1.483781999999999934e+00
4.030000000000000000e+02 7.424660000000000000e+05 1.386668000000000012e+00
3.700000000000000000e+01 6.415170000000000000e+05 7.899150000000000338e-01
3.700000000000000000e+01 7.850720000000000000e+05 3.896351000000000120e+00
4.030000000000000000e+02 7.424660000000000000e+05 1.483778999999999959e+00
4.030000000000000000e+02 7.424660000000000000e+05 1.386657000000000028e+00
4.930000000000000000e+02 1.238561000000000000e+06 5.132959999999999745e-01
1.229000000000000000e+03 1.989830000000000000e+05 1.110746999999999929e+00
4.930000000000000000e+02 1.238561000000000000e+06 5.133469999999999978e-01
1.229000000000000000e+03 1.989830000000000000e+05 1.110794000000000059e+00
4.930000000000000000e+02 1.238561000000000000e+06 5.134050000000000002e-01
1.229000000000000000e+03 1.989830000000000000e+05 1.110851000000000033e+00
4.930000000000000000e+02 1.238561000000000000e+06 5.134959999999999525e-01
1.229000000000000000e+03 1.989830000000000000e+05 1.110938999999999899e+00
4.930000000000000000e+02 2.713020000000000000e+05 4.027169999999999916e-01
1.279000000000000000e+03 8.779860000000000000e+05 5.435729999999999729e-01
1.329000000000000000e+03 1.006046000000000000e+06 6.862470000000000514e-01
4.930000000000000000e+02 1.231390000000000000e+05 1.789419999999999900e-01
4.930000000000000000e+02 2.718610000000000000e+05 6.327089999999999659e-01
1.229000000000000000e+03 1.231400000000000000e+05 1.110514999999999919e+00
1.352000000000000000e+03 5.742400000000000000e+04 1.012957000000000107e+00
1.370000000000000000e+03 9.226580000000000000e+05 5.590500000000000469e-01
1.352000000000000000e+03 8.361190000000000000e+05 5.705540000000000056e-01
1.117000000000000000e+03 9.367610000000000000e+05 5.971220000000000416e-01
1.370000000000000000e+03 7.612700000000000000e+05 8.329250000000000265e-01
4.720000000000000000e+02 5.323600000000000000e+04 6.034420000000000339e-01
4.930000000000000000e+02 1.068356000000000000e+06 6.020659999999999901e-01
1.229000000000000000e+03 4.798480000000000000e+05 4.384080000000000199e-01
1.279000000000000000e+03 2.843120000000000000e+05 8.455139999999999878e-01
1.117000000000000000e+03 9.367610000000000000e+05 5.980320000000000080e-01
1.370000000000000000e+03 7.612700000000000000e+05 8.329250000000000265e-01
4.720000000000000000e+02 5.323600000000000000e+04 6.034559999999999924e-01
4.930000000000000000e+02 1.068356000000000000e+06 6.020640000000000436e-01
1.229000000000000000e+03 4.798480000000000000e+05 4.384089999999999931e-01
1.279000000000000000e+03 2.843120000000000000e+05 8.455139999999999878e-01
1.117000000000000000e+03 9.367610000000000000e+05 5.980429999999999913e-01
1.370000000000000000e+03 7.612700000000000000e+05 8.329290000000000305e-01
3.440000000000000000e+02 3.383630000000000000e+05 3.345910000000000273e-01
1.229000000000000000e+03 9.835610000000000000e+05 2.954910000000000037e-01
1.352000000000000000e+03 1.022689000000000000e+06 1.316033000000000008e+00
8.700000000000000000e+02 6.294480000000000000e+05 4.275079999999999991e-01
1.000000000000000000e+03 3.230360000000000000e+05 6.365469999999999740e-01
1.240000000000000000e+03 3.751790000000000000e+05 1.143874000000000057e+00
1.240000000000000000e+03 7.347580000000000000e+05 1.306116999999999972e+00
1.352000000000000000e+03 1.227178000000000000e+06 9.303519999999999568e-01
1.352000000000000000e+03 1.227178000000000000e+06 9.064790000000000347e-01
3.440000000000000000e+02 3.383630000000000000e+05 3.341470000000000273e-01
1.229000000000000000e+03 9.835610000000000000e+05 2.954789999999999917e-01
1.352000000000000000e+03 1.022689000000000000e+06 1.316321999999999992e+00
3.440000000000000000e+02 7.244350000000000000e+05 1.231880000000000058e-01
1.117000000000000000e+03 8.839500000000000000e+05 4.072230000000000016e-01
1.074000000000000000e+03 2.658380000000000000e+05 6.567610000000000392e-01
1.074000000000000000e+03 3.336080000000000000e+05 2.701100000000000168e-01
1.188000000000000000e+03 1.215080000000000000e+06 5.262630000000000363e-01
1.074000000000000000e+03 1.762690000000000000e+05 7.973540000000000072e-01
1.233000000000000000e+03 4.767610000000000000e+05 6.981349999999999500e-01
1.150000000000000000e+02 1.964360000000000000e+05 1.099674000000000040e+00
1.300000000000000000e+02 1.464250000000000000e+05 1.531592000000000064e+00
1.188000000000000000e+03 3.400310000000000000e+05 4.943370000000000264e-01
1.233000000000000000e+03 7.042100000000000000e+05 1.158091999999999899e+00
1.300000000000000000e+02 3.839810000000000000e+05 1.661278999999999950e+00
1.188000000000000000e+03 7.074610000000000000e+05 1.126430999999999960e+00
1.800000000000000000e+02 1.151982000000000000e+06 4.644499999999999740e-01
1.300000000000000000e+02 1.464250000000000000e+05 1.660738999999999965e+00
1.188000000000000000e+03 7.074610000000000000e+05 1.126427000000000067e+00
1.800000000000000000e+02 1.151982000000000000e+06 4.644440000000000235e-01
1.800000000000000000e+02 6.325200000000000000e+05 2.262440000000000007e-01
1.800000000000000000e+02 1.255744000000000000e+06 2.284069999999999989e-01
1.090000000000000000e+03 9.015840000000000000e+05 4.565150000000000041e-01
1.800000000000000000e+02 1.601390000000000000e+05 4.513590000000000102e-01
1.800000000000000000e+02 1.151982000000000000e+06 4.518309999999999826e-01
5.280000000000000000e+02 1.126448000000000000e+06 1.037914999999999921e+00
9.010000000000000000e+02 1.140871000000000000e+06 5.802389999999999493e-01
1.081000000000000000e+03 6.204800000000000000e+05 1.154557000000000055e+00
5.280000000000000000e+02 1.126448000000000000e+06 1.037884000000000029e+00
9.010000000000000000e+02 1.140871000000000000e+06 5.802399999999999780e-01
1.081000000000000000e+03 6.204800000000000000e+05 1.154560000000000031e+00
5.280000000000000000e+02 1.126448000000000000e+06 1.037884000000000029e+00
9.010000000000000000e+02 1.140871000000000000e+06 5.802380000000000315e-01
1.081000000000000000e+03 6.204800000000000000e+05 1.154684999999999961e+00
5.280000000000000000e+02 1.126448000000000000e+06 1.037908000000000053e+00
9.010000000000000000e+02 1.140871000000000000e+06 5.802450000000000108e-01
1.081000000000000000e+03 6.204800000000000000e+05 1.154673999999999978e+00
5.280000000000000000e+02 1.126448000000000000e+06 1.037887000000000004e+00
9.010000000000000000e+02 1.140871000000000000e+06 5.802500000000000435e-01
1.081000000000000000e+03 6.204800000000000000e+05 1.154624000000000095e+00
5.280000000000000000e+02 1.126448000000000000e+06 1.037895999999999930e+00
9.010000000000000000e+02 1.140871000000000000e+06 5.802429999999999533e-01
1.081000000000000000e+03 6.204800000000000000e+05 1.154689000000000076e+00
5.280000000000000000e+02 1.126448000000000000e+06 1.037910000000000110e+00
9.010000000000000000e+02 1.140871000000000000e+06 5.802469999999999573e-01
1.081000000000000000e+03 6.204800000000000000e+05 1.154622999999999955e+00
5.280000000000000000e+02 1.126448000000000000e+06 1.037884000000000029e+00
9.010000000000000000e+02 1.140871000000000000e+06 5.802490000000000148e-01
1.081000000000000000e+03 6.204800000000000000e+05 1.154711999999999961e+00
5.280000000000000000e+02 1.126448000000000000e+06 1.037884000000000029e+00
9.010000000000000000e+02 1.140871000000000000e+06 5.802490000000000148e-01
1.081000000000000000e+03 6.204800000000000000e+05 1.154705000000000092e+00
5.280000000000000000e+02 1.126448000000000000e+06 1.037882999999999889e+00
9.010000000000000000e+02 1.140871000000000000e+06 5.802490000000000148e-01
1.081000000000000000e+03 6.204800000000000000e+05 1.154668000000000028e+00
5.280000000000000000e+02 1.126448000000000000e+06 1.037894000000000094e+00
9.010000000000000000e+02 1.140871000000000000e+06 5.802399999999999780e-01
1.081000000000000000e+03 6.204800000000000000e+05 1.154592999999999980e+00
5.280000000000000000e+02 1.126448000000000000e+06 1.037898999999999905e+00
9.010000000000000000e+02 1.140871000000000000e+06 5.802500000000000435e-01
1.081000000000000000e+03 6.204800000000000000e+05 1.154619000000000062e+00
5.280000000000000000e+02 1.126448000000000000e+06 1.037881000000000054e+00
9.010000000000000000e+02 1.140871000000000000e+06 5.802469999999999573e-01
1.081000000000000000e+03 6.204800000000000000e+05 1.154682999999999904e+00
5.280000000000000000e+02 1.126448000000000000e+06 1.037894000000000094e+00
9.010000000000000000e+02 1.140871000000000000e+06 5.802519999999999900e-01
1.081000000000000000e+03 6.204800000000000000e+05 1.154641000000000028e+00
5.280000000000000000e+02 1.126448000000000000e+06 1.037886000000000086e+00
9.010000000000000000e+02 1.140871000000000000e+06 5.802519999999999900e-01
1.081000000000000000e+03 6.204800000000000000e+05 1.154630000000000045e+00
5.280000000000000000e+02 1.126448000000000000e+06 1.037895999999999930e+00
9.010000000000000000e+02 1.140871000000000000e+06 5.802669999999999773e-01
1.081000000000000000e+03 6.204800000000000000e+05 1.154700000000000060e+00
7.760000000000000000e+02 1.591280000000000000e+05 1.020499000000000045e+00
7.760000000000000000e+02 1.211788000000000000e+06 1.118211999999999984e+00
7.760000000000000000e+02 1.016685000000000000e+06 1.090219000000000049e+00
7.760000000000000000e+02 1.697610000000000000e+05 1.020297999999999927e+00
9.010000000000000000e+02 1.140871000000000000e+06 5.800950000000000273e-01
1.081000000000000000e+03 6.204800000000000000e+05 1.154589000000000087e+00
7.760000000000000000e+02 1.591280000000000000e+05 1.020504000000000078e+00
7.760000000000000000e+02 1.211788000000000000e+06 1.118187000000000042e+00
7.760000000000000000e+02 1.016685000000000000e+06 1.090209999999999901e+00
7.760000000000000000e+02 1.697610000000000000e+05 1.020300999999999902e+00
9.010000000000000000e+02 1.140871000000000000e+06 5.801020000000000065e-01
1.081000000000000000e+03 6.204800000000000000e+05 1.154624000000000095e+00
5.280000000000000000e+02 1.126448000000000000e+06 1.037468000000000057e+00
9.010000000000000000e+02 1.140871000000000000e+06 5.801009999999999778e-01
1.081000000000000000e+03 6.204800000000000000e+05 1.154662999999999995e+00
5.280000000000000000e+02 1.126448000000000000e+06 1.037465000000000082e+00
9.010000000000000000e+02 1.140871000000000000e+06 5.800950000000000273e-01
1.081000000000000000e+03 6.204800000000000000e+05 1.154579000000000022e+00
5.280000000000000000e+02 1.126448000000000000e+06 1.037474999999999925e+00
9.010000000000000000e+02 1.140871000000000000e+06 5.801070000000000393e-01
1.081000000000000000e+03 6.204800000000000000e+05 1.154625000000000012e+00
5.280000000000000000e+02 1.126448000000000000e+06 1.037465999999999999e+00
9.010000000000000000e+02 1.140871000000000000e+06 5.801009999999999778e-01
1.081000000000000000e+03 6.204800000000000000e+05 1.154624000000000095e+00
5.280000000000000000e+02 1.126448000000000000e+06 1.037457999999999991e+00
9.010000000000000000e+02 1.140871000000000000e+06 5.800939999999999985e-01
1.081000000000000000e+03 6.204800000000000000e+05 1.154528999999999916e+00
5.280000000000000000e+02 1.126448000000000000e+06 1.037463999999999942e+00
9.010000000000000000e+02 1.140871000000000000e+06 5.801100000000000145e-01
1.081000000000000000e+03 6.204800000000000000e+05 1.154652000000000012e+00
7.760000000000000000e+02 1.591280000000000000e+05 1.020502999999999938e+00
7.760000000000000000e+02 1.211788000000000000e+06 1.118179000000000034e+00
7.760000000000000000e+02 1.016685000000000000e+06 1.090216000000000074e+00
7.760000000000000000e+02 1.697610000000000000e+05 1.020302000000000042e+00
9.010000000000000000e+02 1.140871000000000000e+06 5.801089999999999858e-01
1.081000000000000000e+03 6.204800000000000000e+05 1.154603000000000046e+00
5.280000000000000000e+02 1.126448000000000000e+06 1.037450999999999901e+00
9.010000000000000000e+02 1.140871000000000000e+06 5.801150000000000473e-01
1.081000000000000000e+03 6.204800000000000000e+05 1.154471000000000025e+00
5.280000000000000000e+02 1.126448000000000000e+06 1.037455000000000016e+00
9.010000000000000000e+02 1.140871000000000000e+06 5.801220000000000265e-01
1.081000000000000000e+03 6.204800000000000000e+05 1.154660000000000020e+00
5.280000000000000000e+02 1.126448000000000000e+06 1.037474000000000007e+00
9.010000000000000000e+02 1.140871000000000000e+06 5.801190000000000513e-01
1.081000000000000000e+03 6.204800000000000000e+05 1.154617999999999922e+00
5.280000000000000000e+02 1.126448000000000000e+06 1.037450999999999901e+00
9.010000000000000000e+02 1.140871000000000000e+06 5.801150000000000473e-01
1.081000000000000000e+03 6.204800000000000000e+05 1.154606999999999939e+00
5.280000000000000000e+02 1.126448000000000000e+06 1.037455000000000016e+00
9.010000000000000000e+02 1.140871000000000000e+06 5.801220000000000265e-01
1.081000000000000000e+03 6.204800000000000000e+05 1.154717999999999911e+00
5.280000000000000000e+02 1.126448000000000000e+06 1.037471000000000032e+00
9.010000000000000000e+02 1.140871000000000000e+06 5.801169999999999938e-01
1.081000000000000000e+03 6.204800000000000000e+05 1.154633999999999938e+00
5.280000000000000000e+02 1.126448000000000000e+06 1.037455000000000016e+00
9.010000000000000000e+02 1.140871000000000000e+06 5.801300000000000345e-01
1.081000000000000000e+03 6.204800000000000000e+05 1.154549000000000047e+00
5.280000000000000000e+02 1.126448000000000000e+06 1.037460000000000049e+00
9.010000000000000000e+02 1.140871000000000000e+06 5.801220000000000265e-01
1.081000000000000000e+03 6.204800000000000000e+05 1.154590000000000005e+00
5.280000000000000000e+02 1.126448000000000000e+06 1.037447000000000008e+00
9.010000000000000000e+02 1.140871000000000000e+06 5.801209999999999978e-01
1.081000000000000000e+03 6.204800000000000000e+05 1.154558999999999891e+00
5.280000000000000000e+02 1.126448000000000000e+06 1.037479000000000040e+00
9.010000000000000000e+02 1.140871000000000000e+06 5.801279999999999770e-01
1.081000000000000000e+03 6.204800000000000000e+05 1.154554999999999998e+00
5.280000000000000000e+02 1.126448000000000000e+06 1.037460000000000049e+00
9.010000000000000000e+02 1.140871000000000000e+06 5.801279999999999770e-01
1.081000000000000000e+03 6.204800000000000000e+05 1.154641999999999946e+00
5.280000000000000000e+02 1.126448000000000000e+06 1.037458999999999909e+00
9.010000000000000000e+02 1.140871000000000000e+06 5.801290000000000058e-01
1.081000000000000000e+03 6.204800000000000000e+05 1.154568000000000039e+00
5.280000000000000000e+02 1.126448000000000000e+06 1.037466999999999917e+00
9.010000000000000000e+02 1.140871000000000000e+06 5.801319999999999810e-01
1.081000000000000000e+03 6.204800000000000000e+05 1.154622999999999955e+00
5.280000000000000000e+02 1.126448000000000000e+06 1.037455000000000016e+00
9.010000000000000000e+02 1.140871000000000000e+06 5.801340000000000385e-01
1.081000000000000000e+03 6.204800000000000000e+05 1.154649999999999954e+00
5.280000000000000000e+02 1.126448000000000000e+06 1.037469999999999892e+00
9.010000000000000000e+02 1.140871000000000000e+06 5.801380000000000425e-01
1.081000000000000000e+03 6.204800000000000000e+05 1.154593999999999898e+00
5.280000000000000000e+02 1.126448000000000000e+06 1.037466999999999917e+00
9.010000000000000000e+02 1.140871000000000000e+06 5.801300000000000345e-01
1.081000000000000000e+03 6.204800000000000000e+05 1.154706999999999928e+00
5.280000000000000000e+02 1.126448000000000000e+06 1.037465999999999999e+00
4.890000000000000000e+02 3.751790000000000000e+05 1.206217000000000095e+00
4.940000000000000000e+02 1.055460000000000000e+05 8.491469999999999851e-01
5.280000000000000000e+02 7.012960000000000000e+05 9.775789999999999758e-01
5.280000000000000000e+02 4.974300000000000000e+04 1.136419000000000068e+00
1.340000000000000000e+02 1.288849000000000000e+06 1.117050000000000098e+00
3.410000000000000000e+02 1.693850000000000000e+05 1.127909000000000050e+00
4.890000000000000000e+02 1.114957000000000000e+06 1.223931000000000102e+00
9.010000000000000000e+02 1.173760000000000000e+06 5.984450000000000047e-01
5.280000000000000000e+02 1.126448000000000000e+06 1.037592999999999988e+00
9.010000000000000000e+02 1.140871000000000000e+06 5.801840000000000330e-01
1.081000000000000000e+03 6.204800000000000000e+05 1.154841000000000006e+00
7.760000000000000000e+02 1.591280000000000000e+05 1.020499000000000045e+00
7.760000000000000000e+02 1.211788000000000000e+06 1.118203999999999976e+00
7.760000000000000000e+02 1.016685000000000000e+06 1.090190999999999910e+00
7.760000000000000000e+02 1.697610000000000000e+05 1.020300999999999902e+00
9.010000000000000000e+02 1.140871000000000000e+06 5.802040000000000530e-01
1.081000000000000000e+03 6.204800000000000000e+05 1.154624000000000095e+00
5.280000000000000000e+02 1.126448000000000000e+06 1.037452999999999959e+00
9.010000000000000000e+02 1.140871000000000000e+06 5.801920000000000410e-01
1.081000000000000000e+03 6.204800000000000000e+05 1.154619000000000062e+00
5.280000000000000000e+02 1.126448000000000000e+06 1.037449000000000066e+00
9.010000000000000000e+02 1.140871000000000000e+06 5.801950000000000163e-01
1.081000000000000000e+03 6.204800000000000000e+05 1.154701999999999895e+00
5.280000000000000000e+02 1.126448000000000000e+06 1.037457000000000074e+00
9.010000000000000000e+02 1.140871000000000000e+06 5.802019999999999955e-01
1.081000000000000000e+03 6.204800000000000000e+05 1.154752000000000001e+00
4.140000000000000000e+02 4.990470000000000000e+05 9.402129999999999654e-01
9.010000000000000000e+02 9.364330000000000000e+05 3.661829999999999807e-01
9.010000000000000000e+02 1.140871000000000000e+06 5.802129999999999788e-01
1.081000000000000000e+03 6.204800000000000000e+05 1.154616000000000087e+00
5.280000000000000000e+02 1.126448000000000000e+06 1.037441999999999975e+00
9.010000000000000000e+02 1.140871000000000000e+06 5.802129999999999788e-01
1.081000000000000000e+03 6.204800000000000000e+05 1.154674999999999896e+00
5.280000000000000000e+02 1.126448000000000000e+06 1.037449999999999983e+00
9.010000000000000000e+02 1.140871000000000000e+06 5.802040000000000530e-01
1.081000000000000000e+03 6.204800000000000000e+05 1.154773999999999967e+00
4.140000000000000000e+02 4.990470000000000000e+05 9.402209999999999734e-01
9.010000000000000000e+02 9.364330000000000000e+05 3.661749999999999727e-01
9.010000000000000000e+02 1.140871000000000000e+06 5.802079999999999460e-01
1.081000000000000000e+03 6.204800000000000000e+05 1.154587000000000030e+00
5.280000000000000000e+02 1.126448000000000000e+06 1.037447000000000008e+00
9.010000000000000000e+02 1.140871000000000000e+06 5.802110000000000323e-01
1.081000000000000000e+03 6.204800000000000000e+05 1.154700999999999977e+00
5.280000000000000000e+02 1.126448000000000000e+06 1.037457000000000074e+00
1.340000000000000000e+02 1.288849000000000000e+06 1.116144999999999943e+00
3.410000000000000000e+02 1.693850000000000000e+05 1.127965000000000106e+00
4.890000000000000000e+02 1.114957000000000000e+06 1.223327999999999971e+00
9.010000000000000000e+02 1.173760000000000000e+06 5.987550000000000372e-01
5.280000000000000000e+02 1.126448000000000000e+06 1.037468000000000057e+00
9.010000000000000000e+02 1.140871000000000000e+06 5.802479999999999860e-01
1.081000000000000000e+03 6.204800000000000000e+05 1.154628999999999905e+00
5.280000000000000000e+02 1.126448000000000000e+06 1.037490999999999941e+00
9.010000000000000000e+02 1.140871000000000000e+06 5.802490000000000148e-01
1.081000000000000000e+03 6.204800000000000000e+05 1.154671000000000003e+00
5.280000000000000000e+02 1.126448000000000000e+06 1.037482000000000015e+00
9.010000000000000000e+02 1.140871000000000000e+06 5.802460000000000395e-01
1.081000000000000000e+03 6.204800000000000000e+05 1.154663999999999913e+00
5.280000000000000000e+02 1.126448000000000000e+06 1.037490999999999941e+00
9.010000000000000000e+02 1.140871000000000000e+06 5.802389999999999493e-01
1.081000000000000000e+03 6.204800000000000000e+05 1.154690999999999912e+00
5.280000000000000000e+02 1.126448000000000000e+06 1.037482999999999933e+00
9.010000000000000000e+02 1.140871000000000000e+06 5.802469999999999573e-01
1.081000000000000000e+03 6.204800000000000000e+05 1.154740000000000100e+00
5.280000000000000000e+02 1.126448000000000000e+06 1.037479000000000040e+00
9.010000000000000000e+02 1.140871000000000000e+06 5.802500000000000435e-01
1.081000000000000000e+03 6.204800000000000000e+05 1.154573999999999989e+00
5.280000000000000000e+02 1.126448000000000000e+06 1.037490000000000023e+00
9.010000000000000000e+02 1.140871000000000000e+06 5.802439999999999820e-01
1.081000000000000000e+03 6.204800000000000000e+05 1.154544999999999932e+00
5.280000000000000000e+02 1.126448000000000000e+06 1.037503999999999982e+00
9.010000000000000000e+02 1.140871000000000000e+06 5.802460000000000395e-01
1.081000000000000000e+03 6.204800000000000000e+05 1.154647999999999897e+00
5.280000000000000000e+02 1.126448000000000000e+06 1.037474000000000007e+00
9.010000000000000000e+02 1.140871000000000000e+06 5.802530000000000188e-01
1.081000000000000000e+03 6.204800000000000000e+05 1.154331999999999914e+00
5.280000000000000000e+02 1.126448000000000000e+06 1.037481000000000098e+00
9.010000000000000000e+02 1.140871000000000000e+06 5.802519999999999900e-01
1.081000000000000000e+03 6.204800000000000000e+05 1.154616000000000087e+00
5.280000000000000000e+02 1.126448000000000000e+06 1.037463000000000024e+00
9.010000000000000000e+02 9.932790000000000000e+05 5.803810000000000358e-01
9.010000000000000000e+02 4.213630000000000000e+05 5.613789999999999614e-01
1.081000000000000000e+03 1.027577000000000000e+06 1.240939000000000014e+00
4.140000000000000000e+02 4.990470000000000000e+05 9.150000000000000355e-01
9.010000000000000000e+02 1.219101000000000000e+06 3.835210000000000008e-01
9.010000000000000000e+02 4.213630000000000000e+05 5.613989999999999814e-01
1.081000000000000000e+03 1.027577000000000000e+06 1.223824999999999941e+00
9.010000000000000000e+02 9.932790000000000000e+05 5.792249999999999899e-01
6.600000000000000000e+01 1.126960000000000000e+06 5.087359999999999660e-01
9.010000000000000000e+02 9.932790000000000000e+05 5.792289999999999939e-01
1.081000000000000000e+03 8.267590000000000000e+05 7.336350000000000371e-01
1.081000000000000000e+03 1.142200000000000000e+04 8.008330000000000171e-01
