# t	msd	err
9.999999999996928164e-16 1.980743638436520682e-01 0.000000000000000000e+00
4.000000000000386853e-15 4.713287258092537790e-01 0.000000000000000000e+00
4.999999999999675772e-15 1.993531764355865876e-01 nan
1.015000000000039567e-14 2.853498641664864444e-01 9.010462101847209471e-02
1.976470588235207162e-14 2.144118236500855701e-01 3.647593355954501654e-02
3.115384615384773717e-14 2.934083158890911092e-01 5.163957987013411549e-02
5.154000000000072626e-14 4.174734700652887875e-01 5.775205192481317612e-02
9.717204301075217002e-14 4.829150746538904970e-01 3.374253423453062867e-02
1.580703703703716324e-13 4.446223408799733767e-01 3.835402680141818815e-02
2.519629629629636713e-13 7.398061286422212834e-01 3.942633367354430457e-02
4.328165631469989781e-13 1.038145968698139798e+00 4.614837313772434529e-02
7.482241992882575489e-13 1.439042755336298995e+00 4.922731435053956384e-02
1.236837251908385480e-12 2.666673729440016682e+00 6.377130578753821555e-02
2.105023667570048413e-12 3.985676784076833012e+00 8.801007195050018772e-02
3.549307914847168564e-12 5.933296312594910304e+00 1.015675682057364387e-01
6.003521690411410411e-12 8.931433423858967657e+00 1.053663486940384503e-01
1.013721514437252219e-11 1.578067068043580434e+01 1.627695748346941751e-01
1.719498357464728456e-11 2.664689452651237289e+01 1.945541486028836975e-01
2.894487822764265782e-11 3.747840467916115870e+01 1.663469660751133172e-01
4.890807936720899522e-11 5.339841142717757094e+01 1.580261032153588430e-01
8.179413720881794553e-11 9.053591856509409297e+01 2.678581231036721300e-01
1.293573159787551662e-10 8.203878441258032694e+01 1.995849040454146239e-01
