# Barrier Energy Step Time
0.000000000000000000e+00 -5.952902399999999761e+04 0.000000000000000000e+00 0.000000000000000000e+00
1.782999999999999918e+00 -5.952723999999999796e+04 5.000000000000000000e-01 7.242999999999999411e-08
0.000000000000000000e+00 -5.952902300000000105e+04 1.000000000000000000e+00 7.242999999999999411e-08
1.782999999999999918e+00 -5.952723999999999796e+04 1.500000000000000000e+00 8.313000000000000389e-08
0.000000000000000000e+00 -5.952902399999999761e+04 2.000000000000000000e+00 8.313000000000000389e-08
1.782999999999999918e+00 -5.952723999999999796e+04 2.500000000000000000e+00 9.872999999999999800e-08
0.000000000000000000e+00 -5.952902399999999761e+04 3.000000000000000000e+00 9.872999999999999800e-08
1.782999999999999918e+00 -5.952723999999999796e+04 3.500000000000000000e+00 1.036999999999999955e-07
0.000000000000000000e+00 -5.952902399999999761e+04 4.000000000000000000e+00 1.036999999999999955e-07
1.782999999999999918e+00 -5.952723999999999796e+04 4.500000000000000000e+00 1.068999999999999977e-07
0.000000000000000000e+00 -5.952902399999999761e+04 5.000000000000000000e+00 1.068999999999999977e-07
1.782999999999999918e+00 -5.952723999999999796e+04 5.500000000000000000e+00 1.121000000000000046e-07
0.000000000000000000e+00 -5.952902300000000105e+04 6.000000000000000000e+00 1.121000000000000046e-07
1.782999999999999918e+00 -5.952723999999999796e+04 6.500000000000000000e+00 1.824999999999999997e-07
0.000000000000000000e+00 -5.952902399999999761e+04 7.000000000000000000e+00 1.824999999999999997e-07
1.782999999999999918e+00 -5.952723999999999796e+04 7.500000000000000000e+00 2.150000000000000062e-07
0.000000000000000000e+00 -5.952902399999999761e+04 8.000000000000000000e+00 2.150000000000000062e-07
1.782999999999999918e+00 -5.952723999999999796e+04 8.500000000000000000e+00 2.465999999999999979e-07
0.000000000000000000e+00 -5.952902300000000105e+04 9.000000000000000000e+00 2.465999999999999979e-07
1.782999999999999918e+00 -5.952724100000000180e+04 9.500000000000000000e+00 2.870000000000000156e-07
0.000000000000000000e+00 -5.952902300000000105e+04 1.000000000000000000e+01 2.870000000000000156e-07
1.782999999999999918e+00 -5.952723999999999796e+04 1.050000000000000000e+01 2.936999999999999896e-07
0.000000000000000000e+00 -5.952902399999999761e+04 1.100000000000000000e+01 2.936999999999999896e-07
1.782999999999999918e+00 -5.952723999999999796e+04 1.150000000000000000e+01 3.054000000000000215e-07
0.000000000000000000e+00 -5.952902399999999761e+04 1.200000000000000000e+01 3.054000000000000215e-07
1.782999999999999918e+00 -5.952723999999999796e+04 1.250000000000000000e+01 3.574000000000000107e-07
0.000000000000000000e+00 -5.952902399999999761e+04 1.300000000000000000e+01 3.574000000000000107e-07
1.782999999999999918e+00 -5.952723999999999796e+04 1.350000000000000000e+01 3.708000000000000116e-07
0.000000000000000000e+00 -5.952902300000000105e+04 1.400000000000000000e+01 3.708000000000000116e-07
1.782999999999999918e+00 -5.952723999999999796e+04 1.450000000000000000e+01 3.780999999999999777e-07
0.000000000000000000e+00 -5.952902399999999761e+04 1.500000000000000000e+01 3.780999999999999777e-07
1.782999999999999918e+00 -5.952723999999999796e+04 1.550000000000000000e+01 3.886999999999999800e-07
0.000000000000000000e+00 -5.952902399999999761e+04 1.600000000000000000e+01 3.886999999999999800e-07
1.782999999999999918e+00 -5.952723999999999796e+04 1.650000000000000000e+01 4.641999999999999877e-07
0.000000000000000000e+00 -5.952902399999999761e+04 1.700000000000000000e+01 4.641999999999999877e-07
1.782999999999999918e+00 -5.952723999999999796e+04 1.750000000000000000e+01 4.733999999999999906e-07
0.000000000000000000e+00 -5.952902399999999761e+04 1.800000000000000000e+01 4.733999999999999906e-07
1.782999999999999918e+00 -5.952723999999999796e+04 1.850000000000000000e+01 4.784999999999999503e-07
0.000000000000000000e+00 -5.952902399999999761e+04 1.900000000000000000e+01 4.784999999999999503e-07
1.782999999999999918e+00 -5.952723999999999796e+04 1.950000000000000000e+01 4.824000000000000315e-07
0.000000000000000000e+00 -5.952902399999999761e+04 2.000000000000000000e+01 4.824000000000000315e-07
1.782999999999999918e+00 -5.952723999999999796e+04 2.050000000000000000e+01 4.979000000000000314e-07
0.000000000000000000e+00 -5.952902300000000105e+04 2.100000000000000000e+01 4.979000000000000314e-07
1.782999999999999918e+00 -5.952724100000000180e+04 2.150000000000000000e+01 5.446000000000000459e-07
0.000000000000000000e+00 -5.952902399999999761e+04 2.200000000000000000e+01 5.446000000000000459e-07
1.782999999999999918e+00 -5.952723999999999796e+04 2.250000000000000000e+01 5.461999999999999543e-07
0.000000000000000000e+00 -5.952902399999999761e+04 2.300000000000000000e+01 5.461999999999999543e-07
1.782999999999999918e+00 -5.952723999999999796e+04 2.350000000000000000e+01 6.292999999999999507e-07
0.000000000000000000e+00 -5.952902300000000105e+04 2.400000000000000000e+01 6.292999999999999507e-07
1.782999999999999918e+00 -5.952723999999999796e+04 2.450000000000000000e+01 6.334000000000000469e-07
0.000000000000000000e+00 -5.952902399999999761e+04 2.500000000000000000e+01 6.334000000000000469e-07
1.782999999999999918e+00 -5.952723999999999796e+04 2.550000000000000000e+01 6.344000000000000162e-07
0.000000000000000000e+00 -5.952902300000000105e+04 2.600000000000000000e+01 6.344000000000000162e-07
1.782999999999999918e+00 -5.952723999999999796e+04 2.650000000000000000e+01 6.753000000000000185e-07
0.000000000000000000e+00 -5.952902399999999761e+04 2.700000000000000000e+01 6.753000000000000185e-07
1.782999999999999918e+00 -5.952723999999999796e+04 2.750000000000000000e+01 6.875999999999999896e-07
0.000000000000000000e+00 -5.952902300000000105e+04 2.800000000000000000e+01 6.875999999999999896e-07
1.782999999999999918e+00 -5.952723999999999796e+04 2.850000000000000000e+01 6.880000000000000197e-07
0.000000000000000000e+00 -5.952902399999999761e+04 2.900000000000000000e+01 6.880000000000000197e-07
1.782999999999999918e+00 -5.952723999999999796e+04 2.950000000000000000e+01 7.064000000000000256e-07
0.000000000000000000e+00 -5.952902399999999761e+04 3.000000000000000000e+01 7.064000000000000256e-07
1.782999999999999918e+00 -5.952723999999999796e+04 3.050000000000000000e+01 7.464999999999999678e-07
0.000000000000000000e+00 -5.952902300000000105e+04 3.100000000000000000e+01 7.464999999999999678e-07
1.782999999999999918e+00 -5.952723999999999796e+04 3.150000000000000000e+01 7.468999999999999979e-07
0.000000000000000000e+00 -5.952902399999999761e+04 3.200000000000000000e+01 7.468999999999999979e-07
1.782999999999999918e+00 -5.952723999999999796e+04 3.250000000000000000e+01 7.490999999999999514e-07
0.000000000000000000e+00 -5.952902399999999761e+04 3.300000000000000000e+01 7.490999999999999514e-07
1.782999999999999918e+00 -5.952723999999999796e+04 3.350000000000000000e+01 8.012999999999999556e-07
0.000000000000000000e+00 -5.952902399999999761e+04 3.400000000000000000e+01 8.012999999999999556e-07
1.782999999999999918e+00 -5.952723999999999796e+04 3.450000000000000000e+01 8.058999999999999835e-07
0.000000000000000000e+00 -5.952902399999999761e+04 3.500000000000000000e+01 8.058999999999999835e-07
1.782999999999999918e+00 -5.952723999999999796e+04 3.550000000000000000e+01 8.124999999999999500e-07
0.000000000000000000e+00 -5.952902300000000105e+04 3.600000000000000000e+01 8.124999999999999500e-07
1.782999999999999918e+00 -5.952723999999999796e+04 3.650000000000000000e+01 8.189000000000000073e-07
0.000000000000000000e+00 -5.952902399999999761e+04 3.700000000000000000e+01 8.189000000000000073e-07
1.782999999999999918e+00 -5.952723999999999796e+04 3.750000000000000000e+01 8.282999999999999724e-07
0.000000000000000000e+00 -5.952902399999999761e+04 3.800000000000000000e+01 8.282999999999999724e-07
1.782999999999999918e+00 -5.952723999999999796e+04 3.850000000000000000e+01 8.397999999999999893e-07
0.000000000000000000e+00 -5.952902300000000105e+04 3.900000000000000000e+01 8.397999999999999893e-07
1.782999999999999918e+00 -5.952723999999999796e+04 3.950000000000000000e+01 8.482999999999999926e-07
0.000000000000000000e+00 -5.952902399999999761e+04 4.000000000000000000e+01 8.482999999999999926e-07
1.782999999999999918e+00 -5.952723999999999796e+04 4.050000000000000000e+01 8.799000000000000374e-07
0.000000000000000000e+00 -5.952902399999999761e+04 4.100000000000000000e+01 8.799000000000000374e-07
1.782999999999999918e+00 -5.952723999999999796e+04 4.150000000000000000e+01 8.842000000000000428e-07
0.000000000000000000e+00 -5.952902399999999761e+04 4.200000000000000000e+01 8.842000000000000428e-07
1.782999999999999918e+00 -5.952723999999999796e+04 4.250000000000000000e+01 9.240999999999999699e-07
0.000000000000000000e+00 -5.952902300000000105e+04 4.300000000000000000e+01 9.240999999999999699e-07
1.782999999999999918e+00 -5.952724100000000180e+04 4.350000000000000000e+01 9.431000000000000210e-07
0.000000000000000000e+00 -5.952902399999999761e+04 4.400000000000000000e+01 9.431000000000000210e-07
1.782999999999999918e+00 -5.952723999999999796e+04 4.450000000000000000e+01 9.661999999999999565e-07
0.000000000000000000e+00 -5.952902399999999761e+04 4.500000000000000000e+01 9.661999999999999565e-07
1.782999999999999918e+00 -5.952723999999999796e+04 4.550000000000000000e+01 1.022999999999999989e-06
0.000000000000000000e+00 -5.952902399999999761e+04 4.600000000000000000e+01 1.022999999999999989e-06
1.782999999999999918e+00 -5.952723999999999796e+04 4.650000000000000000e+01 1.049000000000000036e-06
0.000000000000000000e+00 -5.952902399999999761e+04 4.700000000000000000e+01 1.049000000000000036e-06
1.782999999999999918e+00 -5.952723999999999796e+04 4.750000000000000000e+01 1.061999999999999954e-06
0.000000000000000000e+00 -5.952902399999999761e+04 4.800000000000000000e+01 1.061999999999999954e-06
1.782999999999999918e+00 -5.952723999999999796e+04 4.850000000000000000e+01 1.134999999999999933e-06
0.000000000000000000e+00 -5.952902399999999761e+04 4.900000000000000000e+01 1.134999999999999933e-06
1.782999999999999918e+00 -5.952723999999999796e+04 4.950000000000000000e+01 1.157000000000000103e-06
0.000000000000000000e+00 -5.952902399999999761e+04 5.000000000000000000e+01 1.157000000000000103e-06
1.782999999999999918e+00 -5.952723999999999796e+04 5.050000000000000000e+01 1.185999999999999953e-06
0.000000000000000000e+00 -5.952902399999999761e+04 5.100000000000000000e+01 1.185999999999999953e-06
1.782999999999999918e+00 -5.952723999999999796e+04 5.150000000000000000e+01 1.216999999999999952e-06
0.000000000000000000e+00 -5.952902399999999761e+04 5.200000000000000000e+01 1.216999999999999952e-06
1.782999999999999918e+00 -5.952723999999999796e+04 5.250000000000000000e+01 1.219000000000000103e-06
0.000000000000000000e+00 -5.952902300000000105e+04 5.300000000000000000e+01 1.219000000000000103e-06
1.782999999999999918e+00 -5.952723999999999796e+04 5.350000000000000000e+01 1.233000000000000096e-06
0.000000000000000000e+00 -5.952902399999999761e+04 5.400000000000000000e+01 1.233000000000000096e-06
1.782999999999999918e+00 -5.952723999999999796e+04 5.450000000000000000e+01 1.241000000000000061e-06
0.000000000000000000e+00 -5.952902300000000105e+04 5.500000000000000000e+01 1.241000000000000061e-06
1.782999999999999918e+00 -5.952723999999999796e+04 5.550000000000000000e+01 1.247999999999999952e-06
0.000000000000000000e+00 -5.952902399999999761e+04 5.600000000000000000e+01 1.247999999999999952e-06
1.782999999999999918e+00 -5.952723999999999796e+04 5.650000000000000000e+01 1.301999999999999986e-06
0.000000000000000000e+00 -5.952902300000000105e+04 5.700000000000000000e+01 1.301999999999999986e-06
1.782999999999999918e+00 -5.952723999999999796e+04 5.750000000000000000e+01 1.306000000000000074e-06
0.000000000000000000e+00 -5.952902399999999761e+04 5.800000000000000000e+01 1.306000000000000074e-06
1.782999999999999918e+00 -5.952723999999999796e+04 5.850000000000000000e+01 1.393999999999999909e-06
0.000000000000000000e+00 -5.952902300000000105e+04 5.900000000000000000e+01 1.393999999999999909e-06
1.782999999999999918e+00 -5.952723999999999796e+04 5.950000000000000000e+01 1.428999999999999998e-06
0.000000000000000000e+00 -5.952902399999999761e+04 6.000000000000000000e+01 1.428999999999999998e-06
1.782999999999999918e+00 -5.952723999999999796e+04 6.050000000000000000e+01 1.441000000000000052e-06
0.000000000000000000e+00 -5.952902300000000105e+04 6.100000000000000000e+01 1.441000000000000052e-06
1.782999999999999918e+00 -5.952723999999999796e+04 6.150000000000000000e+01 1.501999999999999977e-06
0.000000000000000000e+00 -5.952902399999999761e+04 6.200000000000000000e+01 1.501999999999999977e-06
1.782999999999999918e+00 -5.952723999999999796e+04 6.250000000000000000e+01 1.534999999999999915e-06
0.000000000000000000e+00 -5.952902300000000105e+04 6.300000000000000000e+01 1.534999999999999915e-06
1.782999999999999918e+00 -5.952723999999999796e+04 6.350000000000000000e+01 1.539000000000000003e-06
0.000000000000000000e+00 -5.952902399999999761e+04 6.400000000000000000e+01 1.539000000000000003e-06
1.782999999999999918e+00 -5.952723999999999796e+04 6.450000000000000000e+01 1.597999999999999989e-06
0.000000000000000000e+00 -5.952902399999999761e+04 6.500000000000000000e+01 1.597999999999999989e-06
1.782999999999999918e+00 -5.952723999999999796e+04 6.550000000000000000e+01 1.610999999999999907e-06
0.000000000000000000e+00 -5.952902300000000105e+04 6.600000000000000000e+01 1.610999999999999907e-06
1.782999999999999918e+00 -5.952723999999999796e+04 6.650000000000000000e+01 1.616999999999999934e-06
0.000000000000000000e+00 -5.952902399999999761e+04 6.700000000000000000e+01 1.616999999999999934e-06
1.782999999999999918e+00 -5.952723999999999796e+04 6.750000000000000000e+01 1.621000000000000023e-06
0.000000000000000000e+00 -5.952902399999999761e+04 6.800000000000000000e+01 1.621000000000000023e-06
1.782999999999999918e+00 -5.952723999999999796e+04 6.850000000000000000e+01 1.672000000000000043e-06
0.000000000000000000e+00 -5.952902399999999761e+04 6.900000000000000000e+01 1.672000000000000043e-06
1.782999999999999918e+00 -5.952723999999999796e+04 6.950000000000000000e+01 1.684999999999999961e-06
0.000000000000000000e+00 -5.952902300000000105e+04 7.000000000000000000e+01 1.684999999999999961e-06
1.782999999999999918e+00 -5.952723999999999796e+04 7.050000000000000000e+01 1.723999999999999926e-06
0.000000000000000000e+00 -5.952902399999999761e+04 7.100000000000000000e+01 1.723999999999999926e-06
1.782999999999999918e+00 -5.952723999999999796e+04 7.150000000000000000e+01 1.729999999999999953e-06
0.000000000000000000e+00 -5.952902300000000105e+04 7.200000000000000000e+01 1.729999999999999953e-06
1.782999999999999918e+00 -5.952723999999999796e+04 7.250000000000000000e+01 1.745000000000000022e-06
0.000000000000000000e+00 -5.952902300000000105e+04 7.300000000000000000e+01 1.745000000000000022e-06
1.782999999999999918e+00 -5.952723999999999796e+04 7.350000000000000000e+01 1.748000000000000035e-06
0.000000000000000000e+00 -5.952902399999999761e+04 7.400000000000000000e+01 1.748000000000000035e-06
1.782999999999999918e+00 -5.952724100000000180e+04 7.450000000000000000e+01 1.768000000000000056e-06
0.000000000000000000e+00 -5.952902399999999761e+04 7.500000000000000000e+01 1.768000000000000056e-06
1.782999999999999918e+00 -5.952723999999999796e+04 7.550000000000000000e+01 1.810000000000000035e-06
0.000000000000000000e+00 -5.952902399999999761e+04 7.600000000000000000e+01 1.810000000000000035e-06
1.782999999999999918e+00 -5.952723999999999796e+04 7.650000000000000000e+01 1.810999999999999898e-06
0.000000000000000000e+00 -5.952902399999999761e+04 7.700000000000000000e+01 1.810999999999999898e-06
1.782999999999999918e+00 -5.952723999999999796e+04 7.750000000000000000e+01 1.827999999999999905e-06
0.000000000000000000e+00 -5.952902300000000105e+04 7.800000000000000000e+01 1.827999999999999905e-06
1.782999999999999918e+00 -5.952723999999999796e+04 7.850000000000000000e+01 1.841000000000000034e-06
0.000000000000000000e+00 -5.952902399999999761e+04 7.900000000000000000e+01 1.841000000000000034e-06
1.782999999999999918e+00 -5.952723999999999796e+04 7.950000000000000000e+01 1.841000000000000034e-06
0.000000000000000000e+00 -5.952902399999999761e+04 8.000000000000000000e+01 1.841000000000000034e-06
1.782999999999999918e+00 -5.952723999999999796e+04 8.050000000000000000e+01 1.870000000000000095e-06
0.000000000000000000e+00 -5.952902399999999761e+04 8.100000000000000000e+01 1.870000000000000095e-06
1.782999999999999918e+00 -5.952723999999999796e+04 8.150000000000000000e+01 1.895000000000000068e-06
0.000000000000000000e+00 -5.952902399999999761e+04 8.200000000000000000e+01 1.895000000000000068e-06
1.782999999999999918e+00 -5.952723999999999796e+04 8.250000000000000000e+01 1.903999999999999897e-06
0.000000000000000000e+00 -5.952902399999999761e+04 8.300000000000000000e+01 1.903999999999999897e-06
1.782999999999999918e+00 -5.952723999999999796e+04 8.350000000000000000e+01 1.913999999999999801e-06
0.000000000000000000e+00 -5.952902399999999761e+04 8.400000000000000000e+01 1.913999999999999801e-06
1.782999999999999918e+00 -5.952723999999999796e+04 8.450000000000000000e+01 1.931999999999999883e-06
0.000000000000000000e+00 -5.952902300000000105e+04 8.500000000000000000e+01 1.931999999999999883e-06
1.782999999999999918e+00 -5.952724100000000180e+04 8.550000000000000000e+01 1.936000000000000183e-06
0.000000000000000000e+00 -5.952902300000000105e+04 8.600000000000000000e+01 1.936000000000000183e-06
1.782999999999999918e+00 -5.952724100000000180e+04 8.650000000000000000e+01 1.955999999999999992e-06
0.000000000000000000e+00 -5.952902300000000105e+04 8.700000000000000000e+01 1.955999999999999992e-06
1.784000000000000030e+00 -5.952723999999999796e+04 8.750000000000000000e+01 1.958000000000000142e-06
0.000000000000000000e+00 -5.952902399999999761e+04 8.800000000000000000e+01 1.958000000000000142e-06
1.782999999999999918e+00 -5.952723999999999796e+04 8.850000000000000000e+01 1.966999999999999971e-06
0.000000000000000000e+00 -5.952902300000000105e+04 8.900000000000000000e+01 1.966999999999999971e-06
1.782999999999999918e+00 -5.952724100000000180e+04 8.950000000000000000e+01 1.981000000000000176e-06
0.000000000000000000e+00 -5.952902300000000105e+04 9.000000000000000000e+01 1.981000000000000176e-06
1.782999999999999918e+00 -5.952723999999999796e+04 9.050000000000000000e+01 1.997000000000000108e-06
0.000000000000000000e+00 -5.952902399999999761e+04 9.100000000000000000e+01 1.997000000000000108e-06
1.782999999999999918e+00 -5.952723999999999796e+04 9.150000000000000000e+01 2.010999999999999889e-06
0.000000000000000000e+00 -5.952902300000000105e+04 9.200000000000000000e+01 2.010999999999999889e-06
1.782999999999999918e+00 -5.952723999999999796e+04 9.250000000000000000e+01 2.020999999999999793e-06
0.000000000000000000e+00 -5.952902399999999761e+04 9.300000000000000000e+01 2.020999999999999793e-06
1.782999999999999918e+00 -5.952723999999999796e+04 9.350000000000000000e+01 2.026000000000000169e-06
0.000000000000000000e+00 -5.952902300000000105e+04 9.400000000000000000e+01 2.026000000000000169e-06
1.782999999999999918e+00 -5.952724100000000180e+04 9.450000000000000000e+01 2.044999999999999902e-06
0.000000000000000000e+00 -5.952902300000000105e+04 9.500000000000000000e+01 2.044999999999999902e-06
1.782999999999999918e+00 -5.952723999999999796e+04 9.550000000000000000e+01 2.044999999999999902e-06
0.000000000000000000e+00 -5.952902399999999761e+04 9.600000000000000000e+01 2.044999999999999902e-06
1.782999999999999918e+00 -5.952723999999999796e+04 9.650000000000000000e+01 2.049999999999999854e-06
0.000000000000000000e+00 -5.952902300000000105e+04 9.700000000000000000e+01 2.049999999999999854e-06
1.782999999999999918e+00 -5.952723999999999796e+04 9.750000000000000000e+01 2.050999999999999929e-06
0.000000000000000000e+00 -5.952902399999999761e+04 9.800000000000000000e+01 2.050999999999999929e-06
1.782999999999999918e+00 -5.952723999999999796e+04 9.850000000000000000e+01 2.050999999999999929e-06
0.000000000000000000e+00 -5.952902300000000105e+04 9.900000000000000000e+01 2.050999999999999929e-06
1.782999999999999918e+00 -5.952723999999999796e+04 9.950000000000000000e+01 2.096999999999999997e-06
0.000000000000000000e+00 -5.952902399999999761e+04 1.000000000000000000e+02 2.096999999999999997e-06
