# t	msd	err
9.695652173913438692e-10 4.493521603936324604e-01 2.138290540467727846e-02
1.984615384615399205e-09 4.426823845500057475e-01 9.747835607262146651e-03
2.910000000000143186e-09 6.662429025510918645e-01 1.096833400050332280e-01
4.595652173912980261e-09 6.977175976146241521e-01 8.429683168277067595e-02
7.723863636363625441e-09 8.191239873221803913e-01 7.761158715387897478e-02
1.204837545126351292e-08 8.792568080915633688e-01 5.447054386154838446e-02
2.238395161290322504e-08 1.441133136861461495e+00 7.676568756637411339e-02
3.804437499999996376e-08 1.947641605009616139e+00 7.678810370458810652e-02
6.671557035803536267e-08 3.003807321420539633e+00 7.894377663979612603e-02
1.153150595238067888e-07 4.724004852080975425e+00 8.545698334890905468e-02
1.937281623415825578e-07 7.805664347241513035e+00 1.095985521375482385e-01
3.307288560754265139e-07 1.248822088667540697e+01 1.326876052391582905e-01
5.656785097957338906e-07 1.967437111553014262e+01 1.739672855911384430e-01
9.654640429810188577e-07 3.510869593168758485e+01 2.419076163853277894e-01
1.647715748230351955e-06 6.004596301737184660e+01 3.130530308252561511e-01
2.805058623317313769e-06 1.148376644500683454e+02 3.465315586746119947e-01
4.760081912320802710e-06 2.046947841145068310e+02 4.650540416855694636e-01
7.968911488410804426e-06 3.898545431852239176e+02 6.788908714837778025e-01
1.270595517056503937e-05 7.186322408913431445e+02 7.736742200789444857e-01
