# t
0.000000000000000000e+00
3.167660199999999856e-09
4.586109599999999869e-09
7.926260899999999756e-09
8.400538300000000312e-09
8.411971000000000171e-09
9.502398199999999203e-09
1.052647799999999960e-08
1.112039299999999920e-08
1.161744399999999999e-08
1.203325200000000021e-08
1.541078499999999912e-08
1.561297799999999853e-08
1.629892899999999977e-08
1.667233499999999959e-08
1.673071999999999948e-08
1.731128900000000143e-08
1.847539000000000024e-08
1.924453000000000034e-08
1.938140199999999908e-08
1.939887700000000103e-08
1.951929399999999871e-08
2.021189599999999921e-08
2.046390399999999965e-08
2.089913400000000043e-08
2.093888900000000077e-08
2.168848200000000017e-08
2.209389000000000052e-08
2.244167299999999838e-08
2.325024300000000110e-08
2.358111500000000145e-08
2.515830400000000031e-08
2.520869499999999967e-08
2.527605000000000021e-08
2.564542100000000087e-08
2.665707599999999949e-08
2.743304499999999933e-08
2.888491700000000025e-08
2.959754899999999990e-08
3.226143100000000189e-08
3.244515499999999682e-08
3.286907899999999677e-08
3.290278999999999945e-08
3.458258199999999848e-08
3.489674299999999888e-08
3.597292400000000282e-08
3.931457800000000279e-08
4.128705200000000108e-08
4.223746300000000163e-08
4.334732800000000295e-08
4.338977699999999849e-08
4.538984899999999964e-08
4.611616199999999951e-08
4.659254100000000164e-08
4.701553100000000164e-08
4.745713700000000004e-08
4.844858300000000200e-08
4.857825800000000279e-08
4.940496600000000043e-08
4.993528400000000133e-08
5.149731000000000071e-08
5.161872799999999984e-08
5.215377800000000039e-08
5.450148299999999792e-08
5.470046099999999818e-08
5.688636600000000150e-08
5.769207999999999709e-08
5.870299199999999708e-08
5.980699499999999588e-08
6.078298199999999664e-08
6.100611900000000532e-08
6.104857499999999978e-08
6.136258700000000231e-08
6.162834599999999881e-08
6.172359100000000265e-08
6.214411799999999507e-08
6.260016300000000040e-08
6.305825500000000643e-08
6.325697300000000322e-08
6.327629200000000403e-08
6.337073199999999941e-08
6.538950199999999864e-08
6.582985500000000459e-08
6.604154999999999886e-08
6.678291899999999389e-08
6.875801299999999356e-08
7.025766199999999767e-08
7.060500400000000386e-08
7.109526499999999748e-08
7.222732900000000445e-08
7.381933599999999540e-08
7.394887999999999745e-08
7.432125100000000483e-08
7.445491600000000035e-08
7.446766500000000457e-08
7.452422499999999511e-08
7.569565899999999883e-08
7.730624899999999419e-08
7.753575200000000061e-08
7.824395400000000093e-08
7.856827499999999750e-08
7.939363399999999856e-08
7.961318400000000531e-08
8.139885299999999600e-08
8.175256099999999992e-08
8.211200500000000590e-08
8.388595400000000606e-08
8.425259999999999834e-08
8.700048899999999855e-08
8.705216599999999756e-08
8.713068799999999433e-08
8.779378600000000312e-08
8.839339400000000264e-08
9.038349500000000501e-08
9.058695099999999675e-08
9.150674100000000025e-08
9.372096799999999900e-08
9.460448500000000369e-08
9.542389799999999531e-08
9.560080100000000296e-08
9.764236400000000529e-08
9.787681200000000316e-08
9.855142600000000362e-08
9.978345899999999830e-08
9.994883600000000448e-08
1.024349200000000047e-07
1.035306900000000029e-07
1.049773400000000034e-07
1.067932800000000053e-07
1.069265400000000008e-07
1.072858800000000001e-07
1.079041499999999995e-07
1.079836300000000038e-07
1.083529600000000046e-07
1.099426600000000046e-07
1.102238200000000037e-07
1.108432299999999959e-07
1.110851099999999938e-07
1.116656500000000031e-07
1.117312699999999965e-07
1.138916000000000032e-07
1.146095400000000041e-07
1.162760400000000012e-07
1.177380199999999983e-07
1.187363700000000041e-07
1.204138100000000077e-07
1.240158999999999981e-07
1.241711999999999916e-07
1.243893299999999957e-07
1.244001799999999934e-07
1.253583199999999994e-07
1.255014699999999910e-07
1.260606800000000102e-07
1.280136900000000111e-07
1.280776100000000052e-07
1.282063600000000122e-07
1.294599999999999959e-07
1.297321600000000112e-07
1.305829999999999987e-07
1.310469900000000122e-07
1.315865700000000009e-07
1.316268000000000071e-07
1.320014800000000126e-07
1.329399800000000048e-07
1.347916500000000078e-07
1.351415799999999919e-07
1.356450900000000035e-07
1.360433699999999882e-07
1.362343300000000068e-07
1.363363200000000067e-07
1.366174399999999931e-07
1.371091000000000058e-07
1.376618600000000005e-07
1.378092499999999937e-07
1.420429699999999939e-07
1.439158900000000011e-07
1.442152599999999882e-07
1.443905699999999877e-07
1.459020399999999914e-07
1.471077400000000059e-07
1.495603699999999894e-07
1.504857099999999953e-07
1.515130899999999971e-07
1.523724600000000105e-07
1.533785499999999954e-07
1.538889899999999992e-07
1.541704800000000042e-07
1.546328400000000076e-07
1.550261100000000033e-07
1.550752700000000040e-07
1.553527300000000015e-07
1.557854000000000101e-07
1.559820300000000030e-07
1.573634699999999887e-07
1.578649799999999980e-07
1.583969499999999895e-07
1.584424899999999877e-07
1.586275999999999877e-07
1.586687799999999989e-07
1.595813099999999910e-07
1.597268799999999996e-07
1.609976600000000075e-07
1.610917499999999906e-07
1.611602099999999894e-07
1.622316799999999970e-07
1.626310999999999878e-07
1.627607800000000067e-07
1.631001200000000098e-07
1.633606399999999939e-07
1.633843899999999878e-07
1.634096399999999965e-07
1.644330300000000037e-07
1.648720700000000113e-07
1.653648599999999939e-07
1.654171499999999931e-07
1.655868399999999877e-07
1.658372599999999948e-07
1.659190200000000113e-07
1.667979700000000061e-07
1.679345599999999934e-07
1.683064100000000034e-07
1.693081799999999876e-07
1.693688800000000009e-07
1.705160200000000094e-07
1.706484900000000111e-07
1.722399100000000035e-07
1.729686400000000096e-07
1.735780799999999933e-07
1.735783700000000130e-07
1.740804499999999989e-07
1.741783099999999992e-07
1.744127899999999941e-07
1.744161300000000132e-07
1.745874400000000081e-07
1.748782199999999900e-07
1.757834600000000075e-07
1.761498299999999912e-07
1.765310599999999870e-07
1.767546800000000007e-07
1.767675699999999870e-07
1.773187400000000109e-07
1.778596099999999940e-07
1.785319300000000109e-07
1.795133399999999901e-07
1.800108300000000018e-07
1.800404200000000043e-07
1.810738099999999964e-07
1.812138000000000130e-07
1.812813400000000096e-07
1.812971900000000130e-07
1.816307499999999868e-07
1.824010299999999962e-07
1.824800900000000123e-07
1.830535300000000082e-07
1.834387999999999948e-07
1.836300399999999967e-07
1.838151100000000105e-07
1.841375799999999894e-07
1.842602100000000043e-07
1.851311899999999930e-07
1.851579800000000029e-07
1.852878300000000033e-07
1.853689800000000040e-07
1.857733800000000073e-07
1.858132000000000085e-07
1.866955800000000048e-07
1.869377300000000027e-07
1.872071000000000088e-07
1.872337700000000070e-07
1.873044299999999924e-07
1.875562900000000085e-07
1.880212400000000103e-07
1.888895399999999917e-07
1.892778400000000111e-07
1.898325899999999982e-07
1.899191200000000066e-07
1.900263700000000025e-07
1.900719599999999968e-07
1.910134800000000119e-07
1.913107099999999919e-07
1.923382299999999987e-07
1.924841000000000103e-07
1.927894700000000043e-07
1.939731500000000007e-07
1.943008900000000119e-07
1.945210300000000015e-07
1.946391200000000118e-07
1.950096499999999981e-07
1.950874199999999934e-07
1.955435399999999929e-07
1.962013699999999900e-07
1.965118100000000053e-07
1.971645799999999908e-07
1.973921100000000003e-07
1.974711000000000006e-07
1.977625899999999905e-07
1.979690400000000036e-07
1.980341600000000097e-07
1.987719899999999916e-07
1.993095299999999918e-07
1.995685900000000002e-07
1.996034700000000016e-07
1.997672999999999944e-07
2.007823099999999905e-07
2.009490500000000043e-07
2.009608200000000042e-07
2.025101700000000127e-07
2.028510799999999935e-07
2.029799799999999888e-07
2.029883900000000028e-07
2.037680199999999951e-07
2.037690999999999952e-07
2.040685399999999981e-07
2.040809199999999872e-07
2.044744199999999967e-07
2.047341399999999905e-07
2.062276899999999993e-07
2.068147000000000129e-07
2.071644399999999960e-07
2.073261699999999944e-07
2.077067200000000117e-07
2.083005499999999891e-07
2.085670899999999997e-07
2.096891899999999936e-07
2.096969300000000124e-07
2.097626399999999882e-07
2.098715499999999970e-07
2.100808199999999958e-07
2.102403500000000076e-07
2.105178900000000041e-07
2.109181800000000009e-07
2.110271200000000127e-07
2.118456800000000071e-07
2.119482600000000032e-07
2.123792300000000125e-07
2.137879700000000053e-07
2.143622099999999915e-07
2.144459199999999877e-07
2.146154299999999912e-07
2.146264600000000066e-07
2.146717600000000077e-07
2.159864800000000067e-07
2.166720999999999884e-07
2.174271600000000034e-07
2.176004500000000074e-07
2.194136099999999967e-07
2.196884900000000055e-07
2.202148000000000060e-07
2.205980000000000011e-07
2.216746899999999919e-07
2.220737399999999905e-07
2.220995400000000091e-07
2.224796799999999949e-07
2.233523199999999966e-07
2.240611100000000123e-07
2.247059599999999878e-07
2.248021199999999888e-07
2.261855999999999895e-07
2.265710100000000075e-07
2.273708100000000039e-07
2.278137900000000101e-07
2.278830300000000061e-07
2.280395899999999909e-07
2.280516799999999869e-07
2.280880100000000072e-07
2.292479100000000068e-07
2.297571600000000086e-07
2.297583200000000078e-07
2.318288900000000022e-07
2.333065799999999978e-07
2.339942699999999975e-07
2.343340899999999948e-07
2.343740699999999940e-07
2.356250799999999930e-07
2.362607700000000132e-07
2.362733100000000004e-07
2.365970000000000109e-07
2.368151200000000052e-07
2.369017000000000096e-07
2.370968599999999906e-07
2.372429399999999963e-07
2.373709600000000023e-07
2.375372999999999945e-07
2.379018600000000034e-07
2.382106599999999989e-07
2.383347299999999964e-07
2.385068300000000247e-07
2.386743599999999926e-07
2.388800700000000213e-07
2.396152499999999989e-07
2.413881499999999790e-07
2.414987200000000009e-07
2.416174600000000132e-07
2.416276000000000030e-07
2.417732200000000077e-07
2.430057899999999784e-07
2.432976099999999742e-07
2.434321999999999899e-07
2.435456699999999966e-07
2.438538300000000262e-07
2.445428599999999899e-07
