# t
0.000000000000000000e+00
6.715688100000000149e-12
7.763773699999999860e-12
7.778028000000000187e-12
9.529576799999999639e-12
1.017377699999999978e-11
1.018897500000000041e-11
1.213834299999999947e-11
1.216106400000000017e-11
1.305475300000000000e-11
1.348922699999999975e-11
1.749890999999999859e-11
1.906476899999999999e-11
2.040936399999999846e-11
5.749430799999999885e-11
6.068668500000000497e-11
6.689092600000000578e-11
7.134658700000000516e-11
7.157871399999999428e-11
7.725624600000000426e-11
8.315982400000000207e-11
9.427467899999999450e-11
9.521074000000000068e-11
1.156965100000000001e-10
1.194528600000000081e-10
1.380498200000000036e-10
1.629057199999999942e-10
1.701415499999999965e-10
1.725570600000000055e-10
1.829083699999999944e-10
2.021166200000000092e-10
2.283387899999999962e-10
2.369363399999999920e-10
2.837490299999999982e-10
2.909693399999999853e-10
3.011839500000000061e-10
3.045481800000000070e-10
3.186105199999999889e-10
3.203241600000000090e-10
3.977005599999999942e-10
3.989416800000000078e-10
4.005181799999999868e-10
4.255956099999999950e-10
4.260674899999999940e-10
4.272100299999999953e-10
4.279455999999999992e-10
4.288128399999999756e-10
4.317123299999999892e-10
4.328918999999999762e-10
4.402160499999999876e-10
4.507467999999999825e-10
4.680903800000000216e-10
4.710533900000000485e-10
4.720312400000000153e-10
4.733652700000000122e-10
5.001484499999999966e-10
5.080951900000000105e-10
5.098497699999999600e-10
5.201833800000000194e-10
5.226482199999999800e-10
5.271543599999999676e-10
5.288322199999999868e-10
5.325639899999999581e-10
5.325732400000000116e-10
5.542329799999999966e-10
5.544511999999999516e-10
5.568186099999999564e-10
5.588270599999999548e-10
5.596054300000000053e-10
5.599315700000000134e-10
5.785948200000000317e-10
5.924743799999999924e-10
5.936072500000000338e-10
5.947143299999999604e-10
5.958390300000000031e-10
6.097966200000000428e-10
6.145617500000000362e-10
7.742676900000000031e-10
7.749633199999999828e-10
8.844716700000000434e-10
8.847318999999999896e-10
8.848802000000000107e-10
8.875407999999999633e-10
8.876648300000000233e-10
8.902318500000000064e-10
8.918668099999999989e-10
8.979603400000000350e-10
9.157949199999999951e-10
9.220829600000000383e-10
9.265949799999999563e-10
9.285887199999999805e-10
9.449160699999999468e-10
9.482001999999999534e-10
9.898064299999999345e-10
1.003929599999999941e-09
1.005281900000000054e-09
1.019241200000000060e-09
1.024155200000000029e-09
1.031759500000000008e-09
1.033246999999999999e-09
1.034613099999999962e-09
1.039892999999999937e-09
1.066353999999999976e-09
1.074442799999999924e-09
1.077826800000000003e-09
1.079430000000000066e-09
1.092093700000000042e-09
1.093127399999999924e-09
1.094364200000000029e-09
1.111548400000000061e-09
1.142719000000000053e-09
1.149191900000000026e-09
1.171588799999999911e-09
1.172095699999999989e-09
1.185392499999999947e-09
1.192566699999999928e-09
1.198350899999999980e-09
1.198885899999999916e-09
1.200329999999999928e-09
1.211871599999999966e-09
1.221809399999999956e-09
1.226231199999999983e-09
1.229804100000000100e-09
1.250524300000000067e-09
1.256486200000000102e-09
1.256904799999999950e-09
1.260142900000000049e-09
1.262252899999999952e-09
1.274146200000000019e-09
1.299853699999999953e-09
1.313054400000000089e-09
1.321118299999999958e-09
1.361139999999999913e-09
1.400257699999999971e-09
1.408490499999999914e-09
1.420164900000000099e-09
1.424232100000000000e-09
1.442305299999999904e-09
1.446223400000000046e-09
1.448856600000000053e-09
1.488684799999999950e-09
1.488718700000000003e-09
1.505475300000000007e-09
1.506809499999999934e-09
1.892032800000000200e-09
1.917889899999999846e-09
1.920644399999999849e-09
1.958660300000000030e-09
1.958977599999999847e-09
1.972092299999999865e-09
1.972313300000000003e-09
2.004715499999999890e-09
2.006034600000000173e-09
2.008352599999999999e-09
2.008511000000000034e-09
2.008652999999999805e-09
2.012352700000000017e-09
2.012979400000000027e-09
2.040075300000000002e-09
2.041501800000000193e-09
2.117798799999999894e-09
2.145523100000000006e-09
2.190928000000000192e-09
2.237156399999999841e-09
2.238169300000000124e-09
2.239466199999999948e-09
2.239673200000000173e-09
2.304392700000000179e-09
2.305559900000000018e-09
2.325566900000000112e-09
2.325873899999999954e-09
2.333434199999999970e-09
2.336685000000000188e-09
2.389223500000000026e-09
2.391204900000000087e-09
2.393705000000000059e-09
2.396704700000000056e-09
2.401858799999999841e-09
2.401983699999999951e-09
2.407697699999999958e-09
2.407699899999999833e-09
2.409117400000000050e-09
2.409132900000000028e-09
2.410200800000000059e-09
2.410320100000000038e-09
2.411606400000000206e-09
2.411649000000000137e-09
2.421352400000000060e-09
2.421382700000000206e-09
2.422689499999999878e-09
2.422707799999999921e-09
2.430194299999999986e-09
2.430281099999999945e-09
2.431832399999999801e-09
2.432002399999999811e-09
2.441343500000000049e-09
2.441371299999999812e-09
2.442948199999999970e-09
2.442978700000000180e-09
2.444569699999999870e-09
2.444622600000000189e-09
2.445428699999999898e-09
2.469809399999999989e-09
2.473946799999999934e-09
2.537730499999999832e-09
2.542782300000000094e-09
2.553915600000000052e-09
2.558812100000000025e-09
2.572068500000000133e-09
2.572659699999999993e-09
2.573476799999999899e-09
2.576827500000000116e-09
2.576858900000000199e-09
2.578876300000000156e-09
2.584081400000000068e-09
2.584084699999999879e-09
2.589922700000000123e-09
2.594516600000000003e-09
2.626164699999999800e-09
2.626783799999999868e-09
2.627496499999999996e-09
2.627791899999999862e-09
2.629052200000000013e-09
2.635855899999999970e-09
2.637301199999999950e-09
2.638051500000000069e-09
2.640887800000000092e-09
2.641652499999999838e-09
2.666285500000000119e-09
2.671156400000000204e-09
2.672294599999999897e-09
2.680495400000000186e-09
2.681434200000000009e-09
2.681489200000000170e-09
2.681544600000000046e-09
2.692985099999999909e-09
2.701685999999999970e-09
2.720603000000000019e-09
2.744961300000000001e-09
2.748118200000000065e-09
2.750874799999999911e-09
2.752183799999999870e-09
2.843703100000000174e-09
2.844779700000000083e-09
2.845281199999999888e-09
2.845659099999999997e-09
2.850299699999999874e-09
2.856663999999999970e-09
2.861240199999999998e-09
2.862696400000000144e-09
2.862875000000000001e-09
2.868222799999999907e-09
2.870068700000000201e-09
2.876109400000000127e-09
2.876157899999999871e-09
2.882695999999999948e-09
2.883572200000000081e-09
2.886155800000000201e-09
2.886181999999999867e-09
2.886383299999999929e-09
2.886679800000000146e-09
2.893549099999999921e-09
2.894252099999999851e-09
2.970649799999999806e-09
2.971022800000000007e-09
2.972115700000000149e-09
2.987274000000000204e-09
2.996936599999999943e-09
3.020610300000000070e-09
3.021314499999999969e-09
3.035714100000000122e-09
3.037123899999999954e-09
3.062595099999999836e-09
3.153964599999999951e-09
3.162261799999999950e-09
3.164934800000000030e-09
3.206250399999999886e-09
3.210059000000000071e-09
3.210958799999999870e-09
3.211461400000000025e-09
3.217024499999999906e-09
3.224043000000000092e-09
3.248246700000000010e-09
3.249647000000000121e-09
3.250450000000000082e-09
3.250632800000000037e-09
3.251644299999999874e-09
3.251940800000000091e-09
3.255451600000000058e-09
3.255667200000000129e-09
3.255695800000000147e-09
3.255989100000000171e-09
3.257718899999999852e-09
3.263820999999999911e-09
3.264221799999999875e-09
3.267505100000000113e-09
3.268104700000000170e-09
3.288853899999999869e-09
3.291609799999999905e-09
3.291702600000000122e-09
3.293246300000000037e-09
3.296119799999999924e-09
3.353205700000000122e-09
3.354083599999999971e-09
3.408321500000000140e-09
3.438475500000000117e-09
3.440284100000000102e-09
3.508769299999999852e-09
3.510857299999999979e-09
3.514932199999999853e-09
3.644120500000000186e-09
3.644580399999999964e-09
3.647022700000000122e-09
3.648015000000000042e-09
3.650756700000000101e-09
3.651562899999999842e-09
3.651666699999999843e-09
3.652217400000000028e-09
3.652734899999999969e-09
3.653711200000000166e-09
3.655286200000000132e-09
3.657683399999999976e-09
3.658137399999999941e-09
3.658378100000000155e-09
3.659809000000000095e-09
3.660612400000000183e-09
3.662367199999999976e-09
3.662847900000000180e-09
3.662848599999999990e-09
3.662892000000000176e-09
3.663333599999999911e-09
3.670186200000000153e-09
3.674395799999999952e-09
3.674716500000000025e-09
3.674771500000000187e-09
3.676282700000000081e-09
3.682208999999999935e-09
3.684456700000000099e-09
3.686475300000000024e-09
3.689403700000000040e-09
3.690588999999999858e-09
3.695615100000000199e-09
3.703675700000000051e-09
3.707221199999999912e-09
3.709710100000000035e-09
3.710288599999999983e-09
3.716781600000000159e-09
3.717042500000000195e-09
3.719899300000000135e-09
3.731432100000000056e-09
3.743113299999999720e-09
3.744713999999999607e-09
3.757448900000000152e-09
3.763389000000000269e-09
3.784771899999999728e-09
3.790886400000000017e-09
3.792378099999999899e-09
3.796883900000000233e-09
3.797821499999999674e-09
3.798953299999999808e-09
3.806410100000000332e-09
3.807820800000000037e-09
3.830011799999999841e-09
3.835484699999999921e-09
3.845577400000000278e-09
3.846162499999999848e-09
3.858405399999999895e-09
3.860544800000000278e-09
3.868403199999999780e-09
3.874936300000000331e-09
3.876547999999999588e-09
3.881875899999999768e-09
3.882816700000000228e-09
3.882842700000000245e-09
3.888142699999999802e-09
3.888221800000000202e-09
3.890519599999999792e-09
3.890580900000000308e-09
3.890928500000000271e-09
3.891149000000000249e-09
3.891652000000000118e-09
3.891880400000000134e-09
3.901092300000000132e-09
3.901330499999999962e-09
3.902673999999999752e-09
3.903958899999999887e-09
3.917651999999999822e-09
3.920994199999999810e-09
3.923856299999999785e-09
3.941308100000000128e-09
3.941471300000000040e-09
4.084846099999999597e-09
4.087704099999999919e-09
4.088504100000000165e-09
4.088537800000000154e-09
4.097111900000000326e-09
4.097116900000000266e-09
4.098973199999999739e-09
4.103410599999999776e-09
4.116568400000000299e-09
4.132737400000000350e-09
4.134393899999999826e-09
4.135952100000000227e-09
4.136716499999999877e-09
4.136812299999999810e-09
4.148872300000000283e-09
4.152077999999999773e-09
4.153706700000000314e-09
4.159755500000000339e-09
4.161029000000000149e-09
4.206870900000000257e-09
4.212811399999999674e-09
4.214032700000000215e-09
4.215799800000000205e-09
4.219979600000000018e-09
4.223118199999999624e-09
4.234611199999999680e-09
4.236839300000000213e-09
4.237076399999999693e-09
4.269008500000000272e-09
4.271208400000000088e-09
4.283027699999999933e-09
4.283031800000000413e-09
4.285768800000000215e-09
4.285863099999999669e-09
4.286954300000000096e-09
4.287017599999999595e-09
4.287458799999999616e-09
4.287480599999999948e-09
4.293087599999999761e-09
4.297521000000000177e-09
4.298038499999999705e-09
4.301543999999999637e-09
4.312335400000000208e-09
4.325944499999999836e-09
4.326384000000000143e-09
4.646327099999999925e-09
4.646604599999999876e-09
4.647386600000000173e-09
4.681328899999999654e-09
4.686639500000000109e-09
4.729903099999999720e-09
4.729918299999999602e-09
4.745976699999999965e-09
4.746139099999999621e-09
4.749350700000000165e-09
4.750507499999999997e-09
4.753526100000000228e-09
4.757569300000000337e-09
4.767997099999999981e-09
4.790515699999999991e-09
4.792144599999999768e-09
4.792187900000000336e-09
4.800882299999999979e-09
4.800985499999999789e-09
4.807381000000000317e-09
4.807518200000000212e-09
4.820178400000000106e-09
4.820331700000000170e-09
4.824327600000000090e-09
4.843195000000000045e-09
4.843905199999999789e-09
4.849733799999999931e-09
4.850631499999999888e-09
4.853757799999999710e-09
4.860586300000000127e-09
4.871616399999999862e-09
4.899718399999999606e-09
4.906313400000000036e-09
4.935294799999999694e-09
4.937141000000000084e-09
4.942798999999999611e-09
4.943234600000000329e-09
4.947900300000000349e-09
4.954896699999999694e-09
4.957891799999999880e-09
4.957972099999999835e-09
4.958137499999999620e-09
4.958244699999999878e-09
4.958705300000000293e-09
4.966655700000000170e-09
4.967210600000000040e-09
4.968061299999999903e-09
4.968067200000000130e-09
4.976544099999999923e-09
4.978405800000000291e-09
4.978658999999999940e-09
4.988749899999999724e-09
4.988877699999999931e-09
4.988931399999999678e-09
4.989888400000000340e-09
4.989931199999999921e-09
4.991466200000000371e-09
4.991567599999999608e-09
4.992133799999999770e-09
4.992157299999999817e-09
4.993103400000000313e-09
4.993202100000000343e-09
4.993868900000000314e-09
4.993989900000000008e-09
4.995608899999999938e-09
4.995636699999999701e-09
4.996256400000000374e-09
4.996369099999999904e-09
4.997339299999999810e-09
4.997545800000000289e-09
4.997824999999999954e-09
4.997837199999999708e-09
4.998292500000000088e-09
4.998394200000000246e-09
4.998656600000000347e-09
4.998723100000000038e-09
5.003118399999999890e-09
5.003120299999999668e-09
5.003963899999999750e-09
5.003969599999999913e-09
5.004181799999999727e-09
5.004204799999999614e-09
5.005266099999999609e-09
5.006040800000000062e-09
5.006090000000000029e-09
5.011604800000000230e-09
5.011619599999999985e-09
5.017918400000000294e-09
5.020242099999999869e-09
5.022941199999999996e-09
5.050684999999999708e-09
5.050962200000000390e-09
5.051731399999999916e-09
5.054022699999999916e-09
5.064172500000000278e-09
5.067174900000000309e-09
5.067481499999999609e-09
5.067971100000000170e-09
5.074216399999999968e-09
5.075413300000000175e-09
5.075822499999999922e-09
5.075829000000000340e-09
5.077248899999999668e-09
5.080987200000000191e-09
5.084393800000000029e-09
5.120658999999999657e-09
5.126713399999999813e-09
5.127020200000000005e-09
5.137168199999999792e-09
5.145814799999999914e-09
5.149293899999999702e-09
5.161515400000000372e-09
5.163393800000000273e-09
5.163656799999999737e-09
5.165792199999999672e-09
5.197213699999999614e-09
5.197790299999999783e-09
5.198246100000000322e-09
5.202119700000000134e-09
5.230535199999999724e-09
5.233765100000000311e-09
5.234015099999999767e-09
5.235739300000000145e-09
5.238319100000000293e-09
5.247683300000000037e-09
5.248319100000000052e-09
5.251457999999999755e-09
5.251574499999999668e-09
5.254510099999999912e-09
5.259298500000000168e-09
5.259376400000000185e-09
5.260603500000000093e-09
5.263440300000000275e-09
5.268199400000000290e-09
5.278786999999999589e-09
5.306836399999999936e-09
5.308825699999999621e-09
5.329632399999999865e-09
5.357942799999999867e-09
5.363834000000000112e-09
5.368770999999999761e-09
5.385128799999999611e-09
5.385600800000000352e-09
5.386508800000000283e-09
5.401636600000000128e-09
5.430249499999999778e-09
5.437443700000000137e-09
5.486423899999999757e-09
5.570610599999999838e-09
5.577565600000000048e-09
5.581220599999999660e-09
5.585779500000000377e-09
5.586578200000000208e-09
5.587010299999999810e-09
5.587329999999999978e-09
5.587564300000000220e-09
5.600106000000000390e-09
5.602345699999999658e-09
5.605749999999999590e-09
5.639576700000000271e-09
5.651702800000000308e-09
5.655553000000000105e-09
5.657419999999999681e-09
5.657921099999999771e-09
5.657944799999999882e-09
5.658255599999999694e-09
5.658305399999999853e-09
5.658504399999999595e-09
5.658626799999999735e-09
5.658966599999999693e-09
5.659144700000000218e-09
5.659169299999999788e-09
5.659298000000000282e-09
5.659308899999999621e-09
5.660259799999999992e-09
5.670045600000000126e-09
5.834776000000000366e-09
6.355822799999999734e-09
6.402808599999999698e-09
6.783314599999999624e-09
6.787243399999999661e-09
6.830986900000000049e-09
6.832639199999999841e-09
7.257573199999999978e-09
7.264812499999999825e-09
7.309757800000000328e-09
7.333474800000000195e-09
7.630698000000000319e-09
7.637637100000000424e-09
8.091159000000000514e-09
9.071859199999999890e-09
9.078528900000000144e-09
9.082148300000000815e-09
9.082188600000000427e-09
9.084499899999999358e-09
9.084509000000000604e-09
9.087079599999999475e-09
9.087575800000000485e-09
9.089593900000000250e-09
9.133319200000000627e-09
9.135095499999999414e-09
9.140072599999999438e-09
9.161180199999999648e-09
9.161183600000000732e-09
9.176423800000000011e-09
9.176446800000000725e-09
9.178410899999999821e-09
9.178442900000000095e-09
9.181205400000000581e-09
9.181322799999999954e-09
9.181324600000000528e-09
9.183657099999999600e-09
9.183842400000000765e-09
9.208688199999999811e-09
9.210964200000000724e-09
9.214213300000000814e-09
9.214258700000000397e-09
9.214576000000000627e-09
9.215805500000000473e-09
9.224159499999999966e-09
9.224824200000000095e-09
9.229730899999999185e-09
9.232592099999999700e-09
9.232797300000000592e-09
9.241489000000000201e-09
9.241525000000000096e-09
9.256093300000000260e-09
9.259019399999999957e-09
9.261121900000000157e-09
9.261234199999999559e-09
9.267362899999999412e-09
9.288725699999999908e-09
9.290914499999999494e-09
9.292521000000000403e-09
9.300940599999999301e-09
9.300942499999999907e-09
9.319273099999999972e-09
9.324931500000000453e-09
9.387519300000000050e-09
9.387646699999999302e-09
9.439855799999999190e-09
9.451378099999999486e-09
9.453695500000000361e-09
9.491281200000000719e-09
9.494177400000000811e-09
9.497318899999999688e-09
9.498925500000000628e-09
9.507658300000000104e-09
9.584904800000000557e-09
9.585978000000000209e-09
9.618286000000000673e-09
9.624273000000000024e-09
9.632859000000000681e-09
9.640396899999999760e-09
9.823444000000000597e-09
9.832617199999999839e-09
9.845482499999999765e-09
9.846414600000000761e-09
9.849019600000000671e-09
9.856146799999999526e-09
9.857294699999999829e-09
9.990627700000000366e-09
1.000533199999999921e-08
1.005112799999999958e-08
1.005315400000000021e-08
1.005956599999999938e-08
1.006158099999999981e-08
1.008855400000000032e-08
1.009088099999999929e-08
1.009379600000000041e-08
1.010489600000000009e-08
1.010736300000000068e-08
1.011212499999999996e-08
1.012789700000000002e-08
1.013960899999999958e-08
1.014123700000000072e-08
1.014299699999999928e-08
1.016500500000000030e-08
1.017197500000000033e-08
1.021844600000000080e-08
1.021858100000000082e-08
1.022522200000000020e-08
1.022600499999999999e-08
1.022697499999999983e-08
1.023013399999999932e-08
1.023135899999999939e-08
1.023191999999999955e-08
1.023998099999999994e-08
1.024356400000000059e-08
1.024581100000000053e-08
1.025820099999999949e-08
1.025867200000000074e-08
1.026270199999999995e-08
1.026416600000000010e-08
1.026674299999999936e-08
1.026677800000000059e-08
1.026870599999999976e-08
1.027211399999999921e-08
1.027345299999999922e-08
1.027576299999999939e-08
1.027745200000000013e-08
1.027901100000000079e-08
1.027944799999999947e-08
1.028399200000000040e-08
1.028605200000000029e-08
1.030017500000000078e-08
1.031500999999999993e-08
1.031944599999999952e-08
1.036283100000000061e-08
1.036358599999999974e-08
1.036500500000000044e-08
1.036677299999999989e-08
1.036845200000000075e-08
1.037041599999999981e-08
1.038745399999999977e-08
1.039589799999999983e-08
1.041628000000000035e-08
1.043448500000000008e-08
1.046057799999999965e-08
1.046275900000000006e-08
1.046382699999999971e-08
1.048289499999999992e-08
1.052250000000000042e-08
1.052744399999999982e-08
1.052864099999999923e-08
1.052920600000000067e-08
1.053058399999999987e-08
1.053141700000000071e-08
1.053905299999999963e-08
1.054601299999999978e-08
1.055479399999999973e-08
1.055530799999999980e-08
1.055639199999999958e-08
1.055655500000000026e-08
1.055962999999999944e-08
1.056394500000000017e-08
1.057494400000000074e-08
1.057534700000000017e-08
1.058178099999999973e-08
1.058283499999999988e-08
1.058389500000000029e-08
1.058563699999999972e-08
1.058663699999999920e-08
1.059117999999999982e-08
1.062470900000000072e-08
1.065541500000000006e-08
1.065544600000000002e-08
1.066982300000000041e-08
1.067532199999999971e-08
1.077793800000000071e-08
1.077988300000000034e-08
1.079782799999999991e-08
1.080604500000000040e-08
1.081023699999999996e-08
1.081025000000000080e-08
1.081475400000000056e-08
1.082936900000000072e-08
1.085288099999999976e-08
1.085615099999999989e-08
1.085931499999999932e-08
1.086146100000000016e-08
1.086366399999999931e-08
1.086426300000000000e-08
1.087250299999999955e-08
1.089890000000000007e-08
1.090242299999999979e-08
1.090939500000000046e-08
1.094512600000000020e-08
1.094638300000000054e-08
1.094719300000000066e-08
1.094755199999999930e-08
1.095111199999999923e-08
1.095194399999999975e-08
1.095945199999999922e-08
1.096291899999999929e-08
1.096331200000000049e-08
1.096521399999999964e-08
1.098121700000000054e-08
1.098173399999999991e-08
1.098847100000000011e-08
1.098881099999999931e-08
1.098941700000000058e-08
1.099528899999999967e-08
1.101500999999999958e-08
1.101641599999999944e-08
1.107918799999999985e-08
1.108529800000000036e-08
1.111210900000000051e-08
1.116106900000000031e-08
1.117466700000000053e-08
1.117599299999999971e-08
1.119754200000000000e-08
1.120731299999999955e-08
1.122761200000000008e-08
1.122898200000000005e-08
1.123095199999999937e-08
1.123565700000000034e-08
1.127565799999999969e-08
1.127723499999999947e-08
1.130217600000000074e-08
1.131798099999999973e-08
1.133831899999999946e-08
1.134175300000000059e-08
