# t	msd	err
1.800000000000039346e-14 1.084402131777098066e-03 1.093170453581331536e-04
2.075000000000190582e-13 3.607986514681229585e-03 6.200940936489192021e-04
3.599999999999992738e-13 5.462064295657235655e-03 1.070116397603332716e-03
6.666666666666756736e-13 2.979515606262317980e-03 5.598479111839414855e-04
1.007279411764653590e-12 3.431138020712459769e-03 1.831775985309908267e-04
2.018552301255243582e-12 3.637721521269768679e-03 2.144472671022941554e-04
3.487682795698909150e-12 5.002968391788723858e-03 2.375880274995786261e-04
6.540537790697616759e-12 6.064047345058315615e-03 2.277018186694936539e-04
1.218853551020394323e-11 8.561308245799849337e-03 2.159474017769880334e-04
2.270741672834931480e-11 1.415049959723966785e-02 2.764928722174515114e-04
4.075631427429083084e-11 2.054630173850230043e-02 2.630176085411357694e-04
7.282348433205132161e-11 3.238663300726511013e-02 2.728146970331844475e-04
1.332170167224079672e-10 4.708175331973322303e-02 2.993448612052145626e-04
2.344938885353581731e-10 7.636363703025737804e-02 3.412901938261008470e-04
4.269893132678151307e-10 1.087651200630034842e-01 3.861494918157343161e-04
7.710410766488335786e-10 1.739094591042747440e-01 3.631803202699326470e-04
1.366263725564266366e-09 2.986064494185812768e-01 5.012126560856210644e-04
2.461022596476006947e-09 5.044603657346278247e-01 6.887014726795767997e-04
4.452091759774987084e-09 6.351868096792382401e-01 1.094729735207685545e-03
7.648785935074490301e-09 1.004435846098664875e+00 1.043593559288598501e-03
