# t
0.000000000000000000e+00
1.710705999999999945e-09
3.733193900000000012e-09
4.403042700000000165e-09
7.098733999999999984e-09
7.514421700000000738e-09
7.575681300000000459e-09
8.019207200000000411e-09
8.549249799999999546e-09
1.113942499999999951e-08
1.137649999999999933e-08
1.390113100000000027e-08
1.535847399999999984e-08
1.621227500000000149e-08
1.688315700000000012e-08
1.718731599999999847e-08
1.794725500000000039e-08
1.893106600000000044e-08
2.025943499999999933e-08
2.079813300000000139e-08
2.139057800000000058e-08
2.182823899999999874e-08
2.233704600000000153e-08
2.248245699999999918e-08
2.253946800000000115e-08
2.359120300000000113e-08
2.514818099999999939e-08
2.559298300000000081e-08
2.581261700000000125e-08
2.818088200000000145e-08
2.864661300000000074e-08
2.889025099999999989e-08
3.329461300000000041e-08
3.346820999999999976e-08
3.443069100000000315e-08
3.475319999999999782e-08
3.494193200000000097e-08
3.542292800000000248e-08
3.593887099999999700e-08
3.776550599999999687e-08
4.180996099999999932e-08
4.298548100000000189e-08
4.310470600000000010e-08
4.481081200000000298e-08
4.624853799999999773e-08
4.696688000000000108e-08
4.826279199999999999e-08
5.018163400000000141e-08
5.021128200000000263e-08
5.046963200000000309e-08
5.203068799999999766e-08
5.233190599999999818e-08
5.233482800000000319e-08
5.387957899999999820e-08
5.443931900000000107e-08
5.536520599999999928e-08
5.567504000000000009e-08
5.607955800000000128e-08
5.745702200000000330e-08
5.796019499999999684e-08
5.980146200000000229e-08
6.048080299999999749e-08
6.142426100000000178e-08
6.262483100000000232e-08
6.288027700000000351e-08
6.304853800000000258e-08
6.310322200000000392e-08
6.355255300000000645e-08
6.443297100000000596e-08
6.466169400000000197e-08
6.513179299999999406e-08
6.552823599999999867e-08
6.578110599999999926e-08
6.708780599999999600e-08
6.980366400000000629e-08
7.429324400000000062e-08
7.435980500000000614e-08
7.559405199999999852e-08
7.563879200000000637e-08
7.647465800000000502e-08
7.786433600000000283e-08
7.864906900000000383e-08
7.902725000000000377e-08
7.983525799999999608e-08
8.165807499999999649e-08
8.288801599999999928e-08
8.437383700000000265e-08
8.451534899999999487e-08
8.476553699999999417e-08
8.509906600000000107e-08
8.729184100000000398e-08
8.826165999999999732e-08
8.925289299999999424e-08
8.946252300000000192e-08
8.948782500000000081e-08
9.223346000000000380e-08
9.246383700000000428e-08
9.424721400000000549e-08
9.461420400000000156e-08
9.485094500000000575e-08
9.674136899999999438e-08
9.963966099999999867e-08
1.006619300000000025e-07
1.014945500000000054e-07
1.023067599999999938e-07
1.035469300000000049e-07
1.039154500000000056e-07
1.042726000000000016e-07
1.045532500000000035e-07
1.051635400000000002e-07
1.076015799999999981e-07
1.087895299999999991e-07
1.090830399999999976e-07
1.100514199999999988e-07
1.110521799999999986e-07
1.112681199999999994e-07
1.124581199999999988e-07
1.129536499999999945e-07
1.131919900000000022e-07
1.140735800000000047e-07
1.145982999999999946e-07
1.154111800000000047e-07
1.164425100000000018e-07
1.174526999999999966e-07
1.203263700000000070e-07
1.209933800000000055e-07
1.219090300000000128e-07
1.219594599999999882e-07
1.224019700000000101e-07
1.254661200000000051e-07
1.282538799999999930e-07
1.293865500000000013e-07
1.297865200000000019e-07
1.305372399999999966e-07
1.306590699999999947e-07
1.317110899999999896e-07
1.318307699999999972e-07
1.333450399999999935e-07
1.343925299999999935e-07
1.346181099999999968e-07
1.349209800000000012e-07
1.350733500000000069e-07
1.360715400000000014e-07
1.367814099999999908e-07
1.373027100000000022e-07
1.391909999999999922e-07
1.403577799999999880e-07
1.407699899999999994e-07
1.409003399999999870e-07
1.414680500000000026e-07
1.417509900000000000e-07
1.424893399999999889e-07
1.432477000000000102e-07
1.441846700000000110e-07
1.450707800000000118e-07
1.452348000000000056e-07
1.456142800000000060e-07
1.498441299999999967e-07
1.502874400000000089e-07
1.505420100000000088e-07
1.514255500000000043e-07
1.524528299999999875e-07
1.537561000000000092e-07
1.540330399999999998e-07
1.548210899999999894e-07
1.554703300000000078e-07
1.562930800000000076e-07
1.578422600000000083e-07
1.579755999999999895e-07
1.584528599999999913e-07
1.585307600000000081e-07
1.585942300000000110e-07
1.611599399999999893e-07
1.618465799999999918e-07
1.626376500000000045e-07
1.628077399999999943e-07
1.635755499999999907e-07
1.641238099999999935e-07
1.644823600000000123e-07
1.646163799999999985e-07
1.654917500000000035e-07
1.662256499999999966e-07
1.665119699999999994e-07
1.678503099999999971e-07
1.692750099999999953e-07
1.693137499999999963e-07
1.695816400000000071e-07
1.702540800000000094e-07
1.712998100000000043e-07
1.715780300000000058e-07
1.733320300000000095e-07
1.736657399999999980e-07
1.739857500000000001e-07
1.744476300000000092e-07
1.775569299999999906e-07
1.782496100000000127e-07
1.784902200000000094e-07
1.787042400000000070e-07
1.789195300000000057e-07
1.823083700000000124e-07
1.854331599999999883e-07
1.867094999999999951e-07
1.879435299999999944e-07
1.893991899999999886e-07
1.916039699999999967e-07
1.931431899999999988e-07
1.935259500000000125e-07
1.942886500000000012e-07
1.964806000000000025e-07
1.968891199999999956e-07
1.989556900000000120e-07
1.995768399999999897e-07
1.995980599999999910e-07
1.999565099999999911e-07
2.021899199999999870e-07
2.025799500000000087e-07
2.040127399999999983e-07
2.046458999999999995e-07
2.048199399999999978e-07
2.051235100000000003e-07
2.063276499999999940e-07
2.079201100000000003e-07
2.083684199999999917e-07
2.094854499999999907e-07
2.161518399999999909e-07
2.190515099999999911e-07
2.216685899999999929e-07
2.221254200000000004e-07
2.223101699999999915e-07
2.235984699999999991e-07
2.238855699999999991e-07
2.247954899999999996e-07
2.256838200000000066e-07
2.257561799999999912e-07
2.257999500000000009e-07
2.261892400000000117e-07
2.271184000000000043e-07
2.279733300000000052e-07
2.281584100000000023e-07
2.286155499999999960e-07
2.292617699999999913e-07
2.312967699999999960e-07
2.339239899999999877e-07
2.349483799999999959e-07
2.349619100000000010e-07
2.362177399999999879e-07
2.363893400000000025e-07
2.370987199999999879e-07
2.377889100000000037e-07
2.379951400000000128e-07
2.397299699999999871e-07
2.407822900000000114e-07
2.427204300000000169e-07
2.438936800000000039e-07
2.452804000000000051e-07
2.463600200000000101e-07
2.464296800000000208e-07
2.466610500000000103e-07
2.467090299999999921e-07
2.475144800000000227e-07
2.493833800000000058e-07
2.501220499999999908e-07
2.508020300000000011e-07
2.515205800000000045e-07
2.548907899999999819e-07
2.551625800000000050e-07
2.557626000000000167e-07
2.557858399999999870e-07
2.576023900000000179e-07
2.576728299999999993e-07
2.579681099999999995e-07
2.595899199999999849e-07
2.610035799999999843e-07
2.610183899999999738e-07
2.629030899999999907e-07
2.633852800000000089e-07
2.640554100000000226e-07
2.642569599999999957e-07
2.643189199999999738e-07
2.648065300000000124e-07
2.649970799999999995e-07
2.656834899999999883e-07
2.660284299999999765e-07
2.669691800000000043e-07
2.672105899999999914e-07
2.692417700000000092e-07
2.700920499999999770e-07
2.704956600000000262e-07
2.711166399999999961e-07
2.718126600000000108e-07
2.725649699999999764e-07
2.728940499999999779e-07
2.734086900000000236e-07
2.734853200000000128e-07
2.738836200000000171e-07
2.747332899999999956e-07
2.747590899999999878e-07
2.748818500000000243e-07
2.749490500000000052e-07
2.750432799999999932e-07
2.761910499999999842e-07
2.763100900000000260e-07
2.767824900000000005e-07
2.769429700000000173e-07
2.773138999999999988e-07
2.808713300000000068e-07
2.811110800000000074e-07
2.815332100000000045e-07
2.820881299999999996e-07
2.822782999999999846e-07
2.835661599999999844e-07
2.840753200000000037e-07
2.842577900000000092e-07
2.843820900000000204e-07
2.855196600000000157e-07
2.857023900000000114e-07
2.867204899999999933e-07
2.868935699999999767e-07
2.869878300000000206e-07
2.876002900000000009e-07
2.876677999999999946e-07
2.892073800000000056e-07
2.892608199999999942e-07
2.903571100000000125e-07
2.913241100000000237e-07
2.913830599999999887e-07
2.918271500000000245e-07
2.920051800000000175e-07
2.921448499999999851e-07
2.924075999999999852e-07
2.930156999999999786e-07
2.933551500000000101e-07
2.934871299999999814e-07
2.937472000000000007e-07
2.937767899999999769e-07
2.943886599999999875e-07
2.947182300000000195e-07
2.952480699999999871e-07
2.956490500000000251e-07
2.957025500000000196e-07
2.977444299999999940e-07
2.980625899999999820e-07
2.980676500000000201e-07
2.982038899999999861e-07
2.985989400000000066e-07
2.990121199999999896e-07
2.991158600000000114e-07
2.995761599999999802e-07
2.995776000000000157e-07
2.999478399999999823e-07
3.002364000000000110e-07
3.010172100000000220e-07
3.010199800000000117e-07
3.011921300000000097e-07
3.021785800000000072e-07
3.023277399999999890e-07
3.024231699999999889e-07
3.034798899999999865e-07
3.036636699999999794e-07
3.038180899999999835e-07
3.039480199999999829e-07
3.041394600000000221e-07
3.055829800000000242e-07
3.072274799999999963e-07
3.077776699999999857e-07
3.079860399999999755e-07
3.080274800000000035e-07
3.086054600000000040e-07
3.092596899999999917e-07
3.093863499999999876e-07
3.099221000000000062e-07
3.103756299999999807e-07
3.106387499999999995e-07
3.112466100000000223e-07
3.121364099999999884e-07
3.127081100000000252e-07
3.129178800000000113e-07
3.135265800000000107e-07
3.135539399999999972e-07
3.141621099999999798e-07
3.143218399999999759e-07
3.145152800000000174e-07
3.146012599999999894e-07
3.146241999999999831e-07
3.146577399999999942e-07
3.148210899999999928e-07
3.150970899999999881e-07
3.153565999999999878e-07
3.154682100000000235e-07
3.159068799999999860e-07
3.160635100000000130e-07
3.162233300000000179e-07
3.164546799999999878e-07
3.173735500000000024e-07
3.177487800000000179e-07
3.182378400000000224e-07
3.187096000000000046e-07
3.193955399999999825e-07
3.194300500000000182e-07
3.196815300000000058e-07
3.196943099999999901e-07
