# t	msd	err
4.000000000000000000e+00 2.310528450169039572e-01 0.000000000000000000e+00
1.050000000000000000e+01 2.331582956379106841e-01 3.571043141452879665e-03
2.366666666666666785e+01 4.657117082315331835e-01 1.903144056438703102e-01
4.166666666666666430e+01 2.359991156049977834e-01 2.823700793208086621e-03
8.300000000000000000e+01 2.304301942429432815e-01 4.730477217859236153e-03
1.398777777777777942e+02 4.620785780256186914e-01 9.721834787632192831e-02
2.446399999999999864e+02 5.890285008193687499e-01 1.003428616901441833e-01
3.853684210526315610e+02 7.014787525847844263e-01 1.201567523216902633e-01
6.603312883435582989e+02 4.114937359697496078e+00 2.451659679734204955e-01
1.084575185185184864e+03 5.852194560501781773e+00 2.417000851116126170e-01
1.992629545454545678e+03 7.479603825312196363e+00 2.204356930583104557e-01
3.685553658536586681e+03 7.921918881359873765e+00 2.568924545247491809e-01
5.756817904509280197e+03 1.203294555275151545e+01 4.670535625313210204e-01
1.014134492627934560e+04 2.652324624662226782e+01 5.112956569078882518e-01
