# t msd err
9.982003257329065731e-14 1.765787811578483080e+00 7.126139654576875426e-02
1.991458412098290742e-13 2.056224689830372654e+00 8.940107347088575851e-02
2.986153071500519332e-13 2.267820220733370640e+00 1.017768480288969712e-01
3.988075604838744345e-13 2.529454122843631581e+00 1.135758429240503603e-01
5.490954223433221934e-13 2.466465824741334245e+00 8.142768085480373008e-02
8.022958532695361337e-13 2.851847100538697610e+00 8.053366600081163229e-02
1.043798762810447132e-12 2.763992809051898814e+00 3.755931202957411147e-02
1.864628197698485130e-12 3.577765102399184549e+00 4.603745748846145569e-02
2.497429568054686180e-12 4.713075844772466105e+00 8.308285440235270436e-02
3.556936601214844021e-12 5.237506986280224375e+00 5.082683063104009857e-02
5.382881316757151798e-12 7.241488653355066418e+00 6.775740683322066527e-02
7.825656108862810688e-12 9.175271319009354443e+00 7.212002281603129006e-02
1.131109011241453351e-11 1.150037892712626508e+01 8.040060847397748067e-02
1.630543102370459771e-11 1.435311990038366048e+01 8.628004133519508179e-02
2.385396013060223372e-11 1.956847336985270758e+01 1.027170456388331182e-01
3.467364666733935179e-11 2.588633401008628354e+01 1.163122418155504434e-01
5.038671085350201732e-11 3.085706070573608173e+01 1.193989365763148958e-01
7.339463359255795045e-11 4.813304618281209457e+01 1.548378904224553820e-01
1.066720066528071522e-10 6.591139314608506083e+01 1.818838872560504250e-01
1.554593296564751354e-10 7.297802240902541371e+01 1.750366935144029301e-01
2.271110968975682713e-10 1.088939676811964148e+02 2.281992437869616031e-01
3.279141988376045504e-10 1.627280915299428159e+02 3.049016365933591710e-01
4.759298602810228530e-10 2.234875741675261906e+02 3.918784713915737794e-01
7.021029097642306976e-10 3.162123518060574838e+02 4.882672861241816320e-01
9.980426671305362030e-10 5.340767380717686592e+02 7.759903580868950934e-01
1.444922839488519120e-09 1.006904868618424644e+03 1.874702972152215930e+00
2.011729468929169985e-09 7.202641545433248211e+02 1.951874455163459254e+00
