# t	msd	err
4.999999999999999536e-11 4.443898710282651265e+00 8.293777386179218558e-02
1.000000000000000553e-10 4.609625917837755438e+00 8.384367600106285012e-02
1.500000000000001024e-10 4.547148275583587029e+00 8.171601015343632479e-02
2.499664991624792546e-10 4.532414126537740451e+00 4.693903255324765461e-02
3.999663978494677249e-10 4.565936434745329286e+00 4.646188086940258172e-02
6.248523206751102433e-10 4.631971322492045573e+00 3.299162990299395887e-02
1.024578866768777884e-09 4.769710284452991722e+00 2.563463064821681556e-02
1.624160206718363588e-09 4.865683570025789884e+00 2.137783199423754638e-02
2.572474081883555899e-09 5.147082825738635847e+00 1.620339147635082785e-02
4.093790849673272392e-09 5.511607834793133875e+00 1.283885620171184086e-02
6.483333333333414549e-09 6.095430297183863644e+00 9.942370423258996281e-03
1.025461796809402962e-08 6.961366699903321020e+00 7.617184674551643643e-03
1.618949517446157541e-08 8.160733881447246318e+00 6.260460825937288858e-03
2.542261410788351082e-08 9.911648267136829560e+00 5.572664663702917021e-03
3.785000000000040179e-08 1.195206454144021180e+01 7.424597018094215156e-03
