# Barrier Energy Step Time
0.000000000000000000e+00 -6.093215000000000146e+03 0.000000000000000000e+00 0.000000000000000000e+00
9.969999999999999973e-01 -6.092217999999999847e+03 5.000000000000000000e-01 3.585999999999999818e-10
0.000000000000000000e+00 -6.093215000000000146e+03 1.000000000000000000e+00 3.585999999999999818e-10
9.969999999999999973e-01 -6.092217999999999847e+03 1.500000000000000000e+00 2.093000000000000114e-09
0.000000000000000000e+00 -6.093215000000000146e+03 2.000000000000000000e+00 2.093000000000000114e-09
9.969999999999999973e-01 -6.092217999999999847e+03 2.500000000000000000e+00 3.989000000000000184e-09
0.000000000000000000e+00 -6.093215000000000146e+03 3.000000000000000000e+00 3.989000000000000184e-09
9.969999999999999973e-01 -6.092217999999999847e+03 3.500000000000000000e+00 4.609999999999999590e-09
0.000000000000000000e+00 -6.093215000000000146e+03 4.000000000000000000e+00 4.609999999999999590e-09
9.969999999999999973e-01 -6.092217999999999847e+03 4.500000000000000000e+00 5.394000000000000192e-09
0.000000000000000000e+00 -6.093215000000000146e+03 5.000000000000000000e+00 5.394000000000000192e-09
9.969999999999999973e-01 -6.092219000000000051e+03 5.500000000000000000e+00 6.130000000000000132e-09
0.000000000000000000e+00 -6.093215000000000146e+03 6.000000000000000000e+00 6.130000000000000132e-09
9.969999999999999973e-01 -6.092217999999999847e+03 6.500000000000000000e+00 7.087000000000000032e-09
0.000000000000000000e+00 -6.093215000000000146e+03 7.000000000000000000e+00 7.087000000000000032e-09
9.969999999999999973e-01 -6.092217999999999847e+03 7.500000000000000000e+00 8.086000000000000408e-09
0.000000000000000000e+00 -6.093215000000000146e+03 8.000000000000000000e+00 8.086000000000000408e-09
9.969999999999999973e-01 -6.092217999999999847e+03 8.500000000000000000e+00 8.969000000000000771e-09
0.000000000000000000e+00 -6.093215000000000146e+03 9.000000000000000000e+00 8.969000000000000771e-09
9.969999999999999973e-01 -6.092217999999999847e+03 9.500000000000000000e+00 9.002999999999999620e-09
0.000000000000000000e+00 -6.093215000000000146e+03 1.000000000000000000e+01 9.002999999999999620e-09
9.969999999999999973e-01 -6.092219000000000051e+03 1.050000000000000000e+01 9.778999999999999421e-09
0.000000000000000000e+00 -6.093215000000000146e+03 1.100000000000000000e+01 9.778999999999999421e-09
9.969999999999999973e-01 -6.092217999999999847e+03 1.150000000000000000e+01 1.281000000000000023e-08
0.000000000000000000e+00 -6.093215000000000146e+03 1.200000000000000000e+01 1.281000000000000023e-08
9.969999999999999973e-01 -6.092219000000000051e+03 1.250000000000000000e+01 1.405999999999999984e-08
0.000000000000000000e+00 -6.093215000000000146e+03 1.300000000000000000e+01 1.405999999999999984e-08
9.969999999999999973e-01 -6.092217999999999847e+03 1.350000000000000000e+01 1.544000000000000128e-08
0.000000000000000000e+00 -6.093215000000000146e+03 1.400000000000000000e+01 1.544000000000000128e-08
9.969999999999999973e-01 -6.092217999999999847e+03 1.450000000000000000e+01 1.567000000000000069e-08
0.000000000000000000e+00 -6.093215000000000146e+03 1.500000000000000000e+01 1.567000000000000069e-08
9.969999999999999973e-01 -6.092217999999999847e+03 1.550000000000000000e+01 1.729999999999999940e-08
0.000000000000000000e+00 -6.093215000000000146e+03 1.600000000000000000e+01 1.729999999999999940e-08
9.969999999999999973e-01 -6.092217999999999847e+03 1.650000000000000000e+01 1.851999999999999974e-08
0.000000000000000000e+00 -6.093215000000000146e+03 1.700000000000000000e+01 1.851999999999999974e-08
9.969999999999999973e-01 -6.092217999999999847e+03 1.750000000000000000e+01 1.862999999999999874e-08
0.000000000000000000e+00 -6.093215000000000146e+03 1.800000000000000000e+01 1.862999999999999874e-08
9.969999999999999973e-01 -6.092217999999999847e+03 1.850000000000000000e+01 1.902999999999999901e-08
0.000000000000000000e+00 -6.093215000000000146e+03 1.900000000000000000e+01 1.902999999999999901e-08
9.969999999999999973e-01 -6.092217999999999847e+03 1.950000000000000000e+01 2.028999999999999838e-08
0.000000000000000000e+00 -6.093215000000000146e+03 2.000000000000000000e+01 2.028999999999999838e-08
9.969999999999999973e-01 -6.092219000000000051e+03 2.050000000000000000e+01 2.183999999999999903e-08
0.000000000000000000e+00 -6.093215000000000146e+03 2.100000000000000000e+01 2.183999999999999903e-08
9.969999999999999973e-01 -6.092217999999999847e+03 2.150000000000000000e+01 2.225999999999999882e-08
0.000000000000000000e+00 -6.093215000000000146e+03 2.200000000000000000e+01 2.225999999999999882e-08
9.969999999999999973e-01 -6.092219000000000051e+03 2.250000000000000000e+01 2.560000000000000093e-08
0.000000000000000000e+00 -6.093215000000000146e+03 2.300000000000000000e+01 2.560000000000000093e-08
9.969999999999999973e-01 -6.092219000000000051e+03 2.350000000000000000e+01 2.644000000000000051e-08
0.000000000000000000e+00 -6.093215000000000146e+03 2.400000000000000000e+01 2.644000000000000051e-08
9.969999999999999973e-01 -6.092219000000000051e+03 2.450000000000000000e+01 2.724000000000000106e-08
0.000000000000000000e+00 -6.093215000000000146e+03 2.500000000000000000e+01 2.724000000000000106e-08
9.969999999999999973e-01 -6.092217999999999847e+03 2.550000000000000000e+01 2.801000000000000068e-08
0.000000000000000000e+00 -6.093215000000000146e+03 2.600000000000000000e+01 2.801000000000000068e-08
9.969999999999999973e-01 -6.092217999999999847e+03 2.650000000000000000e+01 2.874999999999999936e-08
0.000000000000000000e+00 -6.093215000000000146e+03 2.700000000000000000e+01 2.874999999999999936e-08
9.969999999999999973e-01 -6.092219000000000051e+03 2.750000000000000000e+01 3.103999999999999869e-08
0.000000000000000000e+00 -6.093215000000000146e+03 2.800000000000000000e+01 3.103999999999999869e-08
9.969999999999999973e-01 -6.092217999999999847e+03 2.850000000000000000e+01 3.298000000000000150e-08
0.000000000000000000e+00 -6.093215000000000146e+03 2.900000000000000000e+01 3.298000000000000150e-08
9.969999999999999973e-01 -6.092219000000000051e+03 2.950000000000000000e+01 3.372999999999999829e-08
0.000000000000000000e+00 -6.093215000000000146e+03 3.000000000000000000e+01 3.372999999999999829e-08
9.969999999999999973e-01 -6.092217999999999847e+03 3.050000000000000000e+01 3.393000000000000008e-08
0.000000000000000000e+00 -6.093215000000000146e+03 3.100000000000000000e+01 3.393000000000000008e-08
9.969999999999999973e-01 -6.092219000000000051e+03 3.150000000000000000e+01 3.529999999999999846e-08
0.000000000000000000e+00 -6.093215000000000146e+03 3.200000000000000000e+01 3.529999999999999846e-08
9.969999999999999973e-01 -6.092217999999999847e+03 3.250000000000000000e+01 3.609999999999999900e-08
0.000000000000000000e+00 -6.093215000000000146e+03 3.300000000000000000e+01 3.609999999999999900e-08
9.969999999999999973e-01 -6.092217999999999847e+03 3.350000000000000000e+01 3.658000000000000065e-08
0.000000000000000000e+00 -6.093215000000000146e+03 3.400000000000000000e+01 3.658000000000000065e-08
9.969999999999999973e-01 -6.092219000000000051e+03 3.450000000000000000e+01 3.759000000000000109e-08
0.000000000000000000e+00 -6.093215000000000146e+03 3.500000000000000000e+01 3.759000000000000109e-08
9.969999999999999973e-01 -6.092219000000000051e+03 3.550000000000000000e+01 3.905000000000000226e-08
0.000000000000000000e+00 -6.093215000000000146e+03 3.600000000000000000e+01 3.905000000000000226e-08
9.969999999999999973e-01 -6.092217999999999847e+03 3.650000000000000000e+01 4.028000000000000070e-08
0.000000000000000000e+00 -6.093215000000000146e+03 3.700000000000000000e+01 4.028000000000000070e-08
9.969999999999999973e-01 -6.092217999999999847e+03 3.750000000000000000e+01 4.059000000000000149e-08
0.000000000000000000e+00 -6.093215000000000146e+03 3.800000000000000000e+01 4.059000000000000149e-08
9.969999999999999973e-01 -6.092217999999999847e+03 3.850000000000000000e+01 4.266999999999999761e-08
0.000000000000000000e+00 -6.093215000000000146e+03 3.900000000000000000e+01 4.266999999999999761e-08
9.969999999999999973e-01 -6.092219000000000051e+03 3.950000000000000000e+01 4.296000000000000220e-08
0.000000000000000000e+00 -6.093215000000000146e+03 4.000000000000000000e+01 4.296000000000000220e-08
9.969999999999999973e-01 -6.092217999999999847e+03 4.050000000000000000e+01 4.336999999999999726e-08
0.000000000000000000e+00 -6.093215000000000146e+03 4.100000000000000000e+01 4.336999999999999726e-08
9.969999999999999973e-01 -6.092217999999999847e+03 4.150000000000000000e+01 4.348000000000000288e-08
0.000000000000000000e+00 -6.093215000000000146e+03 4.200000000000000000e+01 4.348000000000000288e-08
9.969999999999999973e-01 -6.092217999999999847e+03 4.250000000000000000e+01 4.610000000000000252e-08
0.000000000000000000e+00 -6.093215000000000146e+03 4.300000000000000000e+01 4.610000000000000252e-08
9.969999999999999973e-01 -6.092219000000000051e+03 4.350000000000000000e+01 4.611000000000000062e-08
0.000000000000000000e+00 -6.093215000000000146e+03 4.400000000000000000e+01 4.611000000000000062e-08
9.969999999999999973e-01 -6.092219000000000051e+03 4.450000000000000000e+01 4.640999999999999669e-08
0.000000000000000000e+00 -6.093215000000000146e+03 4.500000000000000000e+01 4.640999999999999669e-08
9.969999999999999973e-01 -6.092219000000000051e+03 4.550000000000000000e+01 4.754999999999999896e-08
0.000000000000000000e+00 -6.093215000000000146e+03 4.600000000000000000e+01 4.754999999999999896e-08
9.969999999999999973e-01 -6.092217999999999847e+03 4.650000000000000000e+01 4.875000000000000309e-08
0.000000000000000000e+00 -6.093215000000000146e+03 4.700000000000000000e+01 4.875000000000000309e-08
9.969999999999999973e-01 -6.092219000000000051e+03 4.750000000000000000e+01 4.971999999999999788e-08
0.000000000000000000e+00 -6.093215000000000146e+03 4.800000000000000000e+01 4.971999999999999788e-08
9.969999999999999973e-01 -6.092217999999999847e+03 4.850000000000000000e+01 5.005999999999999960e-08
0.000000000000000000e+00 -6.093215000000000146e+03 4.900000000000000000e+01 5.005999999999999960e-08
9.969999999999999973e-01 -6.092217999999999847e+03 4.950000000000000000e+01 5.082000000000000111e-08
0.000000000000000000e+00 -6.093215000000000146e+03 5.000000000000000000e+01 5.082000000000000111e-08
9.969999999999999973e-01 -6.092217999999999847e+03 5.050000000000000000e+01 5.396000000000000143e-08
0.000000000000000000e+00 -6.093215000000000146e+03 5.100000000000000000e+01 5.396000000000000143e-08
9.969999999999999973e-01 -6.092217999999999847e+03 5.150000000000000000e+01 5.650000000000000300e-08
0.000000000000000000e+00 -6.093215000000000146e+03 5.200000000000000000e+01 5.650000000000000300e-08
9.969999999999999973e-01 -6.092219000000000051e+03 5.250000000000000000e+01 5.659999999999999728e-08
0.000000000000000000e+00 -6.093215000000000146e+03 5.300000000000000000e+01 5.659999999999999728e-08
9.969999999999999973e-01 -6.092217999999999847e+03 5.350000000000000000e+01 5.707999999999999893e-08
0.000000000000000000e+00 -6.093215000000000146e+03 5.400000000000000000e+01 5.707999999999999893e-08
9.969999999999999973e-01 -6.092217999999999847e+03 5.450000000000000000e+01 5.732999999999999786e-08
0.000000000000000000e+00 -6.093215000000000146e+03 5.500000000000000000e+01 5.732999999999999786e-08
9.969999999999999973e-01 -6.092219000000000051e+03 5.550000000000000000e+01 5.833000000000000020e-08
0.000000000000000000e+00 -6.093215000000000146e+03 5.600000000000000000e+01 5.833000000000000020e-08
9.969999999999999973e-01 -6.092217999999999847e+03 5.650000000000000000e+01 5.885000000000000088e-08
0.000000000000000000e+00 -6.093215000000000146e+03 5.700000000000000000e+01 5.885000000000000088e-08
9.969999999999999973e-01 -6.092217999999999847e+03 5.750000000000000000e+01 6.120000000000000538e-08
0.000000000000000000e+00 -6.093215000000000146e+03 5.800000000000000000e+01 6.120000000000000538e-08
9.969999999999999973e-01 -6.092217999999999847e+03 5.850000000000000000e+01 6.150999999999999956e-08
0.000000000000000000e+00 -6.093215000000000146e+03 5.900000000000000000e+01 6.150999999999999956e-08
9.969999999999999973e-01 -6.092217999999999847e+03 5.950000000000000000e+01 6.173999999999999566e-08
0.000000000000000000e+00 -6.093215000000000146e+03 6.000000000000000000e+01 6.173999999999999566e-08
9.969999999999999973e-01 -6.092217999999999847e+03 6.050000000000000000e+01 6.269000000000000086e-08
0.000000000000000000e+00 -6.093215000000000146e+03 6.100000000000000000e+01 6.269000000000000086e-08
9.969999999999999973e-01 -6.092217999999999847e+03 6.150000000000000000e+01 6.381999999999999840e-08
0.000000000000000000e+00 -6.093215000000000146e+03 6.200000000000000000e+01 6.381999999999999840e-08
9.969999999999999973e-01 -6.092217999999999847e+03 6.250000000000000000e+01 6.386000000000000406e-08
0.000000000000000000e+00 -6.093215000000000146e+03 6.300000000000000000e+01 6.386000000000000406e-08
9.969999999999999973e-01 -6.092217999999999847e+03 6.350000000000000000e+01 6.393000000000000402e-08
0.000000000000000000e+00 -6.093215000000000146e+03 6.400000000000000000e+01 6.393000000000000402e-08
9.969999999999999973e-01 -6.092217999999999847e+03 6.450000000000000000e+01 6.406000000000000585e-08
0.000000000000000000e+00 -6.093215000000000146e+03 6.500000000000000000e+01 6.406000000000000585e-08
9.969999999999999973e-01 -6.092219000000000051e+03 6.550000000000000000e+01 6.546000000000000515e-08
0.000000000000000000e+00 -6.093215000000000146e+03 6.600000000000000000e+01 6.546000000000000515e-08
9.969999999999999973e-01 -6.092219000000000051e+03 6.650000000000000000e+01 6.597999999999999922e-08
0.000000000000000000e+00 -6.093215000000000146e+03 6.700000000000000000e+01 6.597999999999999922e-08
9.969999999999999973e-01 -6.092217999999999847e+03 6.750000000000000000e+01 6.728000000000000424e-08
0.000000000000000000e+00 -6.093215000000000146e+03 6.800000000000000000e+01 6.728000000000000424e-08
9.969999999999999973e-01 -6.092217999999999847e+03 6.850000000000000000e+01 6.884999999999999778e-08
0.000000000000000000e+00 -6.093215000000000146e+03 6.900000000000000000e+01 6.884999999999999778e-08
9.969999999999999973e-01 -6.092219000000000051e+03 6.950000000000000000e+01 6.960999999999999930e-08
0.000000000000000000e+00 -6.093215000000000146e+03 7.000000000000000000e+01 6.960999999999999930e-08
9.959999999999999964e-01 -6.092219000000000051e+03 7.050000000000000000e+01 7.209000000000000562e-08
0.000000000000000000e+00 -6.093215000000000146e+03 7.100000000000000000e+01 7.209000000000000562e-08
9.969999999999999973e-01 -6.092217999999999847e+03 7.150000000000000000e+01 7.503000000000000415e-08
0.000000000000000000e+00 -6.093215000000000146e+03 7.200000000000000000e+01 7.503000000000000415e-08
9.969999999999999973e-01 -6.092216999999999643e+03 7.250000000000000000e+01 7.651000000000000152e-08
0.000000000000000000e+00 -6.093213999999999942e+03 7.300000000000000000e+01 7.651000000000000152e-08
9.959999999999999964e-01 -6.092220000000000255e+03 7.350000000000000000e+01 7.706000000000000314e-08
0.000000000000000000e+00 -6.093215000000000146e+03 7.400000000000000000e+01 7.706000000000000314e-08
9.969999999999999973e-01 -6.092217999999999847e+03 7.450000000000000000e+01 7.717999999999999363e-08
0.000000000000000000e+00 -6.093215000000000146e+03 7.500000000000000000e+01 7.717999999999999363e-08
9.969999999999999973e-01 -6.092217999999999847e+03 7.550000000000000000e+01 7.816000000000000637e-08
0.000000000000000000e+00 -6.093215000000000146e+03 7.600000000000000000e+01 7.816000000000000637e-08
9.969999999999999973e-01 -6.092219000000000051e+03 7.650000000000000000e+01 8.041000000000000336e-08
0.000000000000000000e+00 -6.093215000000000146e+03 7.700000000000000000e+01 8.041000000000000336e-08
9.969999999999999973e-01 -6.092217999999999847e+03 7.750000000000000000e+01 8.147999999999999904e-08
0.000000000000000000e+00 -6.093215000000000146e+03 7.800000000000000000e+01 8.147999999999999904e-08
9.969999999999999973e-01 -6.092217999999999847e+03 7.850000000000000000e+01 8.223000000000000245e-08
0.000000000000000000e+00 -6.093215000000000146e+03 7.900000000000000000e+01 8.223000000000000245e-08
9.969999999999999973e-01 -6.092217999999999847e+03 7.950000000000000000e+01 8.266000000000000035e-08
0.000000000000000000e+00 -6.093215000000000146e+03 8.000000000000000000e+01 8.266000000000000035e-08
9.969999999999999973e-01 -6.092217999999999847e+03 8.050000000000000000e+01 8.641000000000000415e-08
0.000000000000000000e+00 -6.093215000000000146e+03 8.100000000000000000e+01 8.641000000000000415e-08
9.969999999999999973e-01 -6.092217999999999847e+03 8.150000000000000000e+01 8.859999999999999927e-08
0.000000000000000000e+00 -6.093215000000000146e+03 8.200000000000000000e+01 8.859999999999999927e-08
9.969999999999999973e-01 -6.092219000000000051e+03 8.250000000000000000e+01 8.931999999999999513e-08
0.000000000000000000e+00 -6.093215000000000146e+03 8.300000000000000000e+01 8.931999999999999513e-08
9.969999999999999973e-01 -6.092217999999999847e+03 8.350000000000000000e+01 9.047000000000000212e-08
0.000000000000000000e+00 -6.093215000000000146e+03 8.400000000000000000e+01 9.047000000000000212e-08
9.969999999999999973e-01 -6.092217999999999847e+03 8.450000000000000000e+01 9.050999999999999454e-08
0.000000000000000000e+00 -6.093215000000000146e+03 8.500000000000000000e+01 9.050999999999999454e-08
9.969999999999999973e-01 -6.092217999999999847e+03 8.550000000000000000e+01 9.105999999999999615e-08
0.000000000000000000e+00 -6.093215000000000146e+03 8.600000000000000000e+01 9.105999999999999615e-08
9.969999999999999973e-01 -6.092217999999999847e+03 8.650000000000000000e+01 9.153999999999999781e-08
0.000000000000000000e+00 -6.093215000000000146e+03 8.700000000000000000e+01 9.153999999999999781e-08
9.969999999999999973e-01 -6.092217999999999847e+03 8.750000000000000000e+01 9.189999999999999574e-08
0.000000000000000000e+00 -6.093215000000000146e+03 8.800000000000000000e+01 9.189999999999999574e-08
9.969999999999999973e-01 -6.092217999999999847e+03 8.850000000000000000e+01 9.228000000000000311e-08
0.000000000000000000e+00 -6.093215000000000146e+03 8.900000000000000000e+01 9.228000000000000311e-08
9.969999999999999973e-01 -6.092217999999999847e+03 8.950000000000000000e+01 9.487000000000000182e-08
0.000000000000000000e+00 -6.093215000000000146e+03 9.000000000000000000e+01 9.487000000000000182e-08
9.969999999999999973e-01 -6.092217999999999847e+03 9.050000000000000000e+01 9.499000000000000554e-08
0.000000000000000000e+00 -6.093215000000000146e+03 9.100000000000000000e+01 9.499000000000000554e-08
9.969999999999999973e-01 -6.092217999999999847e+03 9.150000000000000000e+01 9.515000000000000168e-08
0.000000000000000000e+00 -6.093215000000000146e+03 9.200000000000000000e+01 9.515000000000000168e-08
9.969999999999999973e-01 -6.092219000000000051e+03 9.250000000000000000e+01 9.527000000000000540e-08
0.000000000000000000e+00 -6.093215000000000146e+03 9.300000000000000000e+01 9.527000000000000540e-08
9.969999999999999973e-01 -6.092219000000000051e+03 9.350000000000000000e+01 9.579999999999999757e-08
0.000000000000000000e+00 -6.093215000000000146e+03 9.400000000000000000e+01 9.579999999999999757e-08
9.969999999999999973e-01 -6.092217999999999847e+03 9.450000000000000000e+01 9.780000000000000224e-08
0.000000000000000000e+00 -6.093215000000000146e+03 9.500000000000000000e+01 9.780000000000000224e-08
9.969999999999999973e-01 -6.092217999999999847e+03 9.550000000000000000e+01 9.955999999999999948e-08
0.000000000000000000e+00 -6.093215000000000146e+03 9.600000000000000000e+01 9.955999999999999948e-08
9.969999999999999973e-01 -6.092219000000000051e+03 9.650000000000000000e+01 9.990000000000000120e-08
0.000000000000000000e+00 -6.093215000000000146e+03 9.700000000000000000e+01 9.990000000000000120e-08
9.969999999999999973e-01 -6.092217999999999847e+03 9.750000000000000000e+01 1.006000000000000008e-07
0.000000000000000000e+00 -6.093215000000000146e+03 9.800000000000000000e+01 1.006000000000000008e-07
9.969999999999999973e-01 -6.092217999999999847e+03 9.850000000000000000e+01 1.017999999999999984e-07
0.000000000000000000e+00 -6.093215000000000146e+03 9.900000000000000000e+01 1.017999999999999984e-07
9.969999999999999973e-01 -6.092217999999999847e+03 9.950000000000000000e+01 1.024999999999999980e-07
0.000000000000000000e+00 -6.093215000000000146e+03 1.000000000000000000e+02 1.024999999999999980e-07
9.959999999999999964e-01 -6.092216999999999643e+03 1.005000000000000000e+02 1.026000000000000055e-07
0.000000000000000000e+00 -6.093213999999999942e+03 1.010000000000000000e+02 1.026000000000000055e-07
9.959999999999999964e-01 -6.092220000000000255e+03 1.015000000000000000e+02 1.031000000000000034e-07
0.000000000000000000e+00 -6.093215000000000146e+03 1.020000000000000000e+02 1.031000000000000034e-07
9.969999999999999973e-01 -6.092219000000000051e+03 1.025000000000000000e+02 1.036999999999999955e-07
0.000000000000000000e+00 -6.093215000000000146e+03 1.030000000000000000e+02 1.036999999999999955e-07
9.969999999999999973e-01 -6.092217999999999847e+03 1.035000000000000000e+02 1.040000000000000048e-07
0.000000000000000000e+00 -6.093215000000000146e+03 1.040000000000000000e+02 1.040000000000000048e-07
9.969999999999999973e-01 -6.092219000000000051e+03 1.045000000000000000e+02 1.043000000000000009e-07
0.000000000000000000e+00 -6.093215000000000146e+03 1.050000000000000000e+02 1.043000000000000009e-07
9.969999999999999973e-01 -6.092217999999999847e+03 1.055000000000000000e+02 1.047000000000000045e-07
0.000000000000000000e+00 -6.093215000000000146e+03 1.060000000000000000e+02 1.047000000000000045e-07
9.969999999999999973e-01 -6.092217999999999847e+03 1.065000000000000000e+02 1.049000000000000063e-07
0.000000000000000000e+00 -6.093215000000000146e+03 1.070000000000000000e+02 1.049000000000000063e-07
9.969999999999999973e-01 -6.092217999999999847e+03 1.075000000000000000e+02 1.050999999999999948e-07
0.000000000000000000e+00 -6.093215000000000146e+03 1.080000000000000000e+02 1.050999999999999948e-07
9.969999999999999973e-01 -6.092217999999999847e+03 1.085000000000000000e+02 1.052999999999999966e-07
0.000000000000000000e+00 -6.093215000000000146e+03 1.090000000000000000e+02 1.052999999999999966e-07
9.969999999999999973e-01 -6.092217999999999847e+03 1.095000000000000000e+02 1.066000000000000016e-07
0.000000000000000000e+00 -6.093215000000000146e+03 1.100000000000000000e+02 1.066000000000000016e-07
9.969999999999999973e-01 -6.092219000000000051e+03 1.105000000000000000e+02 1.068000000000000034e-07
0.000000000000000000e+00 -6.093215000000000146e+03 1.110000000000000000e+02 1.068000000000000034e-07
9.969999999999999973e-01 -6.092217999999999847e+03 1.115000000000000000e+02 1.075000000000000031e-07
0.000000000000000000e+00 -6.093215000000000146e+03 1.120000000000000000e+02 1.075000000000000031e-07
9.969999999999999973e-01 -6.092219000000000051e+03 1.125000000000000000e+02 1.078999999999999934e-07
0.000000000000000000e+00 -6.093215000000000146e+03 1.130000000000000000e+02 1.078999999999999934e-07
9.969999999999999973e-01 -6.092217999999999847e+03 1.135000000000000000e+02 1.082999999999999970e-07
0.000000000000000000e+00 -6.093215000000000146e+03 1.140000000000000000e+02 1.082999999999999970e-07
9.969999999999999973e-01 -6.092217999999999847e+03 1.145000000000000000e+02 1.091999999999999984e-07
0.000000000000000000e+00 -6.093215000000000146e+03 1.150000000000000000e+02 1.091999999999999984e-07
9.969999999999999973e-01 -6.092217999999999847e+03 1.155000000000000000e+02 1.100999999999999999e-07
0.000000000000000000e+00 -6.093215000000000146e+03 1.160000000000000000e+02 1.100999999999999999e-07
9.969999999999999973e-01 -6.092219000000000051e+03 1.165000000000000000e+02 1.103999999999999960e-07
0.000000000000000000e+00 -6.093215000000000146e+03 1.170000000000000000e+02 1.103999999999999960e-07
9.969999999999999973e-01 -6.092217999999999847e+03 1.175000000000000000e+02 1.105999999999999977e-07
0.000000000000000000e+00 -6.093215000000000146e+03 1.180000000000000000e+02 1.105999999999999977e-07
9.969999999999999973e-01 -6.092219000000000051e+03 1.185000000000000000e+02 1.107999999999999995e-07
0.000000000000000000e+00 -6.093215000000000146e+03 1.190000000000000000e+02 1.107999999999999995e-07
9.969999999999999973e-01 -6.092217999999999847e+03 1.195000000000000000e+02 1.110999999999999956e-07
0.000000000000000000e+00 -6.093215000000000146e+03 1.200000000000000000e+02 1.110999999999999956e-07
9.969999999999999973e-01 -6.092219000000000051e+03 1.205000000000000000e+02 1.124999999999999949e-07
0.000000000000000000e+00 -6.093215000000000146e+03 1.210000000000000000e+02 1.124999999999999949e-07
9.969999999999999973e-01 -6.092219000000000051e+03 1.215000000000000000e+02 1.128000000000000042e-07
0.000000000000000000e+00 -6.093215000000000146e+03 1.220000000000000000e+02 1.128000000000000042e-07
9.969999999999999973e-01 -6.092217999999999847e+03 1.225000000000000000e+02 1.158999999999999989e-07
0.000000000000000000e+00 -6.093215000000000146e+03 1.230000000000000000e+02 1.158999999999999989e-07
9.969999999999999973e-01 -6.092217999999999847e+03 1.235000000000000000e+02 1.165999999999999985e-07
0.000000000000000000e+00 -6.093215000000000146e+03 1.240000000000000000e+02 1.165999999999999985e-07
9.959999999999999964e-01 -6.092219000000000051e+03 1.245000000000000000e+02 1.174000000000000057e-07
0.000000000000000000e+00 -6.093215000000000146e+03 1.250000000000000000e+02 1.174000000000000057e-07
9.969999999999999973e-01 -6.092217999999999847e+03 1.255000000000000000e+02 1.179999999999999978e-07
0.000000000000000000e+00 -6.093215000000000146e+03 1.260000000000000000e+02 1.179999999999999978e-07
9.969999999999999973e-01 -6.092217999999999847e+03 1.265000000000000000e+02 1.189999999999999936e-07
0.000000000000000000e+00 -6.093215000000000146e+03 1.270000000000000000e+02 1.189999999999999936e-07
9.969999999999999973e-01 -6.092217999999999847e+03 1.275000000000000000e+02 1.189999999999999936e-07
0.000000000000000000e+00 -6.093215000000000146e+03 1.280000000000000000e+02 1.189999999999999936e-07
9.969999999999999973e-01 -6.092217999999999847e+03 1.285000000000000000e+02 1.192999999999999896e-07
0.000000000000000000e+00 -6.093215000000000146e+03 1.290000000000000000e+02 1.192999999999999896e-07
9.969999999999999973e-01 -6.092217999999999847e+03 1.295000000000000000e+02 1.207999999999999964e-07
0.000000000000000000e+00 -6.093215000000000146e+03 1.300000000000000000e+02 1.207999999999999964e-07
9.969999999999999973e-01 -6.092217999999999847e+03 1.305000000000000000e+02 1.209000000000000040e-07
0.000000000000000000e+00 -6.093215000000000146e+03 1.310000000000000000e+02 1.209000000000000040e-07
9.969999999999999973e-01 -6.092219000000000051e+03 1.315000000000000000e+02 1.220999999999999882e-07
0.000000000000000000e+00 -6.093215000000000146e+03 1.320000000000000000e+02 1.220999999999999882e-07
9.969999999999999973e-01 -6.092217999999999847e+03 1.325000000000000000e+02 1.221999999999999957e-07
0.000000000000000000e+00 -6.093215000000000146e+03 1.330000000000000000e+02 1.221999999999999957e-07
9.969999999999999973e-01 -6.092219000000000051e+03 1.335000000000000000e+02 1.223000000000000033e-07
0.000000000000000000e+00 -6.093215000000000146e+03 1.340000000000000000e+02 1.223000000000000033e-07
9.969999999999999973e-01 -6.092219000000000051e+03 1.345000000000000000e+02 1.263999999999999936e-07
0.000000000000000000e+00 -6.093215000000000146e+03 1.350000000000000000e+02 1.263999999999999936e-07
9.969999999999999973e-01 -6.092219000000000051e+03 1.355000000000000000e+02 1.266999999999999897e-07
0.000000000000000000e+00 -6.093215000000000146e+03 1.360000000000000000e+02 1.266999999999999897e-07
9.969999999999999973e-01 -6.092217999999999847e+03 1.365000000000000000e+02 1.270000000000000123e-07
0.000000000000000000e+00 -6.093215000000000146e+03 1.370000000000000000e+02 1.270000000000000123e-07
9.969999999999999973e-01 -6.092217999999999847e+03 1.375000000000000000e+02 1.270000000000000123e-07
0.000000000000000000e+00 -6.093215000000000146e+03 1.380000000000000000e+02 1.270000000000000123e-07
9.969999999999999973e-01 -6.092217999999999847e+03 1.385000000000000000e+02 1.279000000000000005e-07
0.000000000000000000e+00 -6.093215000000000146e+03 1.390000000000000000e+02 1.279000000000000005e-07
9.969999999999999973e-01 -6.092217999999999847e+03 1.395000000000000000e+02 1.284999999999999926e-07
0.000000000000000000e+00 -6.093215000000000146e+03 1.400000000000000000e+02 1.284999999999999926e-07
9.969999999999999973e-01 -6.092217999999999847e+03 1.405000000000000000e+02 1.284999999999999926e-07
0.000000000000000000e+00 -6.093215000000000146e+03 1.410000000000000000e+02 1.284999999999999926e-07
9.969999999999999973e-01 -6.092219000000000051e+03 1.415000000000000000e+02 1.287000000000000076e-07
0.000000000000000000e+00 -6.093215000000000146e+03 1.420000000000000000e+02 1.287000000000000076e-07
9.969999999999999973e-01 -6.092217999999999847e+03 1.425000000000000000e+02 1.294000000000000073e-07
0.000000000000000000e+00 -6.093215000000000146e+03 1.430000000000000000e+02 1.294000000000000073e-07
9.969999999999999973e-01 -6.092217999999999847e+03 1.435000000000000000e+02 1.299999999999999994e-07
0.000000000000000000e+00 -6.093215000000000146e+03 1.440000000000000000e+02 1.299999999999999994e-07
9.969999999999999973e-01 -6.092217999999999847e+03 1.445000000000000000e+02 1.312000000000000102e-07
0.000000000000000000e+00 -6.093215000000000146e+03 1.450000000000000000e+02 1.312000000000000102e-07
9.969999999999999973e-01 -6.092217999999999847e+03 1.455000000000000000e+02 1.313999999999999987e-07
0.000000000000000000e+00 -6.093215000000000146e+03 1.460000000000000000e+02 1.313999999999999987e-07
9.969999999999999973e-01 -6.092217999999999847e+03 1.465000000000000000e+02 1.316999999999999948e-07
0.000000000000000000e+00 -6.093215000000000146e+03 1.470000000000000000e+02 1.316999999999999948e-07
9.969999999999999973e-01 -6.092217999999999847e+03 1.475000000000000000e+02 1.330000000000000130e-07
0.000000000000000000e+00 -6.093215000000000146e+03 1.480000000000000000e+02 1.330000000000000130e-07
9.969999999999999973e-01 -6.092219000000000051e+03 1.485000000000000000e+02 1.337999999999999937e-07
0.000000000000000000e+00 -6.093215000000000146e+03 1.490000000000000000e+02 1.337999999999999937e-07
9.969999999999999973e-01 -6.092217999999999847e+03 1.495000000000000000e+02 1.343000000000000048e-07
0.000000000000000000e+00 -6.093215000000000146e+03 1.500000000000000000e+02 1.343000000000000048e-07
9.969999999999999973e-01 -6.092217999999999847e+03 1.505000000000000000e+02 1.397999999999999945e-07
0.000000000000000000e+00 -6.093215000000000146e+03 1.510000000000000000e+02 1.397999999999999945e-07
9.969999999999999973e-01 -6.092217999999999847e+03 1.515000000000000000e+02 1.414000000000000088e-07
0.000000000000000000e+00 -6.093215000000000146e+03 1.520000000000000000e+02 1.414000000000000088e-07
9.969999999999999973e-01 -6.092217999999999847e+03 1.525000000000000000e+02 1.418000000000000124e-07
0.000000000000000000e+00 -6.093215000000000146e+03 1.530000000000000000e+02 1.418000000000000124e-07
9.969999999999999973e-01 -6.092219000000000051e+03 1.535000000000000000e+02 1.420000000000000010e-07
0.000000000000000000e+00 -6.093215000000000146e+03 1.540000000000000000e+02 1.420000000000000010e-07
9.959999999999999964e-01 -6.092219000000000051e+03 1.545000000000000000e+02 1.427000000000000006e-07
0.000000000000000000e+00 -6.093215000000000146e+03 1.550000000000000000e+02 1.427000000000000006e-07
9.969999999999999973e-01 -6.092219000000000051e+03 1.555000000000000000e+02 1.428000000000000081e-07
0.000000000000000000e+00 -6.093215000000000146e+03 1.560000000000000000e+02 1.428000000000000081e-07
9.969999999999999973e-01 -6.092217999999999847e+03 1.565000000000000000e+02 1.431000000000000042e-07
0.000000000000000000e+00 -6.093215000000000146e+03 1.570000000000000000e+02 1.431000000000000042e-07
9.969999999999999973e-01 -6.092217999999999847e+03 1.575000000000000000e+02 1.432999999999999928e-07
0.000000000000000000e+00 -6.093215000000000146e+03 1.580000000000000000e+02 1.432999999999999928e-07
9.969999999999999973e-01 -6.092219000000000051e+03 1.585000000000000000e+02 1.439999999999999924e-07
0.000000000000000000e+00 -6.093215000000000146e+03 1.590000000000000000e+02 1.439999999999999924e-07
9.969999999999999973e-01 -6.092217999999999847e+03 1.595000000000000000e+02 1.445000000000000035e-07
0.000000000000000000e+00 -6.093215000000000146e+03 1.600000000000000000e+02 1.445000000000000035e-07
9.969999999999999973e-01 -6.092217999999999847e+03 1.605000000000000000e+02 1.453999999999999917e-07
0.000000000000000000e+00 -6.093215000000000146e+03 1.610000000000000000e+02 1.453999999999999917e-07
9.969999999999999973e-01 -6.092219000000000051e+03 1.615000000000000000e+02 1.457999999999999953e-07
0.000000000000000000e+00 -6.093215000000000146e+03 1.620000000000000000e+02 1.457999999999999953e-07
9.969999999999999973e-01 -6.092219000000000051e+03 1.625000000000000000e+02 1.468999999999999985e-07
0.000000000000000000e+00 -6.093215000000000146e+03 1.630000000000000000e+02 1.468999999999999985e-07
9.969999999999999973e-01 -6.092217999999999847e+03 1.635000000000000000e+02 1.474999999999999907e-07
0.000000000000000000e+00 -6.093215000000000146e+03 1.640000000000000000e+02 1.474999999999999907e-07
9.969999999999999973e-01 -6.092219000000000051e+03 1.645000000000000000e+02 1.487000000000000014e-07
0.000000000000000000e+00 -6.093215000000000146e+03 1.650000000000000000e+02 1.487000000000000014e-07
9.969999999999999973e-01 -6.092219000000000051e+03 1.655000000000000000e+02 1.495999999999999896e-07
0.000000000000000000e+00 -6.093215000000000146e+03 1.660000000000000000e+02 1.495999999999999896e-07
9.969999999999999973e-01 -6.092217999999999847e+03 1.665000000000000000e+02 1.509999999999999889e-07
0.000000000000000000e+00 -6.093215000000000146e+03 1.670000000000000000e+02 1.509999999999999889e-07
9.969999999999999973e-01 -6.092217999999999847e+03 1.675000000000000000e+02 1.513000000000000115e-07
0.000000000000000000e+00 -6.093215000000000146e+03 1.680000000000000000e+02 1.513000000000000115e-07
9.969999999999999973e-01 -6.092219000000000051e+03 1.685000000000000000e+02 1.516999999999999886e-07
0.000000000000000000e+00 -6.093215000000000146e+03 1.690000000000000000e+02 1.516999999999999886e-07
9.969999999999999973e-01 -6.092217999999999847e+03 1.695000000000000000e+02 1.519000000000000036e-07
0.000000000000000000e+00 -6.093215000000000146e+03 1.700000000000000000e+02 1.519000000000000036e-07
9.969999999999999973e-01 -6.092219000000000051e+03 1.705000000000000000e+02 1.520999999999999922e-07
0.000000000000000000e+00 -6.093215000000000146e+03 1.710000000000000000e+02 1.520999999999999922e-07
9.959999999999999964e-01 -6.092219000000000051e+03 1.715000000000000000e+02 1.521999999999999997e-07
0.000000000000000000e+00 -6.093215000000000146e+03 1.720000000000000000e+02 1.521999999999999997e-07
9.969999999999999973e-01 -6.092217999999999847e+03 1.725000000000000000e+02 1.534000000000000104e-07
0.000000000000000000e+00 -6.093215000000000146e+03 1.730000000000000000e+02 1.534000000000000104e-07
9.969999999999999973e-01 -6.092217999999999847e+03 1.735000000000000000e+02 1.541999999999999911e-07
0.000000000000000000e+00 -6.093215000000000146e+03 1.740000000000000000e+02 1.541999999999999911e-07
9.969999999999999973e-01 -6.092217999999999847e+03 1.745000000000000000e+02 1.559999999999999940e-07
0.000000000000000000e+00 -6.093215000000000146e+03 1.750000000000000000e+02 1.559999999999999940e-07
9.969999999999999973e-01 -6.092219000000000051e+03 1.755000000000000000e+02 1.562000000000000090e-07
0.000000000000000000e+00 -6.093215000000000146e+03 1.760000000000000000e+02 1.562000000000000090e-07
9.969999999999999973e-01 -6.092217999999999847e+03 1.765000000000000000e+02 1.562999999999999901e-07
0.000000000000000000e+00 -6.093215000000000146e+03 1.770000000000000000e+02 1.562999999999999901e-07
9.969999999999999973e-01 -6.092219000000000051e+03 1.775000000000000000e+02 1.576999999999999894e-07
0.000000000000000000e+00 -6.093215000000000146e+03 1.780000000000000000e+02 1.576999999999999894e-07
9.969999999999999973e-01 -6.092217999999999847e+03 1.785000000000000000e+02 1.590000000000000076e-07
0.000000000000000000e+00 -6.093215000000000146e+03 1.790000000000000000e+02 1.590000000000000076e-07
9.969999999999999973e-01 -6.092217999999999847e+03 1.795000000000000000e+02 1.595999999999999998e-07
0.000000000000000000e+00 -6.093215000000000146e+03 1.800000000000000000e+02 1.595999999999999998e-07
9.969999999999999973e-01 -6.092217999999999847e+03 1.805000000000000000e+02 1.618000000000000062e-07
0.000000000000000000e+00 -6.093215000000000146e+03 1.810000000000000000e+02 1.618000000000000062e-07
9.969999999999999973e-01 -6.092217999999999847e+03 1.815000000000000000e+02 1.629000000000000095e-07
0.000000000000000000e+00 -6.093215000000000146e+03 1.820000000000000000e+02 1.629000000000000095e-07
9.969999999999999973e-01 -6.092219000000000051e+03 1.825000000000000000e+02 1.640999999999999937e-07
0.000000000000000000e+00 -6.093215000000000146e+03 1.830000000000000000e+02 1.640999999999999937e-07
9.969999999999999973e-01 -6.092219000000000051e+03 1.835000000000000000e+02 1.646000000000000048e-07
0.000000000000000000e+00 -6.093215000000000146e+03 1.840000000000000000e+02 1.646000000000000048e-07
9.969999999999999973e-01 -6.092217999999999847e+03 1.845000000000000000e+02 1.647000000000000123e-07
0.000000000000000000e+00 -6.093215000000000146e+03 1.850000000000000000e+02 1.647000000000000123e-07
9.969999999999999973e-01 -6.092217999999999847e+03 1.855000000000000000e+02 1.681000000000000031e-07
0.000000000000000000e+00 -6.093215000000000146e+03 1.860000000000000000e+02 1.681000000000000031e-07
9.969999999999999973e-01 -6.092217999999999847e+03 1.865000000000000000e+02 1.682000000000000106e-07
0.000000000000000000e+00 -6.093215000000000146e+03 1.870000000000000000e+02 1.682000000000000106e-07
9.969999999999999973e-01 -6.092219000000000051e+03 1.875000000000000000e+02 1.682000000000000106e-07
0.000000000000000000e+00 -6.093215000000000146e+03 1.880000000000000000e+02 1.682000000000000106e-07
9.969999999999999973e-01 -6.092217999999999847e+03 1.885000000000000000e+02 1.682999999999999916e-07
0.000000000000000000e+00 -6.093215000000000146e+03 1.890000000000000000e+02 1.682999999999999916e-07
9.969999999999999973e-01 -6.092217999999999847e+03 1.895000000000000000e+02 1.704999999999999981e-07
0.000000000000000000e+00 -6.093215000000000146e+03 1.900000000000000000e+02 1.704999999999999981e-07
9.969999999999999973e-01 -6.092219000000000051e+03 1.905000000000000000e+02 1.706000000000000056e-07
0.000000000000000000e+00 -6.093215000000000146e+03 1.910000000000000000e+02 1.706000000000000056e-07
9.969999999999999973e-01 -6.092219000000000051e+03 1.915000000000000000e+02 1.728999999999999931e-07
0.000000000000000000e+00 -6.093215000000000146e+03 1.920000000000000000e+02 1.728999999999999931e-07
9.969999999999999973e-01 -6.092219000000000051e+03 1.925000000000000000e+02 1.742999999999999924e-07
0.000000000000000000e+00 -6.093215000000000146e+03 1.930000000000000000e+02 1.742999999999999924e-07
9.959999999999999964e-01 -6.092219000000000051e+03 1.935000000000000000e+02 1.750999999999999996e-07
0.000000000000000000e+00 -6.093215000000000146e+03 1.940000000000000000e+02 1.750999999999999996e-07
9.959999999999999964e-01 -6.092219000000000051e+03 1.945000000000000000e+02 1.764999999999999989e-07
0.000000000000000000e+00 -6.093215000000000146e+03 1.950000000000000000e+02 1.764999999999999989e-07
9.969999999999999973e-01 -6.092219000000000051e+03 1.955000000000000000e+02 1.780000000000000057e-07
0.000000000000000000e+00 -6.093215000000000146e+03 1.960000000000000000e+02 1.780000000000000057e-07
9.969999999999999973e-01 -6.092217999999999847e+03 1.965000000000000000e+02 1.802000000000000122e-07
0.000000000000000000e+00 -6.093215000000000146e+03 1.970000000000000000e+02 1.802000000000000122e-07
9.969999999999999973e-01 -6.092217999999999847e+03 1.975000000000000000e+02 1.804000000000000007e-07
0.000000000000000000e+00 -6.093215000000000146e+03 1.980000000000000000e+02 1.804000000000000007e-07
9.969999999999999973e-01 -6.092219000000000051e+03 1.985000000000000000e+02 1.808000000000000043e-07
0.000000000000000000e+00 -6.093215000000000146e+03 1.990000000000000000e+02 1.808000000000000043e-07
9.969999999999999973e-01 -6.092219000000000051e+03 1.995000000000000000e+02 1.809000000000000118e-07
0.000000000000000000e+00 -6.093215000000000146e+03 2.000000000000000000e+02 1.809000000000000118e-07
9.969999999999999973e-01 -6.092217999999999847e+03 2.005000000000000000e+02 1.819999999999999886e-07
0.000000000000000000e+00 -6.093215000000000146e+03 2.010000000000000000e+02 1.819999999999999886e-07
9.959999999999999964e-01 -6.092219000000000051e+03 2.015000000000000000e+02 1.829000000000000033e-07
0.000000000000000000e+00 -6.093215000000000146e+03 2.020000000000000000e+02 1.829000000000000033e-07
9.969999999999999973e-01 -6.092217999999999847e+03 2.025000000000000000e+02 1.833000000000000068e-07
0.000000000000000000e+00 -6.093215000000000146e+03 2.030000000000000000e+02 1.833000000000000068e-07
9.969999999999999973e-01 -6.092217999999999847e+03 2.035000000000000000e+02 1.837999999999999915e-07
0.000000000000000000e+00 -6.093215000000000146e+03 2.040000000000000000e+02 1.837999999999999915e-07
9.969999999999999973e-01 -6.092217999999999847e+03 2.045000000000000000e+02 1.844000000000000101e-07
0.000000000000000000e+00 -6.093215000000000146e+03 2.050000000000000000e+02 1.844000000000000101e-07
9.969999999999999973e-01 -6.092217999999999847e+03 2.055000000000000000e+02 1.866999999999999976e-07
0.000000000000000000e+00 -6.093215000000000146e+03 2.060000000000000000e+02 1.866999999999999976e-07
9.969999999999999973e-01 -6.092219000000000051e+03 2.065000000000000000e+02 1.871000000000000012e-07
0.000000000000000000e+00 -6.093215000000000146e+03 2.070000000000000000e+02 1.871000000000000012e-07
9.959999999999999964e-01 -6.092219000000000051e+03 2.075000000000000000e+02 1.883999999999999930e-07
0.000000000000000000e+00 -6.093215000000000146e+03 2.080000000000000000e+02 1.883999999999999930e-07
9.969999999999999973e-01 -6.092217999999999847e+03 2.085000000000000000e+02 1.908999999999999955e-07
0.000000000000000000e+00 -6.093215000000000146e+03 2.090000000000000000e+02 1.908999999999999955e-07
9.969999999999999973e-01 -6.092219000000000051e+03 2.095000000000000000e+02 1.912999999999999991e-07
0.000000000000000000e+00 -6.093215000000000146e+03 2.100000000000000000e+02 1.912999999999999991e-07
9.969999999999999973e-01 -6.092217999999999847e+03 2.105000000000000000e+02 1.928000000000000059e-07
0.000000000000000000e+00 -6.093215000000000146e+03 2.110000000000000000e+02 1.928000000000000059e-07
9.969999999999999973e-01 -6.092217999999999847e+03 2.115000000000000000e+02 1.953000000000000084e-07
0.000000000000000000e+00 -6.093215000000000146e+03 2.120000000000000000e+02 1.953000000000000084e-07
9.969999999999999973e-01 -6.092217999999999847e+03 2.125000000000000000e+02 1.966000000000000002e-07
0.000000000000000000e+00 -6.093215000000000146e+03 2.130000000000000000e+02 1.966000000000000002e-07
9.969999999999999973e-01 -6.092217999999999847e+03 2.135000000000000000e+02 1.989999999999999952e-07
0.000000000000000000e+00 -6.093215000000000146e+03 2.140000000000000000e+02 1.989999999999999952e-07
9.969999999999999973e-01 -6.092217999999999847e+03 2.145000000000000000e+02 2.009000000000000056e-07
0.000000000000000000e+00 -6.093215000000000146e+03 2.150000000000000000e+02 2.009000000000000056e-07
9.969999999999999973e-01 -6.092219000000000051e+03 2.155000000000000000e+02 2.012000000000000017e-07
0.000000000000000000e+00 -6.093215000000000146e+03 2.160000000000000000e+02 2.012000000000000017e-07
9.969999999999999973e-01 -6.092219000000000051e+03 2.165000000000000000e+02 2.013000000000000092e-07
0.000000000000000000e+00 -6.093215000000000146e+03 2.170000000000000000e+02 2.013000000000000092e-07
9.969999999999999973e-01 -6.092217999999999847e+03 2.175000000000000000e+02 2.016000000000000053e-07
0.000000000000000000e+00 -6.093215000000000146e+03 2.180000000000000000e+02 2.016000000000000053e-07
9.969999999999999973e-01 -6.092217999999999847e+03 2.185000000000000000e+02 2.020999999999999899e-07
0.000000000000000000e+00 -6.093215000000000146e+03 2.190000000000000000e+02 2.020999999999999899e-07
9.969999999999999973e-01 -6.092217999999999847e+03 2.195000000000000000e+02 2.034999999999999892e-07
0.000000000000000000e+00 -6.093215000000000146e+03 2.200000000000000000e+02 2.034999999999999892e-07
9.969999999999999973e-01 -6.092217999999999847e+03 2.205000000000000000e+02 2.037000000000000042e-07
0.000000000000000000e+00 -6.093215000000000146e+03 2.210000000000000000e+02 2.037000000000000042e-07
9.969999999999999973e-01 -6.092216999999999643e+03 2.215000000000000000e+02 2.038999999999999928e-07
0.000000000000000000e+00 -6.093212999999999738e+03 2.220000000000000000e+02 2.038999999999999928e-07
9.949999999999999956e-01 -6.092220000000000255e+03 2.225000000000000000e+02 2.048000000000000075e-07
0.000000000000000000e+00 -6.093215000000000146e+03 2.230000000000000000e+02 2.048000000000000075e-07
9.969999999999999973e-01 -6.092216999999999643e+03 2.235000000000000000e+02 2.073999999999999910e-07
0.000000000000000000e+00 -6.093212999999999738e+03 2.240000000000000000e+02 2.073999999999999910e-07
9.949999999999999956e-01 -6.092220999999999549e+03 2.245000000000000000e+02 2.077999999999999946e-07
0.000000000000000000e+00 -6.093215000000000146e+03 2.250000000000000000e+02 2.077999999999999946e-07
9.969999999999999973e-01 -6.092217999999999847e+03 2.255000000000000000e+02 2.080000000000000096e-07
0.000000000000000000e+00 -6.093215000000000146e+03 2.260000000000000000e+02 2.080000000000000096e-07
9.969999999999999973e-01 -6.092217999999999847e+03 2.265000000000000000e+02 2.087000000000000093e-07
0.000000000000000000e+00 -6.093215000000000146e+03 2.270000000000000000e+02 2.087000000000000093e-07
9.969999999999999973e-01 -6.092217999999999847e+03 2.275000000000000000e+02 2.091000000000000129e-07
0.000000000000000000e+00 -6.093215000000000146e+03 2.280000000000000000e+02 2.091000000000000129e-07
9.969999999999999973e-01 -6.092217999999999847e+03 2.285000000000000000e+02 2.121000000000000000e-07
0.000000000000000000e+00 -6.093215000000000146e+03 2.290000000000000000e+02 2.121000000000000000e-07
9.969999999999999973e-01 -6.092217999999999847e+03 2.295000000000000000e+02 2.126000000000000111e-07
0.000000000000000000e+00 -6.093215000000000146e+03 2.300000000000000000e+02 2.126000000000000111e-07
9.969999999999999973e-01 -6.092219000000000051e+03 2.305000000000000000e+02 2.143000000000000065e-07
0.000000000000000000e+00 -6.093215000000000146e+03 2.310000000000000000e+02 2.143000000000000065e-07
9.969999999999999973e-01 -6.092217999999999847e+03 2.315000000000000000e+02 2.154999999999999908e-07
0.000000000000000000e+00 -6.093215000000000146e+03 2.320000000000000000e+02 2.154999999999999908e-07
9.969999999999999973e-01 -6.092219000000000051e+03 2.325000000000000000e+02 2.155999999999999983e-07
0.000000000000000000e+00 -6.093215000000000146e+03 2.330000000000000000e+02 2.155999999999999983e-07
9.969999999999999973e-01 -6.092219000000000051e+03 2.335000000000000000e+02 2.162999999999999979e-07
0.000000000000000000e+00 -6.093215000000000146e+03 2.340000000000000000e+02 2.162999999999999979e-07
9.969999999999999973e-01 -6.092219000000000051e+03 2.345000000000000000e+02 2.172000000000000126e-07
0.000000000000000000e+00 -6.093215000000000146e+03 2.350000000000000000e+02 2.172000000000000126e-07
9.969999999999999973e-01 -6.092217999999999847e+03 2.355000000000000000e+02 2.175000000000000087e-07
0.000000000000000000e+00 -6.093215000000000146e+03 2.360000000000000000e+02 2.175000000000000087e-07
9.969999999999999973e-01 -6.092217999999999847e+03 2.365000000000000000e+02 2.179000000000000123e-07
0.000000000000000000e+00 -6.093215000000000146e+03 2.370000000000000000e+02 2.179000000000000123e-07
9.969999999999999973e-01 -6.092217999999999847e+03 2.375000000000000000e+02 2.196999999999999887e-07
0.000000000000000000e+00 -6.093215000000000146e+03 2.380000000000000000e+02 2.196999999999999887e-07
9.969999999999999973e-01 -6.092217999999999847e+03 2.385000000000000000e+02 2.208999999999999994e-07
0.000000000000000000e+00 -6.093215000000000146e+03 2.390000000000000000e+02 2.208999999999999994e-07
9.969999999999999973e-01 -6.092217999999999847e+03 2.395000000000000000e+02 2.214000000000000105e-07
0.000000000000000000e+00 -6.093215000000000146e+03 2.400000000000000000e+02 2.214000000000000105e-07
9.969999999999999973e-01 -6.092217999999999847e+03 2.405000000000000000e+02 2.235999999999999905e-07
0.000000000000000000e+00 -6.093215000000000146e+03 2.410000000000000000e+02 2.235999999999999905e-07
9.969999999999999973e-01 -6.092219000000000051e+03 2.415000000000000000e+02 2.246999999999999937e-07
0.000000000000000000e+00 -6.093215000000000146e+03 2.420000000000000000e+02 2.246999999999999937e-07
9.969999999999999973e-01 -6.092219000000000051e+03 2.425000000000000000e+02 2.264999999999999966e-07
0.000000000000000000e+00 -6.093215000000000146e+03 2.430000000000000000e+02 2.264999999999999966e-07
9.969999999999999973e-01 -6.092219000000000051e+03 2.435000000000000000e+02 2.267999999999999927e-07
0.000000000000000000e+00 -6.093215000000000146e+03 2.440000000000000000e+02 2.267999999999999927e-07
9.959999999999999964e-01 -6.092219000000000051e+03 2.445000000000000000e+02 2.281000000000000110e-07
0.000000000000000000e+00 -6.093215000000000146e+03 2.450000000000000000e+02 2.281000000000000110e-07
9.969999999999999973e-01 -6.092217999999999847e+03 2.455000000000000000e+02 2.284000000000000070e-07
0.000000000000000000e+00 -6.093215000000000146e+03 2.460000000000000000e+02 2.284000000000000070e-07
9.969999999999999973e-01 -6.092217999999999847e+03 2.465000000000000000e+02 2.299999999999999949e-07
0.000000000000000000e+00 -6.093215000000000146e+03 2.470000000000000000e+02 2.299999999999999949e-07
9.969999999999999973e-01 -6.092219000000000051e+03 2.475000000000000000e+02 2.301000000000000024e-07
0.000000000000000000e+00 -6.093215000000000146e+03 2.480000000000000000e+02 2.301000000000000024e-07
9.969999999999999973e-01 -6.092219000000000051e+03 2.485000000000000000e+02 2.301000000000000024e-07
0.000000000000000000e+00 -6.093215000000000146e+03 2.490000000000000000e+02 2.301000000000000024e-07
9.969999999999999973e-01 -6.092217999999999847e+03 2.495000000000000000e+02 2.312000000000000056e-07
0.000000000000000000e+00 -6.093215000000000146e+03 2.500000000000000000e+02 2.312000000000000056e-07
9.969999999999999973e-01 -6.092217999999999847e+03 2.505000000000000000e+02 2.319000000000000053e-07
0.000000000000000000e+00 -6.093215000000000146e+03 2.510000000000000000e+02 2.319000000000000053e-07
9.969999999999999973e-01 -6.092217999999999847e+03 2.515000000000000000e+02 2.330999999999999896e-07
0.000000000000000000e+00 -6.093215000000000146e+03 2.520000000000000000e+02 2.330999999999999896e-07
9.969999999999999973e-01 -6.092217999999999847e+03 2.525000000000000000e+02 2.355000000000000110e-07
0.000000000000000000e+00 -6.093215000000000146e+03 2.530000000000000000e+02 2.355000000000000110e-07
9.969999999999999973e-01 -6.092217999999999847e+03 2.535000000000000000e+02 2.376999999999999910e-07
0.000000000000000000e+00 -6.093215000000000146e+03 2.540000000000000000e+02 2.376999999999999910e-07
9.969999999999999973e-01 -6.092217999999999847e+03 2.545000000000000000e+02 2.383999999999999907e-07
0.000000000000000000e+00 -6.093215000000000146e+03 2.550000000000000000e+02 2.383999999999999907e-07
9.969999999999999973e-01 -6.092219000000000051e+03 2.555000000000000000e+02 2.385000000000000247e-07
0.000000000000000000e+00 -6.093215000000000146e+03 2.560000000000000000e+02 2.385000000000000247e-07
9.959999999999999964e-01 -6.092219000000000051e+03 2.565000000000000000e+02 2.411000000000000083e-07
0.000000000000000000e+00 -6.093215000000000146e+03 2.570000000000000000e+02 2.411000000000000083e-07
9.969999999999999973e-01 -6.092217999999999847e+03 2.575000000000000000e+02 2.422999999999999925e-07
0.000000000000000000e+00 -6.093215000000000146e+03 2.580000000000000000e+02 2.422999999999999925e-07
9.969999999999999973e-01 -6.092219000000000051e+03 2.585000000000000000e+02 2.439000000000000069e-07
0.000000000000000000e+00 -6.093215000000000146e+03 2.590000000000000000e+02 2.439000000000000069e-07
9.959999999999999964e-01 -6.092219000000000051e+03 2.595000000000000000e+02 2.455000000000000212e-07
0.000000000000000000e+00 -6.093215000000000146e+03 2.600000000000000000e+02 2.455000000000000212e-07
9.969999999999999973e-01 -6.092216000000000349e+03 2.605000000000000000e+02 2.483000000000000198e-07
0.000000000000000000e+00 -6.093212999999999738e+03 2.610000000000000000e+02 2.483000000000000198e-07
9.959999999999999964e-01 -6.092219000000000051e+03 2.615000000000000000e+02 2.492999999999999890e-07
0.000000000000000000e+00 -6.093215000000000146e+03 2.620000000000000000e+02 2.492999999999999890e-07
9.969999999999999973e-01 -6.092217999999999847e+03 2.625000000000000000e+02 2.510000000000000109e-07
0.000000000000000000e+00 -6.093215000000000146e+03 2.630000000000000000e+02 2.510000000000000109e-07
9.969999999999999973e-01 -6.092219000000000051e+03 2.635000000000000000e+02 2.513999999999999880e-07
0.000000000000000000e+00 -6.093215000000000146e+03 2.640000000000000000e+02 2.513999999999999880e-07
9.969999999999999973e-01 -6.092217999999999847e+03 2.645000000000000000e+02 2.539000000000000170e-07
0.000000000000000000e+00 -6.093215000000000146e+03 2.650000000000000000e+02 2.539000000000000170e-07
9.969999999999999973e-01 -6.092217999999999847e+03 2.655000000000000000e+02 2.548999999999999862e-07
0.000000000000000000e+00 -6.093215000000000146e+03 2.660000000000000000e+02 2.548999999999999862e-07
9.969999999999999973e-01 -6.092217999999999847e+03 2.665000000000000000e+02 2.554000000000000238e-07
0.000000000000000000e+00 -6.093215000000000146e+03 2.670000000000000000e+02 2.554000000000000238e-07
9.969999999999999973e-01 -6.092217999999999847e+03 2.675000000000000000e+02 2.565000000000000006e-07
0.000000000000000000e+00 -6.093215000000000146e+03 2.680000000000000000e+02 2.565000000000000006e-07
9.969999999999999973e-01 -6.092217999999999847e+03 2.685000000000000000e+02 2.572000000000000002e-07
0.000000000000000000e+00 -6.093215000000000146e+03 2.690000000000000000e+02 2.572000000000000002e-07
9.969999999999999973e-01 -6.092219000000000051e+03 2.695000000000000000e+02 2.575000000000000228e-07
0.000000000000000000e+00 -6.093215000000000146e+03 2.700000000000000000e+02 2.575000000000000228e-07
9.969999999999999973e-01 -6.092217999999999847e+03 2.705000000000000000e+02 2.575000000000000228e-07
0.000000000000000000e+00 -6.093215000000000146e+03 2.710000000000000000e+02 2.575000000000000228e-07
9.969999999999999973e-01 -6.092219000000000051e+03 2.715000000000000000e+02 2.585999999999999995e-07
0.000000000000000000e+00 -6.093215000000000146e+03 2.720000000000000000e+02 2.585999999999999995e-07
9.969999999999999973e-01 -6.092217999999999847e+03 2.725000000000000000e+02 2.598999999999999913e-07
0.000000000000000000e+00 -6.093215000000000146e+03 2.730000000000000000e+02 2.598999999999999913e-07
9.969999999999999973e-01 -6.092217999999999847e+03 2.735000000000000000e+02 2.629000000000000049e-07
0.000000000000000000e+00 -6.093215000000000146e+03 2.740000000000000000e+02 2.629000000000000049e-07
9.969999999999999973e-01 -6.092219000000000051e+03 2.745000000000000000e+02 2.640999999999999892e-07
0.000000000000000000e+00 -6.093215000000000146e+03 2.750000000000000000e+02 2.640999999999999892e-07
9.969999999999999973e-01 -6.092217999999999847e+03 2.755000000000000000e+02 2.645999999999999738e-07
0.000000000000000000e+00 -6.093215000000000146e+03 2.760000000000000000e+02 2.645999999999999738e-07
9.969999999999999973e-01 -6.092217999999999847e+03 2.765000000000000000e+02 2.653000000000000264e-07
0.000000000000000000e+00 -6.093215000000000146e+03 2.770000000000000000e+02 2.653000000000000264e-07
9.969999999999999973e-01 -6.092219000000000051e+03 2.775000000000000000e+02 2.659000000000000186e-07
0.000000000000000000e+00 -6.093215000000000146e+03 2.780000000000000000e+02 2.659000000000000186e-07
9.969999999999999973e-01 -6.092217999999999847e+03 2.785000000000000000e+02 2.660000000000000261e-07
0.000000000000000000e+00 -6.093215000000000146e+03 2.790000000000000000e+02 2.660000000000000261e-07
9.969999999999999973e-01 -6.092219000000000051e+03 2.795000000000000000e+02 2.664000000000000032e-07
0.000000000000000000e+00 -6.093215000000000146e+03 2.800000000000000000e+02 2.664000000000000032e-07
9.959999999999999964e-01 -6.092219000000000051e+03 2.805000000000000000e+02 2.664000000000000032e-07
0.000000000000000000e+00 -6.093215000000000146e+03 2.810000000000000000e+02 2.664000000000000032e-07
9.969999999999999973e-01 -6.092217999999999847e+03 2.815000000000000000e+02 2.718999999999999929e-07
0.000000000000000000e+00 -6.093215000000000146e+03 2.820000000000000000e+02 2.718999999999999929e-07
9.969999999999999973e-01 -6.092217999999999847e+03 2.825000000000000000e+02 2.718999999999999929e-07
0.000000000000000000e+00 -6.093215000000000146e+03 2.830000000000000000e+02 2.718999999999999929e-07
9.969999999999999973e-01 -6.092217999999999847e+03 2.835000000000000000e+02 2.730999999999999772e-07
0.000000000000000000e+00 -6.093215000000000146e+03 2.840000000000000000e+02 2.730999999999999772e-07
9.969999999999999973e-01 -6.092219000000000051e+03 2.845000000000000000e+02 2.738999999999999843e-07
0.000000000000000000e+00 -6.093215000000000146e+03 2.850000000000000000e+02 2.738999999999999843e-07
9.969999999999999973e-01 -6.092217999999999847e+03 2.855000000000000000e+02 2.744999999999999765e-07
0.000000000000000000e+00 -6.093215000000000146e+03 2.860000000000000000e+02 2.744999999999999765e-07
9.969999999999999973e-01 -6.092217999999999847e+03 2.865000000000000000e+02 2.751000000000000215e-07
0.000000000000000000e+00 -6.093215000000000146e+03 2.870000000000000000e+02 2.751000000000000215e-07
9.969999999999999973e-01 -6.092217999999999847e+03 2.875000000000000000e+02 2.772999999999999751e-07
0.000000000000000000e+00 -6.093215000000000146e+03 2.880000000000000000e+02 2.772999999999999751e-07
9.969999999999999973e-01 -6.092217999999999847e+03 2.885000000000000000e+02 2.785000000000000123e-07
0.000000000000000000e+00 -6.093215000000000146e+03 2.890000000000000000e+02 2.785000000000000123e-07
9.969999999999999973e-01 -6.092219000000000051e+03 2.895000000000000000e+02 2.787999999999999819e-07
0.000000000000000000e+00 -6.093215000000000146e+03 2.900000000000000000e+02 2.787999999999999819e-07
9.969999999999999973e-01 -6.092219000000000051e+03 2.905000000000000000e+02 2.792000000000000119e-07
0.000000000000000000e+00 -6.093215000000000146e+03 2.910000000000000000e+02 2.792000000000000119e-07
9.969999999999999973e-01 -6.092219000000000051e+03 2.915000000000000000e+02 2.794999999999999815e-07
0.000000000000000000e+00 -6.093215000000000146e+03 2.920000000000000000e+02 2.794999999999999815e-07
9.969999999999999973e-01 -6.092217999999999847e+03 2.925000000000000000e+02 2.812000000000000034e-07
0.000000000000000000e+00 -6.093215000000000146e+03 2.930000000000000000e+02 2.812000000000000034e-07
9.969999999999999973e-01 -6.092219000000000051e+03 2.935000000000000000e+02 2.823999999999999876e-07
0.000000000000000000e+00 -6.093215000000000146e+03 2.940000000000000000e+02 2.823999999999999876e-07
9.969999999999999973e-01 -6.092219000000000051e+03 2.945000000000000000e+02 2.829000000000000252e-07
0.000000000000000000e+00 -6.093215000000000146e+03 2.950000000000000000e+02 2.829000000000000252e-07
9.969999999999999973e-01 -6.092217999999999847e+03 2.955000000000000000e+02 2.836999999999999794e-07
0.000000000000000000e+00 -6.093215000000000146e+03 2.960000000000000000e+02 2.836999999999999794e-07
9.969999999999999973e-01 -6.092217999999999847e+03 2.965000000000000000e+02 2.857999999999999784e-07
0.000000000000000000e+00 -6.093215000000000146e+03 2.970000000000000000e+02 2.857999999999999784e-07
9.969999999999999973e-01 -6.092219000000000051e+03 2.975000000000000000e+02 2.866999999999999931e-07
0.000000000000000000e+00 -6.093215000000000146e+03 2.980000000000000000e+02 2.866999999999999931e-07
9.969999999999999973e-01 -6.092219000000000051e+03 2.985000000000000000e+02 2.871000000000000231e-07
0.000000000000000000e+00 -6.093215000000000146e+03 2.990000000000000000e+02 2.871000000000000231e-07
9.969999999999999973e-01 -6.092219000000000051e+03 2.995000000000000000e+02 2.872999999999999852e-07
0.000000000000000000e+00 -6.093215000000000146e+03 3.000000000000000000e+02 2.872999999999999852e-07
9.969999999999999973e-01 -6.092219000000000051e+03 3.005000000000000000e+02 2.875000000000000002e-07
0.000000000000000000e+00 -6.093215000000000146e+03 3.010000000000000000e+02 2.875000000000000002e-07
9.969999999999999973e-01 -6.092217999999999847e+03 3.015000000000000000e+02 2.902999999999999988e-07
0.000000000000000000e+00 -6.093215000000000146e+03 3.020000000000000000e+02 2.902999999999999988e-07
9.969999999999999973e-01 -6.092217999999999847e+03 3.025000000000000000e+02 2.904000000000000063e-07
0.000000000000000000e+00 -6.093215000000000146e+03 3.030000000000000000e+02 2.904000000000000063e-07
9.969999999999999973e-01 -6.092217999999999847e+03 3.035000000000000000e+02 2.908999999999999910e-07
0.000000000000000000e+00 -6.093215000000000146e+03 3.040000000000000000e+02 2.908999999999999910e-07
9.969999999999999973e-01 -6.092217999999999847e+03 3.045000000000000000e+02 2.929999999999999899e-07
0.000000000000000000e+00 -6.093215000000000146e+03 3.050000000000000000e+02 2.929999999999999899e-07
9.969999999999999973e-01 -6.092217999999999847e+03 3.055000000000000000e+02 2.949999999999999814e-07
0.000000000000000000e+00 -6.093215000000000146e+03 3.060000000000000000e+02 2.949999999999999814e-07
9.969999999999999973e-01 -6.092217999999999847e+03 3.065000000000000000e+02 3.000999999999999939e-07
0.000000000000000000e+00 -6.093215000000000146e+03 3.070000000000000000e+02 3.000999999999999939e-07
9.969999999999999973e-01 -6.092217999999999847e+03 3.075000000000000000e+02 3.003000000000000090e-07
0.000000000000000000e+00 -6.093215000000000146e+03 3.080000000000000000e+02 3.003000000000000090e-07
9.969999999999999973e-01 -6.092217999999999847e+03 3.085000000000000000e+02 3.012000000000000236e-07
0.000000000000000000e+00 -6.093215000000000146e+03 3.090000000000000000e+02 3.012000000000000236e-07
9.969999999999999973e-01 -6.092217999999999847e+03 3.095000000000000000e+02 3.025000000000000154e-07
0.000000000000000000e+00 -6.093215000000000146e+03 3.100000000000000000e+02 3.025000000000000154e-07
9.969999999999999973e-01 -6.092219000000000051e+03 3.105000000000000000e+02 3.061000000000000212e-07
0.000000000000000000e+00 -6.093215000000000146e+03 3.110000000000000000e+02 3.061000000000000212e-07
9.969999999999999973e-01 -6.092217999999999847e+03 3.115000000000000000e+02 3.083999999999999822e-07
0.000000000000000000e+00 -6.093215000000000146e+03 3.120000000000000000e+02 3.083999999999999822e-07
9.959999999999999964e-01 -6.092219000000000051e+03 3.125000000000000000e+02 3.089999999999999744e-07
0.000000000000000000e+00 -6.093215000000000146e+03 3.130000000000000000e+02 3.089999999999999744e-07
9.969999999999999973e-01 -6.092217999999999847e+03 3.135000000000000000e+02 3.115000000000000034e-07
0.000000000000000000e+00 -6.093215000000000146e+03 3.140000000000000000e+02 3.115000000000000034e-07
9.959999999999999964e-01 -6.092219000000000051e+03 3.145000000000000000e+02 3.143000000000000020e-07
0.000000000000000000e+00 -6.093215000000000146e+03 3.150000000000000000e+02 3.143000000000000020e-07
9.969999999999999973e-01 -6.092217999999999847e+03 3.155000000000000000e+02 3.146000000000000245e-07
0.000000000000000000e+00 -6.093215000000000146e+03 3.160000000000000000e+02 3.146000000000000245e-07
9.969999999999999973e-01 -6.092217999999999847e+03 3.165000000000000000e+02 3.195999999999999766e-07
0.000000000000000000e+00 -6.093215000000000146e+03 3.170000000000000000e+02 3.195999999999999766e-07
9.969999999999999973e-01 -6.092219000000000051e+03 3.175000000000000000e+02 3.202999999999999763e-07
0.000000000000000000e+00 -6.093215000000000146e+03 3.180000000000000000e+02 3.202999999999999763e-07
9.969999999999999973e-01 -6.092217999999999847e+03 3.185000000000000000e+02 3.207000000000000063e-07
0.000000000000000000e+00 -6.093215000000000146e+03 3.190000000000000000e+02 3.207000000000000063e-07
9.969999999999999973e-01 -6.092217999999999847e+03 3.195000000000000000e+02 3.230999999999999749e-07
0.000000000000000000e+00 -6.093215000000000146e+03 3.200000000000000000e+02 3.230999999999999749e-07
9.969999999999999973e-01 -6.092219000000000051e+03 3.205000000000000000e+02 3.230999999999999749e-07
0.000000000000000000e+00 -6.093215000000000146e+03 3.210000000000000000e+02 3.230999999999999749e-07
9.969999999999999973e-01 -6.092217999999999847e+03 3.215000000000000000e+02 3.231999999999999824e-07
0.000000000000000000e+00 -6.093215000000000146e+03 3.220000000000000000e+02 3.231999999999999824e-07
9.969999999999999973e-01 -6.092217999999999847e+03 3.225000000000000000e+02 3.232999999999999899e-07
0.000000000000000000e+00 -6.093215000000000146e+03 3.230000000000000000e+02 3.232999999999999899e-07
9.969999999999999973e-01 -6.092219000000000051e+03 3.235000000000000000e+02 3.238999999999999821e-07
0.000000000000000000e+00 -6.093215000000000146e+03 3.240000000000000000e+02 3.238999999999999821e-07
9.969999999999999973e-01 -6.092217999999999847e+03 3.245000000000000000e+02 3.249000000000000043e-07
0.000000000000000000e+00 -6.093215000000000146e+03 3.250000000000000000e+02 3.249000000000000043e-07
9.969999999999999973e-01 -6.092217999999999847e+03 3.255000000000000000e+02 3.250000000000000118e-07
0.000000000000000000e+00 -6.093215000000000146e+03 3.260000000000000000e+02 3.250000000000000118e-07
9.969999999999999973e-01 -6.092219000000000051e+03 3.265000000000000000e+02 3.250000000000000118e-07
0.000000000000000000e+00 -6.093215000000000146e+03 3.270000000000000000e+02 3.250000000000000118e-07
9.969999999999999973e-01 -6.092217999999999847e+03 3.275000000000000000e+02 3.259000000000000264e-07
0.000000000000000000e+00 -6.093215000000000146e+03 3.280000000000000000e+02 3.259000000000000264e-07
9.969999999999999973e-01 -6.092217999999999847e+03 3.285000000000000000e+02 3.275999999999999953e-07
0.000000000000000000e+00 -6.093215000000000146e+03 3.290000000000000000e+02 3.275999999999999953e-07
9.969999999999999973e-01 -6.092219000000000051e+03 3.295000000000000000e+02 3.289999999999999946e-07
0.000000000000000000e+00 -6.093215000000000146e+03 3.300000000000000000e+02 3.289999999999999946e-07
9.959999999999999964e-01 -6.092219000000000051e+03 3.305000000000000000e+02 3.303999999999999939e-07
0.000000000000000000e+00 -6.093215000000000146e+03 3.310000000000000000e+02 3.303999999999999939e-07
9.969999999999999973e-01 -6.092217999999999847e+03 3.315000000000000000e+02 3.303999999999999939e-07
0.000000000000000000e+00 -6.093215000000000146e+03 3.320000000000000000e+02 3.303999999999999939e-07
9.969999999999999973e-01 -6.092217999999999847e+03 3.325000000000000000e+02 3.303999999999999939e-07
0.000000000000000000e+00 -6.093215000000000146e+03 3.330000000000000000e+02 3.303999999999999939e-07
9.969999999999999973e-01 -6.092219000000000051e+03 3.335000000000000000e+02 3.310999999999999936e-07
0.000000000000000000e+00 -6.093215000000000146e+03 3.340000000000000000e+02 3.310999999999999936e-07
9.969999999999999973e-01 -6.092217999999999847e+03 3.345000000000000000e+02 3.312000000000000011e-07
0.000000000000000000e+00 -6.093215000000000146e+03 3.350000000000000000e+02 3.312000000000000011e-07
9.969999999999999973e-01 -6.092217999999999847e+03 3.355000000000000000e+02 3.313000000000000086e-07
0.000000000000000000e+00 -6.093215000000000146e+03 3.360000000000000000e+02 3.313000000000000086e-07
9.969999999999999973e-01 -6.092217999999999847e+03 3.365000000000000000e+02 3.314000000000000161e-07
0.000000000000000000e+00 -6.093215000000000146e+03 3.370000000000000000e+02 3.314000000000000161e-07
9.969999999999999973e-01 -6.092219000000000051e+03 3.375000000000000000e+02 3.315000000000000236e-07
0.000000000000000000e+00 -6.093215000000000146e+03 3.380000000000000000e+02 3.315000000000000236e-07
9.969999999999999973e-01 -6.092217999999999847e+03 3.385000000000000000e+02 3.320000000000000083e-07
0.000000000000000000e+00 -6.093215000000000146e+03 3.390000000000000000e+02 3.320000000000000083e-07
9.969999999999999973e-01 -6.092217999999999847e+03 3.395000000000000000e+02 3.322000000000000233e-07
0.000000000000000000e+00 -6.093215000000000146e+03 3.400000000000000000e+02 3.322000000000000233e-07
9.969999999999999973e-01 -6.092217999999999847e+03 3.405000000000000000e+02 3.323999999999999854e-07
0.000000000000000000e+00 -6.093215000000000146e+03 3.410000000000000000e+02 3.323999999999999854e-07
9.969999999999999973e-01 -6.092219000000000051e+03 3.415000000000000000e+02 3.329000000000000229e-07
0.000000000000000000e+00 -6.093215000000000146e+03 3.420000000000000000e+02 3.329000000000000229e-07
9.969999999999999973e-01 -6.092217999999999847e+03 3.425000000000000000e+02 3.341000000000000072e-07
0.000000000000000000e+00 -6.093215000000000146e+03 3.430000000000000000e+02 3.341000000000000072e-07
9.969999999999999973e-01 -6.092217999999999847e+03 3.435000000000000000e+02 3.343999999999999768e-07
0.000000000000000000e+00 -6.093215000000000146e+03 3.440000000000000000e+02 3.343999999999999768e-07
9.969999999999999973e-01 -6.092217999999999847e+03 3.445000000000000000e+02 3.349000000000000144e-07
0.000000000000000000e+00 -6.093215000000000146e+03 3.450000000000000000e+02 3.349000000000000144e-07
9.969999999999999973e-01 -6.092219000000000051e+03 3.455000000000000000e+02 3.349000000000000144e-07
0.000000000000000000e+00 -6.093215000000000146e+03 3.460000000000000000e+02 3.349000000000000144e-07
9.969999999999999973e-01 -6.092217999999999847e+03 3.465000000000000000e+02 3.359999999999999911e-07
0.000000000000000000e+00 -6.093215000000000146e+03 3.470000000000000000e+02 3.359999999999999911e-07
9.969999999999999973e-01 -6.092217999999999847e+03 3.475000000000000000e+02 3.371999999999999754e-07
0.000000000000000000e+00 -6.093215000000000146e+03 3.480000000000000000e+02 3.371999999999999754e-07
9.969999999999999973e-01 -6.092217999999999847e+03 3.485000000000000000e+02 3.378000000000000205e-07
0.000000000000000000e+00 -6.093215000000000146e+03 3.490000000000000000e+02 3.378000000000000205e-07
9.969999999999999973e-01 -6.092217999999999847e+03 3.495000000000000000e+02 3.378999999999999751e-07
0.000000000000000000e+00 -6.093215000000000146e+03 3.500000000000000000e+02 3.378999999999999751e-07
9.969999999999999973e-01 -6.092217999999999847e+03 3.505000000000000000e+02 3.384000000000000126e-07
0.000000000000000000e+00 -6.093215000000000146e+03 3.510000000000000000e+02 3.384000000000000126e-07
9.969999999999999973e-01 -6.092217999999999847e+03 3.515000000000000000e+02 3.388999999999999973e-07
0.000000000000000000e+00 -6.093215000000000146e+03 3.520000000000000000e+02 3.388999999999999973e-07
9.969999999999999973e-01 -6.092217999999999847e+03 3.525000000000000000e+02 3.390000000000000048e-07
0.000000000000000000e+00 -6.093215000000000146e+03 3.530000000000000000e+02 3.390000000000000048e-07
9.969999999999999973e-01 -6.092217999999999847e+03 3.535000000000000000e+02 3.397000000000000044e-07
0.000000000000000000e+00 -6.093215000000000146e+03 3.540000000000000000e+02 3.397000000000000044e-07
9.969999999999999973e-01 -6.092217999999999847e+03 3.545000000000000000e+02 3.419000000000000109e-07
0.000000000000000000e+00 -6.093215000000000146e+03 3.550000000000000000e+02 3.419000000000000109e-07
9.969999999999999973e-01 -6.092217999999999847e+03 3.555000000000000000e+02 3.419000000000000109e-07
0.000000000000000000e+00 -6.093215000000000146e+03 3.560000000000000000e+02 3.419000000000000109e-07
9.969999999999999973e-01 -6.092217999999999847e+03 3.565000000000000000e+02 3.420000000000000184e-07
0.000000000000000000e+00 -6.093215000000000146e+03 3.570000000000000000e+02 3.420000000000000184e-07
9.969999999999999973e-01 -6.092217999999999847e+03 3.575000000000000000e+02 3.421999999999999805e-07
0.000000000000000000e+00 -6.093215000000000146e+03 3.580000000000000000e+02 3.421999999999999805e-07
9.969999999999999973e-01 -6.092217999999999847e+03 3.585000000000000000e+02 3.425000000000000030e-07
0.000000000000000000e+00 -6.093215000000000146e+03 3.590000000000000000e+02 3.425000000000000030e-07
9.959999999999999964e-01 -6.092216999999999643e+03 3.595000000000000000e+02 3.428999999999999801e-07
0.000000000000000000e+00 -6.093213999999999942e+03 3.600000000000000000e+02 3.428999999999999801e-07
9.959999999999999964e-01 -6.092220000000000255e+03 3.605000000000000000e+02 3.429999999999999877e-07
0.000000000000000000e+00 -6.093215000000000146e+03 3.610000000000000000e+02 3.429999999999999877e-07
9.969999999999999973e-01 -6.092219000000000051e+03 3.615000000000000000e+02 3.432000000000000027e-07
0.000000000000000000e+00 -6.093215000000000146e+03 3.620000000000000000e+02 3.432000000000000027e-07
9.969999999999999973e-01 -6.092219000000000051e+03 3.625000000000000000e+02 3.435999999999999798e-07
0.000000000000000000e+00 -6.093215000000000146e+03 3.630000000000000000e+02 3.435999999999999798e-07
9.969999999999999973e-01 -6.092219000000000051e+03 3.635000000000000000e+02 3.442999999999999794e-07
0.000000000000000000e+00 -6.093215000000000146e+03 3.640000000000000000e+02 3.442999999999999794e-07
9.969999999999999973e-01 -6.092217999999999847e+03 3.645000000000000000e+02 3.443999999999999870e-07
0.000000000000000000e+00 -6.093215000000000146e+03 3.650000000000000000e+02 3.443999999999999870e-07
9.969999999999999973e-01 -6.092217999999999847e+03 3.655000000000000000e+02 3.443999999999999870e-07
0.000000000000000000e+00 -6.093215000000000146e+03 3.660000000000000000e+02 3.443999999999999870e-07
9.969999999999999973e-01 -6.092219000000000051e+03 3.665000000000000000e+02 3.449999999999999791e-07
0.000000000000000000e+00 -6.093215000000000146e+03 3.670000000000000000e+02 3.449999999999999791e-07
9.969999999999999973e-01 -6.092219000000000051e+03 3.675000000000000000e+02 3.451999999999999941e-07
0.000000000000000000e+00 -6.093215000000000146e+03 3.680000000000000000e+02 3.451999999999999941e-07
9.969999999999999973e-01 -6.092217999999999847e+03 3.685000000000000000e+02 3.456000000000000242e-07
0.000000000000000000e+00 -6.093215000000000146e+03 3.690000000000000000e+02 3.456000000000000242e-07
9.969999999999999973e-01 -6.092219000000000051e+03 3.695000000000000000e+02 3.461000000000000088e-07
0.000000000000000000e+00 -6.093215000000000146e+03 3.700000000000000000e+02 3.461000000000000088e-07
9.969999999999999973e-01 -6.092216000000000349e+03 3.705000000000000000e+02 3.475000000000000081e-07
0.000000000000000000e+00 -6.093213999999999942e+03 3.710000000000000000e+02 3.475000000000000081e-07
9.959999999999999964e-01 -6.092220000000000255e+03 3.715000000000000000e+02 3.476000000000000156e-07
0.000000000000000000e+00 -6.093215000000000146e+03 3.720000000000000000e+02 3.476000000000000156e-07
9.969999999999999973e-01 -6.092217999999999847e+03 3.725000000000000000e+02 3.477999999999999777e-07
0.000000000000000000e+00 -6.093215000000000146e+03 3.730000000000000000e+02 3.477999999999999777e-07
9.969999999999999973e-01 -6.092217999999999847e+03 3.735000000000000000e+02 3.478999999999999852e-07
0.000000000000000000e+00 -6.093215000000000146e+03 3.740000000000000000e+02 3.478999999999999852e-07
9.969999999999999973e-01 -6.092217999999999847e+03 3.745000000000000000e+02 3.479999999999999927e-07
0.000000000000000000e+00 -6.093215000000000146e+03 3.750000000000000000e+02 3.479999999999999927e-07
9.969999999999999973e-01 -6.092217999999999847e+03 3.755000000000000000e+02 3.483000000000000153e-07
0.000000000000000000e+00 -6.093215000000000146e+03 3.760000000000000000e+02 3.483000000000000153e-07
9.969999999999999973e-01 -6.092219000000000051e+03 3.765000000000000000e+02 3.483000000000000153e-07
0.000000000000000000e+00 -6.093215000000000146e+03 3.770000000000000000e+02 3.483000000000000153e-07
9.969999999999999973e-01 -6.092219000000000051e+03 3.775000000000000000e+02 3.493999999999999920e-07
0.000000000000000000e+00 -6.093215000000000146e+03 3.780000000000000000e+02 3.493999999999999920e-07
9.969999999999999973e-01 -6.092217999999999847e+03 3.785000000000000000e+02 3.497000000000000146e-07
0.000000000000000000e+00 -6.093215000000000146e+03 3.790000000000000000e+02 3.497000000000000146e-07
9.969999999999999973e-01 -6.092217999999999847e+03 3.795000000000000000e+02 3.501999999999999992e-07
0.000000000000000000e+00 -6.093215000000000146e+03 3.800000000000000000e+02 3.501999999999999992e-07
9.969999999999999973e-01 -6.092219000000000051e+03 3.805000000000000000e+02 3.506999999999999838e-07
0.000000000000000000e+00 -6.093215000000000146e+03 3.810000000000000000e+02 3.506999999999999838e-07
9.969999999999999973e-01 -6.092217999999999847e+03 3.815000000000000000e+02 3.512000000000000214e-07
0.000000000000000000e+00 -6.093215000000000146e+03 3.820000000000000000e+02 3.512000000000000214e-07
9.969999999999999973e-01 -6.092219000000000051e+03 3.825000000000000000e+02 3.512999999999999760e-07
0.000000000000000000e+00 -6.093215000000000146e+03 3.830000000000000000e+02 3.512999999999999760e-07
9.969999999999999973e-01 -6.092217999999999847e+03 3.835000000000000000e+02 3.513999999999999835e-07
0.000000000000000000e+00 -6.093215000000000146e+03 3.840000000000000000e+02 3.513999999999999835e-07
9.969999999999999973e-01 -6.092217999999999847e+03 3.845000000000000000e+02 3.517000000000000060e-07
0.000000000000000000e+00 -6.093215000000000146e+03 3.850000000000000000e+02 3.517000000000000060e-07
9.969999999999999973e-01 -6.092217999999999847e+03 3.855000000000000000e+02 3.519999999999999756e-07
0.000000000000000000e+00 -6.093215000000000146e+03 3.860000000000000000e+02 3.519999999999999756e-07
9.969999999999999973e-01 -6.092217999999999847e+03 3.865000000000000000e+02 3.519999999999999756e-07
0.000000000000000000e+00 -6.093215000000000146e+03 3.870000000000000000e+02 3.519999999999999756e-07
9.969999999999999973e-01 -6.092219000000000051e+03 3.875000000000000000e+02 3.524000000000000057e-07
0.000000000000000000e+00 -6.093215000000000146e+03 3.880000000000000000e+02 3.524000000000000057e-07
9.969999999999999973e-01 -6.092217999999999847e+03 3.885000000000000000e+02 3.533000000000000203e-07
0.000000000000000000e+00 -6.093215000000000146e+03 3.890000000000000000e+02 3.533000000000000203e-07
9.969999999999999973e-01 -6.092217999999999847e+03 3.895000000000000000e+02 3.536999999999999974e-07
0.000000000000000000e+00 -6.093215000000000146e+03 3.900000000000000000e+02 3.536999999999999974e-07
9.969999999999999973e-01 -6.092219000000000051e+03 3.905000000000000000e+02 3.538000000000000050e-07
0.000000000000000000e+00 -6.093215000000000146e+03 3.910000000000000000e+02 3.538000000000000050e-07
9.969999999999999973e-01 -6.092217999999999847e+03 3.915000000000000000e+02 3.538000000000000050e-07
0.000000000000000000e+00 -6.093215000000000146e+03 3.920000000000000000e+02 3.538000000000000050e-07
9.969999999999999973e-01 -6.092217999999999847e+03 3.925000000000000000e+02 3.559000000000000039e-07
0.000000000000000000e+00 -6.093215000000000146e+03 3.930000000000000000e+02 3.559000000000000039e-07
9.969999999999999973e-01 -6.092217999999999847e+03 3.935000000000000000e+02 3.560000000000000114e-07
0.000000000000000000e+00 -6.093215000000000146e+03 3.940000000000000000e+02 3.560000000000000114e-07
9.969999999999999973e-01 -6.092217999999999847e+03 3.945000000000000000e+02 3.562000000000000264e-07
0.000000000000000000e+00 -6.093215000000000146e+03 3.950000000000000000e+02 3.562000000000000264e-07
9.969999999999999973e-01 -6.092217999999999847e+03 3.955000000000000000e+02 3.562000000000000264e-07
0.000000000000000000e+00 -6.093215000000000146e+03 3.960000000000000000e+02 3.562000000000000264e-07
9.969999999999999973e-01 -6.092219000000000051e+03 3.965000000000000000e+02 3.562999999999999810e-07
0.000000000000000000e+00 -6.093215000000000146e+03 3.970000000000000000e+02 3.562999999999999810e-07
9.969999999999999973e-01 -6.092217999999999847e+03 3.975000000000000000e+02 3.566000000000000036e-07
0.000000000000000000e+00 -6.093215000000000146e+03 3.980000000000000000e+02 3.566000000000000036e-07
9.969999999999999973e-01 -6.092217999999999847e+03 3.985000000000000000e+02 3.566000000000000036e-07
0.000000000000000000e+00 -6.093215000000000146e+03 3.990000000000000000e+02 3.566000000000000036e-07
9.969999999999999973e-01 -6.092217999999999847e+03 3.995000000000000000e+02 3.568000000000000186e-07
0.000000000000000000e+00 -6.093215000000000146e+03 4.000000000000000000e+02 3.568000000000000186e-07
