# t
0.000000000000000000e+00
4.517135000000000035e-09
5.281433600000000352e-09
6.907715700000000083e-09
1.058240000000000018e-08
1.059279399999999981e-08
1.199695600000000069e-08
1.216832800000000050e-08
2.119513300000000157e-08
2.787581699999999884e-08
2.826849500000000103e-08
3.101839400000000008e-08
3.202903699999999704e-08
3.216036499999999868e-08
3.955057599999999844e-08
4.540329600000000137e-08
4.755808200000000108e-08
4.832590400000000125e-08
6.820810300000000078e-08
6.893024399999999422e-08
6.925446799999999627e-08
6.930093000000000379e-08
7.350624200000000095e-08
7.397826799999999520e-08
7.530823499999999394e-08
8.322610999999999561e-08
8.346322899999999457e-08
8.924948899999999440e-08
9.887006400000000510e-08
1.072204700000000008e-07
1.088132299999999969e-07
1.101533299999999997e-07
1.104368400000000001e-07
1.107383099999999950e-07
1.129847600000000051e-07
1.198595000000000020e-07
1.228647699999999949e-07
1.271671599999999879e-07
1.295127600000000060e-07
1.373756099999999869e-07
1.403500099999999927e-07
1.409760500000000006e-07
1.441297800000000035e-07
1.471916299999999933e-07
1.605671300000000061e-07
1.636164299999999989e-07
1.671489100000000012e-07
1.707687800000000080e-07
1.723944400000000096e-07
1.757021599999999921e-07
1.758215000000000104e-07
1.810842299999999960e-07
1.826147900000000036e-07
1.867788100000000067e-07
1.878390599999999980e-07
1.960762999999999914e-07
2.007277799999999919e-07
2.013349800000000028e-07
2.026440100000000078e-07
2.051514600000000095e-07
2.073983100000000016e-07
2.176628300000000004e-07
2.214261699999999949e-07
2.216262599999999923e-07
2.222106099999999919e-07
2.226636200000000124e-07
2.243045000000000085e-07
2.248266500000000063e-07
2.274244500000000033e-07
2.428304299999999828e-07
2.460573100000000038e-07
2.483536000000000064e-07
2.485213900000000175e-07
2.542691199999999972e-07
2.606432999999999898e-07
2.660614899999999934e-07
2.683854700000000149e-07
2.684387299999999859e-07
2.770334800000000106e-07
2.777577999999999807e-07
2.807288899999999967e-07
2.835262899999999871e-07
2.838596899999999892e-07
3.015657299999999886e-07
3.030763399999999961e-07
3.066237399999999899e-07
3.075826099999999969e-07
3.097598600000000107e-07
3.128947900000000029e-07
3.141364099999999798e-07
3.166311600000000227e-07
3.236514900000000213e-07
3.286681599999999868e-07
3.289309000000000036e-07
3.367252499999999996e-07
3.374872699999999833e-07
3.435848000000000049e-07
3.462706999999999880e-07
3.507363900000000100e-07
3.557930099999999983e-07
3.633668100000000260e-07
3.691501299999999886e-07
3.753165600000000169e-07
3.774731599999999795e-07
3.818521999999999814e-07
3.819048800000000189e-07
3.836880199999999809e-07
3.846302600000000138e-07
3.853357800000000261e-07
3.931526000000000049e-07
3.935774099999999829e-07
4.054861300000000038e-07
4.086254900000000251e-07
4.094240799999999997e-07
4.103753699999999860e-07
4.159845600000000208e-07
4.231600999999999776e-07
4.240024499999999786e-07
4.271867999999999881e-07
4.311467500000000090e-07
4.377633700000000192e-07
4.405043999999999803e-07
4.406759099999999860e-07
4.459352400000000260e-07
4.542200099999999836e-07
4.567233999999999748e-07
4.572397300000000100e-07
4.584875799999999811e-07
4.589915600000000035e-07
4.598859299999999772e-07
4.662192099999999948e-07
4.687639700000000248e-07
4.692296600000000110e-07
4.736649699999999970e-07
4.753310100000000195e-07
4.816196699999999617e-07
4.868852800000000183e-07
4.871298399999999971e-07
4.911621400000000457e-07
4.922087099999999643e-07
4.932232200000000524e-07
4.996702700000000003e-07
5.032513099999999972e-07
5.120277999999999734e-07
5.152548199999999729e-07
5.242479700000000470e-07
5.270236500000000223e-07
5.411298100000000277e-07
5.453052000000000091e-07
5.481519199999999717e-07
5.522727899999999643e-07
5.603011199999999942e-07
5.695093100000000073e-07
5.730527799999999857e-07
5.757082999999999857e-07
5.908712200000000279e-07
5.925664900000000441e-07
5.936184200000000301e-07
5.945207000000000040e-07
6.062889400000000307e-07
6.100660199999999716e-07
6.150059299999999527e-07
6.176749500000000076e-07
6.209247200000000528e-07
6.227395100000000520e-07
6.283586200000000198e-07
6.301699900000000009e-07
6.308473300000000167e-07
6.328909500000000031e-07
6.369656000000000455e-07
6.488364500000000184e-07
6.506281200000000063e-07
6.551762999999999929e-07
6.552167600000000129e-07
6.663116699999999588e-07
6.673633999999999605e-07
6.701277999999999928e-07
6.713816600000000069e-07
6.731604199999999625e-07
6.763153300000000107e-07
6.766971599999999860e-07
6.784928799999999480e-07
6.830970700000000344e-07
6.840256899999999476e-07
6.921258499999999719e-07
6.960871100000000331e-07
6.987586699999999846e-07
6.990678499999999556e-07
6.991986999999999570e-07
7.026529499999999630e-07
7.028346199999999781e-07
7.040982900000000026e-07
7.058380599999999766e-07
7.080345099999999698e-07
7.099975799999999879e-07
7.135613699999999852e-07
7.141637400000000512e-07
7.232438400000000161e-07
7.236716399999999877e-07
7.263704500000000031e-07
7.286587799999999830e-07
7.339575500000000486e-07
7.346352300000000272e-07
7.374505200000000095e-07
7.379861000000000467e-07
7.391009999999999689e-07
7.466045599999999995e-07
7.466204899999999755e-07
7.488995099999999588e-07
7.496016700000000118e-07
7.507888300000000058e-07
7.517500899999999476e-07
7.545903000000000121e-07
7.593099700000000379e-07
7.599987100000000084e-07
7.620483899999999545e-07
7.670313299999999608e-07
7.670528399999999553e-07
7.700364699999999851e-07
7.717535999999999948e-07
7.759258500000000208e-07
7.762932700000000282e-07
7.875679999999999488e-07
7.880380100000000416e-07
7.927691700000000309e-07
7.967347999999999565e-07
7.971542800000000288e-07
7.987638699999999965e-07
7.988048399999999607e-07
8.013916299999999883e-07
8.107122900000000333e-07
8.166331200000000161e-07
8.213112099999999825e-07
8.280797300000000140e-07
8.315145799999999503e-07
8.378531800000000492e-07
8.388292700000000001e-07
8.443711100000000393e-07
8.454995100000000165e-07
8.471552000000000286e-07
8.482304699999999771e-07
8.498264599999999506e-07
8.504863199999999794e-07
8.545607299999999982e-07
8.571878600000000339e-07
8.573875100000000499e-07
8.666531900000000257e-07
8.690572600000000410e-07
8.697936700000000335e-07
8.740564000000000498e-07
8.752878900000000203e-07
8.815515700000000331e-07
8.917675600000000402e-07
8.987246399999999870e-07
9.040868699999999663e-07
9.058504099999999802e-07
9.066836800000000249e-07
9.068231400000000247e-07
9.117554799999999684e-07
9.135287399999999838e-07
9.208237699999999737e-07
9.222228999999999934e-07
9.253446800000000356e-07
9.255952399999999682e-07
9.331403599999999856e-07
9.354219900000000135e-07
9.391999900000000093e-07
9.435364099999999909e-07
9.451093699999999619e-07
9.479546000000000253e-07
9.532200099999999917e-07
9.593815099999999241e-07
9.627201800000000515e-07
9.683638099999999211e-07
9.696515199999999061e-07
9.702601900000000614e-07
9.712017300000000432e-07
9.715023299999999129e-07
9.732553900000000272e-07
9.742337599999999902e-07
9.769933100000000051e-07
9.783715700000000226e-07
9.826838100000000652e-07
9.869222299999999886e-07
9.877645400000000033e-07
9.896720599999998962e-07
9.955213899999999170e-07
9.993170800000000263e-07
1.001788399999999939e-06
1.004309800000000040e-06
1.006017099999999967e-06
1.007048100000000051e-06
1.007265500000000080e-06
1.007285400000000058e-06
1.010935199999999924e-06
1.020011499999999975e-06
1.023735200000000039e-06
1.023753000000000022e-06
1.024134600000000010e-06
1.025579600000000087e-06
1.027759899999999941e-06
1.030712300000000081e-06
1.036402600000000051e-06
1.037395100000000025e-06
1.044797300000000091e-06
1.051006200000000019e-06
1.064103900000000071e-06
1.064219600000000067e-06
1.064264300000000010e-06
1.065504100000000055e-06
1.067840200000000102e-06
1.072181799999999922e-06
1.075901699999999965e-06
1.077255599999999920e-06
1.085269700000000000e-06
1.094162199999999932e-06
1.102705699999999972e-06
1.107360999999999959e-06
1.107641599999999912e-06
1.108071499999999984e-06
1.111452799999999956e-06
1.113900400000000010e-06
1.114042500000000058e-06
1.114225699999999905e-06
1.115984500000000089e-06
1.118075899999999967e-06
1.118505999999999918e-06
1.118715399999999938e-06
1.121492399999999937e-06
1.122528099999999918e-06
1.122638400000000019e-06
1.122710400000000100e-06
1.130986599999999940e-06
1.133995599999999990e-06
1.135202300000000032e-06
1.147178099999999970e-06
1.150642500000000054e-06
1.157916900000000066e-06
1.159781200000000091e-06
1.164583099999999932e-06
1.165055999999999921e-06
1.169530500000000084e-06
1.171531399999999899e-06
1.172988299999999945e-06
1.174632500000000099e-06
1.177282700000000071e-06
1.177464900000000103e-06
1.181237900000000066e-06
1.181613900000000069e-06
1.183464400000000010e-06
1.184018400000000056e-06
1.186663499999999951e-06
1.191834099999999996e-06
1.193579399999999913e-06
1.200282100000000046e-06
1.202478699999999948e-06
1.203283800000000085e-06
1.205469999999999954e-06
1.207064800000000058e-06
1.210294999999999946e-06
1.212868099999999971e-06
1.216941499999999926e-06
1.218127500000000053e-06
1.232998499999999948e-06
1.234361600000000030e-06
1.235399799999999974e-06
1.238502200000000019e-06
1.238741699999999960e-06
1.239818600000000103e-06
1.246108600000000089e-06
1.246706499999999928e-06
1.247783899999999980e-06
1.247815399999999896e-06
1.250576599999999967e-06
1.252000700000000039e-06
1.252221399999999969e-06
1.253658899999999945e-06
1.254598900000000057e-06
1.257049899999999952e-06
1.258677599999999968e-06
1.263362899999999937e-06
1.269753000000000081e-06
1.273508099999999910e-06
1.274100600000000066e-06
1.283900699999999894e-06
1.288676199999999896e-06
1.293831799999999951e-06
1.296591099999999906e-06
1.301500800000000097e-06
1.308501100000000017e-06
1.312047699999999915e-06
1.313820100000000093e-06
1.320865900000000104e-06
1.324854399999999981e-06
1.328170400000000036e-06
1.330195400000000029e-06
1.336196100000000054e-06
1.342138499999999932e-06
1.343509399999999932e-06
1.345994800000000098e-06
1.348440500000000037e-06
1.354734799999999950e-06
1.355486499999999927e-06
1.355767599999999999e-06
1.358005800000000033e-06
1.360502499999999897e-06
1.380704899999999956e-06
1.383529299999999951e-06
1.389311400000000040e-06
1.389896500000000034e-06
1.391719300000000079e-06
1.392449400000000052e-06
1.394602099999999949e-06
1.398808300000000097e-06
1.403735599999999969e-06
1.405551000000000064e-06
1.407662500000000009e-06
1.409570300000000071e-06
1.409983499999999915e-06
1.410712099999999952e-06
1.412242899999999983e-06
1.415501700000000068e-06
1.416717900000000055e-06
1.420138900000000043e-06
1.421604600000000035e-06
1.422461100000000066e-06
1.424741299999999989e-06
1.427189699999999981e-06
1.427750399999999978e-06
1.430920400000000026e-06
1.432001000000000039e-06
1.432003500000000002e-06
1.432572500000000039e-06
1.444570500000000038e-06
1.447256900000000035e-06
1.452932500000000044e-06
1.461283599999999897e-06
1.461558499999999925e-06
1.462221400000000076e-06
1.463963699999999910e-06
1.467465399999999987e-06
1.467682000000000079e-06
1.469710800000000093e-06
1.470332799999999898e-06
1.473388400000000006e-06
1.477731400000000034e-06
1.486091700000000014e-06
1.486965399999999970e-06
1.492225100000000081e-06
1.494338300000000053e-06
1.497268799999999948e-06
1.497944400000000005e-06
1.504688199999999938e-06
1.505255899999999918e-06
1.511883000000000039e-06
1.523169299999999896e-06
1.523371399999999905e-06
1.525395800000000052e-06
1.525488100000000079e-06
1.533722799999999938e-06
1.539384700000000013e-06
1.539415000000000024e-06
1.542600300000000092e-06
1.544345299999999979e-06
1.548908100000000060e-06
1.549775599999999972e-06
1.551330300000000091e-06
1.551852100000000010e-06
1.554140800000000062e-06
1.556473900000000026e-06
1.561668699999999977e-06
1.567336399999999916e-06
1.570115300000000031e-06
1.574435099999999968e-06
1.575307999999999987e-06
1.582565799999999921e-06
1.583068299999999922e-06
1.590336699999999979e-06
1.594116800000000075e-06
1.599041900000000014e-06
1.609534299999999915e-06
1.610266099999999914e-06
1.611560400000000087e-06
1.617636200000000004e-06
1.617932899999999915e-06
1.632439899999999927e-06
1.636536800000000001e-06
1.638158900000000032e-06
1.644477500000000003e-06
1.645414100000000064e-06
1.645537699999999919e-06
1.653557799999999952e-06
1.656974500000000012e-06
1.657821300000000009e-06
1.658222499999999945e-06
1.658302999999999944e-06
1.661085100000000020e-06
1.662217099999999927e-06
1.669307000000000033e-06
1.670584800000000069e-06
1.673695499999999941e-06
1.676381000000000061e-06
1.682380899999999937e-06
1.685036299999999925e-06
1.686737400000000020e-06
1.687432600000000025e-06
1.691360600000000032e-06
1.697081800000000071e-06
1.701370600000000000e-06
1.704794499999999920e-06
1.708409700000000060e-06
1.710730600000000026e-06
1.714472599999999981e-06
1.719279700000000050e-06
1.720798099999999993e-06
1.723454800000000039e-06
1.728516899999999947e-06
1.729971799999999937e-06
1.737284400000000029e-06
1.742338799999999958e-06
1.744874200000000022e-06
1.745953599999999917e-06
1.755177699999999939e-06
1.757735700000000034e-06
1.758252500000000027e-06
1.761032300000000019e-06
1.764187099999999986e-06
1.764506399999999927e-06
1.769380899999999909e-06
1.778073199999999947e-06
1.778393399999999977e-06
1.780568800000000056e-06
1.781058500000000000e-06
1.782475799999999969e-06
1.794763300000000018e-06
1.795591399999999944e-06
1.795611899999999980e-06
1.801092600000000051e-06
1.803258000000000066e-06
1.803881899999999987e-06
1.810839100000000052e-06
1.811137499999999988e-06
1.815276200000000072e-06
1.815881200000000044e-06
1.817873000000000095e-06
1.822454699999999914e-06
1.825108999999999935e-06
1.825626199999999897e-06
1.827415199999999940e-06
1.835541400000000086e-06
1.839660199999999981e-06
1.840892799999999955e-06
1.846705099999999904e-06
1.851589100000000043e-06
1.852618800000000069e-06
1.853930900000000014e-06
1.856987700000000029e-06
1.863642200000000017e-06
1.868001099999999912e-06
1.870708999999999973e-06
1.874490699999999944e-06
1.880253300000000025e-06
1.880436699999999963e-06
1.880766999999999996e-06
1.893981999999999919e-06
1.895285100000000039e-06
1.899320800000000033e-06
1.901577599999999988e-06
1.901802399999999967e-06
1.905541800000000020e-06
1.907400499999999849e-06
1.910000599999999983e-06
1.912752999999999896e-06
1.919695399999999848e-06
1.924004599999999875e-06
1.936092200000000060e-06
1.938854000000000190e-06
1.944639899999999877e-06
1.945485600000000119e-06
1.949704100000000204e-06
1.950541799999999801e-06
1.953405499999999843e-06
1.955811100000000008e-06
1.955813600000000183e-06
1.958910300000000092e-06
1.959539899999999938e-06
1.960209199999999799e-06
1.960877299999999966e-06
1.961403400000000026e-06
1.961546900000000069e-06
1.962115099999999956e-06
1.967232000000000023e-06
1.973499999999999824e-06
1.974154899999999966e-06
1.977375300000000092e-06
1.978340400000000199e-06
1.991495500000000100e-06
1.994695599999999856e-06
2.004548600000000149e-06
2.013852300000000082e-06
2.016866799999999966e-06
2.020525400000000203e-06
2.021549099999999852e-06
2.021884999999999870e-06
2.022962599999999800e-06
2.027218300000000150e-06
2.030392499999999975e-06
2.030415799999999792e-06
2.031900400000000157e-06
2.039165999999999798e-06
2.039600799999999857e-06
2.040404899999999967e-06
2.041926700000000173e-06
2.042279600000000026e-06
2.046863799999999808e-06
2.055300299999999858e-06
2.057565399999999851e-06
2.061898700000000056e-06
2.064704299999999828e-06
2.068906400000000138e-06
2.070188300000000011e-06
2.071711700000000092e-06
2.073056900000000040e-06
2.074916100000000200e-06
2.076001799999999867e-06
2.079102700000000188e-06
2.082408500000000088e-06
2.086529299999999827e-06
2.088847799999999981e-06
2.089139099999999996e-06
2.090627899999999927e-06
2.101173499999999899e-06
2.105293899999999881e-06
2.109667700000000039e-06
2.115488799999999934e-06
2.118333500000000087e-06
2.120366400000000150e-06
2.125019400000000053e-06
2.137152400000000179e-06
2.145944700000000013e-06
2.148142200000000004e-06
2.150540900000000127e-06
2.150606899999999831e-06
2.152377599999999984e-06
2.160358599999999848e-06
2.161179900000000094e-06
2.164756999999999881e-06
2.165627800000000116e-06
2.166911700000000045e-06
2.167622600000000038e-06
2.171931000000000127e-06
2.178169600000000007e-06
2.178800200000000092e-06
2.179910300000000178e-06
2.192294000000000003e-06
2.197401999999999972e-06
2.200002299999999985e-06
2.202136599999999840e-06
2.202920599999999882e-06
2.203831200000000073e-06
2.206598299999999947e-06
2.208200599999999940e-06
2.214576700000000121e-06
2.217959600000000180e-06
2.219039400000000044e-06
2.219706400000000032e-06
2.230025699999999878e-06
2.230815000000000087e-06
2.231238100000000056e-06
2.232492999999999820e-06
2.235977799999999790e-06
2.239217300000000168e-06
2.240625699999999827e-06
2.244617799999999846e-06
2.245705499999999992e-06
2.250878900000000029e-06
2.251573000000000067e-06
2.254181399999999817e-06
2.254357599999999895e-06
2.263655200000000146e-06
2.266388999999999927e-06
2.268585299999999799e-06
2.270126600000000014e-06
2.277930699999999803e-06
2.280635999999999962e-06
2.284450000000000210e-06
2.289025600000000136e-06
2.289421299999999815e-06
2.293694299999999816e-06
2.296349499999999926e-06
2.298770199999999809e-06
2.300259000000000163e-06
2.301734299999999827e-06
2.302034400000000000e-06
2.302043099999999796e-06
2.303413099999999920e-06
2.304300999999999929e-06
2.309462799999999816e-06
2.314541399999999862e-06
2.314794199999999980e-06
2.316820100000000061e-06
2.324827900000000158e-06
2.328590999999999996e-06
2.330382000000000095e-06
2.330879299999999867e-06
2.333268600000000197e-06
2.337402900000000202e-06
2.340503499999999859e-06
2.342338200000000084e-06
2.346150400000000155e-06
2.350487399999999806e-06
2.355310500000000105e-06
2.365345399999999978e-06
2.366084899999999956e-06
2.366803100000000172e-06
2.366867599999999941e-06
2.370179100000000188e-06
2.370460399999999928e-06
2.374672299999999788e-06
2.377924400000000133e-06
2.381470500000000122e-06
2.384104699999999864e-06
2.387887900000000194e-06
2.390036600000000193e-06
2.394445999999999893e-06
2.397593800000000091e-06
2.399477100000000005e-06
2.406195999999999823e-06
2.406823999999999794e-06
2.412478199999999890e-06
2.417745599999999981e-06
2.422491899999999939e-06
2.425475599999999905e-06
2.427815999999999881e-06
2.431408799999999868e-06
2.438711600000000197e-06
2.441119100000000055e-06
2.444876200000000151e-06
2.452243000000000130e-06
2.453237600000000098e-06
2.470887599999999836e-06
2.471329299999999937e-06
2.472755299999999913e-06
2.473021599999999873e-06
2.483674200000000046e-06
2.485205799999999803e-06
2.488131800000000104e-06
2.488138299999999965e-06
2.490006999999999858e-06
2.490188999999999800e-06
2.490407799999999826e-06
2.494362999999999821e-06
2.502866399999999876e-06
2.508353900000000050e-06
2.514663400000000044e-06
2.521225299999999976e-06
2.524684999999999952e-06
2.527297700000000053e-06
2.530569000000000165e-06
2.533052900000000184e-06
2.537868300000000080e-06
2.541572700000000014e-06
2.542948500000000002e-06
2.549208500000000006e-06
2.559974900000000060e-06
2.565403099999999846e-06
2.576477100000000174e-06
2.578330599999999986e-06
2.580698700000000069e-06
2.581187200000000107e-06
2.583577399999999890e-06
2.584643699999999910e-06
2.588815900000000179e-06
2.592864899999999926e-06
2.599470200000000166e-06
2.599544700000000210e-06
2.605700900000000187e-06
2.606119399999999987e-06
