# t	msd	err
1.700999999999996504e-10 0.000000000000000000e+00 0.000000000000000000e+00
8.834000000000037943e-10 1.661623576326562990e+00 5.293012922517346735e-04
1.416667499999995305e-09 1.239439365527498005e+00 3.577955917349264769e-01
2.358525000000003495e-09 8.320023030985953527e-01 2.401959741731450604e-01
3.948664499999999253e-09 1.063190045930374250e+00 2.682731798843064341e-01
6.778057687500004496e-09 1.554559956988766256e+00 3.087874684758039057e-01
1.025821445833333146e-08 2.220047821429713242e+00 2.877098267445601931e-01
1.635058778947368293e-08 3.510029299978673745e+00 2.739972513865160386e-01
2.636094562121212646e-08 6.884269801403963385e+00 5.037184719855981596e-01
4.178746059047619992e-08 1.120294940796737215e+01 5.715261631634700468e-01
6.892801809615391556e-08 2.563252684135488124e+01 9.884264804277979044e-01
1.083464431222220915e-07 4.634393279605598792e+01 1.746573274255122765e+00
1.754272993942306528e-07 8.012732600565968255e+01 2.676422406104714380e+00
