# atom_type event_id atom_id barrier
1.000000000000000000e+00 6.974140000000000000e+05 8.560000000000000000e+02 1.020821069999999997e+00
1.000000000000000000e+00 6.974080000000000000e+05 6.940000000000000000e+02 1.021893109999999938e+00
1.000000000000000000e+00 6.974110000000000000e+05 6.100000000000000000e+02 1.024622750000000027e+00
1.000000000000000000e+00 6.974090000000000000e+05 5.790000000000000000e+02 1.020938609999999969e+00
1.000000000000000000e+00 6.974060000000000000e+05 6.500000000000000000e+01 1.024031039999999892e+00
1.000000000000000000e+00 6.974120000000000000e+05 1.266000000000000000e+03 1.021639170000000041e+00
1.000000000000000000e+00 6.974130000000000000e+05 4.010000000000000000e+02 1.022341289999999958e+00
1.000000000000000000e+00 6.974100000000000000e+05 9.690000000000000000e+02 1.023173019999999989e+00
1.000000000000000000e+00 6.974070000000000000e+05 1.370000000000000000e+02 1.023717149999999965e+00
