# t	msd	err
4.999999999999999536e-11 5.466423371639518969e+00 9.374156272843300886e-02
1.000000000000000553e-10 5.506832312844077926e+00 9.393024656988060994e-02
1.500000000000001024e-10 5.484624110469596303e+00 9.385487600585749879e-02
2.499664991624792546e-10 5.540888563592827332e+00 5.370450405737543786e-02
3.999663978494677249e-10 5.593359776665708161e+00 5.390821478938054301e-02
6.248523206751102433e-10 5.607845168639964406e+00 3.807512351638914910e-02
1.024578866768777884e-09 5.782363496526613744e+00 2.963796834811389599e-02
1.624160206718363588e-09 5.960468167213663904e+00 2.463257814496211742e-02
2.572474081883555899e-09 6.239298346465384171e+00 1.859395297872647179e-02
4.093790849673272392e-09 6.698787746337703908e+00 1.463680382988914383e-02
6.483333333333414549e-09 7.423155156631185747e+00 1.130591837584535818e-02
1.025461796809402962e-08 8.485875474601627388e+00 8.154587597343941271e-03
1.618949517446157541e-08 9.802293264355199653e+00 6.307110979135476143e-03
2.542261410788351082e-08 1.149092485897708826e+01 6.247822823003569039e-03
3.785000000000040179e-08 1.339982610913173744e+01 8.043464314152081254e-03
