# t	msd	err
1.000000000000214727e-14 2.257513894473617000e-01 3.077941480986527006e-02
2.038000000000041399e-14 3.590832332196340904e-01 5.037526604882336390e-02
3.513513513513599499e-14 3.091981156228673089e-01 3.527124494467586552e-02
6.157692307692245142e-14 4.316563475561512320e-01 5.214233512560118716e-02
9.987428571428525143e-14 4.532507675632185262e-01 3.549118421550642027e-02
1.790598930481283753e-13 6.383143916616028646e-01 3.990404436449643960e-02
2.796459143968862369e-13 9.293479055940291333e-01 6.557947806130583202e-02
4.542747933884286536e-13 1.293732155344228030e+00 5.520144904524641738e-02
7.622268506900889299e-13 2.075284928519123273e+00 7.878960846530498607e-02
1.269872408293454884e-12 2.992904642291757789e+00 8.673360427963999753e-02
2.109034540942942345e-12 4.268347681576068808e+00 8.163085627712890480e-02
3.502694125119111837e-12 6.226724920998804258e+00 9.803799003451077465e-02
5.810944713478629962e-12 9.802879538001688431e+00 1.356165390849770891e-01
9.776725313807548188e-12 1.512261142108203771e+01 1.526080798935244009e-01
1.607856041933789332e-11 2.524605957976671178e+01 1.898112921011023135e-01
2.661075760852630979e-11 4.229998302174288227e+01 1.810272073525133751e-01
4.438331138956292405e-11 4.987577980437807668e+01 1.523704109178608268e-01
7.287403423092638179e-11 4.956204446654329843e+01 2.167311590902149532e-01
1.131251487455045324e-10 3.482065114324382193e+01 1.451315958468289147e-01
