# t
0.000000000000000000e+00
3.515506800000000083e-11
1.106666899999999906e-09
1.665902700000000040e-09
3.499768799999999827e-09
3.928789900000000005e-09
5.015164400000000036e-09
5.151929999999999600e-09
5.885427500000000044e-09
6.125674700000000260e-09
7.284211899999999794e-09
7.650382000000000021e-09
8.321228000000000415e-09
9.277289400000000556e-09
9.452472299999999215e-09
9.461041799999999575e-09
9.567121299999999529e-09
9.754470900000000414e-09
1.017151599999999960e-08
1.130916399999999989e-08
1.302678900000000035e-08
1.336527699999999986e-08
1.359494999999999926e-08
1.362794299999999970e-08
1.405392299999999992e-08
1.525914699999999841e-08
1.526346100000000047e-08
1.625926699999999929e-08
1.668146400000000128e-08
1.702392700000000066e-08
1.738882200000000057e-08
1.902811199999999936e-08
2.035493499999999843e-08
2.120236899999999871e-08
2.275992900000000051e-08
2.302766699999999920e-08
2.305532400000000102e-08
2.323007899999999894e-08
2.336493800000000119e-08
2.370708499999999910e-08
2.409916200000000161e-08
2.440261299999999926e-08
2.494452800000000111e-08
2.536750500000000028e-08
2.561016300000000137e-08
2.824662500000000098e-08
2.840671100000000137e-08
2.935776899999999973e-08
2.950469999999999883e-08
3.080658700000000319e-08
3.173030100000000023e-08
3.379512599999999967e-08
3.798705399999999864e-08
3.977975399999999721e-08
4.135436500000000146e-08
4.135606000000000246e-08
4.164971699999999819e-08
4.170364800000000103e-08
4.221945699999999916e-08
4.226858500000000288e-08
4.369023599999999860e-08
4.607181300000000050e-08
4.624831100000000147e-08
4.650524700000000117e-08
4.981948600000000036e-08
4.997287600000000039e-08
5.011284700000000100e-08
5.064500600000000311e-08
5.138420300000000059e-08
5.162682199999999917e-08
5.309752399999999722e-08
5.418466999999999917e-08
5.448130299999999727e-08
5.503395100000000258e-08
5.505362999999999903e-08
5.536271899999999728e-08
5.603451200000000177e-08
5.706969600000000318e-08
6.002992099999999355e-08
6.353995000000000246e-08
6.485367299999999792e-08
6.618275600000000604e-08
6.644969099999999360e-08
6.688740800000000631e-08
6.703246400000000329e-08
6.791355899999999692e-08
7.166071000000000244e-08
7.173210599999999743e-08
7.369055099999999376e-08
7.379457200000000258e-08
7.458527199999999655e-08
7.497712699999999447e-08
7.504949300000000087e-08
7.627716500000000499e-08
7.690516800000000005e-08
7.734333800000000165e-08
7.746862000000000167e-08
7.843369800000000242e-08
7.854394800000000171e-08
8.033675099999999672e-08
8.165082400000000449e-08
8.276415899999999360e-08
8.333730400000000465e-08
8.404454099999999845e-08
8.408267300000000421e-08
8.428754700000000459e-08
8.551099700000000619e-08
8.554810999999999483e-08
8.702681500000000622e-08
8.780782399999999802e-08
8.856160000000000073e-08
8.862962000000000480e-08
8.902988200000000587e-08
8.930326600000000109e-08
9.061357600000000378e-08
9.129078700000000159e-08
9.202863400000000549e-08
9.415788199999999727e-08
9.510126700000000145e-08
9.664256199999999990e-08
9.680118100000000249e-08
9.683855099999999696e-08
9.823626999999999375e-08
9.848243600000000136e-08
9.867641799999999722e-08
9.886869799999999979e-08
9.926602300000000100e-08
9.929892300000000654e-08
9.948113500000000256e-08
1.001559500000000042e-07
1.005367400000000053e-07
1.012337899999999977e-07
1.016042700000000011e-07
1.017119600000000049e-07
1.018203499999999936e-07
1.019894600000000020e-07
1.022183899999999945e-07
1.031747599999999987e-07
1.051984200000000016e-07
1.052221500000000023e-07
1.072006799999999988e-07
1.077535399999999989e-07
1.098347300000000038e-07
1.098510100000000053e-07
1.103400699999999966e-07
1.103994099999999998e-07
1.104946800000000017e-07
1.114082499999999944e-07
1.125161999999999974e-07
1.130762699999999996e-07
1.134328699999999989e-07
1.136492899999999939e-07
1.138714100000000060e-07
1.147100700000000019e-07
1.174217300000000041e-07
1.194699500000000010e-07
1.198380499999999870e-07
1.222360000000000101e-07
1.256939199999999882e-07
1.286945299999999911e-07
1.291242199999999894e-07
1.303290100000000117e-07
1.309368100000000021e-07
1.314388300000000086e-07
1.328574399999999911e-07
1.341620899999999895e-07
1.345594800000000015e-07
1.345678899999999891e-07
1.346436800000000017e-07
1.347012499999999900e-07
1.350431299999999954e-07
1.350668700000000059e-07
1.352124499999999979e-07
1.358040599999999956e-07
1.362546100000000128e-07
1.377213499999999920e-07
1.385057699999999958e-07
1.389488699999999873e-07
1.406295299999999984e-07
1.427257900000000095e-07
1.434378500000000022e-07
1.437023300000000046e-07
1.442079799999999969e-07
1.442811500000000081e-07
1.443493299999999970e-07
1.444016399999999894e-07
1.451027600000000020e-07
1.456042799999999947e-07
1.460551000000000119e-07
1.460580499999999928e-07
1.465287199999999915e-07
1.468891500000000008e-07
1.489627399999999918e-07
1.503172700000000086e-07
1.503202400000000091e-07
1.519814599999999906e-07
1.534380000000000006e-07
1.541183399999999933e-07
1.553735399999999978e-07
1.568193699999999885e-07
1.592351900000000104e-07
1.598101499999999879e-07
1.615942100000000050e-07
1.617477700000000129e-07
1.629895400000000046e-07
1.634827800000000048e-07
1.641462099999999871e-07
1.642633199999999894e-07
1.651178499999999951e-07
1.667928400000000053e-07
1.687925399999999937e-07
1.699724699999999926e-07
1.707788000000000125e-07
1.735775300000000099e-07
1.735849899999999924e-07
1.736066199999999987e-07
1.738837900000000030e-07
1.743498299999999883e-07
1.745321200000000026e-07
1.758210600000000025e-07
1.769156799999999980e-07
1.779432500000000009e-07
1.782203200000000131e-07
1.787557899999999953e-07
1.790105300000000030e-07
1.806566999999999980e-07
1.823434999999999943e-07
1.836151299999999886e-07
1.845726100000000091e-07
1.859718800000000073e-07
1.863553999999999986e-07
1.863959500000000009e-07
1.867463999999999920e-07
1.877821900000000079e-07
1.880798200000000095e-07
1.894545200000000039e-07
1.895025299999999887e-07
1.895295400000000027e-07
1.908257899999999968e-07
1.913370899999999969e-07
1.919423700000000046e-07
1.927139900000000044e-07
1.932611799999999904e-07
1.935681700000000111e-07
1.937841600000000080e-07
1.945098100000000116e-07
1.952132400000000127e-07
1.963940899999999872e-07
1.970377299999999939e-07
1.971536300000000009e-07
1.972106599999999891e-07
1.979081100000000030e-07
1.980046699999999992e-07
1.981321300000000120e-07
1.992481099999999873e-07
1.999282100000000093e-07
2.008941700000000067e-07
2.019515499999999897e-07
2.023180400000000116e-07
2.023555300000000046e-07
2.027554000000000131e-07
2.038511099999999921e-07
2.057999800000000100e-07
2.082401300000000122e-07
2.087604400000000058e-07
2.089162600000000062e-07
2.095427300000000122e-07
2.096453499999999947e-07
2.097311800000000049e-07
2.100786599999999955e-07
2.103723600000000083e-07
2.113275800000000099e-07
2.130048699999999988e-07
2.132989299999999940e-07
2.133139699999999972e-07
2.146061600000000074e-07
2.151507099999999989e-07
2.169178600000000056e-07
2.192383900000000060e-07
2.202570200000000046e-07
2.208624099999999878e-07
2.220073599999999930e-07
2.230350299999999881e-07
2.232095200000000041e-07
2.242370499999999942e-07
2.246763299999999989e-07
2.247517299999999997e-07
2.268622299999999974e-07
2.275940499999999891e-07
2.309222900000000012e-07
2.316993499999999882e-07
2.318158999999999973e-07
2.326209399999999964e-07
2.332571800000000000e-07
2.339846100000000019e-07
2.351866800000000041e-07
2.358227199999999969e-07
2.362172500000000104e-07
2.374283199999999964e-07
2.401680799999999828e-07
2.418804700000000036e-07
2.431414899999999972e-07
2.434316299999999869e-07
2.436489700000000105e-07
2.459859300000000007e-07
2.475921999999999954e-07
2.491019200000000037e-07
2.492031900000000124e-07
2.496198299999999999e-07
2.510139599999999875e-07
2.522064499999999932e-07
2.525118200000000136e-07
2.530354100000000205e-07
2.539930200000000097e-07
2.542884699999999914e-07
2.544122500000000221e-07
2.544368899999999887e-07
2.548765799999999983e-07
2.560106400000000195e-07
2.569942499999999853e-07
2.577759400000000122e-07
2.582062099999999969e-07
2.584209899999999985e-07
2.584526399999999828e-07
2.585513800000000254e-07
2.587145299999999867e-07
2.593474500000000172e-07
2.598254600000000132e-07
2.598733799999999892e-07
2.606286800000000012e-07
2.606737099999999758e-07
2.608316100000000040e-07
2.611967800000000022e-07
2.630210600000000157e-07
2.635731399999999789e-07
2.638115499999999890e-07
2.644206200000000071e-07
2.647085300000000072e-07
2.659303199999999958e-07
2.659332099999999972e-07
2.668581899999999941e-07
2.668774399999999961e-07
2.674817500000000056e-07
2.681217199999999872e-07
2.692364399999999976e-07
2.717882600000000149e-07
2.732172900000000236e-07
2.735408599999999958e-07
2.746018699999999911e-07
2.749006499999999821e-07
2.774476700000000046e-07
2.802764100000000194e-07
2.803354299999999735e-07
2.805847599999999971e-07
2.817549700000000209e-07
2.819279100000000259e-07
2.822405199999999984e-07
2.833668799999999871e-07
2.842009600000000054e-07
2.843833400000000020e-07
2.847580700000000037e-07
2.853887800000000113e-07
2.875909100000000152e-07
2.898726399999999822e-07
2.911050899999999940e-07
2.924991400000000091e-07
2.945986799999999805e-07
2.949510000000000052e-07
2.972405800000000195e-07
2.978955300000000250e-07
2.979930399999999998e-07
2.988160799999999929e-07
3.013137300000000205e-07
3.056581899999999975e-07
3.058092799999999922e-07
3.062628400000000227e-07
3.063925099999999789e-07
3.071899099999999778e-07
3.075117300000000076e-07
3.076528799999999969e-07
3.081097500000000171e-07
3.084735200000000190e-07
3.085658599999999803e-07
3.090127200000000057e-07
3.091290899999999971e-07
3.098819800000000020e-07
3.104496499999999784e-07
3.114196200000000165e-07
3.114757800000000251e-07
3.115221499999999901e-07
3.116648799999999934e-07
3.126124400000000017e-07
3.126462199999999833e-07
3.134978000000000082e-07
3.135270900000000078e-07
3.139573400000000258e-07
3.139972400000000261e-07
3.142107099999999873e-07
3.143213299999999788e-07
3.143962399999999756e-07
3.144676300000000150e-07
3.150058499999999937e-07
3.151628000000000168e-07
3.154369900000000109e-07
3.173458899999999864e-07
3.176456900000000246e-07
3.182123300000000234e-07
3.183349399999999922e-07
3.184461899999999926e-07
3.201416100000000235e-07
3.208286699999999879e-07
3.212913999999999834e-07
3.233472699999999903e-07
3.234896700000000141e-07
3.235175600000000174e-07
3.260045800000000249e-07
3.270710300000000072e-07
3.274909000000000119e-07
3.279901399999999925e-07
3.281673099999999893e-07
3.289082700000000227e-07
3.311461400000000242e-07
3.315297299999999782e-07
3.316505999999999879e-07
3.321239200000000175e-07
3.321580499999999982e-07
3.328417500000000032e-07
3.346626400000000015e-07
3.348154100000000024e-07
3.356707500000000082e-07
3.367638700000000153e-07
3.383483299999999861e-07
3.410639000000000237e-07
3.412820900000000072e-07
3.419885799999999912e-07
3.428964800000000227e-07
3.431678700000000242e-07
3.458636299999999872e-07
3.465674699999999933e-07
3.469008499999999759e-07
3.474724500000000205e-07
3.483901200000000232e-07
3.499193099999999845e-07
3.499342500000000221e-07
3.518589900000000177e-07
3.520714900000000072e-07
3.531092400000000126e-07
3.547597999999999974e-07
3.548188999999999771e-07
3.551782900000000254e-07
3.556157199999999897e-07
3.568428200000000232e-07
3.575477800000000158e-07
3.576913299999999760e-07
3.589240900000000006e-07
3.590061400000000103e-07
3.592661399999999875e-07
3.606864500000000223e-07
3.610872000000000201e-07
3.612883300000000049e-07
3.628698999999999742e-07
3.640289399999999777e-07
3.643193599999999772e-07
3.652404199999999951e-07
3.657347200000000024e-07
3.668486100000000195e-07
3.681531099999999767e-07
3.686327299999999896e-07
3.725508400000000138e-07
3.729967600000000176e-07
3.741057100000000084e-07
3.750458000000000244e-07
3.757332499999999741e-07
3.760724100000000124e-07
3.765338300000000205e-07
3.772254899999999954e-07
3.773354300000000083e-07
3.781883500000000236e-07
3.795184000000000190e-07
3.796598900000000241e-07
3.800591200000000138e-07
3.812001200000000106e-07
3.812831999999999979e-07
3.816187200000000141e-07
3.818346400000000218e-07
3.825967800000000173e-07
3.829161700000000202e-07
3.833397300000000166e-07
3.836897699999999763e-07
3.847998100000000036e-07
3.876288199999999920e-07
3.878581599999999762e-07
3.893097699999999962e-07
3.901557499999999829e-07
3.904641799999999862e-07
3.921555400000000067e-07
3.932733700000000225e-07
3.933639599999999883e-07
3.935064200000000181e-07
3.946470899999999824e-07
3.952630599999999898e-07
3.967342100000000049e-07
3.979908799999999949e-07
3.980399200000000103e-07
3.986721399999999898e-07
4.014359599999999828e-07
4.015072399999999937e-07
4.020760699999999958e-07
4.025933300000000164e-07
4.029512799999999763e-07
4.035037300000000111e-07
4.040831000000000246e-07
4.057569299999999826e-07
4.067122000000000068e-07
4.073017799999999993e-07
4.087244200000000158e-07
4.089554499999999895e-07
4.091657199999999894e-07
4.094295300000000231e-07
4.111258799999999865e-07
4.117687400000000225e-07
4.122738299999999951e-07
4.129717600000000033e-07
4.134787799999999890e-07
4.137736400000000009e-07
4.142807899999999818e-07
4.147354199999999761e-07
4.148280700000000031e-07
4.154722299999999902e-07
4.156132199999999815e-07
4.157854100000000187e-07
4.177433899999999958e-07
4.179075600000000044e-07
4.179125100000000140e-07
4.201211699999999884e-07
4.214716099999999919e-07
4.237575199999999811e-07
4.245386600000000246e-07
4.251601400000000083e-07
4.259799000000000146e-07
4.260232099999999967e-07
4.266295800000000143e-07
4.269945600000000116e-07
4.271077999999999780e-07
4.286951500000000031e-07
4.291209699999999920e-07
4.299960600000000137e-07
4.303659099999999950e-07
4.323275399999999776e-07
4.327379099999999847e-07
4.329572399999999743e-07
4.343133200000000021e-07
4.344474499999999904e-07
4.345344999999999792e-07
4.359155100000000197e-07
4.361302199999999792e-07
4.362112000000000249e-07
4.368480800000000208e-07
4.370867399999999849e-07
4.374935499999999954e-07
4.389490100000000052e-07
4.392059899999999858e-07
4.399037399999999763e-07
4.409864999999999896e-07
4.427964400000000244e-07
4.437593600000000056e-07
4.442401699999999942e-07
4.451599200000000246e-07
4.466555500000000082e-07
4.481931700000000032e-07
4.482745299999999980e-07
4.487215900000000078e-07
4.492515799999999902e-07
4.510723600000000129e-07
4.514908499999999880e-07
4.530837300000000091e-07
4.531275499999999883e-07
4.562456099999999828e-07
4.570787699999999990e-07
4.572868599999999790e-07
4.573892399999999908e-07
4.588919300000000147e-07
4.592917600000000104e-07
4.597237300000000209e-07
4.602051299999999791e-07
4.610770400000000061e-07
4.617693599999999929e-07
4.623429100000000172e-07
4.626116100000000016e-07
4.632517600000000009e-07
4.643272800000000092e-07
4.653927799999999865e-07
4.659998899999999886e-07
4.662955599999999742e-07
4.668307200000000230e-07
4.670375099999999989e-07
4.674930100000000257e-07
4.680713999999999783e-07
4.708756899999999746e-07
4.718704599999999773e-07
4.723010800000000141e-07
4.762701199999999745e-07
4.762939600000000037e-07
4.766082600000000186e-07
4.766207500000000097e-07
4.771826099999999803e-07
4.775798299999999845e-07
4.790012900000000086e-07
4.791558100000000049e-07
4.800513799999999905e-07
4.802658100000000460e-07
4.806354599999999900e-07
4.812493699999999892e-07
4.819276800000000296e-07
4.820117599999999915e-07
4.826135299999999986e-07
4.826779200000000036e-07
4.830596299999999671e-07
4.853355700000000010e-07
4.853828600000000210e-07
4.898442799999999590e-07
4.905877800000000477e-07
4.906094399999999510e-07
4.923834599999999705e-07
4.944651300000000225e-07
4.950808500000000230e-07
4.951535999999999665e-07
4.959705199999999939e-07
4.961400999999999866e-07
4.968375600000000368e-07
5.017102999999999871e-07
5.021796600000000513e-07
5.041714400000000297e-07
5.053591999999999768e-07
5.062159400000000319e-07
5.073264099999999779e-07
5.078428200000000386e-07
5.086712099999999570e-07
5.090152100000000294e-07
5.093104899999999767e-07
5.094311100000000325e-07
5.108990099999999579e-07
5.109012899999999700e-07
5.109182700000000491e-07
5.115131700000000169e-07
5.115355699999999576e-07
5.118581700000000111e-07
5.121204500000000004e-07
5.127230200000000508e-07
5.138402799999999576e-07
5.139201800000000032e-07
5.139459799999999954e-07
5.140136899999999735e-07
5.151687199999999891e-07
5.153903300000000437e-07
5.159622300000000119e-07
5.175513700000000187e-07
5.194174800000000454e-07
5.201153300000000281e-07
5.211723599999999855e-07
5.214370299999999624e-07
5.226328399999999941e-07
5.242545699999999539e-07
5.242962100000000191e-07
5.262482400000000120e-07
5.265100600000000268e-07
5.265873500000000278e-07
5.287049799999999756e-07
5.291787200000000464e-07
5.300812499999999742e-07
5.342878900000000241e-07
5.386137999999999972e-07
5.388713400000000505e-07
5.390123100000000221e-07
5.406863099999999615e-07
5.408502800000000387e-07
5.412730700000000477e-07
5.420479299999999687e-07
5.424342500000000319e-07
5.427182099999999971e-07
5.430764499999999501e-07
5.432268599999999664e-07
5.434560399999999526e-07
5.445244000000000343e-07
5.450609499999999902e-07
5.451511099999999844e-07
5.452557399999999525e-07
5.460962399999999658e-07
5.471011199999999554e-07
5.475760500000000019e-07
5.490034100000000407e-07
5.492699899999999581e-07
5.494978699999999931e-07
5.510609000000000478e-07
5.522647099999999827e-07
5.537073199999999660e-07
5.546432299999999597e-07
5.556370899999999966e-07
5.565867300000000327e-07
5.567858699999999985e-07
5.573892500000000226e-07
5.575075399999999907e-07
5.575539699999999616e-07
5.577111499999999720e-07
