# t	msd	err
9.499999999999191712e-12 4.624383501540723154e-04 2.551474617983795134e-08
2.000000000000282607e-11 4.623415941669606517e-04 1.150429910983213457e-11
3.946222222222007650e-11 4.621416781433264386e-04 1.904912839455377728e-07
6.999999999999996507e-11 4.619298861065467281e-04 3.291307755063194916e-07
1.045434782608732356e-10 5.119977655717257350e-04 1.650791215228033317e-05
2.079890109890112690e-10 6.036022729685601483e-04 2.835451119315483636e-05
3.993058823529430035e-10 6.950982766348497979e-04 2.340826379308204387e-05
7.458359788359782709e-10 8.999205210816729446e-04 2.606781783411386982e-05
1.307284105754273786e-09 1.148394008861391719e-03 2.516865798740704620e-05
2.302485950413215106e-09 1.717549475474782882e-03 2.603123204411324882e-05
4.140927220683277772e-09 2.669221149397385355e-03 2.583995562119375348e-05
7.458031982132799463e-09 4.284762808097004362e-03 2.780884364635255774e-05
1.332857943697216398e-08 6.950881148579834967e-03 2.842229438632878720e-05
2.395668268953586133e-08 1.176148497588834496e-02 3.035045228755614449e-05
4.281608597682496548e-08 2.073135290241638964e-02 3.299157917720845433e-05
7.637275573500803871e-08 3.740672904364824441e-02 4.003085420456581312e-05
1.359868011867568200e-07 6.726303991580247221e-02 5.163812719865506064e-05
2.402996950732726445e-07 1.183746127035958939e-01 7.417585490547727524e-05
3.971913051430989050e-07 1.953176543555831812e-01 1.299606527641155565e-04
