# t msd err
9.961060519825485918e-15 3.239982395385185288e-03 3.155594166273242797e-05
1.992763447486520648e-14 1.407179737568566274e-03 1.320320976557222731e-05
2.971306375676529577e-14 1.825500929635297427e-03 1.712481940909214398e-05
3.972652268417949197e-14 1.794790706930719359e-03 1.726119408727251194e-05
5.367517252828003197e-14 2.204937118183499141e-03 1.518535168307832903e-05
7.529155885019478757e-14 3.038279604787801503e-03 2.218786533881523791e-05
1.032322245619446961e-13 3.284301964244383445e-03 1.443555084593439233e-05
1.496611587496029673e-13 2.645310870401660144e-03 1.259928997658222998e-05
2.083177449791864775e-13 3.382084899220586059e-03 1.292558473537167527e-05
2.967563629992300661e-13 3.498029227076541754e-03 1.099020642985176168e-05
4.175960368244703536e-13 4.021067759834698330e-03 1.140438221529722470e-05
5.859647600457768138e-13 5.407668509170237246e-03 1.287204499413109626e-05
8.263016157095764375e-13 7.030719014808988615e-03 1.425250509651665979e-05
1.174414681972415762e-12 8.658792348127481928e-03 1.513946102151538187e-05
1.666786282429086876e-12 1.102850276745656610e-02 1.609586247605845137e-05
2.351893869310090940e-12 1.566259820146970877e-02 1.984793402179363918e-05
3.319174035220480660e-12 2.271959649700888706e-02 2.543307641875454571e-05
4.682710985115106736e-12 3.076622176747742521e-02 2.986866832068739547e-05
6.594658373454670675e-12 4.421404499026463514e-02 3.713830493624476874e-05
9.350745218468806435e-12 5.888008778807305582e-02 4.296567486850444965e-05
1.313315466324379440e-11 7.867818624746510114e-02 5.110800900820415500e-05
1.864130149937064622e-11 1.117364680413212158e-01 6.492763924600699580e-05
2.624531513792737804e-11 1.614968928923372904e-01 8.365983761500179279e-05
3.680229059827737924e-11 2.554391930930356436e-01 1.234770293522105327e-04
5.239370087680281197e-11 3.801671667125992027e-01 1.765931645283249729e-04
7.319071409900782593e-11 5.483854378132356766e-01 2.358829888715639549e-04
1.023164974984317426e-10 8.191516840352415230e-01 3.826022911408918925e-04
1.365500823087895132e-10 1.074637639282100876e+00 7.946527626829404242e-04
