# t	msd	err
9.937777777777752163e-11 2.436221421767200468e+00 2.296891583738026044e-01
1.378571428571427171e-10 2.948498734607122973e+00 1.114427770394154527e+00
2.515505617977525061e-10 3.009695931736325658e+00 2.017704736866402504e-01
4.504205020920521994e-10 4.127045677414798774e+00 2.669563926549891608e-01
7.498362573099707576e-10 5.801595018339067877e+00 2.805946265707700560e-01
1.347480043739755469e-09 8.799996635253872768e+00 2.909984335575475090e-01
2.398866754617369543e-09 1.433256324332944587e+01 3.681071610386584259e-01
4.188995276780450075e-09 2.282571597469419089e+01 4.436990100804236725e-01
7.354686357088218656e-09 3.659186573701048673e+01 5.447836597936333014e-01
1.282132832437245809e-08 5.716398312021135553e+01 6.506207298999200361e-01
2.251507834494022662e-08 1.026432424028392489e+02 8.834778195074928231e-01
3.958770256319830245e-08 2.043963732195325065e+02 1.357613547636345341e+00
6.924933589719542736e-08 4.135105257894741158e+02 2.140688988098925716e+00
1.212600404239944134e-07 5.927841530229090949e+02 2.473080993774048331e+00
2.084375458703313501e-07 4.896471265377815030e+02 1.886862290276268839e+00
3.378216254222440799e-07 2.990078156776876881e+02 1.631209230603147597e+00
