# t	msd	err
2.000000000000354985e-14 2.979884104507066755e-01 5.667897882894855355e-02
9.999999999997897516e-14 2.094380194788226790e-01 3.780902912577998459e-02
2.000000000000096491e-13 2.303246166999299849e-01 7.450580596923828125e-09
4.740000000000040387e-13 3.692053402503171489e-01 1.369358228559700852e-01
9.924096385541879743e-13 4.703318544047956351e-01 3.577559108206283811e-02
1.393333333333326454e-12 4.448585699442825780e-01 1.503103582892416357e-01
2.478338278931749327e-12 6.492922387418111896e-01 3.983853489640337697e-02
4.473913043478253203e-12 1.027008956407549523e+00 7.318837909221975746e-02
7.864386554621840778e-12 1.155822549969803381e+00 5.068080427956779543e-02
1.425603881278531433e-11 1.727621512173596940e+00 5.485171740438481158e-02
2.534765635738849453e-11 2.421655564101330427e+00 6.410361333179342980e-02
4.390049458313844616e-11 3.442100782729601072e+00 7.641323410750340550e-02
7.723460410557120970e-11 5.606830609825882661e+00 9.559778343391170385e-02
1.373345744267389330e-10 8.314300598399869457e+00 9.853739218514535880e-02
2.434764836512202593e-10 1.158642495813725404e+01 1.296918946880000756e-01
4.301951967716582503e-10 2.026620855428539514e+01 1.403452056455756769e-01
7.580301221975298235e-10 3.890620451768826626e+01 2.208245639514874736e-01
1.348947782497884047e-09 5.809823454581157876e+01 1.888310103319852662e-01
2.329008272376517146e-09 8.503612764629357912e+01 1.527037326044398680e-01
4.132340396039626674e-09 1.471046964990671881e+02 2.387681850890578661e-01
6.731545137009541334e-09 2.576575101868379534e+02 3.894226420788443055e-01
