# t	msd	err
5.000000000000000311e-10 1.832250339987328047e+01 2.379944750347239291e-01
9.999999999999994419e-10 1.858265957827027037e+01 2.389164442722180315e-01
1.500000000000001438e-09 1.883115103434010607e+01 2.400675488006321079e-01
2.499664991624762767e-09 1.917206755848723176e+01 1.387486891665037358e-01
3.999663978494641473e-09 1.978395212259622937e+01 1.422833893405124617e-01
6.248523206751073896e-09 2.079680185890932265e+01 1.026397782219059529e-01
1.024578866768748974e-08 2.231537117030894635e+01 8.126875484211461276e-02
1.624160206718337738e-08 2.460544675869710929e+01 7.195097536003113026e-02
2.572474081883684195e-08 2.786975572898533571e+01 5.770772521008372957e-02
4.093790849673233680e-08 3.274341186999719611e+01 4.960776785704983788e-02
6.483333333333425137e-08 3.937944915222046660e+01 4.118091493600559150e-02
1.025461796809415634e-07 4.857950153143530514e+01 3.436542466596827911e-02
1.618949517446170445e-07 6.031620729062896658e+01 2.627350641155524677e-02
2.542261410788374838e-07 7.514936224146717336e+01 2.370512039286393896e-02
3.784999999999988960e-07 9.019643514049741384e+01 2.056119931775134829e-02
