# AtomId eventId barrier
6.900000000000000000e+01 4.110380000000000000e+05 4.136600000000000277e-01
9.560000000000000000e+02 6.221420000000000000e+05 5.360589999999999522e-01
1.292000000000000000e+03 3.712840000000000000e+05 6.614729999999999777e-01
1.750000000000000000e+02 9.854960000000000000e+05 5.325569999999999471e-01
8.920000000000000000e+02 5.146210000000000000e+05 5.979330000000000478e-01
9.560000000000000000e+02 5.605320000000000000e+05 7.392649999999999499e-01
1.292000000000000000e+03 1.229260000000000000e+05 7.269539999999999891e-01
3.720000000000000000e+02 4.541860000000000000e+05 2.749039999999999817e-01
1.292000000000000000e+03 7.996020000000000000e+05 5.728020000000000334e-01
3.720000000000000000e+02 9.310410000000000000e+05 4.453590000000000049e-01
4.510000000000000000e+02 8.216740000000000000e+05 2.239490000000000092e-01
6.430000000000000000e+02 6.013480000000000000e+05 6.687999999999999501e-01
4.510000000000000000e+02 1.252233000000000000e+06 6.578199999999999326e-02
4.510000000000000000e+02 8.778160000000000000e+05 4.408999999999999725e-03
3.720000000000000000e+02 9.310420000000000000e+05 4.456700000000000106e-01
4.510000000000000000e+02 8.216740000000000000e+05 2.239490000000000092e-01
6.430000000000000000e+02 6.013480000000000000e+05 6.687990000000000324e-01
4.510000000000000000e+02 1.252233000000000000e+06 6.578199999999999326e-02
4.510000000000000000e+02 8.778160000000000000e+05 4.408999999999999725e-03
1.770000000000000000e+02 1.704980000000000000e+05 7.512820000000000054e-01
4.510000000000000000e+02 4.323290000000000000e+05 3.784649999999999959e-01
5.490000000000000000e+02 1.104312000000000000e+06 6.696130000000000138e-01
6.430000000000000000e+02 6.285920000000000000e+05 7.425509999999999611e-01
4.510000000000000000e+02 8.778160000000000000e+05 4.408999999999999725e-03
4.510000000000000000e+02 1.252234000000000000e+06 6.476300000000000112e-02
3.720000000000000000e+02 9.310420000000000000e+05 4.459529999999999883e-01
4.510000000000000000e+02 8.216740000000000000e+05 2.230119999999999880e-01
6.430000000000000000e+02 6.013480000000000000e+05 6.690580000000000416e-01
4.510000000000000000e+02 1.252233000000000000e+06 6.476300000000000112e-02
4.510000000000000000e+02 8.778160000000000000e+05 4.408999999999999725e-03
3.720000000000000000e+02 9.310420000000000000e+05 4.459509999999999863e-01
4.510000000000000000e+02 8.216740000000000000e+05 2.230119999999999880e-01
6.430000000000000000e+02 6.013480000000000000e+05 6.690660000000000496e-01
1.770000000000000000e+02 1.068630000000000000e+06 4.767179999999999751e-01
3.720000000000000000e+02 9.310420000000000000e+05 4.459520000000000151e-01
4.510000000000000000e+02 8.216740000000000000e+05 2.240119999999999889e-01
6.430000000000000000e+02 6.013480000000000000e+05 6.690669999999999673e-01
1.770000000000000000e+02 1.068630000000000000e+06 4.767219999999999791e-01
3.720000000000000000e+02 9.310420000000000000e+05 4.459520000000000151e-01
4.510000000000000000e+02 8.216740000000000000e+05 2.240090000000000137e-01
6.430000000000000000e+02 6.013480000000000000e+05 6.690620000000000456e-01
4.510000000000000000e+02 1.252233000000000000e+06 6.576300000000000201e-02
4.510000000000000000e+02 8.778160000000000000e+05 4.408999999999999725e-03
1.770000000000000000e+02 1.704980000000000000e+05 7.512809999999999766e-01
4.510000000000000000e+02 4.323290000000000000e+05 3.784600000000000186e-01
5.490000000000000000e+02 1.104312000000000000e+06 6.696109999999999562e-01
6.430000000000000000e+02 6.285920000000000000e+05 7.425310000000000521e-01
1.770000000000000000e+02 1.262152000000000000e+06 5.334740000000000038e-01
4.510000000000000000e+02 2.452500000000000000e+05 4.554389999999999827e-01
8.210000000000000000e+02 2.350060000000000000e+05 7.092739999999999601e-01
1.313000000000000000e+03 5.848150000000000000e+05 4.321269999999999833e-01
4.510000000000000000e+02 6.018630000000000000e+05 4.379160000000000275e-01
6.430000000000000000e+02 6.013480000000000000e+05 6.543280000000000207e-01
2.860000000000000000e+02 6.784070000000000000e+05 3.889440000000000119e-01
6.430000000000000000e+02 1.116507000000000000e+06 5.530270000000000463e-01
1.313000000000000000e+03 7.442290000000000000e+05 7.720799999999999885e-01
2.700000000000000000e+02 1.419610000000000000e+05 8.523789999999999978e-01
2.860000000000000000e+02 3.263470000000000000e+05 4.778169999999999917e-01
1.032000000000000000e+03 1.097137000000000000e+06 5.671779999999999600e-01
1.270000000000000000e+03 3.615500000000000000e+05 5.507729999999999571e-01
5.450000000000000000e+02 6.653180000000000000e+05 1.960399999999999920e-01
1.011000000000000000e+03 9.546320000000000000e+05 3.540820000000000078e-01
1.270000000000000000e+03 1.135460000000000000e+06 7.962019999999999653e-01
2.860000000000000000e+02 9.148160000000000000e+05 3.724000000000000088e-01
5.450000000000000000e+02 6.453690000000000000e+05 1.150919999999999999e-01
1.011000000000000000e+03 1.089282000000000000e+06 3.139060000000000183e-01
5.450000000000000000e+02 6.939700000000000000e+05 5.362799999999999789e-01
9.900000000000000000e+01 8.596480000000000000e+05 7.493610000000000548e-01
6.620000000000000000e+02 1.010034000000000000e+06 7.474570000000000380e-01
5.450000000000000000e+02 8.564740000000000000e+05 5.362310000000000132e-01
9.900000000000000000e+01 8.596480000000000000e+05 7.493640000000000301e-01
6.620000000000000000e+02 1.010034000000000000e+06 7.474570000000000380e-01
5.450000000000000000e+02 8.564740000000000000e+05 5.362510000000000332e-01
2.860000000000000000e+02 9.148160000000000000e+05 3.733029999999999959e-01
5.450000000000000000e+02 6.453690000000000000e+05 1.150140000000000051e-01
1.011000000000000000e+03 1.089282000000000000e+06 3.139049999999999896e-01
5.450000000000000000e+02 6.939700000000000000e+05 5.362040000000000139e-01
5.450000000000000000e+02 4.420870000000000000e+05 2.369100000000000095e-01
5.450000000000000000e+02 7.132590000000000000e+05 9.311430000000000540e-01
2.860000000000000000e+02 9.148160000000000000e+05 3.798529999999999962e-01
5.450000000000000000e+02 1.276249000000000000e+06 2.590720000000000245e-01
1.011000000000000000e+03 1.089282000000000000e+06 3.146300000000000208e-01
5.450000000000000000e+02 3.498460000000000000e+05 6.695330000000000448e-01
9.900000000000000000e+01 8.596480000000000000e+05 7.416610000000000147e-01
6.620000000000000000e+02 1.010034000000000000e+06 7.711090000000000444e-01
9.900000000000000000e+01 9.212760000000000000e+05 6.231640000000000512e-01
5.080000000000000000e+02 5.173080000000000000e+05 5.329850000000000421e-01
6.400000000000000000e+02 1.873970000000000000e+05 8.140060000000000073e-01
6.620000000000000000e+02 1.174675000000000000e+06 4.801690000000000125e-01
8.050000000000000000e+02 4.023450000000000000e+05 7.200769999999999671e-01
9.790000000000000000e+02 2.276100000000000000e+05 7.922730000000000050e-01
9.790000000000000000e+02 9.207940000000000000e+05 9.076640000000000263e-01
1.136000000000000000e+03 9.023040000000000000e+05 3.246689999999999854e-01
9.900000000000000000e+01 7.411700000000000000e+04 5.565139999999999532e-01
6.620000000000000000e+02 1.838420000000000000e+05 3.356529999999999792e-01
1.136000000000000000e+03 4.194000000000000000e+05 3.409030000000000116e-01
6.400000000000000000e+02 6.163330000000000000e+05 7.523680000000000367e-01
6.400000000000000000e+02 1.180326000000000000e+06 4.046170000000000044e+00
1.136000000000000000e+03 7.309520000000000000e+05 4.442570000000000130e-01
4.390000000000000000e+02 6.280610000000000000e+05 7.479869999999999575e-01
8.250000000000000000e+02 4.865120000000000000e+05 1.165146999999999933e+00
4.290000000000000000e+02 2.359860000000000000e+05 7.895809999999999773e-01
4.390000000000000000e+02 3.519400000000000000e+04 1.021492999999999984e+00
4.760000000000000000e+02 1.278695000000000000e+06 7.372990000000000377e-01
4.760000000000000000e+02 1.046435000000000000e+06 4.652629000000000126e+00
8.250000000000000000e+02 1.270265000000000000e+06 8.590520000000000378e-01
4.390000000000000000e+02 6.280610000000000000e+05 7.479879999999999862e-01
8.250000000000000000e+02 4.865120000000000000e+05 1.165146999999999933e+00
6.400000000000000000e+02 6.163330000000000000e+05 7.523659999999999792e-01
6.400000000000000000e+02 1.180326000000000000e+06 4.046170000000000044e+00
1.136000000000000000e+03 7.309520000000000000e+05 4.443369999999999820e-01
4.390000000000000000e+02 6.280610000000000000e+05 7.479879999999999862e-01
8.250000000000000000e+02 4.865120000000000000e+05 1.165146999999999933e+00
4.290000000000000000e+02 2.359860000000000000e+05 7.895689999999999653e-01
4.390000000000000000e+02 3.519400000000000000e+04 1.021482000000000001e+00
4.760000000000000000e+02 1.278695000000000000e+06 7.372910000000000297e-01
4.760000000000000000e+02 1.046435000000000000e+06 4.652629000000000126e+00
8.250000000000000000e+02 1.270265000000000000e+06 8.590449999999999475e-01
4.290000000000000000e+02 4.540230000000000000e+05 1.012351000000000001e+00
5.620000000000000000e+02 5.891430000000000000e+05 9.714479999999999782e-01
8.250000000000000000e+02 6.001540000000000000e+05 1.220404999999999962e+00
8.250000000000000000e+02 1.249588000000000000e+06 1.426188000000000011e+00
9.220000000000000000e+02 5.535440000000000000e+05 7.867819999999999814e-01
9.220000000000000000e+02 5.806400000000000000e+04 1.329039000000000081e+00
1.700000000000000000e+02 9.328860000000000000e+05 5.157950000000000035e-01
2.960000000000000000e+02 3.022040000000000000e+05 6.856649999999999689e-01
4.450000000000000000e+02 7.898260000000000000e+05 1.011670000000000069e+00
5.620000000000000000e+02 8.176930000000000000e+05 1.113736000000000059e+00
1.390000000000000000e+02 1.001742000000000000e+06 5.955519999999999703e-01
1.700000000000000000e+02 5.971600000000000000e+05 5.347570000000000379e-01
2.960000000000000000e+02 9.696820000000000000e+05 4.284540000000000015e-01
4.790000000000000000e+02 1.737150000000000000e+05 7.646209999999999951e-01
4.850000000000000000e+02 1.155103000000000000e+06 4.973409999999999775e-01
5.620000000000000000e+02 1.266588000000000000e+06 7.154230000000000311e-01
1.700000000000000000e+02 9.328860000000000000e+05 5.157969999999999500e-01
2.960000000000000000e+02 3.022040000000000000e+05 6.856649999999999689e-01
4.450000000000000000e+02 7.898260000000000000e+05 1.011670999999999987e+00
5.620000000000000000e+02 8.176930000000000000e+05 1.113736000000000059e+00
8.600000000000000000e+01 3.207770000000000000e+05 9.188030000000000364e-01
2.960000000000000000e+02 2.363190000000000000e+05 9.770290000000000363e-01
2.960000000000000000e+02 2.560470000000000000e+05 4.423626999999999754e+00
4.290000000000000000e+02 8.758800000000000000e+05 7.177059999999999551e-01
4.450000000000000000e+02 2.224600000000000000e+04 1.005379999999999940e+00
5.620000000000000000e+02 1.185732000000000000e+06 6.887379999999999614e-01
1.390000000000000000e+02 5.301660000000000000e+05 5.332529999999999770e-01
2.960000000000000000e+02 5.073210000000000000e+05 6.534280000000000088e-01
2.960000000000000000e+02 1.275584000000000000e+06 1.120095999999999981e+00
5.550000000000000000e+02 5.301840000000000000e+05 7.472469999999999946e-01
6.580000000000000000e+02 1.669880000000000000e+05 7.635359999999999925e-01
6.870000000000000000e+02 2.368670000000000000e+05 6.333600000000000341e-01
1.111000000000000000e+03 7.739370000000000000e+05 8.658689999999999998e-01
8.600000000000000000e+01 3.207770000000000000e+05 9.188020000000000076e-01
2.960000000000000000e+02 2.363190000000000000e+05 9.770280000000000076e-01
2.960000000000000000e+02 2.560470000000000000e+05 4.423626999999999754e+00
4.290000000000000000e+02 8.758800000000000000e+05 7.177050000000000374e-01
4.450000000000000000e+02 2.224600000000000000e+04 1.005379000000000023e+00
5.620000000000000000e+02 1.185732000000000000e+06 6.887330000000000396e-01
7.600000000000000000e+01 9.299570000000000000e+05 9.887320000000000553e-01
2.960000000000000000e+02 4.520940000000000000e+05 7.462779999999999969e-01
4.290000000000000000e+02 4.034530000000000000e+05 7.911639999999999784e-01
5.550000000000000000e+02 1.088073000000000000e+06 5.351949999999999763e-01
5.620000000000000000e+02 4.374710000000000000e+05 5.738870000000000360e-01
6.690000000000000000e+02 8.583800000000000000e+04 6.327850000000000419e-01
9.220000000000000000e+02 2.973480000000000000e+05 7.626290000000000013e-01
1.700000000000000000e+02 2.812470000000000000e+05 5.509079999999999533e-01
2.960000000000000000e+02 8.927030000000000000e+05 7.167249999999999455e-01
4.450000000000000000e+02 5.382520000000000000e+05 9.362639999999999851e-01
5.620000000000000000e+02 4.896300000000000000e+05 7.228390000000000093e-01
7.600000000000000000e+01 9.299570000000000000e+05 9.887320000000000553e-01
2.960000000000000000e+02 4.520940000000000000e+05 7.462750000000000217e-01
4.290000000000000000e+02 4.034530000000000000e+05 7.911639999999999784e-01
5.550000000000000000e+02 1.088073000000000000e+06 5.351949999999999763e-01
5.620000000000000000e+02 4.374720000000000000e+05 5.734869999999999690e-01
6.690000000000000000e+02 8.583800000000000000e+04 6.327850000000000419e-01
9.220000000000000000e+02 2.973480000000000000e+05 7.626290000000000013e-01
7.600000000000000000e+01 4.986000000000000000e+04 1.147850999999999955e+00
7.600000000000000000e+01 3.069000000000000000e+03 4.305178999999999867e+00
1.700000000000000000e+02 8.234700000000000000e+04 8.561729999999999619e-01
2.960000000000000000e+02 5.841370000000000000e+05 5.834799999999999986e-01
4.850000000000000000e+02 7.402460000000000000e+05 7.212159999999999682e-01
1.133000000000000000e+03 1.050042000000000000e+06 8.881869999999999488e-01
7.600000000000000000e+01 9.299570000000000000e+05 9.887320000000000553e-01
2.960000000000000000e+02 4.520940000000000000e+05 7.462769999999999682e-01
4.290000000000000000e+02 4.034530000000000000e+05 7.911639999999999784e-01
5.550000000000000000e+02 1.088073000000000000e+06 5.351949999999999763e-01
5.620000000000000000e+02 4.374720000000000000e+05 5.734909999999999730e-01
6.690000000000000000e+02 8.583800000000000000e+04 6.327859999999999596e-01
9.220000000000000000e+02 2.973480000000000000e+05 7.626309999999999478e-01
1.700000000000000000e+02 2.812470000000000000e+05 5.509060000000000068e-01
2.960000000000000000e+02 8.927030000000000000e+05 7.167430000000000190e-01
4.450000000000000000e+02 5.382520000000000000e+05 9.362780000000000546e-01
5.620000000000000000e+02 4.896300000000000000e+05 7.228580000000000005e-01
1.700000000000000000e+02 1.542060000000000000e+05 5.152529999999999610e-01
2.960000000000000000e+02 3.326420000000000000e+05 7.767159999999999620e-01
4.850000000000000000e+02 1.270054000000000000e+06 6.309770000000000101e-01
6.780000000000000000e+02 2.545370000000000000e+05 7.328470000000000262e-01
1.700000000000000000e+02 2.812470000000000000e+05 5.509060000000000068e-01
2.960000000000000000e+02 8.927030000000000000e+05 7.167409999999999615e-01
4.450000000000000000e+02 5.382520000000000000e+05 9.362770000000000259e-01
5.620000000000000000e+02 4.896300000000000000e+05 7.228569999999999718e-01
1.390000000000000000e+02 1.001742000000000000e+06 5.996709999999999541e-01
1.700000000000000000e+02 4.950900000000000000e+04 5.612500000000000266e-01
2.960000000000000000e+02 1.856540000000000000e+05 4.663269999999999915e-01
4.790000000000000000e+02 1.737150000000000000e+05 7.956210000000000226e-01
4.850000000000000000e+02 1.155103000000000000e+06 4.815119999999999956e-01
5.620000000000000000e+02 3.202550000000000000e+05 8.006579999999999808e-01
1.390000000000000000e+02 6.418860000000000000e+05 6.054929999999999479e-01
5.550000000000000000e+02 8.389250000000000000e+05 7.093469999999999498e-01
5.620000000000000000e+02 1.122660000000000000e+06 8.851790000000000491e-01
6.580000000000000000e+02 1.669880000000000000e+05 7.593039999999999790e-01
6.870000000000000000e+02 1.167820000000000000e+06 7.050650000000000528e-01
1.111000000000000000e+03 4.481690000000000000e+05 8.200699999999999656e-01
6.110000000000000000e+02 8.569950000000000000e+05 6.587629999999999875e-01
6.580000000000000000e+02 5.375580000000000000e+05 7.596500000000000474e-01
1.111000000000000000e+03 5.529850000000000000e+05 8.912769999999999859e-01
2.170000000000000000e+02 9.952560000000000000e+05 9.959059999999999580e-01
2.170000000000000000e+02 7.667820000000000000e+05 1.061415999999999915e+00
3.050000000000000000e+02 2.546500000000000000e+05 5.136190000000000477e-01
5.090000000000000000e+02 5.344780000000000000e+05 6.503480000000000372e-01
5.090000000000000000e+02 6.394000000000000000e+04 7.727969999999999562e-01
8.100000000000000000e+02 1.041934000000000000e+06 6.406349999999999545e-01
8.100000000000000000e+02 1.158854000000000000e+06 1.175734000000000057e+00
8.200000000000000000e+02 1.295946000000000000e+06 7.639690000000000092e-01
8.200000000000000000e+02 3.662950000000000000e+05 4.430638000000000076e+00
1.111000000000000000e+03 9.327800000000000000e+05 5.333409999999999540e-01
5.090000000000000000e+02 6.394000000000000000e+04 7.727950000000000097e-01
8.100000000000000000e+02 1.041934000000000000e+06 6.406349999999999545e-01
8.100000000000000000e+02 1.158854000000000000e+06 1.175737999999999950e+00
8.200000000000000000e+02 1.295946000000000000e+06 7.639719999999999844e-01
8.200000000000000000e+02 3.662950000000000000e+05 4.430638000000000076e+00
1.111000000000000000e+03 9.327800000000000000e+05 5.333430000000000115e-01
8.600000000000000000e+01 7.172460000000000000e+05 6.318869999999999765e-01
2.590000000000000000e+02 7.975380000000000000e+05 6.903129999999999544e-01
8.200000000000000000e+02 9.757290000000000000e+05 5.068690000000000140e-01
1.111000000000000000e+03 7.337580000000000000e+05 2.626060000000000061e-01
1.324000000000000000e+03 5.610690000000000000e+05 9.993239999999999901e-01
1.324000000000000000e+03 7.720280000000000000e+05 4.484017999999999837e+00
1.324000000000000000e+03 4.085030000000000000e+05 4.483754000000000239e+00
8.600000000000000000e+01 1.089783000000000000e+06 1.015867000000000075e+00
4.880000000000000000e+02 1.597530000000000000e+05 7.063639999999999919e-01
6.870000000000000000e+02 1.079891000000000000e+06 1.217289999999999983e+00
8.200000000000000000e+02 4.142070000000000000e+05 5.911049999999999915e-01
1.111000000000000000e+03 1.183908000000000000e+06 5.782399999999999762e-01
4.880000000000000000e+02 1.214703000000000000e+06 4.711179999999999812e-01
8.200000000000000000e+02 3.242270000000000000e+05 3.880190000000000028e-01
1.111000000000000000e+03 9.765420000000000000e+05 2.727049999999999752e-01
8.600000000000000000e+01 7.172460000000000000e+05 6.261200000000000099e-01
2.590000000000000000e+02 7.975380000000000000e+05 7.087440000000000406e-01
8.200000000000000000e+02 3.242270000000000000e+05 4.741469999999999851e-01
1.111000000000000000e+03 1.170121000000000000e+06 3.743739999999999846e-01
1.324000000000000000e+03 5.610690000000000000e+05 9.974709999999999965e-01
1.324000000000000000e+03 7.720280000000000000e+05 4.484017999999999837e+00
1.324000000000000000e+03 4.085030000000000000e+05 4.483754000000000239e+00
4.880000000000000000e+02 1.214703000000000000e+06 4.711139999999999772e-01
8.200000000000000000e+02 3.242270000000000000e+05 3.880279999999999840e-01
1.111000000000000000e+03 1.565170000000000000e+05 2.727049999999999752e-01
1.340000000000000000e+02 1.551960000000000000e+05 7.063840000000000119e-01
4.880000000000000000e+02 1.562500000000000000e+05 6.619000000000000439e-01
1.131000000000000000e+03 9.953170000000000000e+05 6.574069999999999636e-01
1.306000000000000000e+03 1.031649000000000000e+06 5.835299999999999931e-01
1.340000000000000000e+02 6.314010000000000000e+05 5.539699999999999624e-01
6.040000000000000000e+02 7.972820000000000000e+05 3.807200000000000029e-01
1.306000000000000000e+03 3.713500000000000000e+04 4.935729999999999840e-01
1.340000000000000000e+02 1.551960000000000000e+05 7.064019999999999744e-01
4.880000000000000000e+02 1.562500000000000000e+05 6.619169999999999776e-01
1.131000000000000000e+03 9.953170000000000000e+05 6.574269999999999836e-01
1.306000000000000000e+03 1.031649000000000000e+06 5.835479999999999556e-01
1.340000000000000000e+02 7.884950000000000000e+05 6.561550000000000438e-01
1.340000000000000000e+02 6.237800000000000000e+04 1.131925999999999988e+00
6.040000000000000000e+02 2.420310000000000000e+05 4.087979999999999947e-01
6.040000000000000000e+02 1.037681000000000000e+06 7.758629999999999693e-01
7.790000000000000000e+02 3.578240000000000000e+05 7.420139999999999514e-01
7.000000000000000000e+01 7.642980000000000000e+05 8.669440000000000479e-01
1.340000000000000000e+02 1.582300000000000000e+05 9.757869999999999600e-01
5.280000000000000000e+02 3.484330000000000000e+05 8.533169999999999922e-01
5.280000000000000000e+02 4.143050000000000000e+05 1.286461999999999994e+00
6.040000000000000000e+02 9.085240000000000000e+05 6.542249999999999455e-01
7.790000000000000000e+02 7.553640000000000000e+05 7.175700000000000411e-01
8.290000000000000000e+02 1.484920000000000000e+05 9.191080000000000361e-01
8.290000000000000000e+02 7.396190000000000000e+05 1.395027000000000017e+00
8.290000000000000000e+02 6.322900000000000000e+04 1.394579000000000013e+00
8.290000000000000000e+02 2.922370000000000000e+05 1.356686999999999976e+00
7.790000000000000000e+02 7.538850000000000000e+05 1.042756999999999934e+00
8.290000000000000000e+02 6.163330000000000000e+05 7.247299999999999853e-01
8.290000000000000000e+02 3.094350000000000000e+05 8.542980000000000018e-01
1.332000000000000000e+03 2.924400000000000000e+05 9.137750000000000039e-01
1.332000000000000000e+03 4.337280000000000000e+05 1.571492000000000111e+00
1.332000000000000000e+03 8.446220000000000000e+05 1.377382000000000106e+00
1.332000000000000000e+03 9.214200000000000000e+04 1.173664999999999958e+00
7.000000000000000000e+01 1.603410000000000000e+05 7.062040000000000539e-01
5.250000000000000000e+02 1.106862000000000000e+06 1.180751000000000106e+00
5.250000000000000000e+02 4.330580000000000000e+05 4.403906000000000098e+00
5.250000000000000000e+02 8.081530000000000000e+05 4.085662000000000127e+00
8.290000000000000000e+02 1.484920000000000000e+05 1.029493999999999909e+00
8.290000000000000000e+02 7.396190000000000000e+05 1.520307000000000075e+00
8.290000000000000000e+02 6.322900000000000000e+04 1.520267000000000035e+00
8.290000000000000000e+02 2.922370000000000000e+05 1.028885000000000050e+00
1.021000000000000000e+03 1.220720000000000000e+06 4.804769999999999874e-01
1.288000000000000000e+03 1.216616000000000000e+06 6.175249999999999906e-01
7.000000000000000000e+01 5.486310000000000000e+05 5.026439999999999797e-01
7.790000000000000000e+02 4.126110000000000000e+05 6.175019999999999953e-01
7.000000000000000000e+01 8.398600000000000000e+05 4.970350000000000046e-01
5.280000000000000000e+02 1.299647000000000000e+06 7.580329999999999568e-01
8.290000000000000000e+02 7.427840000000000000e+05 9.893119999999999692e-01
8.930000000000000000e+02 1.262454000000000000e+06 7.002389999999999448e-01
9.540000000000000000e+02 9.883450000000000000e+05 5.859600000000000364e-01
1.021000000000000000e+03 1.266284000000000000e+06 6.712529999999999886e-01
1.333000000000000000e+03 1.295280000000000000e+06 6.085469999999999491e-01
8.290000000000000000e+02 1.163516000000000000e+06 8.041599999999999859e-01
1.021000000000000000e+03 3.800810000000000000e+05 9.048059999999999992e-01
1.100000000000000000e+03 1.115550000000000000e+06 7.298139999999999628e-01
1.106000000000000000e+03 1.949550000000000000e+05 7.698730000000000295e-01
1.149000000000000000e+03 2.930970000000000000e+05 7.934269999999999934e-01
1.149000000000000000e+03 8.780130000000000000e+05 1.090340000000000087e+00
1.288000000000000000e+03 1.122625000000000000e+06 7.654269999999999685e-01
1.333000000000000000e+03 6.426260000000000000e+05 7.626579999999999471e-01
8.930000000000000000e+02 2.289660000000000000e+05 7.336519999999999708e-01
1.149000000000000000e+03 1.094478000000000000e+06 6.513520000000000421e-01
1.333000000000000000e+03 9.159450000000000000e+05 6.272149999999999670e-01
8.470000000000000000e+02 4.769210000000000000e+05 3.807389999999999941e-01
8.930000000000000000e+02 5.367900000000000000e+05 6.917119999999999935e-01
9.540000000000000000e+02 9.320660000000000000e+05 4.732739999999999725e-01
1.333000000000000000e+03 1.254264000000000000e+06 7.222779999999999756e-01
1.333000000000000000e+03 1.046435000000000000e+06 4.652629000000000126e+00
1.333000000000000000e+03 1.181451000000000000e+06 4.100264000000000131e+00
3.120000000000000000e+02 2.466970000000000000e+05 8.879540000000000211e-01
3.200000000000000000e+02 2.209650000000000000e+05 6.818020000000000191e-01
8.470000000000000000e+02 2.657500000000000000e+05 5.654620000000000202e-01
8.470000000000000000e+02 5.722770000000000000e+05 1.078570000000000029e+00
1.149000000000000000e+03 1.007654000000000000e+06 5.580150000000000388e-01
1.333000000000000000e+03 8.511160000000000000e+05 5.955409999999999870e-01
8.470000000000000000e+02 6.505570000000000000e+05 3.807389999999999941e-01
8.930000000000000000e+02 5.367900000000000000e+05 6.917499999999999760e-01
9.540000000000000000e+02 9.320660000000000000e+05 4.732729999999999992e-01
1.333000000000000000e+03 1.254264000000000000e+06 7.223049999999999748e-01
1.333000000000000000e+03 1.046435000000000000e+06 4.652629000000000126e+00
1.333000000000000000e+03 1.181451000000000000e+06 4.100264000000000131e+00
8.930000000000000000e+02 2.289660000000000000e+05 7.338810000000000056e-01
1.149000000000000000e+03 1.094479000000000000e+06 6.516330000000000178e-01
1.333000000000000000e+03 9.159450000000000000e+05 6.275579999999999492e-01
1.333000000000000000e+03 8.760010000000000000e+05 3.950022999999999840e+00
1.021000000000000000e+03 9.074510000000000000e+05 5.257749999999999924e-01
7.110000000000000000e+02 1.832250000000000000e+05 5.827529999999999655e-01
8.470000000000000000e+02 1.065146000000000000e+06 2.553509999999999946e-01
1.149000000000000000e+03 9.169320000000000000e+05 6.116770000000000262e-01
3.120000000000000000e+02 2.466970000000000000e+05 8.821689999999999809e-01
3.200000000000000000e+02 2.209650000000000000e+05 6.584090000000000220e-01
8.470000000000000000e+02 6.587940000000000000e+05 5.702679999999999971e-01
1.149000000000000000e+03 1.007654000000000000e+06 5.243710000000000315e-01
1.333000000000000000e+03 8.511160000000000000e+05 6.343849999999999767e-01
1.560000000000000000e+02 2.736400000000000000e+05 7.136559999999999571e-01
8.930000000000000000e+02 5.016580000000000000e+05 7.443539999999999601e-01
9.540000000000000000e+02 2.910290000000000000e+05 7.618150000000000199e-01
9.540000000000000000e+02 2.889510000000000000e+05 7.628409999999999913e-01
1.021000000000000000e+03 5.869030000000000000e+05 6.451770000000000005e-01
1.333000000000000000e+03 9.159450000000000000e+05 6.518680000000000030e-01
1.560000000000000000e+02 1.032185000000000000e+06 5.230000000000000204e-01
1.750000000000000000e+02 7.815560000000000000e+05 4.504630000000000023e-01
9.560000000000000000e+02 2.834500000000000000e+04 4.747669999999999946e-01
4.870000000000000000e+02 9.503030000000000000e+05 5.432479999999999531e-01
9.540000000000000000e+02 1.054040000000000000e+06 6.202579999999999760e-01
1.366000000000000000e+03 1.216729000000000000e+06 4.271949999999999914e-01
1.560000000000000000e+02 1.032185000000000000e+06 5.230359999999999454e-01
1.750000000000000000e+02 7.815560000000000000e+05 4.505000000000000115e-01
9.560000000000000000e+02 2.834500000000000000e+04 4.748260000000000258e-01
1.560000000000000000e+02 7.643500000000000000e+04 7.878749999999999920e-01
1.560000000000000000e+02 1.107467000000000000e+06 7.878699999999999593e-01
1.840000000000000000e+02 8.733330000000000000e+05 6.768239999999999812e-01
5.280000000000000000e+02 9.503030000000000000e+05 6.306939999999999769e-01
9.560000000000000000e+02 1.515240000000000000e+05 8.322580000000000533e-01
9.560000000000000000e+02 7.917110000000000000e+05 1.313982999999999901e+00
9.970000000000000000e+02 7.639660000000000000e+05 7.740879999999999983e-01
1.560000000000000000e+02 8.880940000000000000e+05 7.532739999999999991e-01
9.540000000000000000e+02 1.085529000000000000e+06 8.623760000000000314e-01
9.970000000000000000e+02 1.084334000000000000e+06 9.080960000000000143e-01
9.970000000000000000e+02 8.427290000000000000e+05 1.360659999999999981e+00
1.333000000000000000e+03 8.511160000000000000e+05 7.106050000000000422e-01
3.120000000000000000e+02 1.219200000000000000e+05 7.635060000000000180e-01
3.200000000000000000e+02 4.115540000000000000e+05 4.951630000000000198e-01
9.970000000000000000e+02 8.150030000000000000e+05 6.248540000000000205e-01
1.333000000000000000e+03 1.059941000000000000e+06 7.582250000000000378e-01
3.120000000000000000e+02 1.219200000000000000e+05 7.636119999999999575e-01
3.200000000000000000e+02 4.115540000000000000e+05 4.952369999999999828e-01
9.970000000000000000e+02 8.150030000000000000e+05 6.249540000000000095e-01
1.333000000000000000e+03 8.511160000000000000e+05 7.581259999999999666e-01
1.560000000000000000e+02 8.880940000000000000e+05 7.531550000000000189e-01
9.540000000000000000e+02 1.085529000000000000e+06 8.622819999999999929e-01
9.970000000000000000e+02 1.084334000000000000e+06 9.081090000000000551e-01
9.970000000000000000e+02 8.427290000000000000e+05 1.360659000000000063e+00
1.333000000000000000e+03 8.511160000000000000e+05 7.105879999999999974e-01
3.120000000000000000e+02 1.219200000000000000e+05 7.636089999999999822e-01
3.200000000000000000e+02 4.115540000000000000e+05 4.952349999999999808e-01
9.970000000000000000e+02 8.150030000000000000e+05 6.249529999999999808e-01
1.333000000000000000e+03 8.511160000000000000e+05 7.581259999999999666e-01
1.020000000000000000e+02 4.261840000000000000e+05 8.877310000000000478e-01
9.970000000000000000e+02 1.170732000000000000e+06 7.240469999999999962e-01
9.970000000000000000e+02 9.469850000000000000e+05 9.580340000000000522e-01
8.610000000000000000e+02 3.389590000000000000e+05 6.169750000000000512e-01
1.284000000000000000e+03 6.819240000000000000e+05 5.885320000000000551e-01
9.970000000000000000e+02 9.469850000000000000e+05 9.580779999999999852e-01
1.560000000000000000e+02 8.880940000000000000e+05 7.506099999999999994e-01
9.540000000000000000e+02 5.497700000000000000e+04 7.347500000000000142e-01
9.540000000000000000e+02 4.642030000000000000e+05 1.346716000000000024e+00
9.970000000000000000e+02 3.021870000000000000e+05 7.437920000000000087e-01
9.970000000000000000e+02 1.221622000000000000e+06 1.303778000000000103e+00
1.333000000000000000e+03 1.149094000000000000e+06 6.476490000000000302e-01
1.333000000000000000e+03 1.271217000000000000e+06 1.187799999999999967e+00
8.930000000000000000e+02 1.265821000000000000e+06 6.320000000000000062e-01
9.540000000000000000e+02 1.962960000000000000e+05 5.615780000000000216e-01
1.333000000000000000e+03 8.376420000000000000e+05 6.297979999999999690e-01
1.560000000000000000e+02 1.135334000000000000e+06 6.810110000000000330e-01
1.560000000000000000e+02 1.200000000000000000e+05 1.240132999999999930e+00
1.560000000000000000e+02 1.091258000000000000e+06 1.194288999999999934e+00
4.870000000000000000e+02 9.503030000000000000e+05 5.573329999999999673e-01
1.366000000000000000e+03 1.216729000000000000e+06 4.156369999999999787e-01
1.366000000000000000e+03 8.890620000000000000e+05 8.607799999999999896e-01
1.366000000000000000e+03 5.340150000000000000e+05 4.583210000000000228e+00
1.366000000000000000e+03 8.448570000000000000e+05 1.783180999999999905e+00
4.870000000000000000e+02 4.311690000000000000e+05 9.835939999999999683e-01
5.390000000000000000e+02 4.967720000000000000e+05 5.016119999999999468e-01
8.930000000000000000e+02 6.857650000000000000e+05 8.904180000000000428e-01
1.204000000000000000e+03 1.208761000000000000e+06 7.455239999999999645e-01
1.295000000000000000e+03 3.061290000000000000e+05 5.093839999999999479e-01
1.366000000000000000e+03 3.806020000000000000e+05 8.482260000000000355e-01
5.390000000000000000e+02 6.783240000000000000e+05 4.516229999999999967e-01
1.295000000000000000e+03 6.232360000000000000e+05 3.169259999999999855e-01
5.390000000000000000e+02 7.902560000000000000e+05 5.785930000000000240e-01
1.204000000000000000e+03 6.081350000000000000e+05 9.827770000000000117e-01
1.295000000000000000e+03 1.063771000000000000e+06 2.884240000000000137e-01
5.390000000000000000e+02 6.783240000000000000e+05 4.516209999999999947e-01
1.295000000000000000e+03 6.232360000000000000e+05 3.169259999999999855e-01
5.390000000000000000e+02 1.118253000000000000e+06 3.000530000000000141e-01
8.190000000000000000e+02 1.092255000000000000e+06 6.270109999999999850e-01
8.190000000000000000e+02 8.292980000000000000e+05 1.310324999999999962e+00
1.295000000000000000e+03 3.579740000000000000e+05 4.553559999999999830e-01
5.390000000000000000e+02 6.783240000000000000e+05 4.516200000000000214e-01
1.295000000000000000e+03 6.232360000000000000e+05 3.169239999999999835e-01
1.295000000000000000e+03 1.782840000000000000e+05 7.239029999999999632e-01
1.295000000000000000e+03 7.321090000000000000e+05 4.220889999999999809e+00
5.390000000000000000e+02 6.783240000000000000e+05 4.516220000000000234e-01
1.295000000000000000e+03 6.232360000000000000e+05 3.169219999999999815e-01
5.390000000000000000e+02 1.118253000000000000e+06 3.000559999999999894e-01
8.190000000000000000e+02 1.092255000000000000e+06 6.270130000000000425e-01
8.190000000000000000e+02 8.292980000000000000e+05 1.310322999999999904e+00
1.295000000000000000e+03 3.579740000000000000e+05 4.564610000000000056e-01
8.190000000000000000e+02 5.926280000000000000e+05 4.322219999999999951e-01
1.366000000000000000e+03 1.211293000000000000e+06 6.997489999999999544e-01
1.030000000000000000e+02 1.040016000000000000e+06 7.625859999999999861e-01
8.190000000000000000e+02 1.096837000000000000e+06 5.395830000000000348e-01
8.190000000000000000e+02 1.580060000000000000e+05 1.369793000000000038e+00
8.190000000000000000e+02 6.164130000000000000e+05 4.786569999999999991e-01
8.470000000000000000e+02 2.512200000000000000e+04 4.691629999999999967e-01
3.120000000000000000e+02 2.912280000000000000e+05 5.674179999999999779e-01
3.120000000000000000e+02 8.830170000000000000e+05 4.549671000000000021e+00
3.120000000000000000e+02 1.006149000000000000e+06 1.181774000000000102e+00
8.470000000000000000e+02 1.215710000000000000e+05 6.058909999999999574e-01
8.190000000000000000e+02 6.164130000000000000e+05 4.786529999999999951e-01
8.470000000000000000e+02 2.512200000000000000e+04 4.691629999999999967e-01
7.110000000000000000e+02 1.832250000000000000e+05 6.487089999999999801e-01
8.470000000000000000e+02 6.093490000000000000e+05 4.769769999999999843e-01
1.149000000000000000e+03 1.823550000000000000e+05 6.172419999999999574e-01
7.110000000000000000e+02 7.993850000000000000e+05 8.430450000000000443e-01
7.110000000000000000e+02 7.340540000000000000e+05 1.299115999999999937e+00
1.035000000000000000e+03 5.859300000000000000e+04 4.493550000000000044e-01
1.145000000000000000e+03 1.102000000000000000e+03 6.339169999999999527e-01
1.149000000000000000e+03 2.930970000000000000e+05 8.391450000000000298e-01
1.264000000000000000e+03 1.120012000000000000e+06 4.952509999999999968e-01
1.288000000000000000e+03 6.916130000000000000e+05 6.669180000000000108e-01
6.800000000000000000e+01 2.837620000000000000e+05 4.017270000000000008e-01
1.035000000000000000e+03 1.876450000000000000e+05 3.379690000000000194e-01
1.149000000000000000e+03 1.007654000000000000e+06 6.636480000000000157e-01
6.800000000000000000e+01 9.041890000000000000e+05 9.026429999999999731e-01
6.800000000000000000e+01 1.143559000000000000e+06 1.414816999999999991e+00
6.800000000000000000e+01 4.676040000000000000e+05 1.124044000000000043e+00
1.035000000000000000e+03 3.309640000000000000e+05 7.123340000000000227e-01
1.100000000000000000e+03 1.087588000000000000e+06 8.311429999999999652e-01
1.149000000000000000e+03 2.120830000000000000e+05 1.040613999999999928e+00
1.195000000000000000e+03 6.255540000000000000e+05 8.460419999999999607e-01
1.264000000000000000e+03 2.744530000000000000e+05 5.423660000000000148e-01
6.800000000000000000e+01 6.016380000000000000e+05 6.053199999999999692e-01
6.800000000000000000e+01 6.310500000000000000e+04 1.140428999999999915e+00
9.010000000000000000e+02 1.053481000000000000e+06 1.029976000000000003e+00
1.035000000000000000e+03 4.616600000000000000e+05 4.788580000000000059e-01
1.264000000000000000e+03 5.102220000000000000e+05 5.438539999999999486e-01
1.960000000000000000e+02 7.162180000000000000e+05 6.714200000000000168e-01
1.960000000000000000e+02 6.417160000000000000e+05 1.445704000000000100e+00
7.870000000000000000e+02 1.125037000000000000e+06 7.738129999999999731e-01
8.430000000000000000e+02 1.102796000000000000e+06 8.673480000000000079e-01
9.010000000000000000e+02 1.933600000000000000e+05 1.077020000000000088e+00
1.035000000000000000e+03 1.066263000000000000e+06 1.065426999999999902e+00
1.138000000000000000e+03 1.126840000000000000e+06 6.927210000000000312e-01
1.264000000000000000e+03 9.430630000000000000e+05 6.284239999999999826e-01
1.950000000000000000e+02 1.046538000000000000e+06 1.048415000000000097e+00
1.950000000000000000e+02 4.358570000000000000e+05 1.524540000000000006e+00
8.430000000000000000e+02 9.537490000000000000e+05 8.679069999999999840e-01
9.010000000000000000e+02 1.053481000000000000e+06 1.005670999999999982e+00
1.230000000000000000e+02 4.650840000000000000e+05 6.528340000000000254e-01
3.000000000000000000e+02 3.396460000000000000e+05 8.135550000000000281e-01
5.850000000000000000e+02 3.337290000000000000e+05 7.748960000000000292e-01
5.850000000000000000e+02 1.273053000000000000e+06 5.646849999999999925e-01
1.950000000000000000e+02 1.046538000000000000e+06 1.048411999999999900e+00
1.950000000000000000e+02 4.358570000000000000e+05 1.524537000000000031e+00
8.430000000000000000e+02 9.537490000000000000e+05 8.678960000000000008e-01
9.010000000000000000e+02 1.192450000000000000e+06 1.005481000000000069e+00
1.230000000000000000e+02 4.650840000000000000e+05 6.528340000000000254e-01
3.000000000000000000e+02 3.396460000000000000e+05 8.135529999999999706e-01
5.850000000000000000e+02 3.337290000000000000e+05 7.748950000000000005e-01
5.850000000000000000e+02 1.273053000000000000e+06 5.646719999999999517e-01
1.950000000000000000e+02 1.046538000000000000e+06 1.048408999999999924e+00
1.950000000000000000e+02 4.358570000000000000e+05 1.524534999999999973e+00
8.430000000000000000e+02 9.537490000000000000e+05 8.679059999999999553e-01
9.010000000000000000e+02 1.053481000000000000e+06 1.005681000000000047e+00
1.230000000000000000e+02 4.650840000000000000e+05 6.528350000000000541e-01
3.000000000000000000e+02 3.396460000000000000e+05 8.135520000000000529e-01
5.850000000000000000e+02 3.337290000000000000e+05 7.748960000000000292e-01
5.850000000000000000e+02 1.273053000000000000e+06 5.646719999999999517e-01
1.950000000000000000e+02 1.046538000000000000e+06 1.048399999999999999e+00
1.950000000000000000e+02 4.358570000000000000e+05 1.524526000000000048e+00
8.430000000000000000e+02 9.537490000000000000e+05 8.678989999999999760e-01
9.010000000000000000e+02 1.053481000000000000e+06 1.005660999999999916e+00
1.230000000000000000e+02 4.650840000000000000e+05 6.528340000000000254e-01
3.000000000000000000e+02 3.396460000000000000e+05 8.135539999999999994e-01
5.850000000000000000e+02 3.337290000000000000e+05 7.748950000000000005e-01
5.850000000000000000e+02 1.273053000000000000e+06 5.646729999999999805e-01
3.000000000000000000e+02 8.999430000000000000e+05 4.673510000000000164e-01
7.240000000000000000e+02 9.045770000000000000e+05 3.355670000000000042e-01
8.940000000000000000e+02 1.280920000000000000e+06 6.630049999999999555e-01
8.940000000000000000e+02 4.433050000000000000e+05 1.157732999999999901e+00
1.230000000000000000e+02 4.650840000000000000e+05 6.528350000000000541e-01
3.000000000000000000e+02 5.640920000000000000e+05 8.135550000000000281e-01
5.850000000000000000e+02 3.337290000000000000e+05 7.748960000000000292e-01
5.850000000000000000e+02 1.273053000000000000e+06 5.649159999999999737e-01
6.800000000000000000e+01 1.874590000000000000e+05 6.543999999999999817e-01
1.035000000000000000e+03 6.883100000000000000e+04 5.930339999999999501e-01
3.000000000000000000e+02 7.464400000000000000e+04 4.895300000000000207e-01
3.000000000000000000e+02 1.260671000000000000e+06 9.972649999999999570e-01
5.190000000000000000e+02 1.881290000000000000e+05 6.039039999999999964e-01
8.430000000000000000e+02 1.167352000000000000e+06 5.506649999999999601e-01
1.035000000000000000e+03 5.945370000000000000e+05 6.245389999999999553e-01
3.000000000000000000e+02 6.764650000000000000e+05 1.631839999999999957e-01
7.240000000000000000e+02 9.045770000000000000e+05 2.959330000000000016e-01
8.940000000000000000e+02 1.280920000000000000e+06 6.709720000000000129e-01
8.940000000000000000e+02 4.433050000000000000e+05 4.131259999999999932e-01
3.000000000000000000e+02 7.464400000000000000e+04 4.895300000000000207e-01
3.000000000000000000e+02 1.260671000000000000e+06 9.972710000000000186e-01
5.190000000000000000e+02 1.881290000000000000e+05 6.038390000000000146e-01
8.430000000000000000e+02 1.167352000000000000e+06 5.506649999999999601e-01
1.035000000000000000e+03 5.945370000000000000e+05 6.245359999999999800e-01
1.960000000000000000e+02 5.368310000000000000e+05 7.855159999999999920e-01
4.170000000000000000e+02 5.301910000000000000e+05 3.617099999999999760e-01
5.190000000000000000e+02 6.104040000000000000e+05 9.308950000000000280e-01
1.035000000000000000e+03 2.742290000000000000e+05 4.980430000000000135e-01
1.195000000000000000e+03 1.275093000000000000e+06 5.501209999999999711e-01
6.700000000000000000e+01 2.136310000000000000e+05 7.770359999999999490e-01
6.700000000000000000e+01 1.081388000000000000e+06 1.332576999999999900e+00
1.960000000000000000e+02 1.129886000000000000e+06 7.063289999999999846e-01
4.170000000000000000e+02 2.350000000000000000e+05 4.942280000000000006e-01
5.190000000000000000e+02 3.571070000000000000e+05 8.125660000000000105e-01
7.390000000000000000e+02 1.133217000000000000e+06 6.640970000000000484e-01
8.550000000000000000e+02 9.563490000000000000e+05 9.619159999999999933e-01
1.115000000000000000e+03 9.146260000000000000e+05 6.887980000000000214e-01
2.120000000000000000e+02 1.376530000000000000e+05 7.534009999999999874e-01
7.370000000000000000e+02 7.693700000000000000e+05 6.067280000000000451e-01
7.390000000000000000e+02 9.154600000000000000e+04 8.847899999999999654e-01
8.550000000000000000e+02 2.919130000000000000e+05 6.073220000000000285e-01
4.190000000000000000e+02 2.992260000000000000e+05 5.349920000000000231e-01
7.370000000000000000e+02 6.942740000000000000e+05 8.147360000000000158e-01
7.390000000000000000e+02 1.071954000000000000e+06 8.651560000000000361e-01
7.410000000000000000e+02 3.379810000000000000e+05 5.007030000000000092e-01
2.120000000000000000e+02 1.376530000000000000e+05 7.533119999999999816e-01
7.370000000000000000e+02 7.693700000000000000e+05 6.076730000000000187e-01
7.390000000000000000e+02 9.154600000000000000e+04 8.846910000000000052e-01
8.550000000000000000e+02 2.919130000000000000e+05 6.073399999999999910e-01
4.190000000000000000e+02 2.992260000000000000e+05 5.349829999999999863e-01
7.370000000000000000e+02 6.942740000000000000e+05 8.147349999999999870e-01
7.390000000000000000e+02 1.071954000000000000e+06 8.651579999999999826e-01
7.410000000000000000e+02 3.379810000000000000e+05 5.006859999999999644e-01
7.370000000000000000e+02 7.693700000000000000e+05 7.411090000000000177e-01
7.390000000000000000e+02 9.694040000000000000e+05 5.995530000000000026e-01
1.034000000000000000e+03 1.000741000000000000e+06 4.676939999999999986e-01
1.076000000000000000e+03 1.261334000000000000e+06 5.044459999999999500e-01
1.170000000000000000e+03 3.606430000000000000e+05 4.874870000000000037e-01
7.370000000000000000e+02 6.722200000000000000e+04 6.654660000000000020e-01
9.600000000000000000e+02 9.719260000000000000e+05 5.909579999999999833e-01
1.076000000000000000e+03 1.348100000000000000e+05 7.096400000000000485e-01
7.370000000000000000e+02 7.693700000000000000e+05 7.411130000000000217e-01
7.390000000000000000e+02 9.694040000000000000e+05 5.995559999999999778e-01
1.034000000000000000e+03 1.000741000000000000e+06 4.676950000000000274e-01
1.076000000000000000e+03 1.261334000000000000e+06 5.044459999999999500e-01
1.170000000000000000e+03 3.606430000000000000e+05 4.874859999999999749e-01
4.190000000000000000e+02 2.992260000000000000e+05 5.350350000000000383e-01
7.370000000000000000e+02 6.942740000000000000e+05 8.147360000000000158e-01
7.390000000000000000e+02 1.071954000000000000e+06 8.651539999999999786e-01
7.410000000000000000e+02 3.379810000000000000e+05 5.006369999999999987e-01
2.000000000000000000e+01 1.214933000000000000e+06 1.022612999999999994e+00
1.270000000000000000e+02 1.098577000000000000e+06 7.983569999999999833e-01
3.430000000000000000e+02 1.098577000000000000e+06 9.649680000000000479e-01
4.190000000000000000e+02 4.263540000000000000e+05 5.839790000000000258e-01
3.540000000000000000e+02 2.385400000000000000e+05 4.486809999999999965e-01
4.950000000000000000e+02 1.086532000000000000e+06 5.430310000000000414e-01
7.320000000000000000e+02 5.231480000000000000e+05 4.277139999999999831e-01
4.950000000000000000e+02 1.036777000000000000e+06 4.214927000000000312e+00
3.540000000000000000e+02 2.385400000000000000e+05 4.486780000000000213e-01
4.950000000000000000e+02 1.086532000000000000e+06 5.430289999999999839e-01
7.320000000000000000e+02 5.231480000000000000e+05 4.277130000000000098e-01
3.430000000000000000e+02 8.511160000000000000e+05 7.480480000000000462e-01
4.610000000000000000e+02 6.601900000000000000e+04 6.440160000000000329e-01
4.610000000000000000e+02 8.975950000000000000e+05 1.235705000000000053e+00
7.410000000000000000e+02 9.637290000000000000e+05 4.688979999999999815e-01
4.610000000000000000e+02 1.194390000000000000e+06 5.260310000000000263e-01
4.950000000000000000e+02 1.228220000000000000e+05 3.660120000000000040e-01
1.124000000000000000e+03 1.382110000000000000e+05 5.552690000000000126e-01
2.000000000000000000e+02 3.417080000000000000e+05 7.046069999999999833e-01
4.950000000000000000e+02 1.161215000000000000e+06 8.216109999999999802e-01
2.000000000000000000e+01 1.138150000000000000e+05 8.746140000000000025e-01
2.000000000000000000e+01 7.133810000000000000e+05 1.360573999999999950e+00
2.000000000000000000e+01 9.359880000000000000e+05 8.733689999999999509e-01
2.000000000000000000e+01 1.189791000000000000e+06 1.226147000000000098e+00
1.270000000000000000e+02 5.279130000000000000e+05 7.261549999999999949e-01
4.610000000000000000e+02 1.458840000000000000e+05 9.677109999999999879e-01
4.950000000000000000e+02 1.174822000000000000e+06 1.153588999999999976e+00
1.052000000000000000e+03 5.565810000000000000e+05 8.016940000000000177e-01
1.052000000000000000e+03 8.427290000000000000e+05 1.319409000000000054e+00
2.000000000000000000e+01 8.380800000000000000e+04 7.256810000000000205e-01
2.000000000000000000e+01 7.343160000000000000e+05 7.558190000000000186e-01
2.000000000000000000e+02 1.190477000000000000e+06 3.342080000000000051e-01
1.052000000000000000e+03 2.855700000000000000e+04 6.450259999999999883e-01
2.000000000000000000e+02 1.053649000000000000e+06 9.510779999999999790e-01
2.000000000000000000e+02 7.068270000000000000e+05 1.597355000000000080e+00
9.710000000000000000e+02 4.907300000000000000e+05 1.026073000000000013e+00
8.700000000000000000e+01 1.108237000000000000e+06 4.173220000000000263e-01
3.540000000000000000e+02 8.849440000000000000e+05 3.926890000000000103e-01
9.710000000000000000e+02 8.612050000000000000e+05 6.071579999999999755e-01
3.540000000000000000e+02 4.873300000000000000e+04 9.008169999999999789e-01
5.630000000000000000e+02 7.374730000000000000e+05 6.624949999999999450e-01
7.320000000000000000e+02 2.040260000000000000e+05 5.367150000000000531e-01
5.630000000000000000e+02 8.119120000000000000e+05 5.375400000000000178e-01
7.320000000000000000e+02 7.075540000000000000e+05 5.392550000000000399e-01
7.320000000000000000e+02 2.461470000000000000e+05 1.104891999999999985e+00
1.039000000000000000e+03 8.557660000000000000e+05 8.832750000000000323e-01
4.610000000000000000e+02 7.082840000000000000e+05 6.107650000000000023e-01
4.950000000000000000e+02 5.501330000000000000e+05 6.899079999999999657e-01
5.630000000000000000e+02 1.241641000000000000e+06 5.781460000000000488e-01
5.630000000000000000e+02 8.119120000000000000e+05 5.375419999999999643e-01
7.320000000000000000e+02 7.075540000000000000e+05 5.392569999999999864e-01
7.320000000000000000e+02 2.461470000000000000e+05 1.104892999999999903e+00
1.039000000000000000e+03 8.557660000000000000e+05 8.832780000000000076e-01
3.510000000000000000e+02 1.122800000000000000e+05 6.245100000000000096e-01
5.030000000000000000e+02 1.084294000000000000e+06 5.402569999999999872e-01
5.630000000000000000e+02 8.851800000000000000e+05 7.234120000000000550e-01
5.630000000000000000e+02 8.244830000000000000e+05 1.335445999999999911e+00
8.480000000000000000e+02 3.483770000000000000e+05 8.758660000000000334e-01
1.039000000000000000e+03 1.270033000000000000e+06 7.855769999999999698e-01
3.220000000000000000e+02 1.045996000000000000e+06 6.550979999999999581e-01
5.030000000000000000e+02 4.086610000000000000e+05 4.474179999999999824e-01
8.480000000000000000e+02 8.222660000000000000e+05 1.043911999999999951e+00
1.039000000000000000e+03 3.321040000000000000e+05 6.522440000000000460e-01
1.039000000000000000e+03 2.012340000000000000e+05 4.559801000000000215e+00
1.134000000000000000e+03 4.375500000000000000e+05 7.618439999999999657e-01
5.030000000000000000e+02 8.736200000000000000e+04 6.038550000000000306e-01
6.460000000000000000e+02 9.961600000000000000e+05 4.948569999999999913e-01
2.400000000000000000e+01 7.750650000000000000e+05 3.975440000000000085e-01
6.460000000000000000e+02 2.213840000000000000e+05 5.796799999999999731e-01
8.900000000000000000e+01 7.043750000000000000e+05 7.750359999999999472e-01
1.039000000000000000e+03 6.951440000000000000e+05 7.628200000000000536e-01
1.134000000000000000e+03 1.034276000000000000e+06 7.529500000000000082e-01
8.900000000000000000e+01 1.032058000000000000e+06 5.155939999999999968e-01
4.250000000000000000e+02 3.712840000000000000e+05 8.893919999999999604e-01
9.110000000000000000e+02 8.773260000000000000e+05 7.331720000000000459e-01
1.134000000000000000e+03 1.120472000000000000e+06 8.931529999999999747e-01
1.134000000000000000e+03 1.138484000000000000e+06 1.572729999999999961e+00
2.400000000000000000e+01 6.322700000000000000e+04 4.166099999999999803e-01
9.110000000000000000e+02 7.469490000000000000e+05 6.652839999999999865e-01
2.400000000000000000e+01 1.013300000000000000e+05 7.267400000000000526e-01
8.900000000000000000e+01 1.032058000000000000e+06 4.806179999999999897e-01
2.710000000000000000e+02 1.015912000000000000e+06 7.013850000000000362e-01
6.630000000000000000e+02 1.272093000000000000e+06 5.612139999999999906e-01
9.110000000000000000e+02 8.066770000000000000e+05 9.430659999999999599e-01
8.900000000000000000e+01 3.026890000000000000e+05 5.217490000000000183e-01
7.320000000000000000e+02 4.074580000000000000e+05 4.257520000000000193e-01
2.400000000000000000e+01 8.773260000000000000e+05 7.267179999999999751e-01
8.900000000000000000e+01 1.032058000000000000e+06 4.806730000000000169e-01
2.710000000000000000e+02 1.015912000000000000e+06 7.012000000000000455e-01
6.630000000000000000e+02 1.272093000000000000e+06 5.613660000000000316e-01
6.630000000000000000e+02 8.969650000000000000e+05 4.207571999999999868e+00
9.110000000000000000e+02 8.066770000000000000e+05 9.431819999999999649e-01
8.900000000000000000e+01 3.026890000000000000e+05 5.215379999999999461e-01
7.320000000000000000e+02 4.074580000000000000e+05 4.263830000000000120e-01
8.900000000000000000e+01 3.026890000000000000e+05 8.716679999999999984e-01
2.710000000000000000e+02 3.262430000000000000e+05 6.915750000000000508e-01
2.710000000000000000e+02 1.801500000000000000e+05 6.895189999999999930e-01
9.110000000000000000e+02 2.751350000000000000e+05 6.851859999999999618e-01
1.110000000000000000e+03 1.240839000000000000e+06 8.009049999999999780e-01
8.900000000000000000e+01 3.290220000000000000e+05 9.061599999999999655e-01
8.900000000000000000e+01 8.950270000000000000e+05 1.316041999999999934e+00
4.610000000000000000e+02 9.599520000000000000e+05 6.648290000000000033e-01
7.410000000000000000e+02 3.672180000000000000e+05 5.871530000000000360e-01
1.110000000000000000e+03 1.044763000000000000e+06 7.945499999999999785e-01
8.900000000000000000e+01 3.026890000000000000e+05 8.721659999999999968e-01
2.710000000000000000e+02 3.262430000000000000e+05 6.915729999999999933e-01
9.110000000000000000e+02 2.751350000000000000e+05 6.851850000000000440e-01
1.110000000000000000e+03 1.240839000000000000e+06 8.009049999999999780e-01
8.900000000000000000e+01 3.290220000000000000e+05 9.061390000000000278e-01
8.900000000000000000e+01 8.950270000000000000e+05 1.316043000000000074e+00
4.610000000000000000e+02 9.599520000000000000e+05 6.648260000000000280e-01
7.320000000000000000e+02 3.152600000000000000e+04 5.966099999999999737e-01
7.410000000000000000e+02 3.672180000000000000e+05 5.871530000000000360e-01
1.110000000000000000e+03 1.044763000000000000e+06 7.945499999999999785e-01
8.900000000000000000e+01 1.071586000000000000e+06 6.956489999999999618e-01
8.900000000000000000e+01 1.035002000000000000e+06 1.569145000000000012e+00
5.630000000000000000e+02 8.119120000000000000e+05 5.866590000000000416e-01
7.320000000000000000e+02 8.810080000000000000e+05 4.551890000000000103e-01
1.039000000000000000e+03 6.824170000000000000e+05 8.000699999999999479e-01
8.900000000000000000e+01 3.290220000000000000e+05 9.061209999999999543e-01
8.900000000000000000e+01 8.950270000000000000e+05 1.316043000000000074e+00
4.610000000000000000e+02 9.599520000000000000e+05 6.648279999999999745e-01
7.320000000000000000e+02 3.152600000000000000e+04 5.966099999999999737e-01
7.410000000000000000e+02 3.672180000000000000e+05 5.871520000000000072e-01
1.110000000000000000e+03 1.044763000000000000e+06 7.945489999999999498e-01
8.900000000000000000e+01 1.071586000000000000e+06 6.956489999999999618e-01
8.900000000000000000e+01 1.035002000000000000e+06 1.569140999999999897e+00
5.630000000000000000e+02 8.119120000000000000e+05 5.866670000000000496e-01
7.320000000000000000e+02 8.810080000000000000e+05 4.551890000000000103e-01
1.039000000000000000e+03 6.824170000000000000e+05 8.000690000000000301e-01
8.900000000000000000e+01 3.290220000000000000e+05 9.061249999999999583e-01
8.900000000000000000e+01 8.950270000000000000e+05 1.316043000000000074e+00
4.610000000000000000e+02 9.599520000000000000e+05 6.648269999999999458e-01
7.320000000000000000e+02 3.152600000000000000e+04 5.966099999999999737e-01
7.410000000000000000e+02 3.672180000000000000e+05 5.871520000000000072e-01
1.110000000000000000e+03 1.044763000000000000e+06 7.945489999999999498e-01
8.900000000000000000e+01 6.810880000000000000e+05 8.899160000000000403e-01
3.540000000000000000e+02 2.162720000000000000e+05 5.434820000000000206e-01
7.320000000000000000e+02 6.008030000000000000e+05 6.330240000000000311e-01
7.320000000000000000e+02 1.293271000000000000e+06 4.193787000000000376e+00
1.246000000000000000e+03 3.991750000000000000e+05 6.989130000000000065e-01
8.700000000000000000e+01 7.994400000000000000e+05 4.550259999999999860e-01
8.700000000000000000e+01 3.978410000000000000e+05 6.524649999999999617e-01
3.540000000000000000e+02 5.722610000000000000e+05 6.565609999999999502e-01
1.073000000000000000e+03 4.686970000000000000e+05 8.805500000000000549e-01
1.246000000000000000e+03 2.350640000000000000e+05 7.116670000000000496e-01
1.410000000000000000e+02 2.090500000000000000e+05 5.570460000000000411e-01
1.410000000000000000e+02 1.821400000000000000e+05 4.118550000000000266e-01
1.410000000000000000e+02 2.090500000000000000e+05 5.570479999999999876e-01
1.410000000000000000e+02 1.821400000000000000e+05 4.118550000000000266e-01
1.410000000000000000e+02 2.090500000000000000e+05 5.570519999999999916e-01
1.410000000000000000e+02 9.226350000000000000e+05 8.397839999999999749e-01
1.410000000000000000e+02 1.200528000000000000e+06 1.103768000000000082e+00
8.200000000000000000e+02 5.184800000000000000e+05 9.492629999999999679e-01
9.570000000000000000e+02 9.478680000000000000e+05 6.709690000000000376e-01
1.410000000000000000e+02 7.017430000000000000e+05 7.185589999999999478e-01
4.880000000000000000e+02 4.407400000000000000e+04 6.944919999999999982e-01
6.870000000000000000e+02 1.034180000000000000e+05 6.811150000000000260e-01
1.131000000000000000e+03 7.096120000000000000e+05 6.248179999999999845e-01
4.880000000000000000e+02 6.926700000000000000e+05 5.558560000000000167e-01
9.370000000000000000e+02 1.143558000000000000e+06 8.159760000000000346e-01
1.056000000000000000e+03 3.137600000000000000e+05 6.380090000000000483e-01
1.131000000000000000e+03 4.467230000000000000e+05 4.551879999999999815e-01
1.348000000000000000e+03 1.133051000000000000e+06 6.723299999999999832e-01
1.340000000000000000e+02 9.637290000000000000e+05 4.527229999999999865e-01
4.880000000000000000e+02 9.848030000000000000e+05 4.280619999999999981e-01
9.370000000000000000e+02 7.969630000000000000e+05 6.791390000000000482e-01
1.306000000000000000e+03 9.566900000000000000e+04 4.497559999999999891e-01
1.306000000000000000e+03 6.396920000000000000e+05 8.951240000000000308e-01
1.306000000000000000e+03 4.618660000000000000e+05 7.062929999999999486e-01
1.340000000000000000e+02 1.015431000000000000e+06 6.361250000000000515e-01
4.880000000000000000e+02 8.155600000000000000e+04 6.358129999999999615e-01
7.790000000000000000e+02 3.405160000000000000e+05 2.000089999999999923e-01
1.306000000000000000e+03 6.016380000000000000e+05 5.379180000000000073e-01
1.340000000000000000e+02 1.238262000000000000e+06 3.750789999999999957e-01
6.040000000000000000e+02 1.186479000000000000e+06 3.272010000000000196e-01
1.306000000000000000e+03 8.874130000000000000e+05 3.179409999999999736e-01
1.340000000000000000e+02 1.296817000000000000e+06 5.265309999999999713e-01
1.340000000000000000e+02 1.294759000000000000e+06 1.112565000000000026e+00
6.040000000000000000e+02 5.439100000000000000e+04 5.066180000000000128e-01
7.790000000000000000e+02 4.522100000000000000e+04 3.226729999999999876e-01
9.370000000000000000e+02 6.847820000000000000e+05 7.223420000000000396e-01
1.306000000000000000e+03 7.116440000000000000e+05 5.679330000000000211e-01
1.340000000000000000e+02 1.238262000000000000e+06 3.750789999999999957e-01
6.040000000000000000e+02 1.186479000000000000e+06 3.271910000000000096e-01
6.040000000000000000e+02 4.841300000000000000e+04 4.314655000000000129e+00
1.306000000000000000e+03 3.606430000000000000e+05 3.175339999999999829e-01
8.600000000000000000e+01 8.877910000000000000e+05 5.158909999999999885e-01
4.450000000000000000e+02 4.822400000000000000e+05 5.847769999999999913e-01
6.400000000000000000e+02 5.528890000000000000e+05 5.464879999999999738e-01
1.023000000000000000e+03 1.002140000000000000e+05 5.509389999999999565e-01
8.600000000000000000e+01 5.988190000000000000e+05 6.237209999999999699e-01
2.590000000000000000e+02 5.197670000000000000e+05 4.657339999999999813e-01
1.111000000000000000e+03 4.894760000000000000e+05 3.415929999999999800e-01
1.324000000000000000e+03 1.028214000000000000e+06 5.239880000000000093e-01
8.600000000000000000e+01 1.089024000000000000e+06 6.064289999999999958e-01
8.600000000000000000e+01 1.159115000000000000e+06 1.274013000000000062e+00
2.590000000000000000e+02 8.282910000000000000e+05 6.525229999999999642e-01
8.200000000000000000e+02 4.480000000000000000e+04 5.259949999999999903e-01
1.111000000000000000e+03 9.909120000000000000e+05 7.549439999999999484e-01
1.324000000000000000e+03 8.498900000000000000e+05 9.155060000000000420e-01
2.590000000000000000e+02 1.291690000000000000e+06 4.242710000000000092e-01
2.590000000000000000e+02 1.281174000000000000e+06 3.016440000000000232e-01
1.111000000000000000e+03 1.103544000000000000e+06 7.774149999999999672e-01
1.157000000000000000e+03 2.540100000000000000e+04 4.691270000000000162e-01
1.324000000000000000e+03 1.001742000000000000e+06 7.500559999999999450e-01
1.640000000000000000e+02 1.152641000000000000e+06 8.672180000000000444e-01
5.720000000000000000e+02 5.679000000000000000e+04 7.561039999999999983e-01
8.170000000000000000e+02 8.601350000000000000e+05 9.788320000000000354e-01
8.170000000000000000e+02 5.285100000000000000e+04 1.345715999999999912e+00
1.157000000000000000e+03 2.515060000000000000e+05 7.703430000000000000e-01
1.324000000000000000e+03 1.163259000000000000e+06 9.184109999999999774e-01
1.324000000000000000e+03 1.124734000000000000e+06 1.451778999999999931e+00
5.570000000000000000e+02 5.761870000000000000e+05 1.031382000000000021e+00
8.100000000000000000e+02 1.268250000000000000e+05 7.248059999999999503e-01
8.170000000000000000e+02 5.614120000000000000e+05 1.077134000000000036e+00
1.078000000000000000e+03 1.083421000000000000e+06 7.647589999999999666e-01
1.275000000000000000e+03 1.988510000000000000e+05 8.485030000000000072e-01
1.640000000000000000e+02 1.152641000000000000e+06 8.664439999999999920e-01
5.720000000000000000e+02 5.679000000000000000e+04 7.561400000000000343e-01
8.170000000000000000e+02 8.601350000000000000e+05 9.788630000000000386e-01
8.170000000000000000e+02 5.285100000000000000e+04 1.344416000000000055e+00
1.157000000000000000e+03 1.036082000000000000e+06 7.702510000000000190e-01
1.324000000000000000e+03 1.163259000000000000e+06 9.183780000000000276e-01
1.324000000000000000e+03 1.124734000000000000e+06 1.451689000000000007e+00
1.640000000000000000e+02 1.152641000000000000e+06 8.674610000000000376e-01
5.720000000000000000e+02 5.679000000000000000e+04 7.561480000000000423e-01
8.170000000000000000e+02 8.601350000000000000e+05 9.788710000000000466e-01
8.170000000000000000e+02 5.285100000000000000e+04 1.344427999999999956e+00
1.157000000000000000e+03 1.036082000000000000e+06 7.702569999999999695e-01
1.324000000000000000e+03 1.163259000000000000e+06 9.183900000000000396e-01
1.324000000000000000e+03 1.124734000000000000e+06 1.451699000000000073e+00
8.200000000000000000e+02 2.950970000000000000e+05 5.106260000000000243e-01
1.324000000000000000e+03 5.092260000000000000e+05 6.567770000000000552e-01
8.100000000000000000e+02 6.875900000000000000e+05 1.120287999999999951e+00
8.100000000000000000e+02 9.432230000000000000e+05 1.323857000000000061e+00
8.200000000000000000e+02 1.099123000000000000e+06 7.357620000000000271e-01
8.200000000000000000e+02 1.998140000000000000e+05 1.282178999999999958e+00
2.590000000000000000e+02 3.764050000000000000e+05 3.646710000000000229e-01
4.880000000000000000e+02 2.821640000000000000e+05 4.403409999999999824e-01
4.880000000000000000e+02 6.208220000000000000e+05 9.012590000000000323e-01
1.131000000000000000e+03 6.009940000000000000e+05 5.710229999999999473e-01
1.306000000000000000e+03 5.104980000000000000e+05 4.626720000000000277e-01
8.100000000000000000e+02 6.875900000000000000e+05 1.120285999999999893e+00
8.100000000000000000e+02 9.432230000000000000e+05 1.323846999999999996e+00
8.200000000000000000e+02 1.099124000000000000e+06 7.358639999999999626e-01
8.200000000000000000e+02 1.998140000000000000e+05 1.282176999999999900e+00
1.410000000000000000e+02 2.866660000000000000e+05 6.451930000000000165e-01
6.870000000000000000e+02 4.968000000000000000e+03 3.482700000000000240e-01
8.100000000000000000e+02 6.875900000000000000e+05 1.120290000000000008e+00
8.100000000000000000e+02 9.432230000000000000e+05 1.323852999999999946e+00
8.200000000000000000e+02 1.099124000000000000e+06 7.358639999999999626e-01
8.200000000000000000e+02 1.998140000000000000e+05 1.282176999999999900e+00
2.590000000000000000e+02 3.764050000000000000e+05 3.646699999999999942e-01
4.880000000000000000e+02 2.821640000000000000e+05 4.403409999999999824e-01
4.880000000000000000e+02 6.208220000000000000e+05 9.012539999999999996e-01
1.131000000000000000e+03 6.009940000000000000e+05 5.720739999999999714e-01
1.306000000000000000e+03 5.104980000000000000e+05 4.626709999999999989e-01
8.100000000000000000e+02 6.875900000000000000e+05 1.120289000000000090e+00
8.100000000000000000e+02 9.432230000000000000e+05 1.323847999999999914e+00
8.200000000000000000e+02 1.099124000000000000e+06 7.358639999999999626e-01
8.200000000000000000e+02 1.998140000000000000e+05 1.282181999999999933e+00
2.590000000000000000e+02 3.764050000000000000e+05 3.646710000000000229e-01
4.880000000000000000e+02 2.821640000000000000e+05 4.403340000000000032e-01
4.880000000000000000e+02 6.208220000000000000e+05 9.012660000000000116e-01
1.131000000000000000e+03 6.009940000000000000e+05 5.710220000000000296e-01
1.306000000000000000e+03 5.104980000000000000e+05 4.626709999999999989e-01
8.600000000000000000e+01 7.340540000000000000e+05 1.145982999999999974e+00
4.880000000000000000e+02 1.017654000000000000e+06 4.460939999999999905e-01
1.056000000000000000e+03 1.269009000000000000e+06 6.688739999999999686e-01
1.131000000000000000e+03 6.037280000000000000e+05 6.909049999999999914e-01
1.306000000000000000e+03 6.384700000000000000e+05 5.949189999999999756e-01
1.306000000000000000e+03 6.372150000000000000e+05 8.577169999999999517e-01
1.340000000000000000e+02 1.163385000000000000e+06 7.501210000000000377e-01
1.340000000000000000e+02 1.033260000000000000e+06 7.488099999999999756e-01
4.880000000000000000e+02 1.101031000000000000e+06 4.687149999999999928e-01
4.880000000000000000e+02 4.211600000000000000e+04 8.714199999999999724e-01
7.790000000000000000e+02 3.209800000000000000e+04 2.225840000000000041e-01
1.306000000000000000e+03 8.915260000000000000e+05 5.947470000000000256e-01
7.000000000000000000e+01 1.013444000000000000e+06 9.022890000000000077e-01
1.340000000000000000e+02 8.343440000000000000e+05 7.918330000000000091e-01
6.040000000000000000e+02 9.440400000000000000e+04 4.836289999999999756e-01
7.790000000000000000e+02 1.278554000000000000e+06 6.157880000000000020e-01
1.340000000000000000e+02 1.784710000000000000e+05 9.734869999999999912e-01
6.040000000000000000e+02 8.564500000000000000e+05 3.700169999999999848e-01
7.000000000000000000e+01 1.013444000000000000e+06 9.022890000000000077e-01
1.340000000000000000e+02 8.343440000000000000e+05 7.918349999999999556e-01
6.040000000000000000e+02 9.440400000000000000e+04 4.836289999999999756e-01
7.790000000000000000e+02 1.278554000000000000e+06 6.152699999999999836e-01
1.340000000000000000e+02 1.784710000000000000e+05 9.734850000000000447e-01
6.040000000000000000e+02 8.564500000000000000e+05 3.700169999999999848e-01
7.000000000000000000e+01 1.013444000000000000e+06 9.022900000000000365e-01
1.340000000000000000e+02 8.343440000000000000e+05 7.918190000000000506e-01
6.040000000000000000e+02 9.440400000000000000e+04 4.836289999999999756e-01
7.790000000000000000e+02 1.278554000000000000e+06 6.152710000000000123e-01
1.340000000000000000e+02 1.784710000000000000e+05 9.734850000000000447e-01
6.040000000000000000e+02 8.564500000000000000e+05 3.700169999999999848e-01
1.023000000000000000e+03 2.284620000000000000e+05 3.834020000000000206e-01
1.023000000000000000e+03 1.227764000000000000e+06 3.756200000000000094e-01
3.390000000000000000e+02 6.715860000000000000e+05 7.628030000000000088e-01
5.140000000000000000e+02 5.505190000000000000e+05 6.614060000000000494e-01
8.000000000000000000e+02 1.147987000000000000e+06 3.586759999999999948e-01
1.023000000000000000e+03 1.021461000000000000e+06 3.182829999999999826e-01
1.179000000000000000e+03 7.112900000000000000e+05 6.028229999999999977e-01
1.023000000000000000e+03 7.411780000000000000e+05 3.756200000000000094e-01
3.390000000000000000e+02 6.715860000000000000e+05 7.616309999999999469e-01
5.140000000000000000e+02 5.505190000000000000e+05 6.614060000000000494e-01
8.000000000000000000e+02 1.147987000000000000e+06 3.586730000000000196e-01
1.023000000000000000e+03 1.021461000000000000e+06 3.182829999999999826e-01
1.179000000000000000e+03 7.112900000000000000e+05 6.028360000000000385e-01
8.000000000000000000e+02 2.292080000000000000e+05 5.561019999999999852e-01
2.930000000000000000e+02 6.795270000000000000e+05 8.044000000000000039e-01
2.930000000000000000e+02 2.134870000000000000e+05 7.419580000000000064e-01
8.000000000000000000e+02 2.292080000000000000e+05 5.561040000000000427e-01
2.080000000000000000e+02 2.635200000000000000e+04 4.307440000000000158e-01
8.000000000000000000e+02 9.296140000000000000e+05 5.421559999999999713e-01
1.023000000000000000e+03 1.015766000000000000e+06 5.517250000000000210e-01
2.080000000000000000e+02 1.041010000000000000e+05 6.549040000000000417e-01
7.480000000000000000e+02 7.528140000000000000e+05 7.703050000000000175e-01
7.650000000000000000e+02 3.674500000000000000e+05 7.872390000000000221e-01
8.000000000000000000e+02 1.257162000000000000e+06 6.087639999999999718e-01
8.000000000000000000e+02 6.510350000000000000e+05 1.429103999999999930e+00
1.179000000000000000e+03 5.618350000000000000e+05 1.011174000000000017e+00
3.800000000000000000e+02 3.684700000000000000e+05 8.396500000000000075e-01
3.800000000000000000e+02 3.349520000000000000e+05 1.390508000000000077e+00
5.930000000000000000e+02 5.651440000000000000e+05 1.027735999999999983e+00
6.140000000000000000e+02 1.728060000000000000e+05 9.825439999999999729e-01
6.140000000000000000e+02 1.031250000000000000e+05 1.392093999999999943e+00
8.000000000000000000e+02 9.633860000000000000e+05 9.097060000000000146e-01
1.179000000000000000e+03 9.398520000000000000e+05 1.230555999999999983e+00
1.217000000000000000e+03 7.813860000000000000e+05 7.919720000000000093e-01
5.140000000000000000e+02 2.054300000000000000e+05 1.094014999999999960e+00
5.140000000000000000e+02 5.975540000000000000e+05 1.390665000000000040e+00
6.120000000000000000e+02 1.188380000000000000e+06 9.392829999999999790e-01
6.990000000000000000e+02 5.301840000000000000e+05 8.145499999999999963e-01
7.200000000000000000e+02 1.244077000000000000e+06 9.394150000000000000e-01
8.000000000000000000e+02 1.358270000000000000e+05 7.392269999999999675e-01
8.000000000000000000e+02 1.072149000000000000e+06 1.361618999999999913e+00
7.400000000000000000e+01 9.780600000000000000e+05 7.588709999999999622e-01
1.010000000000000000e+02 1.284218000000000000e+06 6.885949999999999571e-01
5.140000000000000000e+02 1.060877000000000000e+06 9.334930000000000172e-01
5.930000000000000000e+02 1.964040000000000000e+05 4.947119999999999851e-01
7.800000000000000000e+02 3.606430000000000000e+05 5.070040000000000102e-01
1.179000000000000000e+03 3.064350000000000000e+05 7.895649999999999613e-01
1.179000000000000000e+03 2.799300000000000000e+05 1.380430000000000046e+00
3.800000000000000000e+02 3.684700000000000000e+05 8.396569999999999867e-01
3.800000000000000000e+02 3.349520000000000000e+05 1.390482999999999913e+00
5.930000000000000000e+02 5.651440000000000000e+05 1.027763999999999900e+00
6.140000000000000000e+02 1.728060000000000000e+05 9.825099999999999945e-01
6.140000000000000000e+02 1.031250000000000000e+05 1.392052999999999985e+00
8.000000000000000000e+02 9.633860000000000000e+05 9.096659999999999746e-01
1.179000000000000000e+03 9.398520000000000000e+05 1.230550000000000033e+00
1.217000000000000000e+03 7.813860000000000000e+05 7.920139999999999958e-01
5.140000000000000000e+02 2.054300000000000000e+05 1.094012999999999902e+00
5.140000000000000000e+02 5.975540000000000000e+05 1.390644999999999909e+00
6.120000000000000000e+02 1.188380000000000000e+06 9.392819999999999503e-01
6.990000000000000000e+02 5.301840000000000000e+05 8.144789999999999530e-01
7.200000000000000000e+02 1.244077000000000000e+06 9.394080000000000208e-01
8.000000000000000000e+02 1.358270000000000000e+05 7.392339999999999467e-01
8.000000000000000000e+02 1.072149000000000000e+06 1.361623999999999945e+00
7.400000000000000000e+01 1.089978000000000000e+06 8.012150000000000105e-01
2.970000000000000000e+02 4.407210000000000000e+05 7.747479999999999922e-01
5.930000000000000000e+02 9.145110000000000000e+05 6.018700000000000161e-01
7.150000000000000000e+02 1.180019000000000000e+06 6.424790000000000223e-01
7.800000000000000000e+02 9.346620000000000000e+05 4.302059999999999773e-01
7.800000000000000000e+02 6.750280000000000000e+05 4.307869999999999755e-01
9.250000000000000000e+02 1.138530000000000000e+06 7.088529999999999553e-01
7.400000000000000000e+01 9.780600000000000000e+05 7.589069999999999983e-01
1.010000000000000000e+02 1.284218000000000000e+06 6.886179999999999524e-01
5.140000000000000000e+02 1.060877000000000000e+06 9.333449999999999802e-01
5.930000000000000000e+02 1.964040000000000000e+05 4.949439999999999951e-01
7.800000000000000000e+02 1.104964000000000000e+06 5.075309999999999544e-01
1.179000000000000000e+03 3.064350000000000000e+05 7.894959999999999756e-01
1.179000000000000000e+03 2.799300000000000000e+05 1.381528000000000089e+00
7.400000000000000000e+01 1.089978000000000000e+06 8.011509999999999465e-01
2.970000000000000000e+02 4.407210000000000000e+05 7.747479999999999922e-01
5.930000000000000000e+02 9.145110000000000000e+05 6.018700000000000161e-01
7.150000000000000000e+02 1.180019000000000000e+06 6.424779999999999935e-01
7.800000000000000000e+02 1.082323000000000000e+06 4.307869999999999755e-01
9.250000000000000000e+02 1.138530000000000000e+06 7.088520000000000376e-01
5.000000000000000000e+00 3.037570000000000000e+05 7.656979999999999897e-01
2.970000000000000000e+02 1.147406000000000000e+06 6.074549999999999672e-01
4.820000000000000000e+02 1.269082000000000000e+06 4.348319999999999963e-01
5.930000000000000000e+02 6.456790000000000000e+05 5.561099999999999932e-01
1.075000000000000000e+03 1.108484000000000000e+06 6.267930000000000446e-01
1.229000000000000000e+03 7.901720000000000000e+05 4.198959999999999915e-01
3.390000000000000000e+02 3.963590000000000000e+05 6.764550000000000285e-01
5.930000000000000000e+02 2.379360000000000000e+05 5.651779999999999582e-01
1.075000000000000000e+03 1.314900000000000000e+04 5.770560000000000134e-01
1.179000000000000000e+03 1.036488000000000000e+06 5.957170000000000520e-01
5.000000000000000000e+00 3.037570000000000000e+05 7.656969999999999610e-01
2.970000000000000000e+02 1.147406000000000000e+06 6.074640000000000040e-01
4.820000000000000000e+02 1.269082000000000000e+06 4.348310000000000231e-01
5.930000000000000000e+02 6.456790000000000000e+05 5.561129999999999685e-01
1.075000000000000000e+03 1.108484000000000000e+06 6.267930000000000446e-01
1.229000000000000000e+03 7.901720000000000000e+05 4.198959999999999915e-01
7.400000000000000000e+01 1.089978000000000000e+06 8.010650000000000270e-01
2.970000000000000000e+02 4.407210000000000000e+05 7.751489999999999769e-01
5.930000000000000000e+02 9.145110000000000000e+05 6.018639999999999546e-01
7.150000000000000000e+02 1.180019000000000000e+06 6.429030000000000022e-01
7.800000000000000000e+02 6.750280000000000000e+05 4.312340000000000062e-01
9.250000000000000000e+02 1.138530000000000000e+06 7.089609999999999523e-01
3.390000000000000000e+02 3.963590000000000000e+05 6.604290000000000438e-01
5.930000000000000000e+02 7.551460000000000000e+05 5.281280000000000419e-01
1.179000000000000000e+03 2.410200000000000000e+04 5.090160000000000240e-01
4.820000000000000000e+02 7.810480000000000000e+05 9.082980000000000498e-01
4.820000000000000000e+02 1.125313000000000000e+06 1.453041000000000027e+00
5.930000000000000000e+02 1.262945000000000000e+06 1.070148000000000099e+00
7.480000000000000000e+02 2.660130000000000000e+05 8.085390000000000077e-01
1.135000000000000000e+03 5.270700000000000000e+05 8.585220000000000073e-01
1.179000000000000000e+03 1.012042000000000000e+06 9.050270000000000259e-01
7.700000000000000000e+01 7.194390000000000000e+05 5.681329999999999991e-01
4.820000000000000000e+02 2.976730000000000000e+05 6.575680000000000414e-01
6.230000000000000000e+02 8.494670000000000000e+05 6.042560000000000153e-01
7.480000000000000000e+02 5.920600000000000000e+04 5.279719999999999969e-01
1.004000000000000000e+03 3.622520000000000000e+05 7.565929999999999600e-01
1.135000000000000000e+03 5.597030000000000000e+05 8.156660000000000021e-01
9.510000000000000000e+02 9.384380000000000000e+05 7.997779999999999889e-01
1.135000000000000000e+03 9.876590000000000000e+05 5.151820000000000288e-01
3.250000000000000000e+02 8.731310000000000000e+05 4.589849999999999763e-01
7.550000000000000000e+02 5.852810000000000000e+05 2.673150000000000248e-01
1.029000000000000000e+03 1.185515000000000000e+06 4.726210000000000133e-01
1.332000000000000000e+03 9.447690000000000000e+05 6.174269999999999481e-01
1.100000000000000000e+01 1.058700000000000000e+05 3.368360000000000243e-01
2.120000000000000000e+02 8.701500000000000000e+04 5.386079999999999757e-01
4.010000000000000000e+02 1.080404000000000000e+06 7.598650000000000126e-01
8.580000000000000000e+02 1.834890000000000000e+05 4.772120000000000251e-01
4.010000000000000000e+02 7.176740000000000000e+05 6.363100000000000422e-01
4.800000000000000000e+02 5.463690000000000000e+05 5.488579999999999570e-01
7.360000000000000000e+02 6.000620000000000000e+05 4.430109999999999881e-01
4.800000000000000000e+02 1.173429000000000000e+06 5.430890000000000439e-01
4.800000000000000000e+02 2.012340000000000000e+05 4.559801000000000215e+00
7.420000000000000000e+02 3.803010000000000000e+05 5.675689999999999902e-01
7.420000000000000000e+02 1.193283000000000000e+06 9.781330000000000302e-01
7.940000000000000000e+02 3.439940000000000000e+05 7.030410000000000270e-01
2.870000000000000000e+02 1.038804000000000000e+06 4.520159999999999734e-01
4.800000000000000000e+02 6.133890000000000000e+05 5.098829999999999751e-01
1.369000000000000000e+03 2.134330000000000000e+05 8.421969999999999734e-01
4.010000000000000000e+02 7.176740000000000000e+05 6.306180000000000119e-01
4.800000000000000000e+02 1.144040000000000000e+05 4.404089999999999949e-01
7.360000000000000000e+02 3.341960000000000000e+05 5.147350000000000536e-01
4.010000000000000000e+02 6.761370000000000000e+05 6.622550000000000381e-01
7.360000000000000000e+02 9.698150000000000000e+05 4.742890000000000161e-01
7.370000000000000000e+02 2.957730000000000000e+05 3.989860000000000073e-01
9.600000000000000000e+02 3.990880000000000000e+05 5.926080000000000236e-01
1.170000000000000000e+03 1.254448000000000000e+06 4.848160000000000247e-01
4.190000000000000000e+02 5.698300000000000000e+05 1.047255999999999965e+00
7.360000000000000000e+02 1.168555000000000000e+06 4.816765000000000185e+00
7.370000000000000000e+02 4.454600000000000000e+05 6.009600000000000497e-01
9.600000000000000000e+02 4.345830000000000000e+05 6.032990000000000297e-01
1.076000000000000000e+03 3.901970000000000000e+05 8.035470000000000113e-01
1.170000000000000000e+03 3.730090000000000000e+05 5.089029999999999943e-01
4.010000000000000000e+02 6.761370000000000000e+05 6.622799999999999798e-01
7.370000000000000000e+02 2.957730000000000000e+05 3.989869999999999806e-01
9.600000000000000000e+02 3.990880000000000000e+05 5.926090000000000524e-01
1.170000000000000000e+03 1.254448000000000000e+06 4.848149999999999959e-01
7.370000000000000000e+02 3.793370000000000000e+05 6.975310000000000121e-01
7.370000000000000000e+02 1.134089000000000000e+06 1.048146999999999940e+00
9.600000000000000000e+02 2.097970000000000000e+05 8.879550000000000498e-01
1.057000000000000000e+03 1.137060000000000000e+06 7.654400000000000093e-01
1.076000000000000000e+03 8.893480000000000000e+05 7.815579999999999750e-01
1.170000000000000000e+03 7.075540000000000000e+05 6.221160000000000023e-01
1.170000000000000000e+03 2.461470000000000000e+05 1.251838999999999924e+00
5.560000000000000000e+02 1.903300000000000000e+04 3.431319999999999926e-01
1.057000000000000000e+03 1.238640000000000000e+05 3.055780000000000163e-01
1.020000000000000000e+02 3.421750000000000000e+05 6.063030000000000364e-01
1.057000000000000000e+03 2.336910000000000000e+05 7.185350000000000348e-01
7.360000000000000000e+02 1.168555000000000000e+06 4.816765000000000185e+00
7.370000000000000000e+02 3.793370000000000000e+05 6.997510000000000119e-01
7.370000000000000000e+02 1.134089000000000000e+06 1.048804000000000070e+00
1.057000000000000000e+03 5.273790000000000000e+05 1.086516999999999955e+00
1.057000000000000000e+03 9.465180000000000000e+05 1.480831999999999926e+00
1.076000000000000000e+03 5.357370000000000000e+05 7.138189999999999813e-01
1.170000000000000000e+03 7.075540000000000000e+05 6.041260000000000518e-01
1.170000000000000000e+03 1.239480000000000000e+06 4.336415999999999826e+00
1.170000000000000000e+03 2.461470000000000000e+05 1.238018000000000063e+00
1.200000000000000000e+02 2.033820000000000000e+05 7.719989999999999908e-01
1.057000000000000000e+03 3.954710000000000000e+05 9.901959999999999651e-01
1.076000000000000000e+03 2.169260000000000000e+05 6.413100000000000467e-01
1.200000000000000000e+02 6.438660000000000000e+05 6.601970000000000338e-01
1.820000000000000000e+02 7.227900000000000000e+05 3.978599999999999914e-01
2.210000000000000000e+02 1.228109000000000000e+06 3.235660000000000203e-01
3.480000000000000000e+02 5.060050000000000000e+05 5.721079999999999499e-01
7.360000000000000000e+02 1.168555000000000000e+06 4.816765000000000185e+00
