# t
0.000000000000000000e+00
6.534933100000000481e-13
1.651221399999999905e-12
2.059072800000000031e-12
2.400667399999999820e-12
2.403958099999999900e-12
4.151455900000000221e-12
4.191439100000000046e-12
6.661489499999999835e-12
6.663483599999999853e-12
6.960298499999999677e-12
7.155924699999999953e-12
7.487781000000000000e-12
7.565298999999999913e-12
7.654483999999999396e-12
7.831627599999999647e-12
8.141807500000000192e-12
8.312443400000000014e-12
8.430569799999999574e-12
9.083699999999999351e-12
1.089388599999999985e-11
1.332923500000000020e-11
1.347558099999999999e-11
1.371862199999999991e-11
1.373765700000000054e-11
1.397924099999999948e-11
1.559239500000000083e-11
1.895111899999999956e-11
2.549305799999999847e-11
4.320417200000000123e-11
5.751340900000000043e-11
5.757650600000000233e-11
5.840787900000000520e-11
5.873709599999999951e-11
5.882180299999999733e-11
5.961217600000000390e-11
6.306916999999999429e-11
6.416251799999999433e-11
6.451763000000000244e-11
6.579262699999999759e-11
6.657877599999999564e-11
6.867438400000000437e-11
7.208872599999999480e-11
7.434191000000000266e-11
7.560243899999999529e-11
7.638061699999999962e-11
1.147035999999999993e-10
1.159160299999999947e-10
1.179908900000000076e-10
1.182104099999999893e-10
1.188135000000000054e-10
1.213361400000000121e-10
1.312369900000000111e-10
1.344275099999999921e-10
1.345400000000000079e-10
1.354780400000000127e-10
1.374099800000000082e-10
1.416668200000000129e-10
1.493382699999999947e-10
1.524974999999999948e-10
1.530894200000000123e-10
1.539293699999999904e-10
1.545907300000000008e-10
1.589483099999999981e-10
1.640625799999999902e-10
2.008504800000000023e-10
2.040277899999999961e-10
2.303330799999999889e-10
2.360393300000000074e-10
2.361331400000000191e-10
2.363973299999999766e-10
2.366205700000000119e-10
2.374574000000000242e-10
2.383010700000000041e-10
2.395855100000000027e-10
2.398788300000000126e-10
2.400079400000000065e-10
2.407574000000000024e-10
2.424921799999999992e-10
2.561704800000000242e-10
2.669901199999999921e-10
2.708250899999999801e-10
2.731281200000000178e-10
2.742676099999999774e-10
2.743651899999999811e-10
2.764843300000000161e-10
2.787182699999999915e-10
2.803015999999999970e-10
2.803892899999999914e-10
2.803981400000000208e-10
2.804448999999999752e-10
2.809001900000000005e-10
2.848954299999999789e-10
2.853335200000000013e-10
2.853892500000000027e-10
2.861839199999999760e-10
2.862286499999999864e-10
2.864171099999999777e-10
2.877694300000000250e-10
2.924927300000000019e-10
2.933773799999999860e-10
