# t	msd	err
1.116666666666666607e+01 2.304856278739431108e-01 1.126296129049594733e-03
2.080000000000000071e+01 1.835007341355850419e-01 4.107932353542664838e-02
3.437500000000000000e+01 2.327969926666946243e-01 1.335391423285934957e-03
5.879999999999999716e+01 2.777547249943914665e-01 4.361653950595788948e-02
1.094782608695652186e+02 3.931180568832277622e-01 6.460251516163219299e-02
1.834147058823529051e+02 4.454673814067100501e-01 6.300471666645611479e-02
2.906842857142857497e+02 7.111123820671526596e-01 6.561067141628261490e-02
4.969387931034482335e+02 1.058603540836882129e+00 7.078140883141419148e-02
8.251173410404625201e+02 1.689780807288604469e+00 9.452521906402394647e-02
1.381433680555555839e+03 3.000775837777256427e+00 1.353666586227929292e-01
2.328293205944798501e+03 5.999882703856536992e+00 2.319581251739506467e-01
3.906136389280678486e+03 1.005430862547880366e+01 3.632834125671708936e-01
6.510411769834350707e+03 2.059147909203837301e+01 4.746367618293917401e-01
1.067772755905511985e+04 5.130085874149784075e+01 6.807945571359685921e-01
1.677299304589707754e+04 1.035663983459616446e+02 6.969631132422067221e-01
