# t
0.000000000000000000e+00
1.422579999999999942e-11
6.124069899999999894e-10
6.439177499999999915e-10
8.610464500000000464e-10
9.551614099999999097e-10
1.095832500000000103e-09
1.141765400000000062e-09
1.347483300000000001e-09
1.416835600000000086e-09
1.555760900000000093e-09
1.628106000000000044e-09
1.650455099999999995e-09
1.829033300000000060e-09
1.879903700000000033e-09
1.979870200000000176e-09
1.986140600000000118e-09
2.096771299999999989e-09
2.228160800000000138e-09
2.410878200000000101e-09
2.512735599999999993e-09
2.525283500000000072e-09
2.636405200000000122e-09
2.675785100000000010e-09
2.712355500000000147e-09
2.822002700000000008e-09
2.994257499999999987e-09
3.068176300000000110e-09
3.070684200000000086e-09
3.129473100000000109e-09
3.251945299999999871e-09
3.378097999999999929e-09
3.483306999999999912e-09
3.572141500000000098e-09
3.964121399999999781e-09
4.001948500000000162e-09
4.034082799999999849e-09
4.071833099999999737e-09
4.244409000000000330e-09
4.426088600000000345e-09
4.458458799999999956e-09
4.674389000000000121e-09
4.702024400000000020e-09
4.706852799999999792e-09
4.719207800000000004e-09
4.735435000000000409e-09
4.835676299999999641e-09
4.867201000000000220e-09
4.897702000000000382e-09
4.997387400000000254e-09
5.020787900000000146e-09
5.056725000000000237e-09
5.062663399999999812e-09
5.081675899999999698e-09
5.097639000000000288e-09
5.117989899999999993e-09
5.193337799999999896e-09
5.312727300000000086e-09
5.352174499999999921e-09
5.436883500000000233e-09
5.530309900000000075e-09
5.658338499999999651e-09
5.717662000000000102e-09
5.740194500000000407e-09
5.751558499999999873e-09
5.966110199999999844e-09
6.096742199999999647e-09
6.134424600000000224e-09
6.166240400000000126e-09
6.242068800000000170e-09
6.419695000000000133e-09
6.509723499999999601e-09
6.593377999999999604e-09
6.690819000000000364e-09
6.821254300000000330e-09
6.852073200000000086e-09
6.856702500000000084e-09
7.093160400000000064e-09
7.131775600000000206e-09
7.163625000000000065e-09
7.430608599999999809e-09
7.531594600000000684e-09
7.571882600000000535e-09
7.592657800000000664e-09
7.741602599999999821e-09
7.801464300000000609e-09
8.157929399999999988e-09
8.219362700000000486e-09
8.352612699999999379e-09
8.382578299999999270e-09
8.457844600000000458e-09
8.458617700000000400e-09
8.459945700000000212e-09
8.654122800000000369e-09
8.838027800000000056e-09
8.944373100000000367e-09
8.955370500000000430e-09
8.962837600000000102e-09
9.038164300000000691e-09
9.137353499999999553e-09
9.214408600000000204e-09
9.248681800000000114e-09
9.375146599999999986e-09
9.429720099999999187e-09
9.438909500000000284e-09
9.503448399999999796e-09
9.521368499999999700e-09
9.671039700000000455e-09
9.686853800000000698e-09
9.697686399999999513e-09
9.723752100000000307e-09
9.844453699999999377e-09
9.903361900000000619e-09
9.913923000000000569e-09
1.046298400000000064e-08
1.051772199999999934e-08
1.076393500000000043e-08
1.076541199999999976e-08
1.082714299999999920e-08
1.083542199999999960e-08
1.091746299999999977e-08
1.115105900000000067e-08
1.117825499999999947e-08
1.124446599999999929e-08
1.124627899999999985e-08
1.126261900000000064e-08
1.130284799999999989e-08
1.139287200000000040e-08
1.139629499999999968e-08
1.142457100000000029e-08
1.146293900000000022e-08
1.151324599999999927e-08
1.151869500000000083e-08
1.154074400000000003e-08
1.171397899999999980e-08
1.175455500000000046e-08
1.179852599999999975e-08
1.191784100000000018e-08
1.201188799999999933e-08
1.208951199999999935e-08
1.234685200000000045e-08
1.235809599999999971e-08
1.236411800000000030e-08
1.247778500000000025e-08
1.249566099999999933e-08
1.255916899999999944e-08
1.258596499999999977e-08
1.264060799999999962e-08
1.269775899999999989e-08
1.280339000000000080e-08
1.282652600000000075e-08
1.283926100000000050e-08
1.288313600000000062e-08
1.292432700000000047e-08
1.292656199999999989e-08
1.295570500000000060e-08
1.305107100000000000e-08
1.318664399999999990e-08
1.323200400000000025e-08
1.324540299999999991e-08
1.327629799999999993e-08
1.341199800000000061e-08
1.357035500000000075e-08
1.384001799999999930e-08
1.385369299999999926e-08
1.387032000000000055e-08
1.395675899999999978e-08
1.401518499999999951e-08
1.404002200000000072e-08
1.404317499999999995e-08
1.406833600000000021e-08
1.416204500000000080e-08
1.433382700000000061e-08
1.435185899999999979e-08
1.442509099999999936e-08
1.445683400000000004e-08
1.453334499999999930e-08
1.461842000000000048e-08
1.462969399999999938e-08
1.469942899999999924e-08
1.471079200000000004e-08
1.477956300000000032e-08
1.479663999999999948e-08
1.479739799999999957e-08
1.487175500000000041e-08
1.487435500000000038e-08
1.490960299999999836e-08
1.491745600000000027e-08
1.500882499999999940e-08
1.509080399999999966e-08
1.520505099999999922e-08
1.522060199999999996e-08
1.533720800000000042e-08
1.540655199999999972e-08
1.558402199999999952e-08
1.572391200000000078e-08
1.573379200000000034e-08
1.575758799999999892e-08
1.576194799999999910e-08
1.583509099999999842e-08
1.586793599999999966e-08
1.589546099999999911e-08
1.593931900000000043e-08
1.600639100000000009e-08
1.601887200000000159e-08
1.614002699999999961e-08
1.614417100000000042e-08
1.623974399999999963e-08
1.626680099999999878e-08
1.630774799999999860e-08
1.631760600000000107e-08
1.637740799999999937e-08
1.642186600000000004e-08
1.647344099999999963e-08
1.649616600000000091e-08
1.663345099999999896e-08
1.665740899999999955e-08
1.672041500000000011e-08
1.684883200000000024e-08
1.685418000000000104e-08
1.688768400000000060e-08
1.692391000000000096e-08
1.698263199999999910e-08
1.704298999999999927e-08
1.705093700000000138e-08
1.705360599999999853e-08
1.730000200000000004e-08
1.733945500000000007e-08
1.738273800000000007e-08
1.738363400000000114e-08
1.756827899999999849e-08
1.774491199999999949e-08
1.776918999999999952e-08
1.793953300000000053e-08
1.799840299999999952e-08
1.801771799999999905e-08
1.825186900000000151e-08
1.829017000000000158e-08
1.833619300000000151e-08
1.867112699999999969e-08
1.870307700000000018e-08
1.875270699999999849e-08
1.884620400000000098e-08
1.896611499999999950e-08
1.916647099999999896e-08
1.916741300000000146e-08
1.926711800000000096e-08
1.940112499999999963e-08
1.948077699999999926e-08
1.948819899999999945e-08
1.951313099999999950e-08
1.952465400000000002e-08
1.952892100000000033e-08
1.960369199999999914e-08
1.960449999999999863e-08
1.967803500000000049e-08
1.968768599999999984e-08
1.982254000000000050e-08
1.983081899999999924e-08
1.986108599999999926e-08
1.989973300000000044e-08
1.991214600000000011e-08
1.993941700000000131e-08
1.996738499999999970e-08
1.996824699999999986e-08
2.004171999999999849e-08
2.007169799999999903e-08
2.016979599999999912e-08
2.018151200000000160e-08
2.019217399999999897e-08
2.023189899999999968e-08
2.030165400000000096e-08
2.033377800000000067e-08
2.039300400000000065e-08
2.043617400000000103e-08
2.043759899999999867e-08
2.053490099999999979e-08
2.056099399999999936e-08
2.057450200000000067e-08
2.061650099999999835e-08
2.062518199999999951e-08
2.064526599999999934e-08
2.067133400000000086e-08
2.072438899999999908e-08
2.076189299999999987e-08
2.077962899999999899e-08
2.078792199999999889e-08
2.079071399999999885e-08
2.080603000000000079e-08
2.081345499999999862e-08
2.084911700000000118e-08
2.086643700000000004e-08
2.089582600000000142e-08
2.093432499999999843e-08
2.096260999999999861e-08
2.107374799999999972e-08
2.111229699999999944e-08
2.120501100000000049e-08
2.125085399999999929e-08
2.131421400000000020e-08
2.138924000000000089e-08
2.140388899999999865e-08
2.145274200000000074e-08
2.146100500000000100e-08
2.151397499999999859e-08
2.153098200000000025e-08
2.158883699999999994e-08
2.160568800000000150e-08
2.175224800000000146e-08
2.179957800000000113e-08
2.186893600000000158e-08
2.187232600000000027e-08
2.199365700000000145e-08
2.214026800000000112e-08
2.221526499999999918e-08
2.221867500000000093e-08
2.231269599999999841e-08
2.248862600000000030e-08
2.266383400000000034e-08
2.267133699999999988e-08
2.271171099999999902e-08
2.286781999999999890e-08
2.287518099999999949e-08
2.294862699999999944e-08
2.302836099999999875e-08
2.303864300000000072e-08
2.305881000000000053e-08
2.307766699999999965e-08
2.315165199999999937e-08
2.321383200000000132e-08
2.331819500000000004e-08
2.337568900000000046e-08
2.344921299999999881e-08
2.345100099999999968e-08
2.347216199999999871e-08
2.363629499999999877e-08
2.365336700000000129e-08
2.369590399999999841e-08
2.371156799999999878e-08
2.375298000000000125e-08
2.389552000000000022e-08
2.435096299999999893e-08
2.437577800000000139e-08
2.447071099999999842e-08
2.450508800000000164e-08
2.457254899999999958e-08
2.460291500000000137e-08
2.461843300000000152e-08
2.462334900000000027e-08
2.463434500000000154e-08
2.465800700000000042e-08
2.472421100000000132e-08
2.476319099999999946e-08
2.507850500000000014e-08
2.518698899999999896e-08
2.524655799999999908e-08
2.526419600000000005e-08
2.527403600000000009e-08
2.529782600000000007e-08
2.530212199999999970e-08
2.531784699999999966e-08
2.532418699999999904e-08
2.542712999999999841e-08
2.542778000000000047e-08
2.550545899999999982e-08
2.557922000000000093e-08
2.559336800000000112e-08
2.565568400000000010e-08
2.576971099999999900e-08
2.582882000000000139e-08
2.586358699999999989e-08
2.590146199999999982e-08
2.591457200000000000e-08
2.593038300000000091e-08
2.597168899999999936e-08
2.600018500000000062e-08
2.601047499999999853e-08
2.614359000000000071e-08
2.616508900000000161e-08
2.621509099999999938e-08
2.632213299999999844e-08
2.635585799999999897e-08
2.639281099999999947e-08
2.639687899999999921e-08
2.655873300000000071e-08
2.658114400000000116e-08
2.658563600000000040e-08
2.668930800000000054e-08
2.681951699999999950e-08
2.688527999999999879e-08
2.697753699999999975e-08
2.697807800000000015e-08
2.698585600000000132e-08
2.702507499999999955e-08
2.709670700000000028e-08
2.711916800000000013e-08
2.715025999999999843e-08
2.738303900000000028e-08
2.747369999999999871e-08
2.749114699999999835e-08
2.759985100000000112e-08
2.761930300000000132e-08
2.765332800000000152e-08
2.772798299999999975e-08
2.785464399999999929e-08
2.790370200000000055e-08
2.803296499999999905e-08
2.806056499999999925e-08
2.806250200000000129e-08
2.808283400000000076e-08
2.816611599999999948e-08
2.817082200000000076e-08
2.817284500000000044e-08
2.819976200000000129e-08
2.825688800000000021e-08
2.830125999999999994e-08
2.833053999999999965e-08
2.835672100000000081e-08
2.836653800000000013e-08
2.839004100000000127e-08
2.841714100000000089e-08
2.845237800000000032e-08
2.845468999999999948e-08
2.848136499999999928e-08
2.850136699999999944e-08
2.854895300000000131e-08
2.856943300000000163e-08
2.859687799999999874e-08
2.877124499999999870e-08
2.882075100000000050e-08
2.884971499999999874e-08
2.895692100000000045e-08
2.906111400000000123e-08
2.911290800000000114e-08
2.916056900000000045e-08
2.917047100000000040e-08
2.919465900000000152e-08
2.921270900000000147e-08
2.939879999999999985e-08
2.950456000000000053e-08
2.956999600000000146e-08
2.963730299999999993e-08
2.975430199999999993e-08
2.978605999999999878e-08
2.978990999999999851e-08
2.979429700000000068e-08
2.992872600000000152e-08
2.994209400000000122e-08
2.995009000000000240e-08
2.995168600000000162e-08
2.999157700000000230e-08
3.022810000000000318e-08
3.034641800000000012e-08
3.037915199999999907e-08
3.039554900000000149e-08
3.040971299999999685e-08
3.048519300000000330e-08
3.058035400000000021e-08
3.066527799999999958e-08
3.071195900000000082e-08
3.071351999999999880e-08
3.074438399999999722e-08
3.079090000000000210e-08
3.092437699999999726e-08
3.094692200000000072e-08
3.103240100000000164e-08
3.107501099999999887e-08
3.111103000000000274e-08
3.113082899999999774e-08
3.132532600000000226e-08
3.134236899999999885e-08
3.143432500000000312e-08
3.145897200000000166e-08
3.158422500000000236e-08
3.165594100000000009e-08
3.170603999999999901e-08
3.175845399999999804e-08
3.183390999999999683e-08
3.186984500000000039e-08
3.191368299999999864e-08
3.217466600000000132e-08
3.219777900000000055e-08
3.224094800000000061e-08
3.224936900000000161e-08
3.236163999999999993e-08
3.238929499999999780e-08
3.247811900000000291e-08
3.256012400000000154e-08
3.264177799999999746e-08
3.274785599999999693e-08
3.284625700000000097e-08
3.297622400000000220e-08
3.299645899999999722e-08
3.303156699999999854e-08
3.304042699999999720e-08
3.304151900000000120e-08
3.309031499999999835e-08
3.312413299999999874e-08
3.315305400000000313e-08
3.327988600000000094e-08
3.329371299999999806e-08
3.339952499999999877e-08
3.362521699999999804e-08
3.373468000000000122e-08
3.384947100000000213e-08
3.393869300000000176e-08
3.395958499999999777e-08
3.399803999999999730e-08
3.400116400000000052e-08
3.408734999999999851e-08
3.425591500000000185e-08
3.432836399999999832e-08
3.436876500000000276e-08
3.453405800000000201e-08
3.466473100000000330e-08
3.470157100000000087e-08
3.472025999999999938e-08
3.475786999999999756e-08
3.475977499999999932e-08
3.480701100000000211e-08
3.480967600000000130e-08
3.483240600000000087e-08
3.499047200000000254e-08
3.500710399999999715e-08
3.516398399999999796e-08
3.526978400000000146e-08
3.528285899999999710e-08
3.537007600000000279e-08
3.538894699999999976e-08
3.540916299999999865e-08
3.548413900000000325e-08
3.558547400000000288e-08
3.560967499999999822e-08
3.562656199999999802e-08
3.593658800000000048e-08
3.597890200000000261e-08
3.604360200000000054e-08
3.608026699999999857e-08
3.612567700000000162e-08
3.619923600000000120e-08
3.625377400000000232e-08
3.625787800000000030e-08
3.629356499999999760e-08
3.639417900000000231e-08
3.639503499999999725e-08
3.640671599999999850e-08
3.659840399999999765e-08
3.660613100000000241e-08
3.664939699999999700e-08
3.669759599999999905e-08
3.671355900000000209e-08
3.678190600000000122e-08
3.680051399999999706e-08
3.689273500000000309e-08
3.694538200000000029e-08
3.698037599999999836e-08
3.717097299999999714e-08
3.725571499999999804e-08
3.727596199999999689e-08
3.730576200000000024e-08
3.730594199999999806e-08
3.732595700000000236e-08
3.744483900000000042e-08
3.748178400000000168e-08
3.748443699999999704e-08
3.751081300000000080e-08
3.758550799999999854e-08
3.768630600000000235e-08
3.771630200000000201e-08
3.775360699999999891e-08
3.775990799999999910e-08
3.776489199999999967e-08
3.779863499999999931e-08
3.793563599999999947e-08
3.794999900000000201e-08
3.799208400000000063e-08
3.802460300000000053e-08
3.819510199999999833e-08
3.819691499999999723e-08
3.820397899999999910e-08
3.827575899999999738e-08
3.831184799999999709e-08
3.846961700000000004e-08
3.851857399999999888e-08
3.854252599999999756e-08
3.858890300000000115e-08
3.871592000000000169e-08
3.872391999999999753e-08
3.872829400000000217e-08
3.877632699999999763e-08
3.888895099999999929e-08
3.891516400000000072e-08
3.896814000000000022e-08
3.907426499999999814e-08
3.907517499999999705e-08
3.907667099999999748e-08
3.915016900000000078e-08
3.915975200000000161e-08
3.922715400000000059e-08
3.938966499999999976e-08
3.939759099999999848e-08
3.944637099999999714e-08
3.967553800000000234e-08
3.968982099999999923e-08
3.970465699999999705e-08
3.970474099999999736e-08
3.974840700000000034e-08
3.976352599999999903e-08
3.976383300000000094e-08
3.986175799999999882e-08
3.996327699999999755e-08
4.004381199999999742e-08
4.007633999999999687e-08
4.023971000000000186e-08
4.039172499999999702e-08
4.049780400000000012e-08
4.061036200000000060e-08
4.064318899999999941e-08
4.067347000000000058e-08
4.070242399999999895e-08
4.076597200000000023e-08
4.083893399999999810e-08
4.091230400000000030e-08
4.091801400000000068e-08
4.093878300000000049e-08
4.099993299999999836e-08
4.102563299999999838e-08
4.109146999999999810e-08
4.109626300000000065e-08
4.120369700000000225e-08
4.133747499999999740e-08
4.138637000000000295e-08
4.149587499999999967e-08
4.158935099999999877e-08
4.167528500000000246e-08
4.168518300000000114e-08
4.176486699999999774e-08
4.199644500000000055e-08
4.208286299999999971e-08
4.226328500000000084e-08
4.229405199999999812e-08
4.234473699999999855e-08
4.244787399999999689e-08
4.245676199999999786e-08
4.248205899999999846e-08
4.248389700000000203e-08
4.257631900000000264e-08
4.258316399999999756e-08
4.260157099999999882e-08
4.261148199999999833e-08
4.261728200000000094e-08
4.266231099999999834e-08
4.268522800000000128e-08
4.279758999999999882e-08
4.284758899999999895e-08
4.284825600000000312e-08
4.291218699999999745e-08
4.294749300000000233e-08
4.296974300000000109e-08
4.302224599999999872e-08
4.307734399999999968e-08
4.317503700000000301e-08
4.317837599999999867e-08
4.324806599999999908e-08
4.325503599999999745e-08
4.342996299999999726e-08
4.344854800000000232e-08
4.348919299999999851e-08
4.356673000000000223e-08
4.371124899999999678e-08
4.381561700000000040e-08
4.397816500000000144e-08
4.414820900000000309e-08
4.416271599999999860e-08
4.422861600000000186e-08
4.425379299999999730e-08
4.430767799999999871e-08
4.431508700000000136e-08
4.433500499999999790e-08
4.438356799999999688e-08
4.440372900000000140e-08
4.446425099999999760e-08
4.463963799999999846e-08
4.468117300000000043e-08
4.468503700000000131e-08
4.486900099999999995e-08
4.488032500000000321e-08
4.494010500000000112e-08
4.500738500000000091e-08
4.503703399999999914e-08
4.505600399999999789e-08
4.506558899999999936e-08
4.512660700000000147e-08
4.515917399999999682e-08
4.518485700000000135e-08
4.518709700000000071e-08
4.521433900000000259e-08
4.525757099999999958e-08
4.527282200000000064e-08
4.535152800000000312e-08
4.544733000000000254e-08
4.546384399999999924e-08
4.551235000000000321e-08
4.551525900000000076e-08
4.556657099999999923e-08
4.558278200000000192e-08
4.567005900000000027e-08
4.575443199999999936e-08
4.588204499999999797e-08
4.592155499999999963e-08
4.594226800000000144e-08
4.601567400000000187e-08
4.618613999999999908e-08
4.619197699999999694e-08
4.620604199999999714e-08
4.632910000000000290e-08
4.642678199999999942e-08
4.647941299999999814e-08
4.648102700000000309e-08
4.656147099999999711e-08
4.661678399999999712e-08
4.665284700000000178e-08
4.675645500000000137e-08
4.681917899999999806e-08
4.686504700000000152e-08
4.687300100000000255e-08
4.687851000000000173e-08
4.698524199999999792e-08
4.703315599999999846e-08
4.708616299999999793e-08
4.715411599999999719e-08
4.720567099999999702e-08
4.723779799999999768e-08
4.735126599999999707e-08
4.745254499999999870e-08
4.754340800000000197e-08
4.756760800000000029e-08
4.778358399999999934e-08
4.782181999999999854e-08
4.789790399999999900e-08
4.791072000000000141e-08
4.801503299999999743e-08
4.811209199999999719e-08
4.816176200000000163e-08
4.824551900000000287e-08
4.831793800000000301e-08
4.833434199999999774e-08
4.851864399999999825e-08
4.852090500000000100e-08
4.860368200000000086e-08
4.864440300000000143e-08
4.870065200000000203e-08
4.880381799999999969e-08
4.882327800000000243e-08
4.884167000000000221e-08
4.889242000000000020e-08
4.900322000000000276e-08
4.900521400000000311e-08
4.909106199999999924e-08
4.911029099999999783e-08
4.911837099999999931e-08
4.915697300000000269e-08
4.917121600000000007e-08
4.917744400000000015e-08
4.931469799999999824e-08
4.932725000000000252e-08
4.933557700000000002e-08
4.936493300000000080e-08
4.936753100000000179e-08
4.948420899999999873e-08
4.959837199999999797e-08
4.971923100000000090e-08
4.971969500000000322e-08
4.996564700000000217e-08
5.000822100000000116e-08
5.011189700000000257e-08
5.022346299999999784e-08
5.038817500000000048e-08
5.045056899999999786e-08
5.045842799999999838e-08
5.053127300000000197e-08
5.056629399999999872e-08
5.059960400000000261e-08
5.065268299999999855e-08
5.065573899999999995e-08
5.066206499999999818e-08
5.075017099999999941e-08
5.082701899999999856e-08
5.085059199999999885e-08
5.102644599999999967e-08
5.115053099999999863e-08
5.115063000000000041e-08
5.124469600000000231e-08
5.125715000000000182e-08
5.126961199999999726e-08
5.127600000000000202e-08
5.148100599999999815e-08
5.150214800000000106e-08
5.152188500000000277e-08
5.157492399999999919e-08
5.167621600000000166e-08
5.173841299999999910e-08
5.181389700000000021e-08
5.181950900000000244e-08
5.206404999999999828e-08
5.209664100000000127e-08
5.213653700000000024e-08
5.217886299999999958e-08
5.218248800000000039e-08
5.234483000000000193e-08
5.234875200000000146e-08
5.259193999999999944e-08
5.261680399999999767e-08
5.261822100000000269e-08
5.262913900000000226e-08
5.263533999999999703e-08
5.266167499999999765e-08
5.267373400000000028e-08
5.269429599999999697e-08
5.270615399999999840e-08
5.272421599999999887e-08
5.273120099999999872e-08
5.281023400000000286e-08
5.286188999999999849e-08
5.293168599999999960e-08
5.294515300000000108e-08
5.302051600000000001e-08
5.331788000000000283e-08
5.335061299999999815e-08
5.336590399999999873e-08
5.341864400000000242e-08
5.342066500000000145e-08
5.343974700000000282e-08
5.344295799999999738e-08
5.344677200000000218e-08
5.346732699999999994e-08
5.348650499999999882e-08
5.348879900000000216e-08
5.370911900000000291e-08
5.375131299999999988e-08
5.380864000000000000e-08
5.388604399999999772e-08
5.421460100000000127e-08
5.425884800000000085e-08
5.428320000000000131e-08
5.430591000000000112e-08
5.432306700000000096e-08
5.434600999999999895e-08
5.444632800000000195e-08
5.448082300000000308e-08
5.450569199999999959e-08
5.460272400000000067e-08
5.466423299999999718e-08
5.476135700000000111e-08
5.493926599999999858e-08
5.494992800000000257e-08
5.497125100000000030e-08
5.498161500000000194e-08
5.513883499999999863e-08
5.524671300000000280e-08
5.527845199999999890e-08
5.540604200000000011e-08
5.548211000000000208e-08
5.550673799999999788e-08
5.551037399999999888e-08
5.559510099999999831e-08
5.562814100000000216e-08
5.564255699999999844e-08
5.567962399999999889e-08
5.568373100000000113e-08
5.614442899999999747e-08
5.615206800000000065e-08
5.625359399999999830e-08
5.631781799999999669e-08
5.642014399999999790e-08
5.645555499999999985e-08
5.649401100000000301e-08
5.652966099999999844e-08
5.664707299999999774e-08
5.674728799999999769e-08
5.675644199999999743e-08
5.681479900000000164e-08
5.682899900000000186e-08
5.685626899999999943e-08
5.686544299999999892e-08
5.687316999999999707e-08
5.695751299999999983e-08
5.700912000000000300e-08
5.705845300000000258e-08
5.710593899999999904e-08
5.727911000000000157e-08
5.728909800000000246e-08
5.738163899999999800e-08
5.739289600000000306e-08
5.752074100000000284e-08
5.757414499999999981e-08
5.757505400000000172e-08
5.760360999999999895e-08
5.775187199999999882e-08
5.791807100000000233e-08
5.795416700000000096e-08
5.800447300000000300e-08
5.804081599999999765e-08
5.808211300000000316e-08
5.809050499999999822e-08
5.818345599999999872e-08
5.819136500000000195e-08
5.823382200000000004e-08
5.831234200000000278e-08
5.847163300000000121e-08
5.850463299999999893e-08
5.856847100000000000e-08
5.863229399999999961e-08
5.865517299999999704e-08
5.866330199999999761e-08
5.871638000000000316e-08
5.878054900000000056e-08
5.878524399999999834e-08
5.878551700000000265e-08
5.915953100000000106e-08
5.916807899999999953e-08
5.917389399999999699e-08
5.928989599999999682e-08
5.938649399999999851e-08
5.939182599999999752e-08
5.945740799999999867e-08
5.946730200000000269e-08
5.947738299999999683e-08
5.950144100000000283e-08
5.955898599999999966e-08
5.957027900000000296e-08
5.963463599999999412e-08
5.964295800000000657e-08
5.965520999999999463e-08
5.976410600000000567e-08
5.980244700000000195e-08
5.984780900000000293e-08
5.988598700000000350e-08
6.000707899999999798e-08
6.001387700000000108e-08
6.006101900000000038e-08
6.014520999999999439e-08
6.017955299999999339e-08
6.024576200000000581e-08
6.027009799999999455e-08
6.029956200000000329e-08
6.044284900000000215e-08
6.055969399999999608e-08
6.057429499999999508e-08
6.057867799999999929e-08
6.058086699999999894e-08
6.069638199999999903e-08
6.074852599999999801e-08
6.074941000000000188e-08
6.078436499999999744e-08
6.100058599999999849e-08
6.106879600000000357e-08
6.123442300000000341e-08
6.129140600000000638e-08
6.131654799999999397e-08
6.134172100000000136e-08
6.135093700000000101e-08
6.137956700000000198e-08
6.140236700000000401e-08
6.145543599999999677e-08
6.146968100000000140e-08
6.151603600000000460e-08
6.164693499999999853e-08
6.171598299999999942e-08
6.189520799999999949e-08
6.199196000000000396e-08
6.201654099999999470e-08
6.201864100000000237e-08
6.205500399999999678e-08
6.209180000000000017e-08
6.209236899999999957e-08
6.212099099999999799e-08
6.213570000000000495e-08
6.214694500000000619e-08
6.225089000000000402e-08
6.231009899999999527e-08
6.235434300000000382e-08
6.249498999999999493e-08
6.260516200000000244e-08
6.261016800000000340e-08
6.267059899999999376e-08
6.273595000000000399e-08
6.275717499999999696e-08
6.282141200000000280e-08
6.284857600000000629e-08
6.285892099999999856e-08
6.291631899999999816e-08
6.296538799999999962e-08
6.302853899999999677e-08
6.310165099999999613e-08
6.311464900000000362e-08
6.312940499999999579e-08
6.313241199999999811e-08
6.319872599999999437e-08
6.327582599999999445e-08
6.328410899999999778e-08
