# time dx dy dz
2.524999999999999965e-06 -1.613849974630000128e+00 1.613580541149999936e+00 -1.410792430000082538e-04
2.286999999999999957e-05 -1.595931728320000076e+00 2.819229100000915453e-04 -1.595161729400000006e+00
2.464000000000000126e-05 1.608929634400000142e+00 2.192214380000163769e-03 1.606025811490999988e+00
2.574000000000000089e-05 -1.595744376020000299e+00 -1.595432118969999813e+00 8.544311226999778963e-04
2.684999999999999873e-05 1.608307450249999881e+00 1.608114839289999765e+00 -2.159222171899982667e-03
2.951000000000000037e-05 -2.431346479999935009e-04 -1.595793419160000060e+00 1.596355244672399865e+00
3.571999999999999682e-05 -5.923400620000404205e-04 -1.604248264539999802e+00 -1.587276052210000010e+00
4.586999999999999959e-05 1.615438442392999940e+00 1.599820849481000229e+00 -8.132878364299926666e-03
6.818000000000000113e-05 1.614668997538000195e+00 -8.778133338001314900e-04 1.613590551032299869e+00
7.289999999999999660e-05 -1.612307650038199869e+00 -2.858308719997645431e-05 1.614631740923000214e+00
8.284999999999999450e-05 2.920880201997908682e-04 -1.613140988837399981e+00 -1.611724756952999993e+00
8.702000000000000371e-05 1.614911588679000420e+00 -1.183485400000671220e-04 1.614917689009999879e+00
8.823000000000000059e-05 -1.613764976024000042e+00 -1.614633584313000192e+00 -1.558710400020174580e-05
9.422000000000000253e-05 -2.333088100001513669e-04 1.612604637065000235e+00 1.614476485954000395e+00
1.005000000000000034e-04 -7.735634359999272493e-04 -1.613805416742000176e+00 1.614497770156000156e+00
1.030999999999999988e-04 -1.613304582426000167e+00 -6.435176269998788001e-04 1.615125130800000086e+00
1.111000000000000035e-04 -1.272117709999949584e-03 1.613183209935000306e+00 -1.611913211876000229e+00
1.303999999999999983e-04 -1.614589418850000069e+00 -1.613513175535000066e+00 8.524033639999593556e-04
1.345999999999999920e-04 -1.596388447419999856e+00 -1.377686460000150312e-03 1.594305052798000055e+00
1.415999999999999995e-04 -1.625064126502999917e+00 1.616065006421700145e+00 9.484422699999807416e-03
1.442000000000000085e-04 -1.616053227646999879e+00 1.612705566449999850e+00 2.810992600000012786e-03
1.456999999999999908e-04 -8.848395000000675026e-04 -1.595170352679800008e+00 -1.594908309347999875e+00
1.479999999999999925e-04 1.614536380667999982e+00 1.602038799959800031e+00 -1.172474554660005164e-02
1.498000000000000091e-04 -1.616008897697999824e+00 1.614227443670000151e+00 6.679679639998966148e-04
1.498000000000000091e-04 1.596118254239999867e+00 1.451288554999928624e-03 -1.596868802483999872e+00
1.510000000000000112e-04 1.623805145572000397e+00 1.617050170624999783e+00 -1.204759749800004068e-02
1.557999999999999923e-04 -1.612362576960999716e+00 1.614634910925000000e+00 -1.293283050000072765e-03
1.634999999999999897e-04 -1.517828560000090933e-04 1.615145805244800226e+00 1.615962684602999966e+00
1.800000000000000113e-04 -7.740465250000395578e-04 1.614528342690199958e+00 -1.613447829033999970e+00
1.938999999999999968e-04 -1.613907592761999910e+00 1.615143322329999798e+00 -4.698454010000599652e-04
2.026999999999999939e-04 -1.615192614367999990e+00 -1.611824266550999862e+00 -6.116587220000857528e-04
2.089000000000000091e-04 1.617656914367999965e+00 1.615727666551000086e+00 1.145639657999908412e-03
2.170999999999999916e-04 1.613041104319299812e+00 1.651733909999794549e-03 1.613324948223999744e+00
2.224000000000000120e-04 1.613455173302700496e+00 9.575708800001470067e-04 1.614719789492000235e+00
2.258999999999999886e-04 -1.612814903215999962e+00 1.614213023630000077e+00 1.218805859999943977e-03
2.611000000000000040e-04 3.139701030000761374e-04 -1.595585719259999813e+00 1.595491101350000385e+00
2.910000000000000260e-04 -3.015948699998936052e-05 1.605635340769999697e+00 -1.604430157716260297e+00
2.978999999999999769e-04 1.596114317779999903e+00 1.207585500000191159e-03 1.595687493246260136e+00
3.103000000000000072e-04 9.642788504999666443e-03 1.617113042429999759e+00 1.625491880430000258e+00
3.218000000000000157e-04 3.245728325999965112e-03 -1.611728789490000091e+00 1.618754579600000243e+00
3.236000000000000053e-04 -1.613550524377600048e+00 1.613140312940000154e+00 8.617463599999417891e-04
3.399000000000000220e-04 -1.614948015026399730e+00 -1.613134591719999955e+00 1.049382869999870935e-03
3.757999999999999730e-04 -1.616077563651000304e+00 -1.396377707999996165e-03 1.612715393300000022e+00
3.803999999999999764e-04 1.612606293949999881e+00 -1.613979245546000030e+00 8.753343199999763513e-04
3.941999999999999866e-04 1.616836880682999800e+00 1.612689146210000146e+00 -3.436243499999659147e-04
3.988999999999999924e-04 -2.255694340999970376e-03 -1.595489606302999963e+00 1.597443926830000027e+00
4.009999999999999893e-04 1.616649589050000113e+00 -1.160432287900000498e-02 -1.600761081389999951e+00
4.020000000000000136e-04 1.082819989999796173e-03 -1.614521112869999886e+00 -1.613595758029999772e+00
4.056999999999999951e-04 -1.613042913851999938e+00 -1.413419607999923805e-03 -1.614832229766999916e+00
4.077999999999999919e-04 -9.790323280001382404e-04 -1.614331216033000338e+00 -1.614910183337099792e+00
4.176000000000000133e-04 -1.614325471979999982e+00 -1.614970850849999806e+00 -1.681657555899940260e-03
4.321999999999999887e-04 -2.140006960000043722e-03 -1.617730509126000360e+00 1.613883857200000049e+00
4.352000000000000074e-04 1.705122769999963418e-03 1.619651257206000006e+00 -1.617343757200000010e+00
4.403000000000000230e-04 -1.596221839512000029e+00 1.594542501519999878e+00 -5.774090099999566739e-04
4.569999999999999952e-04 -1.613136135437999830e+00 -1.595295833450000034e+00 2.516456300000395434e-04
4.574000000000000049e-04 1.589488890569999979e+00 -1.599505027320000217e+00 -6.614839900000067056e-04
4.633999999999999881e-04 -1.606533130299999890e+00 -1.129344876200003012e-02 -1.615473705165000107e+00
4.756000000000000136e-04 1.613159348169999951e+00 1.611134282475999768e+00 -2.864938014999951835e-03
4.825000000000000187e-04 1.614021384319999974e+00 1.614451433633999677e+00 -7.965346099999463889e-04
4.825000000000000187e-04 -1.612827557310000159e+00 1.614752043480000232e+00 -2.909434200000130628e-04
4.998000000000000055e-04 1.595667751699400227e+00 6.285505499996069112e-04 -1.595338433499999820e+00
5.016000000000000493e-04 1.077466582600011824e-02 1.616514009620000358e+00 -1.625462690900000506e+00
5.044000000000000089e-04 -1.108731768999984824e-02 -1.623888901600000212e+00 1.627240791129999753e+00
5.129000000000000529e-04 -1.603324244233999885e+00 -1.614372418717999746e+00 -1.317605599000013818e-02
5.155999999999999559e-04 1.595516167191000090e+00 2.230332149998309581e-04 1.595242585790000112e+00
5.201999999999999593e-04 1.097871493899993389e-02 -1.616375926757000148e+00 1.623870674220000421e+00
5.347999999999999889e-04 -1.612827239440000060e+00 -2.394589479999782462e-03 1.616076371839999748e+00
5.370999999999999906e-04 -1.614795823359999938e+00 -1.614252716041999935e+00 1.534782429999947918e-03
5.393000000000000441e-04 -2.109465719999934277e-03 1.612697614819999625e+00 -1.611998029180000014e+00
5.607000000000000222e-04 -1.155846460000331533e-03 -1.615508862855000061e+00 -1.616408854269999917e+00
5.676999999999999755e-04 8.353009300004479373e-04 1.619463572384999939e+00 1.618076234830000182e+00
5.701000000000000338e-04 1.612777627915999545e+00 -2.119526180001402721e-04 1.613565688389999586e+00
5.844999999999999502e-04 1.614353019874000594e+00 -1.613411897321999966e+00 1.921707300001160995e-04
5.934000000000000039e-04 -1.612987426469000507e+00 -1.467259189999794815e-03 -1.613718369799999941e+00
5.973999999999999927e-04 1.482783489999838118e-04 -1.614522911115000570e+00 -1.614063113723999798e+00
6.013999999999999815e-04 -5.300338400000272846e-04 1.612589392379999875e+00 -1.614743797595999952e+00
6.068000000000000043e-04 -1.614128222759999787e+00 9.427754189997340772e-04 1.611099204355999959e+00
6.156999999999999496e-04 -5.530443299999097083e-04 -1.595191166679999828e+00 -1.595558778101999753e+00
6.424000000000000023e-04 1.614688840919999979e+00 -1.163478267700026117e-02 -1.624243365834000086e+00
6.474999999999999636e-04 1.675901000001422947e-04 1.595069840802000094e+00 -1.596158633489999978e+00
6.564999999999999655e-04 2.174210499999718049e-04 -1.587931629189999860e+00 -1.605117930900000101e+00
6.618000000000000401e-04 -1.616043179989999690e+00 -1.620679386190000182e+00 -1.425528028700012370e-02
6.637000000000000321e-04 1.612884499993999743e+00 -6.789577389999918410e-04 1.612548900046999911e+00
6.641000000000000418e-04 2.294922600000123825e-05 -1.614612182944999974e+00 -1.613334704011000209e+00
6.740999999999999596e-04 -1.613376602260000237e+00 -1.613161138519000115e+00 -1.331364246999894307e-03
6.809999999999999647e-04 7.590284700000338169e-04 -1.596809131271000215e+00 1.596454549756999963e+00
6.834000000000000231e-04 -1.449650490000059001e-03 -1.613779137799999930e+00 -1.594325879836000048e+00
6.867000000000000491e-04 2.558276400000383463e-04 -1.602714962260000320e+00 1.594021126812999789e+00
7.045999999999999963e-04 1.616020255274999817e+00 1.598362434931400067e+00 9.853202884000114570e-03
7.259000000000000261e-04 -1.624465813235000056e+00 -1.599716164326000056e+00 -1.134467992400012629e-02
7.336000000000000507e-04 -2.365121300000304089e-04 -1.613422022509999998e+00 -1.594207745157000256e+00
7.336999999999999989e-04 -5.222149299999557463e-04 -1.603386171969999996e+00 -1.600597749159999861e+00
7.378000000000000443e-04 -1.616771695940000031e+00 1.597984350689999777e+00 -1.158530080539996870e-02
7.623000000000000435e-04 1.624752228900000040e+00 -1.600071035989999668e+00 1.263815613539993887e-02
7.919000000000000041e-04 -1.616649675779999962e+00 -1.321030120999988275e-02 -1.623653640299999923e+00
7.946000000000000155e-04 -1.615394509819999769e+00 -2.094043309999932267e-03 1.611278438047999861e+00
8.011000000000000109e-04 -1.596778921240000093e+00 1.596092407943100255e+00 -2.631878936000919388e-04
8.069000000000000434e-04 -8.953073444599807251e-03 1.604206050642899894e+00 1.598350608339000001e+00
8.109000000000000322e-04 -2.090443310000002653e-03 1.605947812680000197e+00 1.605743518456999697e+00
8.109000000000000322e-04 -1.619815753610000186e+00 -1.600125436891000064e+00 1.378245821800009804e-02
8.254000000000000052e-04 -1.595908970280000005e+00 7.821166329999452299e-04 1.596098867572000035e+00
8.275999999999999503e-04 -1.606064165420000300e+00 -1.151182600000848211e-05 1.605682369390000197e+00
8.283000000000000215e-04 -1.515550341999991751e-02 -1.617744507715999980e+00 -1.598786431601999958e+00
8.369000000000000137e-04 -2.391991944000014005e-03 -1.615696042680000222e+00 -1.611593107065000030e+00
8.377999999999999814e-04 1.612701146390000062e+00 1.613582597996100265e+00 -1.941638247000108172e-03
8.612000000000000080e-04 1.614338054199999650e+00 -2.276447410004328251e-05 -1.614061593135999395e+00
8.706999999999999679e-04 1.617225615330000199e+00 1.472702007999993241e-03 1.612201503116999834e+00
8.909999999999999734e-04 5.571774399997933905e-04 1.613689239760000227e+00 -1.613616839160000094e+00
8.915000000000000398e-04 1.595588776720000102e+00 1.596117650000000054e+00 -2.023731980000942343e-04
8.955999999999999768e-04 -1.600132067820000170e+00 1.303764473399990353e-02 -1.616516105580000140e+00
9.012000000000000045e-04 1.595428553420000117e+00 1.596013598939999945e+00 -5.683605179999940945e-04
9.077999999999999481e-04 -1.608257307329999941e+00 -1.607268774150000246e+00 -1.979958478000098682e-03
9.324000000000000040e-04 1.614120403507999901e+00 2.429391875999942219e-03 -1.612648074433999934e+00
9.351000000000000154e-04 1.597103139541999894e+00 1.594996243503999711e+00 -9.574431500000168439e-04
9.420999999999999687e-04 1.604865906592300107e+00 -1.587451086600000005e+00 -7.820423489999974581e-04
9.573999999999999611e-04 9.948653345000016412e-03 1.589313156474999822e+00 -1.598746986771000245e+00
9.736000000000000296e-04 3.448477320000042663e-03 1.610074706690399760e+00 1.590362259363999886e+00
9.826999999999999798e-04 2.862161100001354638e-04 -1.590580615021400135e+00 1.600589895870000001e+00
9.970999999999998961e-04 -1.604106846630000360e+00 -1.607505083890000463e+00 8.823501959000189243e-03
1.003999999999999901e-03 -9.486924899999932964e-03 1.607541648466000561e+00 -1.613815348450299725e+00
1.005000000000000034e-03 -1.960909859999975576e-03 -1.616088994391000178e+00 -1.614074737809999771e+00
1.007999999999999998e-03 1.595096890299999792e+00 1.595422303640999573e+00 -6.446118899998795788e-04
1.018000000000000025e-03 9.872514269999943179e-03 -1.593487324865999977e+00 -1.604743982680000070e+00
1.026999999999999918e-03 -1.611743899709999983e+00 -5.135461097000068587e-03 -1.626853877591999620e+00
1.031999999999999931e-03 -1.949384999999998359e-03 -1.614008833194999992e+00 -1.613590187585999924e+00
1.033999999999999980e-03 -1.615417563980000359e+00 1.610593477883399904e+00 -3.009751022000244254e-03
1.039999999999999909e-03 -3.582152599999888221e-04 1.595396736164599982e+00 -1.596157117560000227e+00
1.044000000000000006e-03 2.279591000003966528e-05 -1.607451431732000113e+00 1.606998591950000055e+00
1.046000000000000055e-03 -7.362032400000662058e-04 1.613854161112000085e+00 1.613071735739999735e+00
1.051999999999999984e-03 1.384852770000083444e-03 -1.616590801580000125e+00 -1.618286347379999768e+00
1.052999999999999900e-03 -9.997303500001442078e-04 1.614330673659999826e+00 -1.614868546049999853e+00
1.054999999999999948e-03 -1.614036750419999944e+00 1.203079710000050200e-03 -1.615169572320000135e+00
1.054999999999999948e-03 -1.614978836349999947e+00 -1.612991500608000006e+00 -1.308591190000013560e-03
1.056000000000000081e-03 1.610359283409999787e+00 -1.616516799170999885e+00 -1.334990309999950497e-03
1.072999999999999952e-03 1.599578696890000096e+00 2.971719221000063138e-03 -1.595932411597999812e+00
1.072999999999999952e-03 1.610416442619999833e+00 1.998784207999985268e-03 -1.608881153192000202e+00
1.080000000000000014e-03 1.082229064000005819e-02 1.611617399290000030e+00 -1.625194500350000126e+00
1.080000000000000014e-03 -1.060853816000005556e-02 -1.618754169650000296e+00 1.627731261769999938e+00
1.100999999999999982e-03 1.622505336820000199e+00 1.610491606530000119e+00 -1.376531252299997149e-02
1.106999999999999911e-03 1.880618359999921066e-03 -1.612801135835999933e+00 1.612821471810000018e+00
1.111999999999999924e-03 -1.611915866769999983e+00 -1.717928240000173457e-04 1.614782408960000026e+00
1.115000000000000106e-03 -6.137461300002311493e-04 1.615336554770000266e+00 -1.614854709289999857e+00
1.116999999999999937e-03 -1.596149451860000124e+00 1.595443475699999780e+00 4.614877399997604785e-04
1.118000000000000070e-03 1.600425654739999981e+00 1.313278866700013335e-02 -1.616319572080000100e+00
1.118000000000000070e-03 -3.013643499998820870e-04 1.614611746873999998e+00 1.612567999320000167e+00
1.118999999999999986e-03 1.613929592400000335e+00 1.615138838799200061e+00 -9.162370000008750355e-05
1.132999999999999893e-03 -1.613971450980000055e+00 2.040471388600001434e-03 -1.613312084759999987e+00
1.147000000000000016e-03 3.440860000002458549e-05 1.614416895278000030e+00 1.612871149060000064e+00
1.147999999999999932e-03 1.594944033824000185e+00 4.961816589999223925e-04 -1.595613504762999790e+00
1.149999999999999981e-03 1.624092349145999759e+00 -1.615140652558999967e+00 -1.057271926700013853e-02
1.152999999999999945e-03 1.098575759999997903e-03 1.616755311953999907e+00 -1.613645424570000042e+00
1.154999999999999994e-03 1.472528180000010631e-03 1.612214544456999743e+00 1.610965742100000098e+00
1.160000000000000007e-03 -1.613769581440000156e+00 1.614616011409999885e+00 -4.481493599999717900e-04
1.172999999999999998e-03 1.613033532764999833e+00 1.039627689999877546e-03 1.613870312480000013e+00
1.173999999999999913e-03 1.613723632554999954e+00 -1.612769047547999879e+00 9.745171100001082456e-04
1.188000000000000037e-03 4.427053820000304007e-04 1.595094136034999943e+00 -1.595048753389999963e+00
1.191000000000000001e-03 9.955763080000956666e-04 1.609876130545000450e+00 1.589124583542000035e+00
1.191999999999999917e-03 -1.616699085989999674e+00 1.618993853999000088e+00 8.859815077999804583e-03
1.209999999999999921e-03 -9.386582899999773577e-04 -1.611956762414999966e+00 1.613813239409999767e+00
1.216999999999999983e-03 -1.614246300310000048e+00 1.614045374349000195e+00 1.304525429999996286e-03
1.219999999999999947e-03 -1.491584750000024551e-03 -1.613714082948999984e+00 -1.612914783049999912e+00
1.221999999999999996e-03 -1.614646770900000528e+00 1.060368999972487094e-05 -1.614239065189999822e+00
1.231000000000000106e-03 -1.102417649999810987e-03 1.613643531202000325e+00 1.612694021479999851e+00
1.232000000000000022e-03 -1.596069184360000115e+00 -1.595042409012000117e+00 -4.121444899999444043e-04
1.232999999999999938e-03 -1.625171624299999618e+00 -1.045799372700015328e-02 -1.615791231380000248e+00
1.234000000000000071e-03 1.627136276779999946e+00 1.033295287031995094e-02 1.623069596550000160e+00
1.240000000000000000e-03 -1.626281680499999993e+00 1.603269658959999955e+00 -2.767130999999922736e-04
1.242000000000000048e-03 -2.872436080000095870e-03 1.614077668654999798e+00 1.615028388560000083e+00
1.255999999999999955e-03 -1.613452798830000035e+00 -1.990198230399950301e-03 -1.614385476660000096e+00
1.268000000000000030e-03 -1.616520260759999994e+00 2.767464405399971267e-03 1.613223745791999786e+00
1.268000000000000030e-03 -1.596267555610000111e+00 1.595309148879999972e+00 6.869620799992547794e-05
1.275000000000000092e-03 1.597450175740000144e+00 1.285355329499998298e-02 1.618404341820000036e+00
1.276000000000000007e-03 1.615421537759999859e+00 1.487759384999779843e-03 1.612983773560000111e+00
1.278999999999999972e-03 1.616084841790000226e+00 1.765295056999972943e-03 -1.610339979338000216e+00
1.278999999999999972e-03 1.613712445259999573e+00 1.613436958273000155e+00 -9.308513319999972731e-04
1.280000000000000105e-03 1.615875378378000438e+00 -1.614150217160000178e+00 1.159828071000079848e-03
1.294999999999999927e-03 1.614730969929999649e+00 1.614635548379999896e+00 -1.037681921000010998e-03
1.299000000000000024e-03 1.615115997113999668e+00 -1.613389150327999788e+00 -1.871443800000732738e-04
1.335999999999999948e-03 1.615646482418000129e+00 -2.945144819999349255e-04 1.613945205207000244e+00
1.342000000000000094e-03 1.502867100999853191e-03 1.613216222280000167e+00 1.615131437503000367e+00
1.345000000000000058e-03 -1.644190140999920741e-03 -1.616446422279999906e+00 -1.618206063763000024e+00
1.355000000000000085e-03 -1.614280690229999982e+00 1.615669178784000071e+00 2.048771764999885933e-03
1.369999999999999907e-03 1.614059505180000187e+00 1.613300473925999512e+00 2.744345780001168937e-04
1.381000000000000066e-03 -1.595379046919999988e+00 5.376810600002945861e-04 -1.595119534539999773e+00
1.405999999999999915e-03 -1.073084865999975046e-02 1.617140164759999665e+00 -1.624893105150000405e+00
1.415999999999999941e-03 -5.262789399999301398e-04 1.615070435030000251e+00 1.612319963324000183e+00
1.425000000000000051e-03 1.613048397201000128e+00 -1.610931187099999828e+00 -6.484002640000652296e-04
1.449999999999999900e-03 -1.619979945130999965e+00 1.618234775819999971e+00 8.392277489999711015e-04
1.453000000000000081e-03 -1.615623296449999913e+00 -1.614651079529999755e+00 9.922593500006487988e-05
1.471000000000000085e-03 -9.272677900000469986e-04 1.613752529270000124e+00 1.614105177836000049e+00
1.489000000000000089e-03 1.612754968257000154e+00 1.614271434020000173e+00 9.003887103000287684e-04
1.490999999999999921e-03 -1.615982189056999863e+00 -1.617174448299999678e+00 -8.621037302998928479e-04
1.502999999999999996e-03 -9.652755800000634157e-04 -1.614141388649999787e+00 -1.611835221380000016e+00
1.518000000000000035e-03 -1.614768875230000234e+00 1.614953999369999948e+00 -6.883336140002787457e-05
1.521999999999999915e-03 -1.614665952740000243e+00 1.613344138889999613e+00 -7.055752785999581597e-04
1.525000000000000097e-03 -1.615600613869999869e+00 1.655542920000002693e-03 -1.615326168590000000e+00
1.529999999999999893e-03 1.611778304979999632e+00 1.613721713939999969e+00 -1.983536249999902010e-03
1.531999999999999942e-03 -1.595497033109999574e+00 4.463984100001210705e-04 -1.595834592703000210e+00
1.544999999999999932e-03 -1.607875798619999852e+00 -8.469440600002708930e-04 -1.612028351216999944e+00
1.551999999999999994e-03 1.588218929070000174e+00 1.226467179999968238e-03 -1.602439595950000406e+00
1.564999999999999985e-03 7.369953839999941400e-03 1.616630451099999810e+00 -1.627224183979999905e+00
1.572999999999999962e-03 -7.198101819999943099e-03 -1.623973980549999752e+00 1.628900523759999830e+00
1.575999999999999927e-03 1.609561923929999860e+00 -1.604787983580000077e+00 -1.210974749999976785e-02
1.588000000000000002e-03 -1.590130142949999881e+00 -7.886876519999990245e-03 -1.596765545389999819e+00
1.588000000000000002e-03 1.604019262300000026e+00 1.616155708219999987e+00 -1.356703552200000731e-02
1.606000000000000006e-03 9.193809100000839910e-04 -1.598596526690000186e+00 1.593671883429999880e+00
1.613000000000000067e-03 1.617935119245399900e+00 -1.624582495906799817e+00 1.082977797999997924e-02
1.614999999999999899e-03 2.059454445998334243e-04 -1.595514312313199845e+00 1.595386412789999930e+00
1.626000000000000058e-03 1.616531313231999833e+00 1.600059510599999957e+00 1.269525532999990144e-02
1.634000000000000036e-03 -1.624534537782000188e+00 -1.601058885090000050e+00 -1.395409846000006567e-02
1.642000000000000013e-03 -1.617153174049999809e+00 -1.404763792000010732e-02 -1.600591887729999829e+00
1.657999999999999969e-03 5.454927299999579038e-04 -1.614578374930000226e+00 1.613237269630000359e+00
1.665999999999999946e-03 1.612804330629999949e+00 -1.711102737999827851e-03 1.614254064169999836e+00
1.685000000000000083e-03 -1.615428872669999905e+00 7.381052279999125373e-04 -1.616531507429999959e+00
1.686999999999999915e-03 1.613208692209999739e+00 -1.560000109999865742e-03 -1.613075172240000299e+00
1.696000000000000025e-03 2.820843500000336668e-04 1.594642693730000005e+00 1.595668811870000425e+00
1.698999999999999989e-03 -4.499582400000698163e-04 -1.592443373070000501e+00 1.608972357499999895e+00
1.704999999999999918e-03 -3.434826799999385078e-04 1.598707273070000268e+00 -1.617133989070000055e+00
1.773999999999999969e-03 1.616073689610000308e+00 1.183497423999978204e-02 -1.602592704969999948e+00
1.776999999999999934e-03 1.857660149999943583e-03 -1.612855432529999966e+00 1.615182843719999983e+00
1.781999999999999947e-03 -1.595012708320000083e+00 -3.244706599997257586e-04 -1.595212531810000112e+00
1.783999999999999996e-03 1.601143055880000166e+00 1.615120119840000035e+00 -1.125351594799989946e-02
1.799000000000000035e-03 -1.613681766799999417e+00 4.672558400001048176e-04 -1.613626418450000433e+00
1.809999999999999977e-03 1.595237823432999802e+00 1.595819322709999932e+00 -6.048387900000464033e-04
1.819000000000000087e-03 8.033662316999822667e-03 1.604547545550000009e+00 1.597492484839999838e+00
1.835999999999999958e-03 -9.673989646999931954e-03 -1.616314040240000027e+00 -1.612590884839999905e+00
1.838999999999999923e-03 1.056671999699987374e-02 1.625247857440000221e+00 -1.616767773949999931e+00
1.845000000000000069e-03 -1.090241594699994931e-02 -1.626951205170000136e+00 1.624170107439999899e+00
1.846999999999999901e-03 1.124579290699992407e-02 -1.600982568550000096e+00 -1.616704690219999740e+00
1.846999999999999901e-03 -1.612949556099999793e+00 -1.613170973939999975e+00 -1.514475160000011873e-03
1.856000000000000011e-03 1.616218364749999914e+00 1.616405616200000228e+00 6.334596699999616061e-04
1.861999999999999940e-03 1.614231168919999959e+00 1.614515655360000190e+00 -1.142548639999917603e-03
1.863000000000000073e-03 -1.614578649900000107e+00 8.774250539969608020e-05 1.611652140640000397e+00
1.876000000000000063e-03 1.861430680000040723e-03 1.597890811474600214e+00 1.600133966110000028e+00
1.877999999999999895e-03 1.615600610435999895e+00 1.625177508520000202e+00 1.231951322000001195e-02
1.887000000000000005e-03 -1.622833340745999831e+00 -1.627180082170000208e+00 -1.200283202000010721e-02
1.892999999999999934e-03 -1.616428214869999769e+00 1.188666686410011844e-02 1.625585460483000233e+00
1.899999999999999996e-03 -1.163497179999995476e-03 1.615335381739999798e+00 -1.611846844643000098e+00
1.902000000000000045e-03 -8.012453000001012755e-04 -1.612699396240000471e+00 -1.613037164019999858e+00
1.902000000000000045e-03 7.553509299998636961e-04 1.617935196590000402e+00 1.617561072355000018e+00
1.904000000000000093e-03 -9.230562399998559330e-04 -1.613017896590000611e+00 -1.613199172355000099e+00
1.923000000000000013e-03 1.610862923060000007e+00 1.104422560000138144e-03 1.614111014780000186e+00
1.925999999999999978e-03 2.651003120000037985e-03 1.614520973890000377e+00 -1.614807172809999969e+00
1.926999999999999894e-03 1.718174999999217811e-04 -1.613218213090000575e+00 -1.613514102340000145e+00
1.928000000000000026e-03 -1.615059090970000000e+00 6.466073799998306448e-04 -1.614156648359999835e+00
1.938999999999999968e-03 -7.238790000010540335e-05 1.594360292610000229e+00 1.594226758339999384e+00
1.946000000000000030e-03 3.669687750000044310e-03 -1.605144499960999838e+00 -1.608724615169999872e+00
1.948000000000000079e-03 -5.950313200000778568e-04 -1.595691777178999793e+00 1.595565697129999627e+00
1.966999999999999998e-03 1.617546139749999945e+00 1.600549906160000369e+00 9.208461820000547748e-03
1.971999999999999795e-03 1.613269572011999831e+00 -1.613804124800000128e+00 9.821802900001244240e-04
1.981999999999999821e-03 5.761103120001664912e-04 1.595087171140000315e+00 -1.595449361700000068e+00
1.992999999999999980e-03 -1.616992992514000083e+00 1.088124108999974360e-02 1.598079956905899657e+00
1.994000000000000113e-03 -1.596630142292000176e+00 1.596265878660000137e+00 -1.783135745899844422e-03
2.007000000000000103e-03 -1.234803806799995504e-02 1.625146991479999858e+00 -1.615938091819999922e+00
2.011999999999999900e-03 1.594417725766999805e+00 -1.595037555553999509e+00 -4.351663900000841620e-04
2.014999999999999864e-03 1.075365459999997469e-02 -1.622705303035999691e+00 1.614563284420000189e+00
2.020999999999999793e-03 1.595325573509999817e+00 -1.228341380000235253e-03 1.597019013849999780e+00
2.021999999999999926e-03 1.612247601767999861e+00 -1.603275409890000169e+00 1.120567628999995929e-02
2.023000000000000059e-03 5.649401090000001451e-03 -1.602398052247000049e+00 -1.595863340450000001e+00
2.033999999999999784e-03 -1.611278865705999763e+00 -1.668353929000007674e-02 1.603057574019999931e+00
2.033999999999999784e-03 -1.618019015233999935e+00 -1.717773100000027919e-04 -1.615753348190000160e+00
2.037999999999999881e-03 -1.319756000000113678e-03 -1.614433000579999611e+00 -1.613939041409999664e+00
2.037999999999999881e-03 1.613853355525999955e+00 -1.745332409999926417e-03 1.613666263550000091e+00
2.043000000000000111e-03 7.019677339999502936e-04 -1.614627906659800161e+00 -1.613910843160000219e+00
2.064999999999999995e-03 -1.247345879999962621e-03 1.613153533974799991e+00 1.617899144010000123e+00
2.066999999999999827e-03 1.220537108000074216e-03 1.594079915655000068e+00 -1.594819893479999973e+00
2.075000000000000022e-03 1.616561992393999780e+00 -1.601335423890000165e+00 -1.167496157999987211e-02
2.077999999999999986e-03 9.133822800028889482e-05 -1.595659262802000100e+00 -1.595649823800000089e+00
2.083999999999999915e-03 1.430623789999957169e-03 -1.613318653288599913e+00 -1.611202076199999889e+00
2.093999999999999941e-03 1.615899633369999977e+00 -8.423576801000143277e-03 1.601854200171999754e+00
2.099000000000000171e-03 2.106037987999980279e-03 -1.615530998505999793e+00 1.612127349649999930e+00
2.099999999999999870e-03 -1.788884678000109531e-03 1.618553271745999833e+00 -1.616085149649999941e+00
2.105999999999999799e-03 -1.595497238619999703e+00 1.594217143174000206e+00 -5.053253400001322601e-04
2.126999999999999984e-03 -1.604877551030000404e+00 1.604560990229999762e+00 -2.822871799997915369e-04
2.129999999999999949e-03 -1.608928578699999612e+00 1.612586998010000050e+00 -1.733786879999962187e-03
2.147000000000000037e-03 -1.051690610000008408e-02 -1.602367401359999999e+00 -1.615944000000000269e+00
2.154999999999999798e-03 -1.595299096198000033e+00 -1.594875370685200133e+00 -1.285503883999906168e-03
2.161000000000000160e-03 1.592518187312000233e+00 -1.611129798890800213e+00 -1.399852613000074353e-03
2.183000000000000045e-03 2.418562596000026644e-03 -1.601210774263999603e+00 1.596471887779999932e+00
2.190000000000000106e-03 -1.614967356289999989e+00 1.597654369405999919e+00 1.314529347000006898e-02
2.194000000000000204e-03 -1.616130742479999771e+00 7.457496339997333329e-04 1.615587019830000415e+00
2.201999999999999964e-03 -1.596683548000000119e+00 -1.596810222270000246e+00 1.718440999987080886e-05
2.207000000000000194e-03 1.599487480080000079e+00 -1.244355290999984986e-02 -1.615173190140000159e+00
2.211999999999999991e-03 -1.595974053279999971e+00 -1.595503735240000331e+00 4.181239599998129962e-05
2.213999999999999822e-03 -1.248553348999969191e-02 1.602229858092000025e+00 1.617552230769999877e+00
2.230000000000000211e-03 -2.709735600004159212e-04 1.613152583662999850e+00 1.614166164919999868e+00
2.239000000000000105e-03 -1.613494839450000162e+00 4.444767959999202387e-04 -1.613647164920000154e+00
2.240999999999999936e-03 1.594116400919999732e+00 1.596173489609000073e+00 6.043331599999424153e-04
2.246000000000000166e-03 1.102067407000004683e-02 -1.600840763010999979e+00 -1.617162600000000117e+00
2.259999999999999856e-03 -1.613502373830000280e+00 1.010866010003053095e-04 -1.614595400000000014e+00
2.271000000000000015e-03 -3.665076799997995984e-04 -1.595508804410000092e+00 1.594621636739999682e+00
2.278000000000000077e-03 3.357342399999043575e-04 1.607219795084000147e+00 -1.606901036739999844e+00
2.288000000000000103e-03 1.612243602930000019e+00 1.614113559035999845e+00 -2.887791491000102351e-03
2.291000000000000068e-03 -1.615665602930000055e+00 -1.616885991145999846e+00 2.620705673000101044e-03
2.292999999999999899e-03 -2.822769100000318502e-04 -1.595709741464000242e+00 -1.596069599999999866e+00
2.305999999999999890e-03 1.597290222799999881e+00 1.586450720990000285e+00 -9.422092316999950562e-03
2.315999999999999916e-03 1.605254908112999868e+00 1.602750440544999710e+00 -2.694982999999999320e-03
2.315999999999999916e-03 -1.600162655702999759e+00 1.268216488499994757e-02 1.612672897290000185e+00
2.320000000000000014e-03 1.426769530000160987e-03 -1.595734675370000133e+00 1.596773120076999675e+00
2.320000000000000014e-03 1.617477053279999577e+00 -1.009167197899987767e-02 1.624374474999000117e+00
2.340000000000000066e-03 1.593956130392700121e+00 -1.868250062799919897e-03 1.597761282983999997e+00
2.348999999999999960e-03 1.401902324529993513e-02 1.614893043941800110e+00 -1.599742925829999995e+00
2.357999999999999853e-03 3.585435319997942738e-04 -1.612880561320000128e+00 -1.612068433809999979e+00
2.360999999999999818e-03 -1.614437093709999438e+00 -1.613151573943999884e+00 2.870499800002859411e-05
2.364000000000000216e-03 1.594577734660000079e+00 -1.567620466000006416e-03 -1.596367010599999636e+00
2.367999999999999879e-03 1.623836562416000051e+00 1.614938751882000423e+00 -1.166143407999995114e-02
2.386999999999999799e-03 -1.626033711145999927e+00 -1.622248929792000416e+00 1.152226238099997996e-02
2.392000000000000029e-03 1.623821458952999786e+00 1.615058618390000422e+00 -1.171127082000003594e-02
2.393999999999999861e-03 1.614956117567000415e+00 2.404430099997578729e-04 1.612757046220000490e+00
2.432999999999999833e-03 -1.612789107809999845e+00 -1.614757567760000345e+00 2.040623509999913050e-03
2.438000000000000063e-03 1.614200297412999863e+00 -1.955262782999400706e-04 -1.614002572020000192e+00
2.445000000000000125e-03 6.906158520003369272e-04 -1.613650409871699942e+00 -1.614368399999999593e+00
2.445000000000000125e-03 3.889723149999887823e-04 -1.615137107719999854e+00 -1.614937499999999915e+00
2.467000000000000009e-03 1.612568066339999939e+00 1.611268688247000203e+00 -1.289440619999943083e-03
2.478999999999999867e-03 1.048999989999996590e-03 -1.613628683117000140e+00 1.614561981100000043e+00
2.482999999999999964e-03 8.850858530000281152e-04 1.613261260709999867e+00 1.614620251129999851e+00
2.484000000000000097e-03 1.614081022547000366e+00 4.367302900001313049e-04 1.614794000399999874e+00
2.511999999999999910e-03 -1.617237060047000075e+00 1.085774199998390532e-04 -1.618019300400000304e+00
2.516000000000000007e-03 3.818526700004581248e-05 -1.595583830149999827e+00 -1.594764373569999893e+00
2.518999999999999972e-03 1.612328570459999888e+00 -1.364977690700010064e-02 -1.623734799999999812e+00
2.520999999999999804e-03 1.601905873159999993e+00 1.598117923540000263e+00 1.745205340000033876e-03
2.521999999999999936e-03 1.295544792400005543e-02 -1.603403789990000217e+00 -1.616242599999999641e+00
2.523000000000000069e-03 -1.596192452935000006e+00 4.782512310000077739e-03 -1.596724199999999705e+00
2.533999999999999794e-03 1.602667925275999883e+00 1.616840431369999997e+00 -1.192207173200005021e-02
2.536000000000000060e-03 -1.031790259999643979e-04 -1.595601016700000097e+00 1.593983689900000167e+00
2.546999999999999785e-03 -1.596758174140000097e+00 -7.872671549999862850e-03 1.602638357360999688e+00
2.553000000000000148e-03 -1.626010959769000230e+00 1.612990501010600042e+00 1.250941928899995323e-02
2.586000000000000191e-03 1.611450094618999795e+00 1.049209868000155858e-03 -1.612161016469999986e+00
2.596999999999999916e-03 1.613592679930000440e+00 9.029731713997282347e-04 1.613536873509999747e+00
2.605999999999999810e-03 -1.612733302430000126e+00 3.329415719999808104e-04 1.613850444720000166e+00
2.606999999999999942e-03 4.901415999997702812e-05 1.595321081968000154e+00 -1.594981235909999739e+00
2.608000000000000075e-03 -1.598292572127000044e+00 1.604480355359999999e+00 -8.129150221000150389e-03
2.609999999999999907e-03 -1.605918738908999721e+00 1.605852020329999963e+00 -1.076556775999965021e-03
2.618999999999999800e-03 -1.630744890207999731e+00 1.631517493309999622e+00 9.000137600000022390e-04
2.625000000000000163e-03 -1.396175825999970612e-03 -1.616924521699999229e+00 1.613238404850000141e+00
2.629999999999999959e-03 -1.614086162879999842e+00 -1.614032683429999837e+00 6.675273889995060085e-04
2.634000000000000057e-03 -6.293155300002468977e-04 -1.596051409550000022e+00 1.595453111354000253e+00
2.635000000000000189e-03 -1.615768803219999716e+00 -1.224798465999973884e-02 1.624219918655999573e+00
2.638999999999999853e-03 1.593834017969999906e+00 1.596023763220000280e+00 2.103952259999960876e-03
2.641000000000000118e-03 -1.606418519430000025e+00 -1.606743958441000375e+00 -2.272081289999931201e-03
2.648999999999999879e-03 1.611396726519999545e+00 -6.992012510000132977e-04 -1.611060881910000520e+00
2.680999999999999790e-03 -5.149461599997548315e-04 1.594974728222000149e+00 -1.595331047729999785e+00
2.697000000000000178e-03 1.358126760000290647e-03 -1.594192524559999935e+00 -1.613995852269999975e+00
2.710000000000000169e-03 -1.617217916149999768e+00 -5.143004480000051490e-03 1.604890905679999813e+00
2.733999999999999885e-03 1.613010500630000177e+00 -4.101412670001261529e-04 1.613311881630000055e+00
2.740999999999999947e-03 -1.613464523349999791e+00 2.396576900034162738e-05 1.614280489219999781e+00
2.768000000000000061e-03 -4.003470100003353113e-04 1.613625740740999071e+00 1.615484317489999988e+00
2.809999999999999998e-03 1.594730432680000032e+00 4.920236970002572763e-04 1.595871044549999507e+00
2.831000000000000183e-03 1.605026116381000456e+00 3.957853600001083431e-04 1.605905428299999826e+00
2.834999999999999847e-03 -1.599655096837999890e+00 -1.616523602321000119e+00 1.321412803999992905e-02
2.840000000000000076e-03 1.614639241396999658e+00 -1.614502023948999998e+00 1.374958990000008530e-03
2.840000000000000076e-03 -1.618266915837000219e+00 1.614756632745000253e+00 -7.652820000023314098e-06
2.850000000000000103e-03 1.762482089999933832e-03 1.601107753874999595e+00 -1.594768633409999969e+00
2.857000000000000164e-03 1.615096696528999898e+00 1.624628104331000245e+00 -1.083172751700029954e-02
2.860000000000000129e-03 1.615295249250999987e+00 1.614198843058999522e+00 -4.101441200000340882e-04
2.869000000000000022e-03 -1.594909191589999331e+00 6.388033400003823026e-04 1.595125172840000438e+00
2.876000000000000084e-03 -1.065487562000034041e-02 -1.614606932609000234e+00 -1.600467694250000239e+00
2.880999999999999880e-03 1.612976256449000223e+00 -1.614605001040999799e+00 -3.359756699998633911e-04
2.919999999999999853e-03 8.162455309999314731e-04 -1.614769940490000000e+00 -1.613853405840000255e+00
2.932000000000000144e-03 4.309962299999890029e-04 -1.615004398369999983e+00 -1.614972715530000213e+00
2.964000000000000055e-03 -7.644669999806730232e-06 -1.615355736889999783e+00 -1.615030399999999977e+00
2.965999999999999887e-03 -4.572421000005339603e-05 -1.596345302399999611e+00 1.594503488189999985e+00
2.980000000000000010e-03 1.604194762666999896e+00 -9.719113365000055932e-03 1.611589592950000149e+00
2.982999999999999974e-03 -1.604602817645000012e+00 1.611363279177000063e+00 8.781292719999913426e-03
2.988999999999999903e-03 -1.615413605215999748e+00 1.200252299997637585e-04 -1.611930729770000070e+00
3.010000000000000089e-03 -1.613681866560000344e+00 1.615055963265000116e+00 -1.405529817000428228e-03
3.014000000000000186e-03 -1.616142116169999809e+00 7.751484749999136689e-04 1.614839693660000464e+00
3.017999999999999849e-03 -1.812011510000231373e-03 1.614173015045000215e+00 1.614849155319999952e+00
3.031999999999999973e-03 -1.614284422809999953e+00 1.178787947999874281e-03 1.615594741799999845e+00
3.033999999999999805e-03 1.612380977589999986e+00 6.809856840000066448e-04 1.615184391059999669e+00
3.037000000000000203e-03 1.614891096500000289e+00 3.937880649999543170e-04 -1.614955631980000028e+00
3.037999999999999902e-03 1.596000646259700062e+00 -1.595191160364999750e+00 3.223711399999284327e-04
3.053000000000000158e-03 1.626056396929300041e+00 -1.301463356700002794e-02 1.617281052859999901e+00
3.056999999999999822e-03 1.615535847030999950e+00 1.764408364600349340e-03 1.612873034030000152e+00
3.059000000000000087e-03 1.380859038000000838e-03 1.613718993904399657e+00 1.615133275369999843e+00
3.062000000000000052e-03 -1.612155983877999965e+00 2.362807000000910485e-04 -1.610918018170000243e+00
3.102000000000000157e-03 1.613597802088999833e+00 -1.611386309572000464e+00 -1.283642560000182280e-03
3.106999999999999953e-03 3.127198640000847327e-04 -1.614871762939999789e+00 1.613241411160000416e+00
3.142999999999999960e-03 1.613579322817000339e+00 -1.615213564045999917e+00 8.867980399998231719e-04
3.145999999999999925e-03 1.615115330980000152e+00 1.612338091065999901e+00 4.520868100002090311e-04
3.148000000000000190e-03 -1.615118427320000327e+00 1.614660321123000175e+00 -1.220710770001094854e-04
3.161999999999999880e-03 2.993414300001273620e-04 -1.595244203612999900e+00 -1.595348313643000004e+00
3.167999999999999809e-03 1.700345099999445164e-04 -1.611334349070000282e+00 1.595304371740000171e+00
3.176000000000000004e-03 -5.210632499999534595e-04 -1.602271840630000499e+00 -1.593686991710000278e+00
3.188999999999999994e-03 -1.616581394658999749e+00 -1.625717267669999355e+00 -9.641782699999684736e-03
3.194999999999999923e-03 -1.350292881000090704e-03 -1.615856412990000379e+00 1.612783135789999989e+00
3.197999999999999888e-03 -1.614147300419999986e+00 -1.615031156790000200e+00 1.430320000002371916e-04
3.201999999999999985e-03 -1.615562205229999826e+00 -1.176269719999859398e-03 -1.614633368479999609e+00
3.203000000000000118e-03 -9.764452700004033758e-04 1.594372083870000179e+00 -1.595865718650000264e+00
3.229999999999999798e-03 3.816201230001647904e-04 -1.606084379899999970e+00 1.609136909240000080e+00
3.232000000000000064e-03 1.026201756999550740e-03 1.596123887579999900e+00 -1.597511739389999796e+00
3.233999999999999896e-03 -1.617328680119999973e+00 -1.601307457460000139e+00 -1.307843800999991535e-02
3.248000000000000019e-03 -1.616710743239999859e+00 -1.613613144309999692e+00 -3.507702900001630208e-04
3.250999999999999984e-03 -1.616630804320000170e+00 -7.386306509998220773e-04 -1.615384932690000053e+00
3.262000000000000142e-03 -1.060363439999906232e-03 -1.614789100289999890e+00 -1.614566665519999944e+00
3.269999999999999903e-03 -1.595840740849999939e+00 -5.911041060000366129e-04 -1.595985692359999986e+00
3.289999999999999956e-03 -1.605148653319999674e+00 -7.215159029999658642e-04 1.586592091230000001e+00
3.298999999999999849e-03 1.593689295942999795e+00 -6.909488199999536118e-04 1.608491947890000162e+00
3.314000000000000105e-03 1.598995021337000111e+00 -1.474923200000363872e-04 1.601112601209999653e+00
3.315999999999999937e-03 7.526574599999780180e-03 -1.597595585205999758e+00 -1.586702616079999739e+00
3.320000000000000034e-03 -4.943766354000012075e-03 1.612318940195999861e+00 1.600482973413999810e+00
3.325999999999999963e-03 3.704244963999958618e-03 -1.597528859235999743e+00 -1.590509573873999827e+00
3.327000000000000096e-03 -1.611721160827300103e+00 -1.501496615399994239e-02 1.601135403799999857e+00
3.340000000000000087e-03 -1.121463142699941334e-03 1.613801012789999767e+00 1.614176035400000320e+00
3.361999999999999971e-03 -5.531881900000482771e-04 1.614721175140000353e+00 -1.612234137440000215e+00
3.363000000000000104e-03 -6.066149800000707887e-04 1.614912469847040066e+00 1.613687550150000094e+00
3.379000000000000059e-03 -1.613949002490000062e+00 1.113027691960062106e-03 -1.612895744150000255e+00
3.383999999999999855e-03 -1.232234220000044678e-03 1.614354128116800124e+00 -1.613964297569999706e+00
3.389000000000000085e-03 -1.613807440670000037e+00 -5.000716579991115133e-05 -1.614047999960000368e+00
3.393999999999999882e-03 -1.616680359329999650e+00 -1.613413299999000072e+00 -1.425162269999865564e-03
3.393999999999999882e-03 -3.129844219999665302e-04 1.595705819256999725e+00 1.595323777569999990e+00
3.408000000000000005e-03 1.614376245499999918e+00 1.157256844400011975e-02 -1.601488047299999717e+00
3.419000000000000164e-03 -1.613548281500000403e+00 2.285806149999653522e-04 -1.613603496479999677e+00
3.435999999999999818e-03 -1.614179903709999753e+00 1.116524100000694389e-04 -1.614553209780000165e+00
3.444000000000000013e-03 -1.614503699999999764e+00 -1.613370314006000061e+00 -2.916708884999926268e-03
3.445999999999999844e-03 -1.595178500000000277e+00 -1.599057638533999848e+00 -3.489582000000737011e-04
3.471999999999999826e-03 -1.193602055000025919e-02 -1.628080005564300325e+00 1.616106220649999869e+00
3.471999999999999826e-03 1.611789499969999984e+00 -1.076570914999940183e-03 -1.613374702240000014e+00
3.475999999999999923e-03 1.613946912579999893e+00 -1.305050964700099625e-03 1.613447162629999987e+00
3.481999999999999852e-03 1.616653348600000317e+00 1.614007268633999903e+00 3.415434400002022135e-04
3.484000000000000118e-03 5.646447099999195307e-04 1.596147810509999987e+00 1.596708041069999862e+00
3.484000000000000118e-03 1.618324021589999884e+00 1.625351588264000169e+00 1.013010772000012827e-02
3.488000000000000215e-03 1.613613279540000001e+00 -1.612405399513999971e+00 3.160308029999921078e-03
3.488999999999999914e-03 1.614567161390000116e+00 1.269284260001779518e-04 -1.613082626669999797e+00
3.494000000000000144e-03 -1.611789935220000025e+00 -1.337292720000019582e-03 -1.615135400000000221e+00
3.498999999999999940e-03 1.595764510750000253e+00 1.595204882480000030e+00 -7.060403259999958880e-04
3.510000000000000099e-03 1.612453317239999739e+00 1.614422946940000214e+00 -9.558054999988553624e-05
3.514000000000000196e-03 -1.597335962259999853e+00 6.177725197999936121e-03 -1.604801099999999980e+00
3.520000000000000125e-03 -1.598087579189999996e+00 1.486472245999926126e-03 1.589851412229999816e+00
3.523999999999999789e-03 1.609970132570000212e+00 -1.615682181800094088e-03 -1.599745112229999933e+00
3.527999999999999886e-03 -1.597866278620000191e+00 1.095183241799964173e-03 1.589613012229999844e+00
3.546999999999999806e-03 -1.606345883599999969e+00 9.520358509998069199e-04 -1.590339912229999708e+00
3.559000000000000098e-03 1.587085578430000199e+00 1.923128909999791310e-04 -1.603755899999999901e+00
3.566000000000000159e-03 1.615982284074000130e+00 1.618487614751400017e+00 -1.066214273999999129e-02
3.583999999999999946e-03 -1.618057369674000157e+00 -1.626487970785400083e+00 1.136193260999990295e-02
3.591000000000000008e-03 4.489770530000047888e-03 -1.614855118848000259e+00 1.599502564310000263e+00
3.602000000000000167e-03 1.613494703230000216e+00 -2.964295849999992738e-03 -1.614154896290000085e+00
3.618000000000000122e-03 1.388554350000106765e-03 1.613663525075999861e+00 -1.614610503710000255e+00
3.625000000000000184e-03 5.150956599998201234e-04 1.614591198235999947e+00 1.612558175400000016e+00
3.625000000000000184e-03 1.613788366070000091e+00 -1.612494881228500265e+00 3.046876499976543251e-05
3.627000000000000016e-03 8.698287100000062777e-04 1.613648582838499879e+00 -1.613526400000000027e+00
3.631999999999999812e-03 -7.997525000021945239e-05 -1.616825763266799720e+00 1.616485555490000170e+00
3.635999999999999909e-03 2.305674999963924776e-05 -1.596260439318200275e+00 1.596593886431000087e+00
3.638999999999999874e-03 3.112626800000434235e-03 1.592976143388999954e+00 1.607938743628999800e+00
3.640000000000000006e-03 1.617630249799999920e+00 -1.608530477406000081e+00 1.208294344999999437e-02
3.640000000000000006e-03 -1.623726149799999963e+00 1.608154959766000314e+00 -1.239185192999997520e-02
3.641000000000000139e-03 -1.621070981990000437e+00 1.617101824650000186e+00 1.067914468000008901e-02
3.651000000000000165e-03 3.532728879999789788e-03 -1.612425953822400393e+00 1.617113333979999901e+00
3.654999999999999829e-03 -1.595936006009999630e+00 2.311623754000860509e-04 -1.594999504839999638e+00
3.657999999999999793e-03 -1.165756592900021871e-02 1.615450567558000428e+00 -1.622860000000000191e+00
3.673000000000000050e-03 -1.812002929999791860e-03 1.616159105429999965e+00 -1.615549000000000568e+00
3.684000000000000209e-03 1.613700855630000319e+00 1.614224378119999859e+00 -2.203010779999931001e-03
3.686000000000000040e-03 1.399795369999928818e-03 -1.614566701131999960e+00 -1.613298300000000296e+00
3.687000000000000173e-03 -1.613597905279999800e+00 1.614977808162000317e+00 -2.055467329999993969e-03
3.699000000000000031e-03 1.611976649059999822e+00 -3.051093800002235845e-04 1.616042376999999863e+00
3.723000000000000181e-03 -1.613551977879999821e+00 1.614344648250999992e+00 6.276258420000787458e-05
3.732000000000000074e-03 -4.692054100002456592e-04 1.615178244485000025e+00 -1.613267800000000030e+00
3.762000000000000153e-03 -1.595554427310000190e+00 1.595753572384000174e+00 -4.168588500001457753e-04
3.765000000000000117e-03 -1.611812569140000040e+00 1.611198400170000156e+00 1.436202457999949302e-03
3.792999999999999931e-03 -1.216484230000007896e-02 -1.601786670313000149e+00 1.611693208150000167e+00
3.812999999999999983e-03 -1.596195462419999878e+00 -1.594772167176999655e+00 3.225456750001406709e-04
3.823000000000000009e-03 -1.228355452999999389e-02 -1.623581952370000137e+00 1.616891684180000066e+00
3.824999999999999841e-03 1.612699486729999965e+00 -1.708859099999955871e-03 1.614887241749999758e+00
3.827000000000000107e-03 1.614151040619999700e+00 1.612864365512999942e+00 2.023557720000291205e-03
3.833000000000000036e-03 -1.615005417819999955e+00 1.616610633507999939e+00 9.421050800000460232e-04
3.833000000000000036e-03 -1.613779221299999733e+00 1.614451667068999896e+00 1.716096599999794494e-04
3.834000000000000168e-03 -9.062535730000580853e-04 1.615383051340000264e+00 -1.613662600000000058e+00
3.844999999999999894e-03 1.612375546680000049e+00 -1.612344754856799955e+00 -8.660094784000934610e-04
3.873000000000000140e-03 -1.595500770850000194e+00 -1.595081327029200358e+00 -4.824316959998937483e-04
3.873000000000000140e-03 1.601491786079999979e+00 -1.231673222199991535e-02 -1.616752600000000317e+00
3.880000000000000202e-03 1.613792615629999538e+00 -1.614798654492000107e+00 -1.068191199999658780e-03
3.905000000000000051e-03 1.615017532020000424e+00 -1.418690775000188385e-03 1.613079119329999589e+00
3.918999999999999741e-03 1.615062414130000068e+00 -1.614133018034999534e+00 6.447226200001414213e-04
3.924999999999999670e-03 1.384966740000180985e-03 -1.615549055461000361e+00 1.613727591179999976e+00
3.951999999999999784e-03 1.614688871829999872e+00 -1.615604001587000127e+00 1.403809319999866235e-03
3.951999999999999784e-03 -1.612850304930000034e+00 -1.755849613999884221e-03 -1.612728299999999670e+00
3.952999999999999917e-03 -1.613533265469999867e+00 -3.009367900002439533e-04 -1.615119900000000053e+00
3.963999999999999642e-03 1.616684132070000057e+00 -1.106073799997261096e-04 1.618305288859999802e+00
3.968000000000000173e-03 1.613742702629999748e+00 -2.764374799998004688e-04 -1.615484200000000259e+00
3.970999999999999704e-03 1.614223366260000070e+00 -4.546214199998453373e-04 1.612520265467999536e+00
3.982000000000000296e-03 -1.594955306640000181e+00 1.595318512510000009e+00 -2.366917849997976150e-04
3.983000000000000429e-03 -1.608314659619999976e+00 -1.589540289000000106e+00 4.215202000021345263e-05
3.988000000000000225e-03 -1.046023404000006457e-02 1.607303165593999772e+00 -1.618425399999999792e+00
3.994000000000000154e-03 -1.615215314739999686e+00 5.956337960000834819e-04 -1.614704099999999753e+00
4.010999999999999809e-03 -1.338822080000047314e-03 1.614112809504999690e+00 1.612598396979999960e+00
4.010999999999999809e-03 -1.948081399999945437e-04 -1.618831636993399492e+00 -1.617599499999999857e+00
4.014000000000000207e-03 1.594829705510000029e+00 -1.595477500481599975e+00 -4.995632600001921261e-04
4.026000000000000065e-03 1.603824729990000364e+00 -8.408648430199696516e-03 1.597399574310000236e+00
4.043999999999999852e-03 1.107039301200011053e-02 1.613080427042400178e+00 1.623672811630000101e+00
4.060000000000000241e-03 1.596641442137999523e+00 1.595285345081599582e+00 1.689889640000113644e-03
4.061999999999999639e-03 1.627857390430000661e+00 1.260773771499989170e-02 -1.614263600000000576e+00
4.063999999999999904e-03 4.803508700001080274e-04 1.595626184495000155e+00 -1.595319900000000235e+00
4.063999999999999904e-03 1.617191245889999740e+00 1.264269132999976467e-02 1.600323635010000078e+00
4.067000000000000302e-03 2.363869179999568632e-04 -1.594454594159999683e+00 -1.595799099999999804e+00
4.081999999999999691e-03 1.617080658942000371e+00 -1.624346747599999752e+00 -1.136309418999990363e-02
4.087999999999999620e-03 1.618991993611999636e+00 -1.614782330243000219e+00 -1.191896199999941536e-03
4.105000000000000142e-03 1.614112212227999610e+00 -3.027403525999943813e-03 -1.614130099999999679e+00
4.105000000000000142e-03 -1.618105137869999766e+00 3.733527504000195250e-03 1.617054166380000213e+00
4.107999999999999673e-03 -1.613277554538000036e+00 1.610646706199999834e+00 -7.794702099998018253e-04
4.109999999999999938e-03 -1.613300328701999575e+00 1.003714499998244365e-04 1.612992466309999484e+00
4.119000000000000265e-03 1.612995174555999611e+00 -1.615192380428999819e+00 1.167204057000307063e-03
4.120999999999999663e-03 1.613506357653999856e+00 1.613208677559999860e+00 3.753922890001315515e-04
4.134999999999999787e-03 1.613862548780999884e+00 1.617501163582000245e+00 1.340946552700043697e-03
4.139999999999999583e-03 -1.610568575293000126e+00 1.612747949432999484e+00 -9.440999999994759140e-04
4.142999999999999981e-03 -1.613925768097999924e+00 1.615025310104999612e+00 1.410867639997453148e-04
4.170000000000000095e-03 1.617038784217999847e+00 -1.617928310104999712e+00 -4.653960673993051862e-04
4.171000000000000228e-03 1.612041694822000215e+00 1.332370344000115541e-03 1.612958674609999976e+00
4.172999999999999626e-03 5.158285299996494960e-04 1.594432844700999885e+00 1.597068961580000224e+00
4.172999999999999626e-03 -1.615259408161600074e+00 1.624749763540000558e+00 1.252010067999985259e-02
4.187999999999999882e-03 -1.616661065958400201e+00 4.845057989999568271e-03 -1.613836280669999512e+00
4.190000000000000148e-03 -1.597694499710000215e+00 -1.596366971272999757e+00 2.457756559997026358e-04
4.193999999999999811e-03 1.586677846430000205e+00 -1.604624773600000553e+00 -3.929018700000812790e-04
4.193999999999999811e-03 1.603343826798000027e+00 1.587642660880999923e+00 -4.827420899994102482e-04
4.205000000000000404e-03 -1.596199055907999931e+00 1.607730098878999536e+00 -1.047197410000227924e-03
4.214999999999999997e-03 1.592766023671099429e+00 1.601465125565000314e+00 6.882246000020097489e-05
4.216000000000000129e-03 -1.603073382802099767e+00 1.290498283499996734e-02 -1.616216700000000284e+00
4.217000000000000262e-03 -3.088691590003109916e-04 1.614597279830000121e+00 -1.615406200000000014e+00
4.217000000000000262e-03 -1.616680167983999938e+00 1.617422192939999892e+00 -2.335847690000020498e-03
4.227999999999999987e-03 1.613242923925999772e+00 1.066178889999833471e-03 -1.614487500000000297e+00
4.245999999999999774e-03 1.614292338042000008e+00 8.506454100000149753e-04 1.612395969300000065e+00
4.283999999999999614e-03 4.199733599979937892e-05 1.595270104679999967e+00 -1.595639199999999924e+00
4.287000000000000012e-03 -1.614032774000000448e+00 1.625100927689999919e+00 -1.086534917029993719e-02
4.295000000000000207e-03 -4.005845299998086334e-04 -1.612009062499999867e+00 1.613053257880000313e+00
4.301000000000000136e-03 -1.614246230760000289e+00 4.951447999967722655e-05 1.614328572359999825e+00
4.302000000000000268e-03 -1.526171812999826960e-03 1.613233523669999947e+00 1.616590474420000145e+00
4.322000000000000321e-03 -4.197796569998428831e-04 1.615472535910000396e+00 1.614452501789999994e+00
4.338999999999999975e-03 -2.135809900001284234e-04 1.595926548270000023e+00 -1.594821729770000029e+00
4.349999999999999700e-03 -2.633520399999700334e-04 -1.607513209740000004e+00 1.607519084839999834e+00
4.356999999999999762e-03 -1.613994714980000023e+00 1.614801317409999992e+00 9.976672399997941684e-04
4.361000000000000293e-03 -1.614711681242999797e+00 -1.299034441999976242e-03 1.616329136040000058e+00
4.387000000000000274e-03 -2.536577037000247413e-03 -1.610666458740000140e+00 -1.614438895539999974e+00
4.388000000000000407e-03 -1.613906958499999877e+00 -1.614147303769999819e+00 -4.674061429999210038e-04
4.408999999999999725e-03 -1.615489699419999869e+00 -2.267488499999134773e-04 -1.614053799999999983e+00
4.420000000000000318e-03 1.610893396569999858e+00 -1.493805810000012552e-03 -1.618066899999999864e+00
4.425000000000000114e-03 1.596180136120000093e+00 -1.595763952660000040e+00 7.898520259999389226e-04
4.432000000000000176e-03 8.567843094600019124e-03 1.602737381179999643e+00 1.615848323679999865e+00
4.447000000000000432e-03 1.595897835580699864e+00 -1.597761250599999627e+00 -3.454202940001050055e-04
4.449999999999999963e-03 1.252763262270012792e-02 1.600881867299999595e+00 1.616483667179999584e+00
4.452000000000000228e-03 -1.615364242580000553e+00 -1.613815502460000273e+00 -1.215097269999889252e-03
4.464000000000000086e-03 -1.614368449899999947e+00 -1.167103650000010911e-03 1.615945718139999876e+00
4.471000000000000148e-03 1.593814915379999864e+00 1.594944122839999867e+00 1.541370630000126092e-03
4.473999999999999679e-03 1.085671059999977414e-02 -1.601188847980000496e+00 1.616664531859999476e+00
4.479000000000000342e-03 1.614727187549999776e+00 1.616529185299999893e+00 1.144460669999717520e-03
4.486000000000000404e-03 6.027234200000000522e-04 1.613397869620000202e+00 1.614249951980000208e+00
4.486999999999999669e-03 -1.614700281580000230e+00 2.359377400000266158e-03 -1.613307835160000092e+00
4.491000000000000200e-03 -1.614299799120000101e+00 1.614198871809999769e+00 1.125249100000090714e-04
4.492000000000000333e-03 -1.615005583599999905e+00 1.614747900000000236e+00 -5.339393499998517853e-04
4.492999999999999598e-03 1.612999258299999905e+00 -4.786948280000036249e-04 -1.615350651680000027e+00
4.495999999999999996e-03 -9.573095000006345834e-05 1.615585399999999838e+00 -1.615028281499999885e+00
4.516000000000000049e-03 -1.613566925079999992e+00 1.615264999999999951e+00 -1.605851684300083765e-03
4.519999999999999712e-03 -5.379748799999805285e-04 1.595706700000000033e+00 -1.596021550610000173e+00
4.526999999999999774e-03 -6.409031700000727885e-04 -1.586910363340000130e+00 -1.604914049390000041e+00
4.527999999999999907e-03 -1.618736261090000017e+00 -7.392606427000034640e-03 -1.630295800000000295e+00
4.529000000000000040e-03 1.615020842970000148e+00 1.614566698580000015e+00 1.218783525599870243e-03
4.531999999999999570e-03 -1.361664900000050023e-03 1.617164701420000128e+00 1.611830005799999910e+00
4.577000000000000339e-03 1.639763400000087551e-04 1.614551800000000092e+00 1.614372513560000222e+00
4.578999999999999737e-03 1.615142996039999890e+00 3.318759609999928292e-03 -1.612331577200000199e+00
4.584000000000000401e-03 1.613239368499999937e+00 1.613044699999999665e+00 -2.611874399998936891e-04
4.597999999999999657e-03 1.616859473160000116e+00 2.799938570000126171e-03 -1.613555999999999990e+00
4.599999999999999922e-03 -1.293264369999866815e-03 -1.595966360170000264e+00 -1.596648399999999857e+00
4.617999999999999709e-03 1.617038751944399833e+00 -1.213056492499995850e-02 1.599297636539999790e+00
4.623999999999999638e-03 1.552613275599891863e-03 1.612468699999999977e+00 -1.614310299999999643e+00
4.656999999999999681e-03 1.613193510159999899e+00 -1.612854038967999948e+00 -3.677202710000119536e-03
4.664999999999999876e-03 1.616744780940000181e+00 -1.614391462880000017e+00 2.216390990000100068e-03
4.676999999999999734e-03 6.675872199999747028e-04 1.595028100000000171e+00 1.595115646806000154e+00
4.678999999999999999e-03 1.621751518193999875e+00 8.216931634000106122e-03 1.625357782690000086e+00
4.681000000000000265e-03 -1.629251617653999951e+00 -7.148723640000004438e-03 -1.624237166304000279e+00
4.686000000000000061e-03 1.617318237289999905e+00 1.061630058000006746e-02 -1.600718446805999839e+00
4.703999999999999848e-03 1.615355571729999884e+00 5.876244699999856776e-04 -1.613824800000000170e+00
4.719000000000000104e-03 1.738590019999956913e-03 -1.613727456829999740e+00 -1.614661500000000194e+00
4.721000000000000370e-03 1.123965770000024886e-03 -1.615047359460000109e+00 1.611962449480000448e+00
4.740000000000000289e-03 1.780279870000041906e-03 -1.616741242720000082e+00 1.615383888989999850e+00
4.745000000000000086e-03 1.612776281129999933e+00 -3.650639200699827211e-03 -1.611196499999999920e+00
4.760999999999999607e-03 1.613816662985000150e+00 1.079734278999921852e-03 -1.614192099999999908e+00
4.761999999999999740e-03 6.220361424999117919e-04 -1.612671023059999875e+00 1.610446147250000237e+00
4.766000000000000271e-03 1.191764880100140440e-03 -1.615253346140000268e+00 -1.613657300000000294e+00
4.776999999999999996e-03 1.139986800000047928e-04 -1.615295368600000003e+00 -1.613982699999999770e+00
4.785000000000000191e-03 1.614319957170000208e+00 1.612003520950000102e+00 -1.295889560000239478e-03
4.806999999999999641e-03 7.150181000013192817e-05 1.595111799170000122e+00 -1.596052199999999921e+00
4.823000000000000030e-03 1.619404325764999930e+00 -1.600457939790000061e+00 -1.206451980000005156e-02
4.823000000000000030e-03 -5.689939559999899511e-04 1.613098068550000264e+00 1.611728402210000022e+00
4.824000000000000163e-03 3.811147802000071361e-04 1.595417399999999652e+00 -1.595439799999999630e+00
4.839999999999999684e-03 1.811000138001181772e-04 1.605480099999999855e+00 1.588498415459999924e+00
4.841999999999999950e-03 1.616873562574000056e+00 1.353466275299994651e-02 1.621599305050000384e+00
4.858999999999999604e-03 1.058161567999948245e-03 -1.613235496319999962e+00 1.616092499335999966e+00
4.864000000000000268e-03 -1.293587060999992940e-03 1.616249199999999941e+00 -1.619706956659999975e+00
4.873999999999999860e-03 9.561235369999337985e-04 1.614845000000000308e+00 -1.613104743340000091e+00
4.878000000000000391e-03 -1.611512601658000143e+00 1.615100900000000061e+00 -2.274373999999628783e-04
4.878999999999999657e-03 -5.812858669999028220e-04 -1.612010771830000078e+00 1.613430699499999843e+00
4.880999999999999922e-03 1.612680412642000238e+00 4.386852600002182599e-04 -1.613393199999999972e+00
4.882000000000000055e-03 -1.595562378577000118e+00 1.594913699999999990e+00 -4.354574000035730044e-05
4.886999999999999851e-03 1.601421026390000169e+00 1.213817490000019574e-02 1.615419863589999894e+00
4.892999999999999780e-03 1.592210799998301373e-04 1.614422200000000140e+00 -1.613431900000000141e+00
4.909000000000000169e-03 -1.616519087296000023e+00 -1.613685912448000526e+00 -9.873812000001092049e-04
4.912999999999999833e-03 1.595036520303000138e+00 6.104489600003257417e-04 1.595216123270000175e+00
4.916000000000000231e-03 1.118981005299994440e-02 -1.616142200329999667e+00 -1.600837823270000237e+00
4.916000000000000231e-03 -1.612414254094159949e+00 -1.968706100000338494e-03 1.613769545530000293e+00
4.924999999999999691e-03 -3.601600909999592981e-04 1.594714900000000046e+00 -1.595480699999999974e+00
4.926999999999999956e-03 1.616948069103999908e+00 1.625187100000000662e+00 -1.098194845399988462e-02
4.929000000000000221e-03 -1.614553865791399812e+00 1.362135989999993871e-03 1.613074544709999891e+00
4.929000000000000221e-03 1.620232216075399689e+00 -1.533405219999914824e-03 -1.617065451250000230e+00
4.939999999999999947e-03 2.113538900002114485e-04 -1.610782488520000388e+00 1.614319569469999660e+00
4.958999999999999866e-03 -1.613335483004000093e+00 1.257091946002342545e-04 -1.612927199999999672e+00
4.958999999999999866e-03 1.614261174297999979e+00 1.615909599999999724e+00 3.324402100000067861e-04
4.970999999999999724e-03 2.088844220000391351e-04 1.613914200000000188e+00 1.613012653720000245e+00
4.976000000000000388e-03 1.595352234749999987e+00 -1.594962870809999878e+00 2.682353900001046079e-04
4.976999999999999653e-03 -1.600000891090000099e+00 -1.111219202999980116e-02 1.615625483590000133e+00
4.996999999999999706e-03 -2.435284721999987807e-03 -1.596229432239999468e+00 -1.594559619350000013e+00
5.001000000000000237e-03 -1.311622022999867554e-04 -1.604972772068000264e+00 1.587847687070000013e+00
5.007000000000000166e-03 -1.617933512348100233e+00 -1.557531873899969943e-02 -1.602050887069999874e+00
5.009000000000000431e-03 -1.762687829998943467e-04 1.594818199999999964e+00 1.594926792839999941e+00
5.015000000000000360e-03 1.617997424107000093e+00 9.590065922999851944e-03 1.624666277230000233e+00
5.053000000000000200e-03 -1.659959377999968479e-03 -1.594093382379999646e+00 -1.594076800000000294e+00
5.054999999999999598e-03 1.616585859270000647e+00 1.601383282380000495e+00 -1.071940036999982637e-02
5.061000000000000394e-03 -1.613158327810000126e+00 2.366302299997629852e-04 1.613217281749999676e+00
5.062999999999999792e-03 -1.613799620561999770e+00 4.541847199997228746e-04 -1.612825500000000023e+00
5.067999999999999589e-03 1.612403993045000039e+00 3.700106430000182911e-04 -1.614102199999999820e+00
5.070999999999999987e-03 -1.615635992112000041e+00 -8.277199079997077380e-04 1.618390020643999838e+00
5.074000000000000385e-03 1.612662484519999939e+00 7.857106429998150787e-04 -1.613908799999999921e+00
5.079000000000000181e-03 3.749093400001179965e-04 -1.614318738659999752e+00 1.612042352200000028e+00
5.082999999999999845e-03 1.616875939452999900e+00 -1.616451265480000066e+00 -1.157882900000246906e-03
5.083999999999999977e-03 -1.617892654203000324e+00 1.618896900000000194e+00 8.823797020004612093e-04
5.108999999999999826e-03 1.616227717074999903e+00 -1.616085141510000378e+00 -8.450829000004734907e-04
5.109999999999999959e-03 -1.612402640455000036e+00 -2.342303513000021375e-03 -1.612712000000000145e+00
5.115999999999999888e-03 1.616883245018899906e+00 2.075278124999690998e-03 1.615150653780000001e+00
5.133000000000000410e-03 -1.594582032888899770e+00 1.593818636280000201e+00 4.500328700000194582e-04
5.139999999999999604e-03 -1.138012121200008761e-02 -1.602131029390000183e+00 -1.615389710339999674e+00
5.140999999999999737e-03 1.337494937400012483e-02 1.602596353319999833e+00 1.623388339229999699e+00
5.141999999999999869e-03 -1.042583324600018964e-02 -1.604694355909999981e+00 -1.618337555540000139e+00
5.150000000000000064e-03 9.197554499995673049e-05 -1.594639028237999856e+00 1.598372413309999907e+00
5.152999999999999595e-03 -1.615951674286699724e+00 -1.207328791199996365e-02 -1.601832368110000182e+00
5.154999999999999860e-03 1.612077168274700156e+00 -1.278331152999828690e-03 -1.614029099999999772e+00
5.165999999999999585e-03 -1.615549205049800152e+00 1.228456438599839773e-03 1.617789120872000108e+00
5.168999999999999984e-03 -2.151254699200048567e-03 -1.614845344719999964e+00 -1.613997299999999857e+00
5.183000000000000107e-03 1.594749390077999873e+00 -1.596301771099999822e+00 -5.949021300000745249e-04
5.205999999999999690e-03 1.623913965447000063e+00 -1.243636231000019854e-02 1.615098627266999820e+00
5.206999999999999823e-03 -1.626598929186999776e+00 1.225690601000009594e-02 -1.622287499999999660e+00
5.206999999999999823e-03 1.624338989283999890e+00 -1.276420697700013200e-02 -1.617249803230000005e+00
5.207999999999999956e-03 1.596131357662999850e+00 -1.596183906808000152e+00 -3.597038899999546561e-04
5.209000000000000088e-03 -1.592219337949999813e+00 -1.610153272309000183e+00 1.661796470000018178e-03
5.220999999999999946e-03 -1.597020303400000119e+00 -8.794746403000007484e-03 1.594474396359999879e+00
5.225999999999999743e-03 -1.610475862890000220e+00 -3.150828129999955294e-03 -1.591519541399999849e+00
5.226999999999999875e-03 1.594633901840000201e+00 8.373906399999780665e-04 -1.609627799999999720e+00
5.245999999999999795e-03 -1.607982708699400076e+00 -1.617599823419999971e+00 -4.855618359999953372e-03
5.250000000000000326e-03 -1.615334228341000156e+00 1.610012423419999950e+00 -3.030336110000114713e-03
5.257999999999999653e-03 -1.614237818564000282e+00 1.615009099999999753e+00 7.025430600001427925e-04
5.257999999999999653e-03 -1.368501812999768901e-03 1.616930099999999815e+00 1.615547356087160047e+00
5.259999999999999919e-03 1.595604511382999746e+00 2.709962400001819649e-04 -1.598715100000000167e+00
5.263000000000000317e-03 -1.587829929150000208e+00 5.492966959999845411e-04 -1.604165899999999256e+00
5.269000000000000246e-03 -8.274770220000206289e-03 1.616924100000000308e+00 1.599527156025599917e+00
5.274000000000000042e-03 1.612918196337000065e+00 1.615039900000000195e+00 -5.386325199999274921e-04
5.277999999999999706e-03 -1.613200823966999931e+00 1.853967979999854906e-03 1.613606812590000050e+00
5.277999999999999706e-03 -1.613745766900000156e+00 5.873979499999059176e-04 -1.612878100000000092e+00
5.283000000000000369e-03 -5.248036079998172777e-04 -1.616161390519999852e+00 -1.615435929119999781e+00
5.284999999999999767e-03 -1.099042632000030162e-03 -1.612607782140000445e+00 1.612280542354000090e+00
5.292999999999999962e-03 -7.238183800000754474e-04 1.614311378040000244e+00 1.616252394679999815e+00
5.309000000000000351e-03 -5.341408199991000937e-05 1.594818200000000408e+00 1.595655825650000192e+00
5.329000000000000403e-03 -2.060871129999130094e-04 -1.587985845209999969e+00 1.605683910049999774e+00
5.338999999999999996e-03 1.616090945904899989e+00 -7.148879886000047978e-03 1.626526848000000358e+00
5.355000000000000385e-03 1.614883882409999583e+00 -2.250400860001641572e-04 -1.611613599999999868e+00
5.356999999999999783e-03 -1.612187711213999952e+00 -1.613670118759999550e+00 3.651940639997981915e-04
5.370999999999999906e-03 1.616871473926000391e+00 -1.616144444359999710e+00 -2.631147099999542847e-04
5.383999999999999897e-03 -1.615100775985999881e+00 -1.615629078560000043e+00 4.732969400000315921e-04
5.402999999999999817e-03 -6.904772000004832933e-05 1.612350518009999956e+00 1.613863190990000085e+00
5.427000000000000400e-03 -5.987896200000302274e-04 -1.613756193599999555e+00 1.615070863629999964e+00
5.429999999999999931e-03 -1.614152823019999738e+00 -1.138972080000107264e-03 1.617525372409999829e+00
5.435999999999999860e-03 -1.596792932930000131e+00 -6.091817000003496574e-05 -1.596287699999999976e+00
5.439000000000000258e-03 -1.625676543945300256e+00 -1.616346319620000083e+00 -1.028622717399990671e-02
5.440999999999999656e-03 -9.991236917000216773e-04 1.595413174729999994e+00 -1.595197699999999941e+00
5.441999999999999789e-03 -1.153994492999894147e-03 -1.604784096679999994e+00 1.606832500209999903e+00
5.451000000000000116e-03 -1.596119425810000436e+00 1.594806421609999969e+00 -6.419323300000294788e-04
5.452000000000000249e-03 1.608860676209999951e+00 -1.606397652039999624e+00 -4.081223599999564064e-04
5.458000000000000178e-03 1.613114554580000082e+00 -1.546658559999949424e-03 -1.614380799999999727e+00
5.461999999999999841e-03 -1.687855280000039038e-03 -1.615704045270000000e+00 -1.618166999999999911e+00
5.470000000000000036e-03 -1.594520794079999693e+00 -7.646167400001124825e-04 1.595929587919999948e+00
5.472000000000000301e-03 -1.612869737193000308e+00 -1.325889489999731996e-03 -1.593098787920000259e+00
5.472999999999999567e-03 -1.600955911577000013e+00 -1.597680924510000100e+00 -3.390286719999968234e-03
5.474999999999999832e-03 -1.226040400599982816e-02 1.602680554710000038e+00 -1.618462006869999747e+00
5.479000000000000363e-03 1.608947621830000063e+00 -2.910779369999758320e-03 1.611618902150000032e+00
5.479999999999999628e-03 -1.595546775203999790e+00 1.595222434189999872e+00 -2.214058300000106005e-04
5.484000000000000159e-03 -1.623866806610000157e+00 1.272777645500004773e-02 1.614318910280000186e+00
5.487999999999999823e-03 1.625610206610000219e+00 -1.394479104799997704e-02 -1.621998712629999950e+00
5.492000000000000354e-03 -1.611983838960000082e+00 -1.594846657149999958e+00 9.916945309998564939e-04
5.498000000000000283e-03 -9.098131740000179810e-03 1.608991588210000101e+00 1.615082855079999380e+00
5.514999999999999937e-03 1.594539705360599857e+00 1.595796576579999959e+00 2.993580900001377703e-04
5.519999999999999733e-03 1.044466293740014401e-02 1.624643339749999527e+00 -1.617563199999999757e+00
5.534999999999999989e-03 -1.595035689602000151e+00 1.596990584469999863e+00 1.572588760000043998e-03
5.538999999999999653e-03 -1.609279552490000098e+00 1.610773415530000197e+00 -1.084301711000013393e-03
5.550000000000000246e-03 1.617702252490000214e+00 -1.619884891934000093e+00 -3.050461899999539275e-04
5.566999999999999900e-03 -1.131808509000017428e-02 1.625421815529999980e+00 -1.616479645850000146e+00
5.568000000000000033e-03 -1.616184010700000062e+00 1.618595000000000006e+00 -1.244346449999853693e-03
5.572999999999999829e-03 -1.595905411139999952e+00 1.594432799999999872e+00 -5.896055999997547314e-05
5.577999999999999625e-03 1.588157823870000041e+00 1.607116500000000059e+00 -4.673222800000470696e-04
5.594000000000000014e-03 6.385836320000144208e-03 -1.599368986510000479e+00 1.616037993810000017e+00
5.595000000000000147e-03 -7.873449250000066901e-03 1.601436454479999938e+00 -1.623426045910000060e+00
5.597999999999999678e-03 1.609466531165999914e+00 8.564119860000062728e-03 -1.604139395409999835e+00
5.629999999999999588e-03 3.467610312400032369e-03 1.621490399999999887e+00 -1.623446730210000188e+00
5.630999999999999721e-03 -1.610614625661100252e+00 1.614623799999999720e+00 -2.554908309999859815e-03
5.640000000000000048e-03 1.612735555582699876e+00 1.293180089999830182e-03 1.612950195846000412e+00
5.644999999999999844e-03 1.614555373189999976e+00 -1.612510656000000209e+00 4.604978100000958925e-04
5.645999999999999977e-03 6.293423699998386758e-04 -1.616279455646999708e+00 -1.613563200000000197e+00
5.657999999999999835e-03 -1.595336854170000151e+00 1.594608499999999873e+00 -1.834372899998635859e-04
5.658999999999999968e-03 -9.628233197999958373e-03 1.623451399999999989e+00 1.613841785381000093e+00
5.664999999999999897e-03 -1.956750551999904275e-03 -1.613071462009999735e+00 1.615632061479999937e+00
5.670999999999999826e-03 1.152132591999996273e-03 1.619941666599999941e+00 -1.618279973299999508e+00
5.673000000000000091e-03 -1.960550551999902524e-03 -1.613079091399999943e+00 1.615632961479999796e+00
5.701000000000000338e-03 -1.615001695919999758e+00 -4.083475999998183691e-04 -1.613642300000000418e+00
5.703999999999999869e-03 -1.596268042290000189e+00 1.594924799999999809e+00 1.589871700003187005e-04
5.705000000000000002e-03 1.599060357629999540e+00 1.002508905999984976e-02 -1.619994964340000010e+00
5.705000000000000002e-03 1.598575478450000364e+00 -1.591403953269999505e+00 4.486416739999998793e-03
5.709999999999999798e-03 1.225638256399952560e-02 1.601340953269999812e+00 -1.616893544970000374e+00
5.715999999999999727e-03 -1.595252718412000004e+00 -1.595520062209999868e+00 -4.240999999998757049e-04
5.727999999999999585e-03 -1.239759628800007028e-02 -1.626746968059999965e+00 -1.619222996930000047e+00
5.727999999999999585e-03 1.596321358334700014e+00 4.310109379997428825e-04 1.595373417909999869e+00
5.730999999999999983e-03 1.624126505393299835e+00 -1.616901189636999803e+00 1.027547854000000239e-02
5.760000000000000363e-03 1.617389608890000385e+00 1.613323002000000006e+00 9.041901599999534189e-04
5.765000000000000159e-03 1.596204582029999486e+00 -1.167106650000154615e-03 1.595640669610000062e+00
5.769999999999999955e-03 -1.599767514310000305e+00 -1.614959676460000049e+00 1.270497326999991961e-02
5.772000000000000221e-03 1.613964313289999897e+00 -1.614585803780000051e+00 8.214696199998982283e-04
5.775999999999999884e-03 -1.619625617590999767e+00 1.617377999999999982e+00 1.084200169999829759e-03
5.794999999999999804e-03 1.600202214150999502e+00 1.597412400000000066e+00 -1.726227979999828133e-03
5.798000000000000202e-03 -1.613712182520999683e+00 -1.609512230610000483e+00 2.096076150000026391e-03
5.799999999999999600e-03 1.598694755310999804e+00 1.251325933000204619e-03 -1.595787837500000084e+00
5.801999999999999866e-03 -1.612164767711000257e+00 -1.296892816999867509e-03 1.609335341624000160e+00
5.811000000000000193e-03 3.456130451000529423e-03 1.596610900000000166e+00 1.595332532770000089e+00
5.811000000000000193e-03 -1.615959197060000463e+00 1.145547284999976281e-02 1.625668948579999995e+00
5.820999999999999786e-03 -2.044556549999867589e-03 1.612277999999999878e+00 -1.612236899999999862e+00
5.841999999999999971e-03 -1.614185308019999709e+00 -1.612655772399999465e+00 7.514716030000731344e-04
5.851000000000000298e-03 1.611885381833999542e+00 -1.614750110150000584e+00 -1.226002200000202939e-03
5.858999999999999625e-03 -1.595630605183999906e+00 -5.453976905999587121e-04 -1.595262299999999911e+00
5.863000000000000156e-03 1.600551433160000148e+00 1.612670999999999299e+00 -1.297140216000026817e-02
5.875000000000000014e-03 1.595107835690000364e+00 1.595504800000000944e+00 -4.479843600000044286e-04
5.889000000000000137e-03 -1.600578291065999803e+00 1.285952998400017970e-02 -1.616440804229999806e+00
5.904000000000000394e-03 -1.613312043444000032e+00 -1.613052457409999807e+00 -2.187624139999981652e-03
5.904000000000000394e-03 1.612713261029699918e+00 -1.614749842709999772e+00 -8.535529799997970679e-04
5.908000000000000057e-03 -6.791354566997997045e-04 -1.614982699999999660e+00 -1.613318492730000386e+00
5.916000000000000252e-03 5.112014609999969384e-04 -1.614799850779999879e+00 1.610950731760000032e+00
5.936999999999999569e-03 1.613041013610000185e+00 -2.563312403999958369e-03 -1.613898596190000312e+00
5.943999999999999631e-03 -1.612907552266000133e+00 -1.614406372359999953e+00 -4.753297999999395868e-04
5.950999999999999693e-03 1.613467978996000252e+00 -1.615243814360000085e+00 -6.792980800000149137e-04
5.950999999999999693e-03 -1.614196477830000198e+00 -3.259436900000232430e-04 1.616578127499999740e+00
5.962000000000000285e-03 -3.471769999996242697e-04 -1.596893267070000011e+00 1.595166365879999937e+00
5.967000000000000082e-03 1.614707675620000060e+00 -1.208491302999995833e-02 -1.600243465879999771e+00
6.002999999999999656e-03 -2.480645540001322159e-04 -1.614942364180000034e+00 -1.615626887399999934e+00
6.002999999999999656e-03 -1.612815853678699840e+00 1.611743946679999873e+00 -5.393237999999330248e-05
6.008000000000000319e-03 -1.616600063987299940e+00 -1.602095159999797477e-03 1.614240800859999991e+00
6.009999999999999717e-03 4.351645200000864300e-04 -1.610105462210000171e+00 1.614414723069999891e+00
6.010999999999999850e-03 1.613067450409999992e+00 -1.614893090939999887e+00 1.184497750000060388e-03
6.015999999999999646e-03 -1.613384210610000036e+00 -1.614910001180000165e+00 4.511096700000483822e-04
6.041000000000000363e-03 1.613513891031699732e+00 -1.668806110000077298e-03 1.614374632963839762e+00
6.042999999999999761e-03 1.870218773000198453e-04 -1.614772806459999988e+00 1.614587729850000208e+00
6.043999999999999893e-03 5.303031900000254595e-04 -1.615068210760000067e+00 -1.611848500000000017e+00
6.046000000000000159e-03 -1.613971788150000197e+00 -1.616216399844999874e+00 -1.197459800000007322e-03
6.046000000000000159e-03 -1.614128070879999655e+00 -4.432688364999909370e-03 -1.614185700000000390e+00
6.072000000000000140e-03 -1.911596330000221592e-03 -1.613014267245999722e+00 -1.613092130800000135e+00
6.072000000000000140e-03 1.612735857560000152e+00 1.612787566536000305e+00 -1.705038820000009166e-03
6.074000000000000406e-03 1.614509549564000057e+00 -1.639482200001944091e-04 -1.614299397309999939e+00
6.080000000000000335e-03 1.615230886467999616e+00 -1.613476735699800102e+00 -1.394004529999937070e-03
6.087999999999999662e-03 -1.616406467471999786e+00 4.700155529999269430e-04 1.612741534898000317e+00
6.098000000000000122e-03 2.685398559999737852e-03 1.611011318169999873e+00 -1.612518478519999743e+00
6.104000000000000051e-03 -1.613017904559999938e+00 6.983493700000453774e-04 -1.614525181010000088e+00
6.119000000000000307e-03 -5.722043899999778270e-04 1.595477970147000324e+00 -1.596119653899999768e+00
6.127999999999999767e-03 -1.618740171199999800e+00 1.431078826900005450e-02 -1.624025206350000028e+00
6.133000000000000430e-03 2.023738900000901682e-04 1.593578161043999852e+00 1.592575269529999726e+00
6.139999999999999625e-03 1.618625923599999794e+00 9.323198089999946286e-03 1.623998756739999827e+00
6.154999999999999881e-03 -1.599147969489999710e+00 4.728211060000070409e-03 1.597182682330000159e+00
6.157000000000000146e-03 -1.625637207469999845e+00 -1.615522275490000048e+00 1.282059078000021175e-02
6.163000000000000075e-03 1.594780133230000008e+00 -1.595676144641999805e+00 2.314950800000885496e-04
6.185000000000000393e-03 -1.606926115659999876e+00 1.606857091743000066e+00 -1.750974500002947659e-04
6.203000000000000180e-03 1.611972720239999823e+00 -4.234256299998474891e-04 -1.614267799999999919e+00
6.204000000000000313e-03 -7.248214499997740479e-04 1.612502922790000071e+00 1.613208250330000038e+00
6.206999999999999844e-03 -1.613685484760000399e+00 8.145258499999757582e-04 -1.613463969480000149e+00
6.211999999999999640e-03 -1.614173730580000132e+00 3.318421399999961323e-04 1.613457717170000194e+00
6.225999999999999764e-03 -1.615329683599999733e+00 -1.613473959470000052e+00 2.424053299997465036e-04
6.228000000000000029e-03 -1.615543497009999996e+00 -1.332917029999852732e-03 1.614951629466000016e+00
6.231999999999999693e-03 1.611843376910000014e+00 -8.374970800000824944e-04 1.615054825469999900e+00
6.239999999999999887e-03 -2.898672299997866533e-04 1.613351749440000038e+00 1.615379527768999957e+00
6.241000000000000020e-03 1.613716133789999896e+00 -1.613081045559999538e+00 1.463820459999792822e-03
6.242000000000000152e-03 1.376946590000107350e-03 -1.613780866905000444e+00 -1.612264499999999767e+00
6.250999999999999612e-03 6.410281700000436400e-04 -1.615796051335000039e+00 1.611795319387999914e+00
6.255000000000000143e-03 3.892201300000168451e-04 1.611960615581000011e+00 1.614085279749999824e+00
6.275000000000000196e-03 2.480613099999605387e-04 -1.613911794954999923e+00 1.614764763829999783e+00
6.296000000000000381e-03 1.296698529999973371e-03 -1.616872083701999863e+00 1.614282747623999814e+00
6.304999999999999841e-03 1.595333355760000016e+00 1.596843046516000175e+00 2.518635910000050111e-03
6.309000000000000372e-03 1.232915561000008653e-02 -1.601887583899999745e+00 -1.614001500000000089e+00
6.316000000000000433e-03 -1.610832430850000385e+00 -1.613024028270000132e+00 -3.341524109999854941e-03
6.321000000000000230e-03 1.594303338149999805e+00 -1.596622619769999751e+00 3.565714340000076914e-03
6.331999999999999955e-03 1.604823810374000237e+00 1.587596846830999997e+00 -1.744711200000275374e-04
