# t	msd	err
1.000000000000306739e-13 2.762708009060899084e-01 2.894397979519272492e-03
2.428571428571213390e-13 6.078445422555402988e-01 2.075382906829733864e-01
4.624999999999875784e-13 4.279116589545419735e-01 1.815325665327741089e-01
7.785714285714486222e-13 5.947709121191352422e-01 1.774283085323206943e-01
1.033548387096784441e-12 8.232954011629596280e-01 6.054112980404785516e-02
2.522713864306779017e-12 9.378559951230921454e-01 4.774237625496271370e-02
4.506232294617553919e-12 1.175042149550808102e+00 5.908257720174409089e-02
7.952665890570412370e-12 1.791394336321671998e+00 5.634941940650448067e-02
1.400336085879415605e-11 2.472239675423772542e+00 6.928270163503834345e-02
2.452319045693560378e-11 3.997730713080145826e+00 8.075336145245315400e-02
4.404418464393213998e-11 7.068512450470604058e+00 1.051461079588795200e-01
7.901541884166142400e-11 1.140241634449053798e+01 1.255757759763104775e-01
1.409787562224901232e-10 1.996389728369857153e+01 1.525415005753674724e-01
2.507588413692163235e-10 3.385687663697253669e+01 1.878856111792772121e-01
4.460900858114072847e-10 6.390518467726885632e+01 2.523212574777534689e-01
7.930339707353846622e-10 1.175564821016051553e+02 3.283709697918397730e-01
1.406397719986690044e-09 2.472654884270116327e+02 4.889616444328986344e-01
2.479401908922852818e-09 4.752191248587644736e+02 8.069065655549358951e-01
4.012320630821018706e-09 8.318460504208613884e+02 1.409861832717022700e+00
