# t	msd	err
9.849999999998690803e-15 2.933817913507653658e-03 3.290764547719790588e-04
2.461290322580682708e-14 4.580108557723371228e-03 3.738935604540948423e-04
4.915813953488402186e-14 4.214227700265357930e-03 3.757750947113535191e-04
8.758536585365834747e-14 5.581800245447304451e-03 4.032616472833110166e-04
1.666126865671640232e-13 6.590995979473606922e-03 4.139173002108520829e-04
2.946245989304806010e-13 8.018042175112398071e-03 3.753266474272882037e-04
5.431942073170736283e-13 1.110183975078318785e-02 3.728890787992391611e-04
9.805876046901174991e-13 1.534446902862793630e-02 4.042716933398862560e-04
1.809188202247192502e-12 2.343106360420914996e-02 3.662306508275995449e-04
3.256149784017261744e-12 3.755387357552501110e-02 3.929118670898089360e-04
5.852515043227707290e-12 6.588195655077204449e-02 4.062207953356458093e-04
1.074451589438712152e-11 1.160074976008486081e-01 4.476622904814103938e-04
1.932779539236852847e-11 1.963591120526334000e-01 5.765171894885433692e-04
3.513893725457447009e-11 3.238183747086944564e-01 6.558637170584538656e-04
5.845598956805216123e-11 5.618241783878075157e-01 1.008151924241710825e-03
