# t
0.000000000000000000e+00
3.341369999999999928e-12
3.392354000000000067e-12
4.440919599999999793e-12
4.752132499999999694e-12
4.796543699999999790e-12
5.540740599999999616e-12
1.205748399999999992e-11
1.321979999999999987e-11
1.323192700000000003e-11
1.359038700000000050e-11
1.590638100000000131e-11
2.018640499999999935e-11
2.185515600000000127e-11
2.189870599999999940e-11
2.199472999999999992e-11
2.199527199999999938e-11
2.362031200000000070e-11
2.363288699999999936e-11
2.433391499999999972e-11
2.455974499999999856e-11
2.921165999999999712e-11
2.958595799999999772e-11
2.961486700000000009e-11
3.089388699999999761e-11
3.119757999999999842e-11
3.122818499999999756e-11
3.175307200000000289e-11
3.882194499999999973e-11
3.892793699999999971e-11
3.894695599999999918e-11
3.901371600000000243e-11
3.902917500000000187e-11
3.949662500000000267e-11
4.193639099999999694e-11
4.709653299999999957e-11
5.618432600000000291e-11
6.007682600000000394e-11
6.154903399999999496e-11
6.160675799999999715e-11
6.337430100000000449e-11
6.339571600000000415e-11
7.012101999999999357e-11
7.375859899999999818e-11
7.519916799999999415e-11
7.549872399999999789e-11
7.602749700000000404e-11
7.622141699999999359e-11
7.639871100000000150e-11
7.646388400000000627e-11
8.367701500000000441e-11
8.575842299999999731e-11
8.691765300000000428e-11
8.752784600000000424e-11
9.004014300000000504e-11
9.935099999999999379e-11
1.014471200000000008e-10
1.018807700000000063e-10
1.030065800000000048e-10
1.068724299999999956e-10
1.109678900000000025e-10
1.131512500000000026e-10
1.137769999999999939e-10
1.139389800000000021e-10
1.140500800000000039e-10
1.140932000000000026e-10
1.185127099999999873e-10
1.186642499999999917e-10
1.189014499999999948e-10
1.189528099999999938e-10
1.210780600000000016e-10
1.212040299999999924e-10
1.215605300000000004e-10
1.221450399999999927e-10
1.222139400000000099e-10
1.258848299999999924e-10
1.265890800000000109e-10
1.270852800000000128e-10
1.314251299999999986e-10
1.326846200000000054e-10
1.344501399999999888e-10
1.346210599999999878e-10
1.382013600000000080e-10
1.411304000000000062e-10
1.419733500000000100e-10
1.450463900000000027e-10
1.455067499999999949e-10
1.457235399999999904e-10
1.508609999999999922e-10
1.516523200000000091e-10
1.521526699999999897e-10
1.555668899999999872e-10
1.558637899999999958e-10
1.596848200000000018e-10
1.625815899999999961e-10
1.629166999999999995e-10
1.636398000000000040e-10
1.741181600000000126e-10
1.743463700000000089e-10
1.761959100000000006e-10
1.797241599999999982e-10
1.887133499999999954e-10
1.920675500000000095e-10
1.984548199999999878e-10
1.984784099999999958e-10
2.004516499999999992e-10
2.011968600000000103e-10
2.025665799999999949e-10
2.040107999999999982e-10
2.069987899999999955e-10
2.086118699999999977e-10
2.176632500000000031e-10
2.189775000000000072e-10
2.344908300000000101e-10
2.370131099999999899e-10
2.421580299999999813e-10
2.434929400000000209e-10
2.510073399999999841e-10
2.545686500000000151e-10
2.562029400000000214e-10
2.570361800000000164e-10
2.585841399999999863e-10
2.594213900000000084e-10
2.652365900000000154e-10
2.659143400000000134e-10
2.698461299999999800e-10
2.710841000000000234e-10
2.742306900000000164e-10
2.746844400000000057e-10
2.771060399999999759e-10
2.794458399999999785e-10
2.798299699999999743e-10
2.803787299999999959e-10
2.817562199999999810e-10
2.861935400000000233e-10
2.946328000000000085e-10
2.952011199999999994e-10
2.954977299999999827e-10
2.964758899999999863e-10
3.067330500000000257e-10
3.070812600000000175e-10
3.071558899999999949e-10
3.077851000000000190e-10
3.082129899999999953e-10
3.086249699999999768e-10
3.097564900000000014e-10
3.102183399999999878e-10
3.204964399999999918e-10
3.216744699999999946e-10
3.301064500000000166e-10
3.355270399999999750e-10
3.505606399999999840e-10
3.509460599999999878e-10
3.527014399999999855e-10
3.533240199999999952e-10
3.562642499999999777e-10
3.568001200000000159e-10
3.575111499999999933e-10
3.620591299999999903e-10
3.633636599999999926e-10
3.647783699999999826e-10
3.670612799999999863e-10
3.690124099999999830e-10
3.692538999999999939e-10
3.698765099999999821e-10
3.739948799999999922e-10
3.742338900000000191e-10
3.766894499999999994e-10
3.768523600000000145e-10
3.806716099999999752e-10
3.818134099999999888e-10
3.858810499999999886e-10
3.860508900000000104e-10
3.876072500000000214e-10
3.962552700000000066e-10
3.987072099999999910e-10
4.042819999999999901e-10
4.051929200000000041e-10
4.052713200000000253e-10
4.060371799999999757e-10
4.060700699999999756e-10
4.140774200000000162e-10
4.148518000000000253e-10
4.468567200000000149e-10
4.469994499999999871e-10
4.490236100000000200e-10
4.557520900000000075e-10
4.566882699999999984e-10
4.824872699999999937e-10
4.858251699999999559e-10
5.046085099999999569e-10
5.048340599999999945e-10
5.072182100000000208e-10
5.075872400000000112e-10
5.086488000000000272e-10
5.286734700000000467e-10
5.308962999999999547e-10
5.513592100000000445e-10
5.624293899999999613e-10
5.656575000000000187e-10
5.744580800000000284e-10
5.758565499999999495e-10
6.217304100000000506e-10
6.233230199999999848e-10
6.235398099999999803e-10
6.249358700000000223e-10
6.251490299999999774e-10
6.257357900000000147e-10
6.260190100000000104e-10
6.263857500000000359e-10
6.266794899999999522e-10
6.268440799999999549e-10
6.269495599999999953e-10
6.271851699999999724e-10
6.310840600000000497e-10
6.385828099999999872e-10
6.418054800000000062e-10
6.601876299999999601e-10
6.634187699999999701e-10
6.634527699999999516e-10
6.654891199999999515e-10
6.655300899999999628e-10
6.656855200000000027e-10
6.658941500000000440e-10
6.666666300000000160e-10
6.666793899999999890e-10
6.674538699999999783e-10
6.782403599999999771e-10
6.787174099999999491e-10
6.788356000000000500e-10
6.789940399999999533e-10
6.791741399999999784e-10
6.794423399999999630e-10
6.795006400000000392e-10
6.802682599999999717e-10
6.803800699999999827e-10
6.857909400000000170e-10
6.859094600000000370e-10
6.859356400000000279e-10
6.860429099999999772e-10
6.878166600000000198e-10
6.907798399999999769e-10
6.972830599999999779e-10
6.973623699999999686e-10
6.998360000000000016e-10
6.999208799999999894e-10
7.002925499999999528e-10
1.857852200000000029e-08
1.857853400000000081e-08
1.857900599999999907e-08
1.857992700000000149e-08
1.858244500000000014e-08
1.858449899999999977e-08
1.858499499999999906e-08
1.858594400000000048e-08
1.859622799999999978e-08
1.859840200000000126e-08
1.860006699999999931e-08
1.861866699999999923e-08
1.862250100000000048e-08
1.864197400000000075e-08
1.864364300000000007e-08
1.864383400000000140e-08
1.864384000000000001e-08
1.865254300000000156e-08
1.865594199999999981e-08
1.865598299999999964e-08
1.865600199999999908e-08
1.865888899999999955e-08
1.865892799999999874e-08
1.865908000000000088e-08
1.865916599999999851e-08
1.865924500000000053e-08
1.865933199999999849e-08
1.866353599999999857e-08
1.866413199999999996e-08
1.867191100000000145e-08
1.867206700000000155e-08
1.868183499999999849e-08
1.868186300000000080e-08
1.868243099999999988e-08
1.868971800000000004e-08
1.868974499999999872e-08
1.868986899999999855e-08
1.869000399999999857e-08
1.869029399999999837e-08
1.869034899999999935e-08
1.869061100000000015e-08
1.869061400000000111e-08
1.869104800000000049e-08
1.869112400000000156e-08
1.869126399999999986e-08
1.869128199999999898e-08
1.869164900000000017e-08
1.869184700000000042e-08
1.869190499999999905e-08
1.869193799999999965e-08
1.869194300000000124e-08
1.869343600000000071e-08
1.869465900000000014e-08
1.869482399999999980e-08
1.869617999999999861e-08
1.869621399999999952e-08
1.869660200000000078e-08
1.869670199999999957e-08
1.869694899999999890e-08
1.869712900000000003e-08
1.869728500000000013e-08
1.869729500000000000e-08
1.869745300000000074e-08
1.869757600000000024e-08
1.869779299999999993e-08
1.869781700000000097e-08
1.869822599999999900e-08
1.869840900000000108e-08
1.869863600000000065e-08
1.869911999999999943e-08
1.869915500000000066e-08
1.869936899999999939e-08
1.870292899999999933e-08
1.870300899999999836e-08
1.870337100000000126e-08
1.870422200000000121e-08
1.871055300000000104e-08
1.871060799999999872e-08
1.871079399999999845e-08
1.872731999999999898e-08
1.874279300000000133e-08
1.874310200000000057e-08
1.875811599999999888e-08
1.877410900000000155e-08
1.877481999999999990e-08
1.877530200000000135e-08
1.877543099999999945e-08
1.877546900000000164e-08
