# t msd err
1.059121625980391171e-10 1.240864343814209181e-01 5.402108081078378822e-06
3.177489085651793521e-10 3.626613521346131463e-01 1.606230063094038561e-05
5.297594612162499894e-10 6.003972876435527128e-01 2.709619872496794171e-05
7.422837662218210027e-10 8.389984443216003118e-01 3.852121972607390992e-05
9.547192321431983630e-10 1.078326507347393326e+00 5.059396895053391179e-05
1.166762384637928763e-09 1.315833531082936547e+00 6.298626994792140739e-05
1.378803658395245420e-09 1.551975014692737354e+00 7.579764280195500819e-05
1.591285911127678136e-09 1.788983047648169622e+00 8.922630911938581207e-05
1.803376859686586749e-09 2.028078852234671103e+00 1.036555671336703173e-04
2.015490532796414878e-09 2.265380021203326599e+00 1.189179960228281931e-04
2.227797015556553730e-09 2.500311458831321332e+00 1.345075052761731608e-04
2.440101540532244935e-09 2.737074304400760827e+00 1.507312861579757101e-04
2.652457329919953377e-09 2.975543674967634722e+00 1.685465525158280609e-04
2.864421835579612409e-09 3.214307125550217137e+00 1.877843909339627223e-04
3.076366184479069423e-09 3.452385524951279372e+00 2.076150161375019761e-04
3.288814399725728514e-09 3.691570395315297404e+00 2.298068710058015431e-04
3.501070461681856885e-09 3.928692986297121159e+00 2.539478445343637471e-04
3.713181730820164721e-09 4.164929340676669867e+00 2.798954136597334771e-04
3.925729258120095842e-09 4.399420129789836764e+00 3.072328636261173994e-04
4.137733933400917801e-09 4.635060695051921087e+00 3.392582178903107170e-04
4.349652574636035321e-09 4.863986704230986113e+00 3.744298710696693732e-04
4.561236505621145950e-09 5.093516954059140289e+00 4.163073789929592865e-04
4.773626341268643202e-09 5.329197670452827218e+00 4.639930188301087514e-04
4.985501538656047434e-09 5.563480263027671846e+00 5.214772339447744766e-04
5.197124279330102382e-09 5.802629891583153565e+00 5.922870479978051012e-04
5.408692753446838773e-09 6.031219530212851510e+00 6.846655456737963958e-04
5.620249836981883899e-09 6.251699060209627845e+00 8.023245189892454438e-04
5.829825897622146756e-09 6.471333846075186358e+00 9.948895254286588014e-04
6.036356794418110616e-09 6.676800068065882776e+00 1.342019533613473354e-03
6.236362711359880828e-09 6.814822929438634880e+00 2.225237181966028752e-03
6.404712860389831430e-09 6.716567991608201282e+00 8.267523683511157975e-03
