# time Ni NiV
0.000000000000000000e+00 3.145504602282818568e-13 1.189643339551443034e-13
7.210999999999999515e-14 1.754990217538876805e-05 1.188978116054420800e-06
5.868999999999999529e-13 3.145504602282818568e-13 1.189643339551443034e-13
7.470000000000000482e-13 1.635418938661718069e-05 3.967843866676612388e-07
1.542000000000000094e-12 8.749209180554514217e-06 2.393198432804794107e-07
2.398000000000000081e-12 1.635419208190785374e-05 3.967681148742275352e-07
3.518000000000000156e-12 8.750216785426719843e-06 2.393198432804794107e-07
3.828999999999999941e-12 1.635418192086054705e-05 3.967681148742275352e-07
4.307000000000000126e-12 4.657057512601826320e-07 2.506400266566319197e-07
4.759000000000000220e-12 1.783009601852082566e-05 1.651636089826875190e-06
5.438000000000000053e-12 2.733156325570045356e-03 2.168633676235963108e-06
5.574000000000000281e-12 2.692338970995934982e-03 6.284507526610405945e-06
6.050000000000000272e-12 2.705793541769936812e-03 8.584080039003566661e-06
7.084000000000000107e-12 2.720776041629091504e-03 8.548127546239442793e-06
7.317000000000000427e-12 2.719412666634956049e-03 7.128281013379946426e-06
8.322999999999999977e-12 2.711797362688245054e-03 4.696872814009818529e-06
8.492000000000000570e-12 2.700657395552766727e-03 2.304133331941705806e-06
8.547000000000000639e-12 5.484974383956942728e-03 2.332319789082271667e-06
9.560000000000000462e-12 5.568164518182898079e-03 2.571031435537778073e-06
1.011999999999999969e-11 5.424732872758764382e-03 2.797379766066114493e-06
1.043999999999999994e-11 5.568198519679306430e-03 2.570615039834219485e-06
1.070999999999999940e-11 5.472794509104319041e-03 3.477875369113752390e-06
1.132999999999999958e-11 5.568198533424040947e-03 2.570632605166507206e-06
1.139000000000000054e-11 5.424856313804259089e-03 2.908274887733016199e-06
1.223999999999999954e-11 8.111285410673666277e-03 2.830398188297985587e-06
1.280000000000000039e-11 8.087497073659286051e-03 6.119045864533450043e-06
1.303999999999999937e-11 8.097149321459945134e-03 1.158849226969156249e-05
1.375999999999999953e-11 8.107618723312753906e-03 9.913319440582917723e-06
1.452000000000000033e-11 8.094822449106264112e-03 1.372951081081329694e-05
1.526999999999999936e-11 1.069110874091613352e-02 1.418143219130831392e-05
1.588000000000000100e-11 1.067625458882545675e-02 2.283098925459466690e-05
1.941000000000000070e-11 1.069760105791560389e-02 2.200818007734982808e-05
2.141999999999999880e-11 1.069504842843662686e-02 2.494570878660246847e-05
2.314000000000000035e-11 1.069699633349939158e-02 2.266494330506027942e-05
2.387000000000000068e-11 1.339987809715971478e-02 1.407120885055456324e-05
2.469999999999999936e-11 1.332157291716243482e-02 2.167045431599086831e-05
3.060000000000000290e-11 1.330497320996511246e-02 2.615125777366353327e-05
3.089000000000000267e-11 1.331411807951062530e-02 2.875190421270830884e-05
3.307999999999999718e-11 1.332068033928676676e-02 2.869040203636866513e-05
3.399999999999999891e-11 1.331411795931805066e-02 2.875179981890283603e-05
3.534999999999999942e-11 1.330706873919741511e-02 2.865399933669217217e-05
3.606000000000000266e-11 1.332630117945879031e-02 2.758690953060260692e-05
3.612000000000000038e-11 1.330706861102356857e-02 2.865385973546903640e-05
3.991000000000000099e-11 1.332628611197089058e-02 2.757458006193755685e-05
4.094000000000000286e-11 1.332416137206834765e-02 2.317190868577644384e-05
4.210000000000000196e-11 1.330494735636598633e-02 1.130382332556159544e-05
4.300000000000000014e-11 1.327297723080666722e-02 1.024492448904357408e-05
4.312000000000000206e-11 1.331302250305301318e-02 5.961748803594491904e-06
4.326000000000000106e-11 1.607657555005470237e-02 4.278154642501129647e-06
4.413000000000000038e-11 1.613927235098170862e-02 3.651261334372558774e-06
4.418999999999999810e-11 1.601177315188167041e-02 1.294535819159000867e-06
4.574999999999999711e-11 1.597059642347865849e-02 1.647327761909074139e-07
4.658999999999999757e-11 1.601177245646001265e-02 1.294535819159000867e-06
4.771000000000000249e-11 1.604651988459123227e-02 2.858546875828218364e-06
4.895999999999999818e-11 1.601180620303295846e-02 1.294142622989707655e-06
4.943999999999999936e-11 1.613730910500497592e-02 2.835793602721256496e-06
4.993000000000000232e-11 1.608392198379523380e-02 1.151899644904455763e-06
5.033000000000000223e-11 1.597130264181547896e-02 2.352969730672917390e-07
5.040999999999999705e-11 1.595357685636590236e-02 1.336935572818680145e-06
5.160999999999999678e-11 1.597129173525902932e-02 2.352855391863881991e-07
5.175000000000000224e-11 1.878419289773912079e-02 2.896043900716849168e-07
5.189000000000000124e-11 1.866417332409658209e-02 2.208015265352258210e-06
5.197999999999999783e-11 1.862592777064167593e-02 7.766242834192090577e-06
5.218000000000000101e-11 1.869771752285193794e-02 1.141943644170262636e-05
5.238999999999999951e-11 1.862541985581243204e-02 7.766188245765380554e-06
5.383999999999999838e-11 1.866281508105448877e-02 4.416985681329458823e-06
5.572000000000000249e-11 1.881230662450672497e-02 1.903378384698655859e-06
5.578000000000000021e-11 1.884185163154259574e-02 6.622345426640103363e-07
5.638999999999999863e-11 1.882044235522766645e-02 1.861696192689928087e-06
5.688000000000000159e-11 1.884092614454245529e-02 1.321501456509330184e-06
5.735000000000000100e-11 1.866666214585523120e-02 7.373330414015968678e-07
5.808000000000000132e-11 1.866061485399383990e-02 2.250774883097216256e-06
5.903000000000000192e-11 1.881244573019479754e-02 1.394197863233098075e-06
5.938000000000000588e-11 1.866061491006707970e-02 2.250774883097216256e-06
6.137000000000000366e-11 2.139322740877530604e-02 6.092143127266326571e-06
6.347000000000000158e-11 2.133137788551989211e-02 9.846956291691448947e-06
6.556000000000000418e-11 2.139323682208090632e-02 6.092614660232409049e-06
6.689000000000000114e-11 2.394383622915888243e-02 7.496150368945745179e-06
6.794999999999999541e-11 2.398342671927133907e-02 1.248241699913198685e-05
6.951999999999999619e-11 2.407369260519115831e-02 1.796485493767098059e-05
7.052000000000000567e-11 2.398319491259420441e-02 1.247959499446562520e-05
7.141000000000000208e-11 2.396314150617413416e-02 1.007110358556305393e-05
7.157000000000000462e-11 2.398319462444403055e-02 1.247947098016686283e-05
7.458000000000000250e-11 2.660861748058330339e-02 1.039530999147195464e-05
7.616999999999999391e-11 2.677950038436891639e-02 1.531260010616464277e-05
7.637000000000000356e-11 2.661611735562422268e-02 1.487469933961668689e-05
7.717000000000000338e-11 2.935906306004860619e-02 1.413364678103862540e-05
7.828999999999999538e-11 2.927617894129647819e-02 1.465890583655580857e-05
7.937000000000000612e-11 2.931579491488889300e-02 2.215646410137645921e-05
7.957000000000000285e-11 2.918428208647200900e-02 2.306544664666251981e-05
8.023999999999999898e-11 3.193231988961326567e-02 1.659692531611853909e-05
8.155000000000000532e-11 3.180255514482041579e-02 2.625946577330280087e-05
8.290000000000000582e-11 3.191822255523428520e-02 2.562190632287725267e-05
8.644000000000000084e-11 3.180255504375628650e-02 2.625946577330280087e-05
8.676000000000000594e-11 3.177940077707129551e-02 2.824499392362194989e-05
8.820000000000000303e-11 3.177024827920475053e-02 2.903176727557470042e-05
8.845999999999999748e-11 3.177187959044054655e-02 2.885673350410860379e-05
8.903999999999999703e-11 3.177024880625222564e-02 2.903142985371209061e-05
8.922999999999999844e-11 3.177544911118680704e-02 2.812089501032758818e-05
9.358999999999999683e-11 3.177075477226531247e-02 3.797066307650160105e-05
9.468999999999999820e-11 3.178338873828073785e-02 2.980516707701916793e-05
9.659999999999999470e-11 3.177075483421737401e-02 3.797066307650160105e-05
1.011000000000000050e-10 3.177533776583116309e-02 3.009840085691797729e-05
1.033999999999999997e-10 3.177955493080440730e-02 2.835711405089774383e-05
1.043000000000000043e-10 3.178082342611789068e-02 2.629448091701405620e-05
1.043000000000000043e-10 3.177955469056399640e-02 2.835711405089774383e-05
1.049999999999999993e-10 3.177280863973686725e-02 2.837951541516183120e-05
1.054000000000000057e-10 3.431376217726846145e-02 3.622905418964251416e-05
1.054999999999999976e-10 3.177276696231202263e-02 2.831882495764328979e-05
1.094999999999999967e-10 3.177298523338656366e-02 2.797894467834637758e-05
1.110999999999999963e-10 3.176957356825291234e-02 2.871334705085298189e-05
1.129999999999999975e-10 3.177298393970962032e-02 2.797891371093880799e-05
1.147999999999999939e-10 3.178026852038801781e-02 2.643795151924111975e-05
1.150999999999999954e-10 3.444305031335113954e-02 2.834605014663472134e-05
1.156999999999999985e-10 3.440529831774558067e-02 2.071587229603865141e-05
1.161000000000000049e-10 3.442499455837685213e-02 1.353636811397446181e-05
1.165000000000000113e-10 3.719307816555340179e-02 1.588876704275711099e-05
1.182999999999999947e-10 3.715633628339108652e-02 2.354048862756161133e-05
1.183999999999999996e-10 3.719196357986195856e-02 2.728413824194812328e-05
1.192999999999999913e-10 3.731762778224853583e-02 1.507726875211862420e-05
1.225999999999999954e-10 3.719196346104833989e-02 2.728352164714191786e-05
1.227000000000000002e-10 3.731765356750302298e-02 1.506823880549474268e-05
1.233000000000000033e-10 3.719476951114738389e-02 9.371565487322619644e-06
1.238000000000000016e-10 3.718368563133733762e-02 5.799154032498911306e-06
1.240000000000000112e-10 3.717062631350226409e-02 3.939501247778784229e-06
1.260000000000000043e-10 3.987838154911866467e-02 3.122700703724573039e-06
1.265000000000000026e-10 3.987152720675132822e-02 4.131044339268961689e-06
1.272000000000000105e-10 3.991075823868490968e-02 5.272958041571853863e-06
1.289999999999999940e-10 3.993760969426390223e-02 5.605743060206144411e-06
1.290999999999999988e-10 3.997468275781758396e-02 5.487930662852149086e-06
1.293999999999999874e-10 3.993756468243745555e-02 5.595081879525223986e-06
1.299000000000000115e-10 3.994016485011538803e-02 5.517238944525495969e-06
1.331999999999999898e-10 3.988221153296692134e-02 6.085311401171010189e-06
1.335000000000000043e-10 3.991293626906820824e-02 5.903510931483446857e-06
1.346000000000000057e-10 3.988766432441534504e-02 5.911818180759622716e-06
1.348999999999999943e-10 3.994877708606237726e-02 5.628915855893838327e-06
1.367000000000000036e-10 4.001462183752392543e-02 5.284451021934335858e-06
1.369999999999999922e-10 3.994464835899273758e-02 5.295375190285449411e-06
1.370999999999999970e-10 4.265266915689533422e-02 4.586600883711603579e-06
1.377000000000000001e-10 4.259245650046972198e-02 4.245554872148180203e-06
1.400000000000000077e-10 4.529985515217405806e-02 4.960559207203120545e-06
1.406999999999999898e-10 4.525890578454435514e-02 5.988935692515318581e-06
1.411000000000000091e-10 4.529986757535329339e-02 4.959664187007799404e-06
1.421000000000000056e-10 4.526004122084460041e-02 6.047076615190496510e-06
1.427000000000000087e-10 4.529994156014445494e-02 4.958609819135681538e-06
1.434999999999999956e-10 4.540991247468570413e-02 5.370681272571281294e-06
1.438999999999999890e-10 4.526754747576097054e-02 5.566432391822138702e-06
1.442000000000000035e-10 4.803519456536142068e-02 5.144230403830583653e-06
1.460000000000000128e-10 4.811947438807974431e-02 6.481196959012370460e-06
1.460000000000000128e-10 4.803518334888431246e-02 5.144053423827291717e-06
1.465999999999999901e-10 4.804369716551055991e-02 7.081678085105575368e-06
1.470000000000000094e-10 4.804204780328427682e-02 7.619405105557671714e-06
1.471999999999999932e-10 4.804363203852596298e-02 7.077273863814143228e-06
1.472999999999999980e-10 4.805868860892609923e-02 7.891949768015261730e-06
1.472999999999999980e-10 4.804362117984218444e-02 7.077273863814143228e-06
1.485000000000000042e-10 4.805850770447991915e-02 7.889627476301341245e-06
1.487999999999999928e-10 4.804362106836183866e-02 7.077273863814143228e-06
1.508000000000000117e-10 5.069726824145051602e-02 4.774540154616349830e-06
1.529000000000000097e-10 5.062000999940117346e-02 7.652641679392489977e-06
1.547999999999999979e-10 5.068169672785948626e-02 1.152813576651034258e-05
1.551000000000000124e-10 5.068181121015052915e-02 1.538210089883945047e-05
1.560000000000000041e-10 5.059974633356310869e-02 1.903662077010851312e-05
1.572000000000000103e-10 5.068178908722378168e-02 1.538213364273325560e-05
1.613000000000000013e-10 5.067932055692402071e-02 1.260980084084091021e-05
1.617999999999999996e-10 5.061642276525455536e-02 9.339308433593118816e-06
1.624000000000000027e-10 5.066724486653643306e-02 1.225801856169903775e-05
1.626000000000000124e-10 5.059123982418937265e-02 9.017841398300464515e-06
1.626000000000000124e-10 5.064722754618625200e-02 1.180631159693882683e-05
1.626999999999999913e-10 5.321325282874604656e-02 1.547308747365493933e-05
1.627999999999999962e-10 5.313907101160995211e-02 2.276000213786886714e-05
1.632999999999999944e-10 5.313380648966908176e-02 2.541789971540831658e-05
1.645000000000000006e-10 5.312221646359682747e-02 2.327801329809131640e-05
1.665999999999999985e-10 5.313380630117079534e-02 2.541789971540831658e-05
1.667000000000000034e-10 5.312091086840173976e-02 2.320880288059303222e-05
1.670999999999999968e-10 5.311312610818019753e-02 2.606895013495007571e-05
1.681999999999999982e-10 5.312081485770216160e-02 2.360122796863262868e-05
1.691999999999999947e-10 5.311311495262296956e-02 2.606892419621045854e-05
1.706999999999999896e-10 5.312584515196835250e-02 2.742199391437787743e-05
1.708999999999999992e-10 5.312936593657512085e-02 2.646662093592753689e-05
1.716000000000000071e-10 5.312584530904908287e-02 2.742177298128929808e-05
1.739999999999999937e-10 5.573882679749843361e-02 2.129397403582306160e-05
1.743999999999999871e-10 5.573178817338150792e-02 2.053213207114124050e-05
1.756999999999999981e-10 5.577330650994202776e-02 1.805179949209387663e-05
1.764000000000000061e-10 5.573178810452159709e-02 2.053211371650823469e-05
1.792000000000000119e-10 5.574659143524385990e-02 2.397503579564559193e-05
1.813000000000000098e-10 5.573135713432344346e-02 2.052794230607652302e-05
1.819999999999999919e-10 5.574655299740219339e-02 2.426453574877791508e-05
1.829999999999999884e-10 5.585196077043576984e-02 2.616691183499976196e-05
1.830999999999999933e-10 5.576298971844146496e-02 2.820437158120796167e-05
1.841999999999999946e-10 5.574408645412695651e-02 2.927667257333553847e-05
1.852999999999999960e-10 5.574633940679318139e-02 2.841450715457840992e-05
1.884999999999999953e-10 5.575897281795728216e-02 2.685009172456930424e-05
1.888999999999999887e-10 5.590275261748246100e-02 2.490354008472883015e-05
1.893000000000000080e-10 5.584338503546178861e-02 2.150321899511424927e-05
1.915999999999999898e-10 5.590275251425186331e-02 2.490354008472883015e-05
1.927999999999999960e-10 5.584328448230676395e-02 2.149996903777071295e-05
1.933999999999999991e-10 5.590275230455354211e-02 2.490332194519757081e-05
1.933999999999999991e-10 5.575777275910001607e-02 2.668789651539912961e-05
1.947999999999999891e-10 5.590273546476393074e-02 2.489843293788747270e-05
1.956000000000000018e-10 5.590862539770238143e-02 2.131010167889580326e-05
1.964999999999999935e-10 5.581915836835056599e-02 1.621290699351376496e-05
1.979000000000000094e-10 5.573260961982798994e-02 1.159418310263723368e-05
1.985000000000000125e-10 5.583859751219031470e-02 7.397372612148492357e-06
1.985999999999999914e-10 5.590618064427779754e-02 5.032796992041356816e-06
1.990999999999999897e-10 5.587081192747313241e-02 4.160924779100886326e-06
1.992999999999999994e-10 5.581165161804352293e-02 4.939565878041590372e-06
2.007999999999999942e-10 5.568576580555504446e-02 6.273085612770859304e-06
2.007999999999999942e-10 5.581166202152538364e-02 4.939565878041590372e-06
2.011999999999999876e-10 5.587322613181159442e-02 4.554778888576741838e-06
2.016000000000000069e-10 5.590688421914535161e-02 5.061576556880639018e-06
2.017000000000000118e-10 5.586215273073846799e-02 4.602912916394710853e-06
2.021000000000000052e-10 5.582187144090978298e-02 5.022218777228176904e-06
2.022000000000000100e-10 5.847485100371955374e-02 5.781589995997831143e-06
2.032000000000000066e-10 5.853989988828388336e-02 6.422410982879855412e-06
2.038000000000000097e-10 5.851376999236009707e-02 5.101338684575258094e-06
2.045999999999999966e-10 5.850167410664893625e-02 6.937141748815969146e-06
2.049000000000000110e-10 5.851376995527483166e-02 5.101357997715365885e-06
2.049000000000000110e-10 5.850144766798356932e-02 6.936534755057324192e-06
2.058000000000000028e-10 5.837045574353465910e-02 9.623211763359925514e-06
2.059000000000000076e-10 5.840273342943358426e-02 1.414089264579421949e-05
2.061999999999999962e-10 5.837040892669870945e-02 9.623166690802578661e-06
2.064000000000000059e-10 5.854118349510323976e-02 7.310405351691037387e-06
2.064000000000000059e-10 5.837043846247112755e-02 9.621334197937671362e-06
2.086000000000000086e-10 5.854118349564838009e-02 7.310495272621063546e-06
2.088999999999999972e-10 5.851473392346243085e-02 5.234526659445873762e-06
2.097000000000000100e-10 5.834943809640561613e-02 3.964533434540993016e-06
2.098999999999999938e-10 5.832112809552365829e-02 3.308607935485489274e-06
2.102000000000000083e-10 5.834937160646810200e-02 3.964533434540993016e-06
2.108000000000000114e-10 5.846859966053566393e-02 3.327538544371548000e-06
2.113999999999999886e-10 5.834948485791500300e-02 3.962865328425168408e-06
2.117000000000000031e-10 5.846859961040455633e-02 3.327392042437234848e-06
2.124000000000000110e-10 5.857119849622979130e-02 1.991518406236743985e-06
2.124999999999999900e-10 5.846860021249382366e-02 3.327316880167029951e-06
2.133000000000000027e-10 5.833048969445549931e-02 4.230777744725639526e-06
2.139000000000000058e-10 5.846860022789638484e-02 3.327282357239970522e-06
2.149000000000000024e-10 5.852593609902930621e-02 3.183794066632356029e-06
2.156000000000000103e-10 5.846858932989535546e-02 3.327198834117558744e-06
2.162999999999999924e-10 5.852589104651264446e-02 3.183794066632356029e-06
2.174999999999999986e-10 5.846858974926395086e-02 3.327251003412082936e-06
2.177999999999999872e-10 5.833070266996106396e-02 4.154916941499840242e-06
2.177999999999999872e-10 5.849633513693516113e-02 3.480268614802763429e-06
2.183000000000000113e-10 5.843009460423963936e-02 3.379716792352870056e-06
2.183000000000000113e-10 5.849626448663943629e-02 3.480383620289489223e-06
2.187000000000000047e-10 5.865217604366049220e-02 6.265843537392651509e-06
2.189999999999999934e-10 5.847598745941072484e-02 5.049969222654655128e-06
2.198000000000000061e-10 5.833513987960094876e-02 3.927184795669766178e-06
2.198000000000000061e-10 5.846512332931609601e-02 3.404408401483507846e-06
2.210000000000000123e-10 5.852662640567842661e-02 3.219091362265108209e-06
2.226000000000000120e-10 5.856252151957907354e-02 3.655273155707901959e-06
2.231000000000000102e-10 5.852662652857564679e-02 3.219091362265108209e-06
2.242000000000000116e-10 5.831981401227762096e-02 3.697136119456967480e-06
2.242999999999999906e-10 5.843088766690936187e-02 4.236246373397688498e-06
2.252000000000000082e-10 5.851193631285307728e-02 5.322684287398325026e-06
2.252999999999999871e-10 5.854197153647197616e-02 6.869723386472032379e-06
2.268000000000000078e-10 5.851083038315620793e-02 5.295714213194532724e-06
2.269000000000000126e-10 5.854192891969531298e-02 6.868070856474231398e-06
2.269999999999999916e-10 5.836982394189186435e-02 9.601101273670822279e-06
2.274999999999999899e-10 5.838021101241311350e-02 1.405101329962559978e-05
2.285000000000000123e-10 5.836998763924349659e-02 9.596863664581677727e-06
2.300000000000000071e-10 5.854146375092476179e-02 7.263274971806365554e-06
2.313999999999999971e-10 5.850002669618208778e-02 1.150171113511607208e-05
2.313999999999999971e-10 6.115703790105881527e-02 1.069483979707963457e-05
2.340000000000000191e-10 6.119651229494370986e-02 1.427111634078546638e-05
2.343999999999999867e-10 6.099571017380662347e-02 1.094059457044809262e-05
2.382999999999999939e-10 6.123739086029423434e-02 1.441809066971527951e-05
2.407000000000000063e-10 6.110299682013316247e-02 1.105970440256929576e-05
2.414000000000000142e-10 6.123739079216113795e-02 1.441799085623813456e-05
2.434999999999999863e-10 6.400301124339005665e-02 1.362076903581046114e-05
2.439999999999999846e-10 6.396574929181300662e-02 1.627482451523330729e-05
2.441999999999999942e-10 6.387915379206222932e-02 8.512896756526806147e-06
2.448000000000000232e-10 6.384588692759583795e-02 4.335074534692648020e-06
2.448000000000000232e-10 6.392901865072757317e-02 2.415906381137573596e-06
2.449000000000000022e-10 6.384588685265657482e-02 4.335074534692648020e-06
2.453000000000000215e-10 6.392311411358221618e-02 5.454536331685461210e-06
2.463999999999999970e-10 6.374077591722754343e-02 3.692608703240860525e-06
2.478999999999999918e-10 6.381322902865189939e-02 2.314689866358001360e-06
2.483999999999999901e-10 6.389313085441748752e-02 2.892914434739888281e-06
2.491999999999999770e-10 6.401545567549721261e-02 4.870434723782462624e-06
2.500999999999999945e-10 6.391665361407015966e-02 4.409155088854910982e-06
2.500999999999999945e-10 6.384220281437379130e-02 3.076267962035331990e-06
2.507000000000000235e-10 6.384973099572489874e-02 3.029116904060275130e-06
2.508999999999999814e-10 6.384220034920605469e-02 3.076267962035331990e-06
2.510999999999999911e-10 6.389714025618802029e-02 3.713318391828689596e-06
2.513999999999999797e-10 6.382081022479668686e-02 2.981520304475315632e-06
2.515999999999999894e-10 6.389734334937106908e-02 3.711792197829603704e-06
2.517999999999999990e-10 6.384006665476334164e-02 2.963085366795776142e-06
2.523999999999999763e-10 6.389739025806445705e-02 3.705712790584133789e-06
2.525999999999999859e-10 6.384006662855498671e-02 2.963000250158607875e-06
2.537999999999999921e-10 6.384956695823434947e-02 3.021614165432238409e-06
2.555999999999999756e-10 6.383984943329111539e-02 2.962916799423691062e-06
2.566000000000000238e-10 6.389674765155639591e-02 3.613021635795657637e-06
2.567999999999999817e-10 6.383984948218456024e-02 2.962962960838363295e-06
2.581000000000000186e-10 6.393785033161361597e-02 3.383267070106729592e-06
2.587999999999999748e-10 6.393687986596187367e-02 3.626106847655222608e-06
2.591999999999999941e-10 6.373947842190104407e-02 3.177696371732001794e-06
2.596000000000000134e-10 6.382906871547715244e-02 4.767363598945692556e-06
2.613000000000000179e-10 6.373963855429706782e-02 3.152984351079176207e-06
2.614999999999999759e-10 6.393329889127222221e-02 2.746627384119396399e-06
2.621000000000000048e-10 6.373963854312854338e-02 3.152984351079176207e-06
2.623999999999999934e-10 6.389772566051479807e-02 4.815419152474289009e-06
2.625000000000000241e-10 6.373964519377835203e-02 3.152590780783390398e-06
2.635000000000000207e-10 6.382905051641801775e-02 4.791416618575910744e-06
2.650000000000000155e-10 6.397747708730842919e-02 8.623596706024577954e-06
2.652000000000000251e-10 6.382895109468300632e-02 4.789753577743818513e-06
2.662000000000000217e-10 6.384750431363483969e-02 8.410138464292012849e-06
2.670999999999999875e-10 6.394680385757225971e-02 6.973319177681565281e-06
2.689000000000000227e-10 6.375859228263848488e-02 4.051917685063246046e-06
2.690000000000000017e-10 6.385142637690296996e-02 2.390396383589521087e-06
2.699000000000000192e-10 6.392868809997581669e-02 3.051954209166103138e-06
2.702999999999999868e-10 6.395946370567860695e-02 2.996810698583040620e-06
2.704000000000000175e-10 6.375024701747718237e-02 3.294295419213042296e-06
2.704000000000000175e-10 6.384143350496682134e-02 5.014226399154109110e-06
2.717000000000000027e-10 6.375024608092390299e-02 3.292372946440921233e-06
2.722999999999999799e-10 6.390918468856225665e-02 5.043285514345067065e-06
2.734000000000000071e-10 6.387600358226425135e-02 3.554901391688968671e-06
2.741000000000000151e-10 6.386222113478792761e-02 2.411680491595917948e-06
2.743000000000000247e-10 6.387600421423517139e-02 3.554837498728982505e-06
2.744999999999999827e-10 6.386229560691963902e-02 2.411033038687287265e-06
2.746000000000000133e-10 6.645172264392415484e-02 2.029807133435622657e-06
2.748000000000000230e-10 6.649848491323868960e-02 2.795117504405700515e-06
2.754999999999999792e-10 6.657491807101471870e-02 6.577418831864115199e-06
2.758000000000000195e-10 6.651829756217116085e-02 1.237842028014327882e-05
2.776000000000000030e-10 6.665302479341610187e-02 1.010887690576850735e-05
2.778999999999999916e-10 6.916837165673221655e-02 8.079710498995720772e-06
2.781999999999999802e-10 6.906016447871503317e-02 4.710974206306404118e-06
2.790999999999999978e-10 6.916837170312685468e-02 8.079710498995720772e-06
2.793000000000000074e-10 6.912182601445107655e-02 1.271508792376299622e-05
2.802000000000000250e-10 7.703945764107589245e-02 1.038638674862228545e-05
2.810999999999999909e-10 7.717269471082018051e-02 1.400898688211324629e-05
2.813999999999999795e-10 7.703958309457008269e-02 1.038630277341209231e-05
2.832999999999999936e-10 7.691296218011162145e-02 5.556462603109183446e-06
2.847000000000000095e-10 7.707547459402383505e-02 7.864591949905428634e-06
2.869999999999999912e-10 7.698917875277545841e-02 5.207423526923728715e-06
2.872000000000000008e-10 7.712391268721291437e-02 8.067527042170154409e-06
2.874999999999999895e-10 7.699193637056554740e-02 1.280145575185577799e-05
2.914999999999999757e-10 7.968919320747415436e-02 1.000653569173400213e-05
2.921000000000000046e-10 7.953628377869167987e-02 8.623911885162276634e-06
2.933000000000000108e-10 7.968920301037363263e-02 1.000628470370173579e-05
3.014000000000000138e-10 7.963797094117111564e-02 1.688110111049487142e-05
3.022999999999999797e-10 7.968921105027612639e-02 1.000628470370173579e-05
3.031000000000000183e-10 7.957489518919926008e-02 1.214304364356698147e-05
3.049999999999999807e-10 7.968920978525230459e-02 1.000628470370173579e-05
3.056999999999999887e-10 8.213855744147387228e-02 1.152065615447845297e-05
3.064999999999999756e-10 8.249885033315024208e-02 1.427676336023513413e-05
3.076999999999999818e-10 8.228847462950021618e-02 1.091954010572808953e-05
3.080000000000000221e-10 8.214191945309773368e-02 6.093949541866524274e-06
3.085999999999999993e-10 8.236684001848898484e-02 8.407152059494913307e-06
3.098000000000000055e-10 8.220400876361075304e-02 5.437971339813484271e-06
3.110999999999999907e-10 8.236683992287334444e-02 8.407152059494913307e-06
3.135000000000000031e-10 8.220393991941379874e-02 5.438038651371319748e-06
3.135999999999999821e-10 8.236683987203848034e-02 8.407018806061530134e-06
3.140999999999999803e-10 8.220357174418932433e-02 5.437604827745009602e-06
3.147999999999999883e-10 8.213335111619862738e-02 2.028039377509623630e-06
3.154999999999999962e-10 8.220357180434650912e-02 5.437604827745009602e-06
3.162999999999999831e-10 8.213347436108292543e-02 2.026097467133452358e-06
3.164999999999999927e-10 8.232815761172983249e-02 6.530772191234160810e-07
3.189000000000000051e-10 8.252611314820455790e-02 1.785142245733798301e-06
3.191000000000000148e-10 8.232815754655344043e-02 6.530772191234160810e-07
3.191000000000000148e-10 8.252583027600653154e-02 1.783208574285844086e-06
3.194000000000000034e-10 8.232815806562218675e-02 6.530692487190175584e-07
3.194000000000000034e-10 8.252573359131891439e-02 1.782318127497624521e-06
3.204999999999999789e-10 8.240155473719470991e-02 1.287756331127098210e-06
3.236999999999999782e-10 8.237060762494050059e-02 2.650873771118690638e-06
3.248000000000000054e-10 8.233327734191253633e-02 5.075458306355235556e-06
3.258999999999999809e-10 8.222700924691139779e-02 7.637430202796734440e-06
3.260000000000000116e-10 8.213515414508892887e-02 9.903004155915020709e-06
3.262000000000000213e-10 8.208882004054643411e-02 1.027040666985101941e-05
3.267000000000000195e-10 8.213506587822202998e-02 9.896576880708583956e-06
3.267999999999999985e-10 8.233301469477434520e-02 9.092870538150275787e-06
3.268999999999999775e-10 8.213507667927313904e-02 9.896576880708583956e-06
3.272000000000000178e-10 8.219766953021022393e-02 9.958728527480431876e-06
3.282000000000000144e-10 8.213508665971756828e-02 9.896448333087544787e-06
3.287999999999999916e-10 8.222580075612026529e-02 9.051298597334053646e-06
3.290999999999999802e-10 8.207890258308037090e-02 1.036890432289182337e-05
3.295999999999999785e-10 8.222592640133793984e-02 9.043869674200319725e-06
3.299000000000000188e-10 8.213798239549983948e-02 1.037359490624900739e-05
3.302000000000000075e-10 8.220052318227343002e-02 1.025783860358373257e-05
3.316000000000000233e-10 8.207092158062875842e-02 4.503705557546465327e-06
3.326999999999999988e-10 8.228089153653475596e-02 7.035375080144416402e-06
3.343000000000000243e-10 8.229353029614649984e-02 6.650437407707523818e-06
3.346999999999999919e-10 8.233357702947664836e-02 8.359631329768705280e-06
3.348000000000000226e-10 8.233153543779409000e-02 6.993030125126044977e-06
3.363999999999999964e-10 8.237029958912112093e-02 4.819957659383277592e-06
3.363999999999999964e-10 8.233146009058815717e-02 6.993041834753097555e-06
3.366000000000000060e-10 8.233229861502165681e-02 8.605123838525707044e-06
3.381000000000000009e-10 8.233146013857516043e-02 6.992910493842693012e-06
3.425000000000000063e-10 8.237055148343146171e-02 4.823205936221567067e-06
3.430000000000000046e-10 8.240201017017938223e-02 2.330573380354339897e-06
3.434000000000000239e-10 8.213841719616915560e-02 1.049340320011886196e-06
3.437000000000000125e-10 7.968978202861251581e-02 4.935320290801263004e-07
3.439000000000000222e-10 7.954674514929567508e-02 5.008333538886401640e-07
3.440000000000000012e-10 7.968946368689019955e-02 4.912978682219094576e-07
3.444999999999999994e-10 7.966740370978400709e-02 1.735380859466513624e-06
3.452000000000000074e-10 7.968946359243173072e-02 4.912651988410299477e-07
3.464999999999999925e-10 7.954673892413242908e-02 4.967112127078345783e-07
3.477999999999999777e-10 7.975994273005561352e-02 3.376813732803022550e-07
3.482999999999999760e-10 7.954674933643920975e-02 4.967026566466419393e-07
3.487999999999999742e-10 7.968751912028824991e-02 3.371027857248153694e-07
3.496000000000000128e-10 7.940633857011022978e-02 4.325843502681760077e-07
3.509999999999999770e-10 7.968765806218759684e-02 3.368441537861245759e-07
3.518000000000000156e-10 7.940633794521977096e-02 4.325799720575818596e-07
3.538000000000000087e-10 7.968756662905936150e-02 3.355842102395132995e-07
3.538999999999999877e-10 7.965760049431810930e-02 1.748265564996404110e-06
3.540999999999999973e-10 7.968756659226189365e-02 3.355638849119280878e-07
3.543000000000000069e-10 7.966903698322129468e-02 1.523803903601758037e-06
3.548000000000000052e-10 7.963497135055225273e-02 8.626456760801660536e-07
3.550999999999999938e-10 7.940483057464239880e-02 5.381161562433735655e-07
3.553999999999999825e-10 7.941833403276427061e-02 1.952492921302821892e-06
3.570000000000000080e-10 7.955242487977187693e-02 5.951718756891901104e-06
3.570000000000000080e-10 7.955448320271377161e-02 1.194411430028656937e-05
3.577999999999999949e-10 7.955235699085902445e-02 5.951421927996031039e-06
3.617000000000000021e-10 7.965485349546740090e-02 1.144394004650360474e-05
3.621000000000000214e-10 7.951972728742948138e-02 1.737543747180672412e-05
3.622999999999999793e-10 7.965502444174572816e-02 1.144414218074214269e-05
3.629000000000000083e-10 7.969122782884856260e-02 9.510063931061584733e-06
3.643000000000000241e-10 7.950014928787116353e-02 5.223243022419452219e-06
3.646999999999999917e-10 7.969123928553295544e-02 9.510101929298964005e-06
3.651000000000000110e-10 7.950018950366241621e-02 5.222292054263675572e-06
3.663000000000000172e-10 7.969123975713277019e-02 9.510283108567027944e-06
3.685999999999999989e-10 7.965812734238300608e-02 1.335939255844188253e-05
3.696999999999999744e-10 7.951617375343246474e-02 1.856025828523452751e-05
3.717999999999999982e-10 7.689874666199712772e-02 1.592834742518704606e-05
3.722999999999999965e-10 7.686115736942880639e-02 1.926603539960233873e-05
3.749000000000000185e-10 7.689852863301824271e-02 1.592834490361627107e-05
3.749999999999999975e-10 7.681014426478319224e-02 1.932036074368135428e-05
3.757999999999999844e-10 7.947549946313353653e-02 1.824812857234890274e-05
3.757999999999999844e-10 7.952816819498823020e-02 2.444278728316230816e-05
3.762000000000000037e-10 7.948895955108152556e-02 1.696048204878940142e-05
3.764000000000000134e-10 7.949566640723781941e-02 2.418890743944133737e-05
3.767999999999999810e-10 7.946084142755881208e-02 2.426834531800157514e-05
3.784999999999999854e-10 7.955216866815249810e-02 1.376242800467501928e-05
3.798000000000000223e-10 7.946084147370779949e-02 2.426840678986722492e-05
3.831000000000000006e-10 7.942562009402236167e-02 2.741947593683617204e-05
3.872999999999999964e-10 8.206347980829362121e-02 2.686339067588943574e-05
3.880999999999999833e-10 8.214768903782231069e-02 2.859360600999514789e-05
3.943000000000000239e-10 8.462587441355617912e-02 2.439190213349224154e-05
3.946999999999999915e-10 8.462035595288962264e-02 2.842068935699417569e-05
3.978999999999999908e-10 8.462587669296681159e-02 2.439179229639743546e-05
3.991999999999999760e-10 8.462035141744046751e-02 2.841178145696474013e-05
4.000999999999999935e-10 8.721902464166719771e-02 2.290915232679573583e-05
4.008999999999999804e-10 8.721007368599792420e-02 2.554208833513837843e-05
4.032000000000000139e-10 8.721902543776413608e-02 2.290925560174832774e-05
4.064000000000000132e-10 8.721190183170475507e-02 2.573318139899392543e-05
4.064999999999999921e-10 8.721075640535040641e-02 2.311734359244340257e-05
4.088000000000000255e-10 8.721190254698656108e-02 2.573321439323750673e-05
4.093000000000000238e-10 8.726662135712569268e-02 2.783982537574446835e-05
4.093000000000000238e-10 8.985295693280449802e-02 2.315240331805840885e-05
4.109999999999999766e-10 8.982679888717584604e-02 2.915043092514149080e-05
4.123999999999999924e-10 8.981918307723672779e-02 2.976192460878737973e-05
4.125000000000000231e-10 9.252708305472392980e-02 1.601602884029719597e-05
4.133000000000000100e-10 9.243563794148949853e-02 2.553177919244557149e-05
4.140000000000000179e-10 9.230570040335447923e-02 2.802203379264335979e-05
4.152000000000000241e-10 9.243563800437558375e-02 2.553157185392945086e-05
4.153000000000000031e-10 9.255341130038095832e-02 2.930251980955266231e-05
4.157000000000000224e-10 9.245048782252615616e-02 2.885328243366268942e-05
4.172999999999999962e-10 9.498676299786625032e-02 2.333989787075969034e-05
4.185000000000000024e-10 9.497562618432653370e-02 2.217790200944196640e-05
4.194999999999999989e-10 9.498675155646281454e-02 2.333989787075969034e-05
4.197999999999999876e-10 9.519094073116260435e-02 2.768193881155896414e-05
4.199999999999999972e-10 9.514703425129431014e-02 2.886444286291181232e-05
4.222999999999999789e-10 9.760134635646787460e-02 2.640250572340819085e-05
4.246000000000000123e-10 9.775915401811963168e-02 2.923711486367430536e-05
4.258999999999999975e-10 9.760134632612806060e-02 2.640244357169871538e-05
4.261999999999999861e-10 9.758647702110569144e-02 2.894909394556449992e-05
4.263000000000000168e-10 9.758362354021758722e-02 2.769903398840948907e-05
4.264999999999999748e-10 9.752214531994417290e-02 2.515790771201428707e-05
4.276999999999999810e-10 9.756840976050457082e-02 2.129827855294604770e-05
4.281000000000000003e-10 9.759835446686290772e-02 2.425053723578629372e-05
4.303999999999999820e-10 9.762779645001204432e-02 2.621819796069312810e-05
4.308999999999999802e-10 9.760828106705324303e-02 2.781523202936054902e-05
4.317000000000000188e-10 9.760634544129817569e-02 2.665872768529538726e-05
4.325000000000000057e-10 9.753052998092501258e-02 2.442508915946342983e-05
4.327999999999999944e-10 9.767850999993464567e-02 2.110036951072061684e-05
4.335999999999999813e-10 9.758470846764544238e-02 1.656181017912746337e-05
4.337999999999999909e-10 9.767851031039892495e-02 2.110050867501301811e-05
4.342999999999999892e-10 9.758472160816077101e-02 1.656066154093861366e-05
4.362000000000000033e-10 9.767879305570499604e-02 1.189157029419188750e-05
4.362999999999999823e-10 9.760357533411034847e-02 1.500283721895777728e-05
4.374999999999999885e-10 9.767455627282452257e-02 1.857321485209841971e-05
4.391000000000000140e-10 9.775110267172713863e-02 1.495073327001171579e-05
4.404999999999999781e-10 9.785876802008948439e-02 1.133283643457544366e-05
4.413000000000000167e-10 9.785292265091768971e-02 7.320670114578879114e-06
4.413000000000000167e-10 9.780290919343895273e-02 7.428132488983924678e-06
4.416999999999999843e-10 9.785287105967375998e-02 7.316558242604661563e-06
4.426000000000000019e-10 9.785335140512399499e-02 9.974173188376845680e-06
4.435000000000000195e-10 9.781790664798412083e-02 7.168499753046861580e-06
4.458999999999999801e-10 9.785335164927397300e-02 9.974108626508934334e-06
4.484000000000000232e-10 9.760721829942557715e-02 1.371773977079281355e-05
4.492999999999999891e-10 9.785339051503461061e-02 9.971147529172221343e-06
4.502999999999999856e-10 9.781993531548539844e-02 7.144690208134548241e-06
4.517999999999999805e-10 9.774600490637740113e-02 9.650184061902291729e-06
4.522999999999999787e-10 9.765683043105587158e-02 1.607300837278028292e-05
4.536000000000000156e-10 9.784993938352969101e-02 1.142342855182664708e-05
4.541999999999999928e-10 9.765683099890069829e-02 1.607285463213740617e-05
4.541999999999999928e-10 9.774404232290719030e-02 1.797401652725714704e-05
4.558999999999999973e-10 9.778583269758338303e-02 1.530288753035582237e-05
4.566000000000000052e-10 9.789281131906513167e-02 1.149076578120633852e-05
4.576000000000000018e-10 1.005422718428542889e-01 7.318751103840819428e-06
4.578000000000000114e-10 1.006409496737726700e-01 6.680222841987819314e-06
4.583999999999999887e-10 1.004041496289842517e-01 9.778148437508199308e-06
4.593000000000000063e-10 1.031262691934491382e-01 8.041857722635747973e-06
4.593999999999999852e-10 1.056694635030974022e-01 6.358230933572747415e-06
4.595000000000000159e-10 1.056662457204938371e-01 1.450326593782316368e-06
4.595999999999999949e-10 1.058139275517670785e-01 1.408739670925852084e-07
4.597000000000000255e-10 1.057768103633868612e-01 1.182079213969930822e-06
4.598000000000000045e-10 1.057085463741135739e-01 3.761028964325235773e-06
4.607000000000000221e-10 1.056372085095108188e-01 6.541096113336393758e-06
4.608999999999999800e-10 1.057085460640358326e-01 3.761028964325235773e-06
4.617000000000000186e-10 1.056433756893071646e-01 6.533271749986134916e-06
4.620999999999999862e-10 1.057085467293419623e-01 3.760990486979237082e-06
4.620999999999999862e-10 1.057791276868045721e-01 3.041163519267808640e-06
4.622999999999999959e-10 1.058226826221969619e-01 1.298285261030951989e-06
4.623999999999999749e-10 1.057787076615639837e-01 3.041089490810644603e-06
4.627000000000000152e-10 1.058226825899024059e-01 1.298218709268858120e-06
4.630999999999999828e-10 1.057785513446748843e-01 3.024680655025661125e-06
4.635999999999999811e-10 1.057111002194238425e-01 4.826411123804487198e-06
4.642000000000000100e-10 1.056398260196808325e-01 7.218535021251402226e-06
4.642999999999999890e-10 1.057118861448001351e-01 6.452365842997536956e-06
4.654999999999999952e-10 1.057795505717686185e-01 4.188065124327073184e-06
4.663000000000000338e-10 1.057118401303705907e-01 6.439513075653164073e-06
4.674999999999999883e-10 1.084865620085528615e-01 4.398399857501735634e-06
4.674999999999999883e-10 1.083859417011249215e-01 2.056042852318809545e-06
4.696000000000000120e-10 1.084249201932686452e-01 1.650278244634854755e-06
4.701999999999999893e-10 1.084394815287497427e-01 3.779463806904808408e-06
4.737999999999999562e-10 1.082778933873465577e-01 7.509725713558542697e-06
4.744000000000000368e-10 1.082670629311522498e-01 5.320201696129723644e-06
4.761000000000000413e-10 1.084135004610196212e-01 2.422588138941984770e-06
4.784999999999999503e-10 1.083877011847862865e-01 8.257283022477946755e-07
4.785999999999999810e-10 1.112307552653585274e-01 8.538696130946275376e-07
4.788999999999999696e-10 1.112592929574764550e-01 1.958792291959665755e-06
4.798999999999999661e-10 1.138789337828609999e-01 6.221545882962773706e-07
4.812999999999999820e-10 1.136193438684160589e-01 9.020285222077281831e-07
4.818000000000000320e-10 1.136609064301358080e-01 1.552145124946141446e-06
4.829999999999999864e-10 1.137933894846254596e-01 9.455778456751416847e-07
4.834000000000000057e-10 1.163519221513104746e-01 7.841784577170695448e-07
4.836999999999999944e-10 1.166419085600546440e-01 3.506314733977126804e-07
4.853999999999999988e-10 1.165641226819196796e-01 1.417505888310045351e-06
4.855000000000000295e-10 1.164593911442926150e-01 9.335812154321624427e-07
4.862999999999999647e-10 1.165643472922102269e-01 1.416608451270457590e-06
4.868000000000000147e-10 1.138439657139002775e-01 2.398673537490949975e-07
4.878000000000000112e-10 1.136371856771358907e-01 6.370109968794262113e-07
4.882000000000000305e-10 1.138444513556993304e-01 2.398124411271702331e-07
4.889999999999999657e-10 1.138577783262460924e-01 1.910824871933080584e-06
4.892999999999999544e-10 1.138130141762672409e-01 4.711246779831810349e-06
4.899000000000000350e-10 1.138577683629670712e-01 1.910824871933080584e-06
4.899999999999999623e-10 1.138775962587232210e-01 1.322499119526764626e-06
4.913000000000000508e-10 1.136729264370735515e-01 7.094532143767862504e-07
4.943000000000000405e-10 1.138418869773684117e-01 8.373013648729588107e-07
4.944999999999999984e-10 1.136566410920711728e-01 2.158255786939776773e-06
4.946000000000000291e-10 1.138571793478044269e-01 1.394837361976289405e-06
4.952000000000000064e-10 1.137758451983220676e-01 7.361992575495716978e-07
4.957999999999999836e-10 1.138810794487224581e-01 8.445060962622410921e-07
4.959000000000000143e-10 1.164304861204850244e-01 4.331608409139952679e-07
4.963000000000000336e-10 1.162766436126496938e-01 1.891892159323540836e-06
4.973999999999999574e-10 1.164706347891747984e-01 5.748507111954792649e-06
4.986000000000000153e-10 1.164294249627285394e-01 1.130612631965640683e-05
4.990000000000000346e-10 1.190088550526865602e-01 1.014029758668560589e-05
4.990999999999999619e-10 1.189898005380734397e-01 5.776342987467841122e-06
4.991999999999999925e-10 1.191492020717323103e-01 2.451925455024104324e-06
5.000000000000000311e-10 1.190430323242700622e-01 7.913089786224356050e-07
5.010999999999999550e-10 1.191444214164023158e-01 1.652484615894191768e-06
5.020999999999999515e-10 1.192719539503739323e-01 4.109174884349834272e-06
5.031999999999999787e-10 1.192563474656795075e-01 7.825153017176131383e-06
5.057000000000000218e-10 1.191904407069483279e-01 5.409493703944211523e-06
5.081000000000000342e-10 1.192563474669067064e-01 7.825204568123043082e-06
5.088999999999999694e-10 1.192272545152515129e-01 1.262870076793972104e-05
5.095999999999999773e-10 1.191381257147322292e-01 1.022193615268090880e-05
5.097000000000000080e-10 1.190261367341206716e-01 5.827068520505210072e-06
5.104000000000000159e-10 1.190547014413479987e-01 8.913132591710491668e-06
5.114000000000000125e-10 1.191870425180232840e-01 5.804904069900612377e-06
5.136999999999999942e-10 1.191407628823640819e-01 2.519746084347542360e-06
5.155999999999999566e-10 1.192709200678161302e-01 4.374600811209313793e-06
5.161000000000000066e-10 1.191496583239087526e-01 8.143157001769186809e-06
5.179999999999999690e-10 1.190311744509564146e-01 5.405533277287788411e-06
5.186000000000000496e-10 1.191340739851064201e-01 2.459177370543590981e-06
5.195000000000000155e-10 1.189823860446736076e-01 8.967684032459642657e-07
5.195000000000000155e-10 1.192228179070625865e-01 1.332906245469265861e-06
5.200999999999999928e-10 1.194776310882175591e-01 2.891836822849257202e-06
5.216999999999999665e-10 1.192675389902591865e-01 2.398034570954354981e-06
5.219000000000000279e-10 1.192101058914130512e-01 3.412369168662561138e-06
5.220999999999999858e-10 1.191591010510276438e-01 5.002751455080037378e-06
5.223000000000000472e-10 1.217662905477138457e-01 5.177715851510268320e-06
5.246999999999999562e-10 1.219686720206937525e-01 6.594494704616067797e-06
5.260000000000000448e-10 1.217465762330134232e-01 8.493422420441411189e-06
5.269000000000000106e-10 1.219684805160070606e-01 6.586177552858137158e-06
5.270000000000000413e-10 1.219790214027592357e-01 5.814704643815388222e-06
5.270999999999999686e-10 1.220157359338380904e-01 7.567696603546737792e-06
5.273000000000000299e-10 1.216960030332558951e-01 4.620086139157062610e-06
5.273999999999999572e-10 1.220160902077881832e-01 7.558891942206877158e-06
5.276000000000000185e-10 1.219869042459435782e-01 6.514294195830213254e-06
5.283999999999999537e-10 1.219518880472598571e-01 4.194515468106258615e-06
5.296000000000000116e-10 1.220882374120099145e-01 1.741519631479774421e-06
5.304999999999999775e-10 1.217592163030123131e-01 6.722746156580344156e-07
5.308999999999999968e-10 1.221477411689199238e-01 6.985887530634801830e-07
5.310000000000000275e-10 1.247773719478437043e-01 7.363632782942058201e-07
5.321999999999999820e-10 1.247974590633864345e-01 1.068086083908026105e-06
5.331000000000000513e-10 1.247771627593195348e-01 7.363256541019118683e-07
5.333000000000000092e-10 1.247974577332977841e-01 1.068086083908026105e-06
5.333000000000000092e-10 1.245643416293603922e-01 7.120314074080492541e-07
5.335999999999999978e-10 1.247017556548185163e-01 8.233430726674025503e-07
5.335999999999999978e-10 1.244467381934817596e-01 8.022992578914116328e-07
5.341999999999999751e-10 1.248063927859300593e-01 7.997016135100565284e-07
5.341999999999999751e-10 1.244065652601982069e-01 1.624580296192556815e-06
5.344000000000000364e-10 1.245196058848504900e-01 3.186471073831660463e-06
5.370000000000000068e-10 1.244070622712390162e-01 1.625001987044800010e-06
5.371999999999999647e-10 1.247823467527091196e-01 5.661273794812339035e-07
5.372999999999999954e-10 1.245593669127309511e-01 8.391708620201630036e-07
5.374000000000000261e-10 1.247007588679000939e-01 8.481262933413866350e-07
5.395000000000000498e-10 1.245593558306282711e-01 8.391175169463682611e-07
5.405999999999999737e-10 1.244876971422824719e-01 2.526860469987344342e-06
5.414000000000000123e-10 1.246104405966276529e-01 6.447834122228611887e-06
5.418000000000000316e-10 1.243574718994022998e-01 1.192661919190220288e-05
5.418999999999999588e-10 1.246533503700211210e-01 9.974990433898196830e-06
5.435000000000000360e-10 1.243261997656738560e-01 1.379009188955284487e-05
5.442999999999999712e-10 1.244487227136788360e-01 1.846988586906520911e-05
5.468000000000000143e-10 1.244080098466645301e-01 1.620855065803566397e-05
5.473999999999999915e-10 1.245393370854415982e-01 1.963352142783372442e-05
5.488000000000000074e-10 1.244078164100754225e-01 1.620207336934107107e-05
5.490999999999999960e-10 1.246004201445928827e-01 1.140761367477027408e-05
5.499999999999999619e-10 1.245155821111632310e-01 6.113929164858366612e-06
5.508000000000000005e-10 1.246004195076694521e-01 1.140761367477027408e-05
5.513999999999999777e-10 1.244819237718783750e-01 6.147921537023166907e-06
5.517999999999999970e-10 1.245530357101932162e-01 2.255016328817781458e-06
5.533999999999999708e-10 1.244819235445027983e-01 6.147823314366912127e-06
5.540000000000000515e-10 1.244363746525654069e-01 2.267802792603045618e-06
5.543000000000000401e-10 1.244819225880474250e-01 6.147823314366912127e-06
5.546999999999999560e-10 1.244364272536164495e-01 2.266660816813396837e-06
5.547999999999999867e-10 1.272693376880103810e-01 1.362527526671197362e-06
5.549000000000000173e-10 1.275083650740179153e-01 2.719776019286136336e-06
5.573999999999999570e-10 1.274552940546677948e-01 4.947915084260922325e-06
5.573999999999999570e-10 1.275083627614299331e-01 2.719238054873031271e-06
5.574999999999999877e-10 1.272712378529468613e-01 2.363476537823645755e-06
5.580999999999999649e-10 1.275585151201515943e-01 2.959757838658023230e-06
5.608999999999999966e-10 1.273719818265408865e-01 2.493633695911263117e-06
5.610999999999999546e-10 1.298426842508452472e-01 1.970444972497602095e-06
5.618999999999999932e-10 1.273719643520727085e-01 2.493633695911263117e-06
5.620999999999999511e-10 1.298150404102040856e-01 2.899752028772759388e-06
5.620999999999999511e-10 1.300246713445129543e-01 4.482856379068619987e-06
5.623000000000000125e-10 1.296996250490279612e-01 4.357253739204476918e-06
5.650000000000000135e-10 1.297368997067702145e-01 4.738780276820737949e-06
5.655999999999999907e-10 1.298684190065992339e-01 5.326970250379831029e-06
5.657999999999999487e-10 1.297771247438964104e-01 5.562936017418905464e-06
5.662999999999999986e-10 1.297863269666269248e-01 5.738946024181502536e-06
5.665999999999999873e-10 1.326654596553133170e-01 3.764806978210392022e-06
5.668000000000000486e-10 1.325726585656723799e-01 3.748683799161867140e-06
5.668999999999999759e-10 1.326654614112436070e-01 3.764807968046903644e-06
5.672999999999999952e-10 1.326338592578706066e-01 3.744531744512431064e-06
5.674999999999999531e-10 1.325723660867980658e-01 5.090328282631281892e-06
5.682999999999999917e-10 1.325908705960475165e-01 3.992843276528828064e-06
5.688000000000000417e-10 1.325722614786752629e-01 5.087973155126247251e-06
5.689999999999999997e-10 1.325317300132746734e-01 7.980389549926671791e-06
5.695000000000000496e-10 1.325722495531232170e-01 5.088039537343989384e-06
5.698999999999999655e-10 1.325577433777593850e-01 7.975138643032981541e-06
5.699999999999999962e-10 1.324934995427773099e-01 5.638151468455533681e-06
5.702999999999999848e-10 1.325577373385267710e-01 7.974775590796515944e-06
5.707000000000000041e-10 1.327704244515901522e-01 1.302914633796625047e-05
5.707000000000000041e-10 1.352930795175841250e-01 8.794766659574211604e-06
5.711000000000000234e-10 1.352599421426028126e-01 4.545590137369855509e-06
5.714000000000000121e-10 1.352953486593674870e-01 2.758036626022251750e-06
5.715999999999999700e-10 1.352599962499153319e-01 4.545094168489821288e-06
5.717000000000000007e-10 1.353292462905760773e-01 7.371699678463270242e-06
5.742999999999999710e-10 1.354418318133180643e-01 1.297960324230712557e-05
5.745999999999999596e-10 1.353543255010283552e-01 2.259105140436519816e-05
5.746999999999999903e-10 1.379954679569567744e-01 2.819305625248874354e-05
5.756999999999999869e-10 1.406295504627328163e-01 2.570716400884954779e-05
5.775000000000000220e-10 1.404580930304995812e-01 2.681215701483931208e-05
5.793999999999999844e-10 1.406297836534692314e-01 2.570716717915929954e-05
5.800999999999999924e-10 1.404580930414575657e-01 2.681233776862987204e-05
5.806000000000000423e-10 1.406296677951514584e-01 2.569905467026549595e-05
5.819000000000000275e-10 1.379639925413397028e-01 3.136561888795217306e-05
5.819999999999999548e-10 1.378087064581230148e-01 5.017656301443563908e-05
5.830999999999999820e-10 1.379639914499107556e-01 3.136247377367179246e-05
5.833999999999999706e-10 1.378277471497000584e-01 5.011581238162473635e-05
5.842000000000000092e-10 1.377749351878648776e-01 4.686080669513430528e-05
5.849000000000000171e-10 1.377920247510739660e-01 3.502346831602855520e-05
5.860999999999999716e-10 1.377749124819040716e-01 4.685714849338378331e-05
5.864999999999999909e-10 1.377920239373210398e-01 3.502331085365392727e-05
5.873999999999999568e-10 1.377508837062612901e-01 4.393636355336438874e-05
5.881999999999999954e-10 1.377594654088095394e-01 3.558697008009936019e-05
5.883999999999999533e-10 1.380425686771633298e-01 2.898923931217379027e-02
5.893000000000000226e-10 1.380378452649400622e-01 2.945615630149320610e-02
5.897000000000000419e-10 1.381291428337647065e-01 2.899930982169409907e-02
5.897999999999999692e-10 1.378157830315938914e-01 4.299922796667598557e-05
5.910000000000000271e-10 1.379984748702896002e-01 3.253584517121565958e-05
5.921999999999999816e-10 1.380840168060697148e-01 1.906902422598742356e-05
5.927000000000000316e-10 1.379370643336740310e-01 3.658855449875796800e-05
5.938999999999999861e-10 1.378408507970550756e-01 5.053374445664650112e-05
5.940000000000000167e-10 1.377693662835929311e-01 4.638958659828365224e-05
5.941999999999999747e-10 1.377628373035538201e-01 3.483052251076618471e-05
5.941999999999999747e-10 1.378300043948354481e-01 3.979907260871603971e-05
5.968000000000000484e-10 1.377886274341111050e-01 3.538148977530275143e-05
5.972999999999999950e-10 1.403670696319403166e-01 2.337580046503726032e-05
5.974000000000000257e-10 1.403761314055615439e-01 2.804736153662337685e-05
5.992999999999999881e-10 1.404874644604579281e-01 2.794587863722170650e-05
5.998000000000000381e-10 1.403635190771365393e-01 3.298705582535321171e-05
6.008000000000000346e-10 1.403645289299950139e-01 3.015918489500087749e-05
6.018999999999999584e-10 1.403634932373581112e-01 3.298716017801039653e-05
6.042000000000000435e-10 1.403954915520629065e-01 2.925617980690886313e-05
6.049000000000000515e-10 1.403528041304168694e-01 3.341277367859027365e-05
6.049000000000000515e-10 1.403955353477592261e-01 2.925658763110076398e-05
6.062999999999999639e-10 1.404227340749982234e-01 2.185296726614577721e-05
6.073999999999999911e-10 1.404389848097306048e-01 1.348854491028792108e-05
6.083999999999999877e-10 1.404293374963402063e-01 2.281909078229879214e-05
6.085000000000000184e-10 1.404389956796305572e-01 1.348854491028792108e-05
6.088000000000000070e-10 1.404241843086870556e-01 2.300492016922021709e-05
6.089999999999999649e-10 1.404973815820829697e-01 3.047531249248939302e-05
6.102999999999999501e-10 1.403674787957876480e-01 3.332455451844821659e-05
6.106999999999999694e-10 1.404974210194329109e-01 3.047440338199440595e-05
6.108000000000000001e-10 1.403674662881024271e-01 3.332455451844821659e-05
6.113999999999999773e-10 1.430494435740017611e-01 4.376029272730320698e-05
6.122000000000000159e-10 1.458888755847030094e-01 4.454675591368187229e-05
6.126000000000000352e-10 1.460159767458192870e-01 7.837669267521577931e-05
6.133000000000000431e-10 1.457112769749600578e-01 1.147071217220264856e-04
6.133000000000000431e-10 1.461169917116820482e-01 2.887955978070788632e-02
6.139000000000000204e-10 1.484666567085309863e-01 2.690858365846107020e-02
6.142000000000000090e-10 1.491628234842383438e-01 3.917322812655905234e-02
6.234000000000000393e-10 1.505963721532079524e-01 5.614192566341488777e-02
6.234000000000000393e-10 1.515630897891592777e-01 5.753869149911519654e-02
6.234000000000000393e-10 1.522103061510696742e-01 7.055565223761231519e-02
6.234000000000000393e-10 1.513481870414032648e-01 6.520070430708474474e-02
6.234000000000000393e-10 1.525128484210396540e-01 7.525242342236417026e-02
