# t	msd	err
6.905251380870204611e-09 9.580063469967757539e-02 3.172800507859416122e-04
2.060852242132218774e-08 2.774230439749743038e-01 4.098231044571776856e-04
3.442984450361213527e-08 4.601192691244959110e-01 5.266736957858867687e-04
4.819563564394449271e-08 6.400745183993451493e-01 6.582600622375773180e-04
6.194069193419651800e-08 8.191397121272171455e-01 8.057784611784356591e-04
7.567964597044512758e-08 9.988521649964500204e-01 9.635165302141413457e-04
8.948681215325035464e-08 1.181738945762000670e+00 1.063867167639795733e-03
1.032994583774254516e-07 1.369351662255499757e+00 1.100985130331467478e-03
1.170401562110942072e-07 1.555591787226809464e+00 1.137263894750398241e-03
1.307979164809936320e-07 1.738836471571364894e+00 1.184525242408507187e-03
1.445604880167638032e-07 1.923443781994983004e+00 1.290924595579726530e-03
1.583923585787522893e-07 2.106930966056015375e+00 1.401795759914743929e-03
1.721458086917489415e-07 2.288883386452229551e+00 1.486828439436645426e-03
1.858253472793302102e-07 2.465506691010185047e+00 1.601916068877153867e-03
1.996384789919350498e-07 2.645167345157156902e+00 1.620340501280576138e-03
2.134954304824736643e-07 2.824243030234739216e+00 1.623167639457504105e-03
2.271882108937904133e-07 2.999689360625418022e+00 1.606496783975505617e-03
2.409215554675509558e-07 3.178455174549134288e+00 1.596530795133050632e-03
2.547081911193240044e-07 3.344973166262517505e+00 1.703784198064575662e-03
2.684328965151607787e-07 3.508155215658824932e+00 1.845619739350179769e-03
2.821914063294066456e-07 3.678828526058289139e+00 1.972948222468268609e-03
2.959921730977936463e-07 3.831471611743064720e+00 2.160807856285925678e-03
3.097258220939659107e-07 3.969677547712473942e+00 2.551262351054705158e-03
3.235057963167066377e-07 4.080912678075888422e+00 3.082774678252949395e-03
3.371482212559073710e-07 4.189260328543731760e+00 3.152900381593192521e-03
3.510273715286296953e-07 4.302112878109816130e+00 2.828528758183990275e-03
3.647760753057227955e-07 4.411166054654188429e+00 2.555126008229412823e-03
3.784521372312615148e-07 4.520183213123383226e+00 2.240470173505963117e-03
3.921626180610983458e-07 4.615254844761649267e+00 1.844279313436961599e-03
4.051339384526680853e-07 4.712209227112579946e+00 1.548134169777895574e-03
4.163880315218328477e-07 4.802662480231526310e+00 2.430443883026356909e-03
