# t msd err
7.540300000000046136e-13 5.515818288609052045e-03 7.800545031336475878e-05
1.002902374670230449e-12 4.670518420292295129e-03 1.072903055477650790e-05
1.481764705882348338e-12 5.041120531268980694e-03 5.467862923836036489e-05
2.010025706940882224e-12 4.760517316696745785e-03 1.079429658090096694e-05
3.017655778894465957e-12 5.132856685148787408e-03 1.150621805901011317e-05
4.502140506329106546e-12 5.632427085733400160e-03 8.961836791287770606e-06
6.458996372430467805e-12 6.017948080826717241e-03 9.358595568361457415e-06
9.855376553967669132e-12 7.205645657939708029e-03 3.473457568729932437e-06
1.295489922997949766e-11 7.895704075398291694e-03 8.000394166769334508e-06
1.961650930470348183e-11 9.604535036446036275e-03 4.343320878173874813e-06
2.874582259674317655e-11 1.205677265117996097e-02 5.045160555352428971e-06
3.917649207350740347e-11 1.475572652694764203e-02 5.860478737450617607e-06
5.467761679473596434e-11 1.900932354520709980e-02 5.649435925075975729e-06
7.913660122555635264e-11 2.519896501239846098e-02 6.176383882455129055e-06
1.137479491152085719e-10 3.406553107697582461e-02 7.125105510259910848e-06
1.599508469448824276e-10 4.598057158171786618e-02 8.406502470380880821e-06
2.263593831154592593e-10 6.348250211565102663e-02 9.350891922439278739e-06
3.260901020076458655e-10 8.892855697988352737e-02 1.081471058744720412e-05
4.697459334955048177e-10 1.259865860343293287e-01 1.289372303102652834e-05
6.742434676947322017e-10 1.784485722643219530e-01 1.537165014799026308e-05
9.642993348521686637e-10 2.532158165597415689e-01 1.837320408452042689e-05
1.379880849047364272e-09 3.601301856388421929e-01 2.196522229109387143e-05
1.977880254280036674e-09 5.134589922121290950e-01 2.640852024557826784e-05
2.832085000013721631e-09 7.331276333397011014e-01 3.220094865191054249e-05
4.054187461213513140e-09 1.049471363242183708e+00 3.934455759771663774e-05
5.802931160047157708e-09 1.502136914635020082e+00 4.900009047188266949e-05
8.302599553937936111e-09 2.155245716969091507e+00 6.218317026680462696e-05
1.184739328330566860e-08 3.085901530324033359e+00 8.266196969845301847e-05
1.681270189689227814e-08 4.377772457001319673e+00 1.196314319612886584e-04
2.273408631984908190e-08 5.908090810618828570e+00 2.385676567413087096e-04
