# t	msd	err
2.999999999999886243e-15 4.463692652475270868e-03 0.000000000000000000e+00
9.800000000001755898e-15 4.398113980321576889e-03 6.505170588838867320e-05
1.999999999999999682e-14 2.619371600460118805e-03 5.164552598108159559e-04
2.999999999999913380e-14 3.368078884023835515e-03 4.445915215685302671e-04
4.652941176470508530e-14 3.662194457736052747e-03 4.583397251139757983e-04
9.699408284023989144e-14 4.079131183173496933e-03 2.018784424188461134e-04
1.341395348837212070e-13 4.180936072249703296e-03 3.615131249972747848e-04
2.097990049751232608e-13 5.192347838329127406e-03 2.195195596999124715e-04
3.552229850746264552e-13 6.626801628910616165e-03 2.470450813308922066e-04
6.022725177304940965e-13 8.190923033538282522e-03 2.247205635221636146e-04
9.974206783369647216e-13 1.179006883862242921e-02 2.348805728738061736e-04
1.645404288777735237e-12 1.721825793058873871e-02 2.496045354299427916e-04
2.704111293345842719e-12 2.489309285724673748e-02 2.635206108836606032e-04
4.459799154025721993e-12 3.656291342001739830e-02 2.820746478602140944e-04
7.449665235899258677e-12 5.540150231652310464e-02 2.781267305857370491e-04
1.229751447124333454e-11 8.923383562877242048e-02 2.933844559671864205e-04
2.022185711775073207e-11 1.444674215710484988e-01 3.192405338338920621e-04
3.344773988773665539e-11 2.299129205588638092e-01 3.336126952973635248e-04
5.538066153329050179e-11 3.749499130178347017e-01 3.771831346103009437e-04
9.071551076721815167e-11 6.130651640885331766e-01 4.455879687591588856e-04
1.492306308452264105e-10 1.007369505394564824e+00 6.027998019233709150e-04
2.329986744181401295e-10 1.576911786974977359e+00 9.800188244368998602e-04
