# t	msd	err
2.999999999999886243e-15 2.095306865173139244e+00 0.000000000000000000e+00
9.800000000001755898e-15 1.793585283103610761e+00 6.486717038205719321e-02
1.999999999999999682e-14 9.529615734474703448e-01 2.208937426540437399e-01
2.999999999999913380e-14 1.288733489667965415e+00 2.355659662168030910e-01
4.652941176470508530e-14 1.562315718785204366e+00 2.557120530517179025e-01
9.699408284023989144e-14 1.628038397419646843e+00 1.081009508932942037e-01
1.341395348837212070e-13 1.766908600902289628e+00 2.018750820559903070e-01
2.097990049751232608e-13 2.128533590298411049e+00 1.182469244520768653e-01
3.552229850746264552e-13 2.876858401896611905e+00 1.560624937704348514e-01
6.022725177304940965e-13 3.485163695560536734e+00 1.425480453680652848e-01
9.974206783369647216e-13 5.446791559813957129e+00 1.944767086663328759e-01
1.645404288777735237e-12 7.950216018396624840e+00 2.162109017331887428e-01
2.704111293345842719e-12 1.145932016494877637e+01 2.223438968586152198e-01
4.459799154025721993e-12 1.602056165577536717e+01 2.368939492093485588e-01
7.449665235899258677e-12 2.596197717743234890e+01 2.834401866489883459e-01
1.229751447124333454e-11 4.469414338097907802e+01 3.661336153190024589e-01
2.025629098355167274e-11 7.319516236217137362e+01 4.456488020815225770e-01
3.348523685397081005e-11 1.140002423216873808e+02 5.733670888098223450e-01
5.538525951320628334e-11 1.649016689076051705e+02 5.679880536847684569e-01
9.072214855697903823e-11 2.895674629451795568e+02 7.044538496044577824e-01
1.492621866883267584e-10 5.879672868151604916e+02 1.155277344748053325e+00
2.330418952947074102e-10 1.025896941345028608e+03 1.949366739051505704e+00
