# t	msd	err
3.214900000000785959e-09 2.600255214804001207e-08 1.077401160852747090e-08
1.383188000000004550e-08 3.841665017449553702e-08 1.578278536102083378e-09
2.227603846153852130e-08 4.282346523358867638e-08 5.452566312564397028e-09
4.175033750000005296e-08 3.741376057786194672e-08 5.630455319960275324e-09
6.898682000000008252e-08 4.825247708757941899e-08 7.376314211340461977e-09
1.275548868421053494e-07 5.694144731944667750e-08 7.264060122408378906e-09
2.243474328358208739e-07 7.363184096711700253e-08 6.096294575494023340e-09
3.998554231386862946e-07 1.112071260286796141e-07 7.307348640025153054e-09
7.273125854625556126e-07 1.920561547376752883e-07 1.189145034825756144e-08
1.292168905964012493e-06 3.701429366128407390e-07 1.799329011333527235e-08
2.290697191845688725e-06 5.643546423855492261e-07 2.076580769373399308e-08
4.075773236419761484e-06 9.651829455734651877e-07 1.440664047298154400e-08
7.191223231573937623e-06 1.623155384176238037e-06 1.753608297871893146e-08
1.201793694440212797e-05 2.408196890710746219e-06 3.264043988944255427e-08
