# t	msd	err
4.000000000000000000e+00 3.373096201692794209e-06 0.000000000000000000e+00
1.700000000000000000e+01 3.867351823119769466e-06 0.000000000000000000e+00
2.900000000000000000e+01 3.462428610691678954e-06 6.164217816053668890e-07
4.670125000000000171e+01 4.749411758251272629e-06 2.139331976937500673e-06
7.921428571428570820e+01 9.871750178737793207e-06 2.933990554426005084e-06
1.302222222222222285e+02 2.155884489332690078e-05 7.649084292615479066e-06
2.380163888888888835e+02 2.325983375805642627e-05 9.681288488455569595e-06
4.169653846153846075e+02 4.490426833190566127e-05 1.175469592159370425e-05
7.132642201834863727e+02 2.613951351615250796e-05 4.845022774909509264e-06
1.198775621621621667e+03 4.266341127053436015e-05 5.718339140970015409e-06
2.085207593220340641e+03 5.663102357376319473e-05 5.336619054376749827e-06
3.540906292134831347e+03 6.729621341335498199e-05 4.353953167728357061e-06
5.959006698113191305e+03 5.154977265050140404e-05 3.463054057386169550e-06
9.439158207547154234e+03 2.059085297419473918e-05 6.377505029041883725e-07
