# atom_type event_id atom_id barrier
1.000000000000000000e+00 6.974080000000000000e+05 3.800000000000000000e+01 9.890643000000000074e-01
1.000000000000000000e+00 6.974110000000000000e+05 8.450000000000000000e+02 9.864644999999999664e-01
1.000000000000000000e+00 6.974090000000000000e+05 5.860000000000000000e+02 9.932322199999999990e-01
1.000000000000000000e+00 6.974060000000000000e+05 1.210000000000000000e+02 9.893980500000000289e-01
1.000000000000000000e+00 6.974120000000000000e+05 3.000000000000000000e+02 9.872306699999999768e-01
1.000000000000000000e+00 6.974130000000000000e+05 5.000000000000000000e+01 9.870021199999999828e-01
1.000000000000000000e+00 6.974100000000000000e+05 5.120000000000000000e+02 9.885813100000000464e-01
1.000000000000000000e+00 7.582310000000000000e+05 3.410000000000000000e+02 9.870577900000000460e-01
1.000000000000000000e+00 6.974070000000000000e+05 1.210000000000000000e+02 9.876482699999999948e-01
