# t	msd	err
9.999999999999374264e-14 2.784337718247796856e-01 8.957740531358827441e-04
2.036666666666825690e-13 3.497777663889991007e-01 5.476179941249861155e-02
3.363636363636291014e-13 3.135329370031894047e-01 3.691246266630870965e-02
6.183720930232542968e-13 4.625712661727213182e-01 4.954852242659060074e-02
1.019776412776413904e-12 8.967117535361669445e-01 4.381216889185539365e-02
1.992874109263651532e-12 1.220114891796442391e+00 5.959730780787824561e-02
3.477896226415094583e-12 1.749671236470708546e+00 5.918457523837584999e-02
5.921731788079428582e-12 2.497573062332246074e+00 7.162325355417588357e-02
9.934343826856875923e-12 3.912371420475190043e+00 8.064455362160548313e-02
1.701288429289955166e-11 6.477686827752498822e+00 1.023251126644738468e-01
2.888737126437135785e-11 1.215734703745573420e+01 1.454954806370920006e-01
4.950462329700303441e-11 2.365212444635461964e+01 2.093751054426637448e-01
8.445231507326809316e-11 5.192509099500994552e+01 3.374162333422390248e-01
1.436866700174999886e-10 1.180161958511864526e+02 5.617770212358713655e-01
2.454753596177287924e-10 2.920530894285890327e+02 1.012668966668306414e+00
4.196365581209893314e-10 7.252672379590280798e+02 1.875961577445749873e+00
7.128430633474606363e-10 1.930937916557971903e+03 4.004296915037208748e+00
1.199180812103998696e-09 4.711681249651250255e+03 8.252021900569747714e+00
1.871515226866185526e-09 6.979972107292585861e+03 1.147189743794634254e+01
