# t	msd	err
9.338223460992917462e-12 4.234734139511438927e-02 2.166717564596180217e-04
2.935722576018369727e-11 1.157386102526953425e-01 3.355147892773681535e-04
4.853699257654335204e-11 1.861423759281226054e-01 4.657368276381051997e-04
6.829465462770161576e-11 2.465606944290766878e-01 6.049433435857613350e-04
8.784740982472275786e-11 3.118577297186156394e-01 6.720710734811598469e-04
1.072479832336275191e-10 3.704630955258912395e-01 7.467326410475012746e-04
1.270406835660070147e-10 4.296964337851773008e-01 7.285136461544695257e-04
1.463337875717535682e-10 4.971729317838702311e-01 7.422446039088148595e-04
1.661712711871963719e-10 5.751040597418073386e-01 7.777908768438044794e-04
1.852492857702867949e-10 6.390077927978282668e-01 8.517115610086694287e-04
2.050482642842378555e-10 6.950131303925488613e-01 8.149349441446821548e-04
2.246735011202869596e-10 7.504535783401685700e-01 7.175782014054188926e-04
2.440754823728842458e-10 8.151976888570447999e-01 6.882776180359248975e-04
2.635976748971191351e-10 8.833627541690221019e-01 6.010578559777150342e-04
2.832678784359407499e-10 9.452732767640860123e-01 6.642563471864999314e-04
3.030562430017909697e-10 1.011071059295119756e+00 6.915429232357486614e-04
3.222376585642867897e-10 1.072434347993144854e+00 7.037735382242421784e-04
3.418105640225641133e-10 1.154665369522591911e+00 6.499554797270833822e-04
3.611688469818488318e-10 1.226040832815774140e+00 6.061125281642067196e-04
3.806394422026578715e-10 1.304330906959651148e+00 4.610995332190379048e-04
4.003736576673828832e-10 1.372598401480691122e+00 3.999622836181710665e-04
4.195434232047293193e-10 1.438704798292219866e+00 4.000544622019678903e-04
4.393968137893554443e-10 1.498302208899581434e+00 4.783849564690715803e-04
4.584242899618150036e-10 1.558231789474013196e+00 6.054588748203560376e-04
4.787958579346608131e-10 1.613306945265573278e+00 5.281109244929817724e-04
4.975676133937155398e-10 1.682669612541356718e+00 5.176937835995471795e-04
5.174062589796975939e-10 1.751909838941592801e+00 5.639435568990070705e-04
5.361887664051396325e-10 1.798864095337261659e+00 9.094331264306911846e-04
5.575957697142731983e-10 1.841139949628783912e+00 8.067307594451586386e-04
5.752564233226439134e-10 1.900588380362488561e+00 8.425250462849730344e-04
5.913607000000145054e-10 1.944105468397693937e+00 1.285813244622612114e-03
