# t	msd	err
1.000000000000030959e-11 4.621925169696568031e-04 9.341429242083937868e-08
1.999999999999914899e-11 5.645340748196325852e-04 4.511462727084671027e-05
3.363999999999976699e-11 5.175934230214577093e-04 3.980702372488931543e-05
6.006818181818171062e-11 5.039464106321426716e-04 2.899142175369427604e-05
1.024355371900829376e-10 6.200904544597392711e-04 1.791850998720459018e-05
1.891120000000004632e-10 7.347835961400007825e-04 2.320998674847133436e-05
3.024427083333341711e-10 9.134512901872892570e-04 2.334907789546531560e-05
5.051500000000117438e-10 1.185128162014836362e-03 2.282172606285503175e-05
8.564506129597453957e-10 1.617873712606661754e-03 2.497022555165344807e-05
1.456445289855085379e-09 2.397015042412321655e-03 2.307110161465199873e-05
2.442339388696647530e-09 3.778758676665561807e-03 2.487919394075923480e-05
4.119088004015043159e-09 6.028726599140421180e-03 2.621060974309625906e-05
6.964133727931174439e-09 9.699424388416338916e-03 2.832814443949909874e-05
1.173687342176399591e-08 1.595593531868580786e-02 3.006716010395879269e-05
1.973351746216084450e-08 2.623574469642393769e-02 3.391985999555915282e-05
3.328945584601085373e-08 4.276350113381081897e-02 3.788980618942105040e-05
5.577588566865502392e-08 7.152851707524722491e-02 4.986369540102878020e-05
9.322614206823946510e-08 1.195608776461788703e-01 7.073077850081757145e-05
1.457426888695427849e-07 1.873455171344879377e-01 1.171937536721161179e-04
