# t	msd	err
5.000000000000000311e-10 1.632351032534093349e+01 2.035734826988425672e-01
9.999999999999994419e-10 1.646108128848981877e+01 2.070183426729072795e-01
1.500000000000001438e-09 1.686741927511886274e+01 2.059371548702214338e-01
2.499664991624762767e-09 1.731424845568858473e+01 1.228425716020392355e-01
3.999663978494641473e-09 1.774621532186964146e+01 1.216254730331342432e-01
6.248523206751073896e-09 1.859824004862706914e+01 8.754355795239267268e-02
1.024578866768748974e-08 2.007164897108123824e+01 7.030577835820796262e-02
1.624160206718337738e-08 2.213775741032802813e+01 6.126899475348659974e-02
2.572474081883684195e-08 2.523337335350257149e+01 4.979766625574892636e-02
4.093790849673233680e-08 2.988648323745049140e+01 4.406663279281046453e-02
6.483333333333425137e-08 3.640083197585786223e+01 3.872195576728161559e-02
1.025461796809415634e-07 4.517201711437948575e+01 3.308255642443961447e-02
1.618949517446170445e-07 5.605138154011151386e+01 2.963592125264597615e-02
2.542261410788374838e-07 6.916663850586023443e+01 2.488131232750780131e-02
3.784999999999988960e-07 8.307993685284100138e+01 2.734257446927588694e-02
