# atom_type event_id atom_id barrier
1.000000000000000000e+00 6.974140000000000000e+05 3.400000000000000000e+02 1.024866430000000106e+00
1.000000000000000000e+00 6.974080000000000000e+05 4.800000000000000000e+02 1.023402359999999955e+00
1.000000000000000000e+00 6.974110000000000000e+05 7.200000000000000000e+01 1.024656599999999917e+00
1.000000000000000000e+00 6.974090000000000000e+05 1.400000000000000000e+01 1.024281140000000034e+00
1.000000000000000000e+00 6.974060000000000000e+05 1.051000000000000000e+03 1.021848330000000082e+00
1.000000000000000000e+00 6.974120000000000000e+05 7.240000000000000000e+02 1.022815830000000092e+00
1.000000000000000000e+00 6.974130000000000000e+05 1.035000000000000000e+03 1.026082909999999959e+00
1.000000000000000000e+00 6.974100000000000000e+05 1.400000000000000000e+01 1.022556180000000037e+00
1.000000000000000000e+00 6.974070000000000000e+05 1.080000000000000000e+03 1.022996470000000047e+00
