# t	msd	err
3.089999999996356973e-11 1.666141009691439079e+00 0.000000000000000000e+00
2.986425000000083601e-10 1.261690807836215678e+00 3.642604788838063046e-01
4.770516666666692539e-10 1.385849105066239373e+00 2.531200335120771805e-01
9.119399999999992311e-10 8.344882095123011823e-01 4.172658131769537149e-01
1.527653846153841741e-09 7.642951934832236116e-01 2.290085130783646727e-01
2.523080333333331445e-09 1.058833664249233530e+00 2.003879281818398139e-01
4.132292644444445753e-09 1.703142099747612548e+00 2.387501696791226868e-01
6.908943823529410087e-09 2.355735567453516754e+00 3.249747656482946945e-01
1.166093768932038955e-08 2.196630624305193180e+00 1.554773779341697693e-01
1.939375467272728383e-08 4.154277731023879205e+00 2.749151447884139454e-01
3.284812977854671586e-08 5.947539369584631253e+00 2.784548593571256614e-01
5.408620536767672114e-08 1.035969255041140968e+01 3.394981007127038097e-01
9.162178900392156439e-08 2.148751484363597797e+01 5.874252178523491352e-01
1.510318970797658824e-07 4.549902295284179843e+01 9.772006224717194600e-01
2.486494476918382460e-07 9.514727560366209502e+01 1.659336414187346120e+00
3.871190855366527100e-07 1.636062327587144409e+02 2.302928641424623279e+00
