# time Ni NiV
0.000000000000000000e+00 3.082040804442159434e-13 1.172698864546104644e-13
1.378000000000000067e-14 2.019121426590911490e-03 2.132374628766836009e-07
1.003999999999999963e-12 3.876831323293394513e-03 2.506917415151674217e-06
1.713000000000000072e-12 6.024590377652679768e-03 5.214201289080113119e-06
2.010000000000000119e-12 8.231031212247398240e-03 3.435726123809350132e-06
2.628999999999999804e-12 1.033803599984116535e-02 8.048946643596622088e-06
2.763999999999999936e-12 1.273347612231037242e-02 7.163999082924070798e-06
3.097999999999999926e-12 1.446838590047617307e-02 6.580366657891969942e-06
3.572000000000000128e-12 1.682753814993304120e-02 5.120984941501579961e-06
3.760000000000000134e-12 1.839432654538640868e-02 5.556858843156828993e-06
5.090000000000000324e-12 1.682753962134214340e-02 5.120950645659096854e-06
5.124000000000000381e-12 1.447077847974843554e-02 5.332570001737742306e-06
5.148999999999999971e-12 1.642836640101996357e-02 4.799169879579751109e-06
5.217999999999999778e-12 1.877313590642046975e-02 3.792171899925861759e-06
5.296999999999999745e-12 2.070997762016776877e-02 1.751724564639949119e-06
6.011000000000000135e-12 1.877319356903124625e-02 3.788522176082785822e-06
6.455999999999999956e-12 2.125453552757741379e-02 4.231173463780888374e-06
7.165999999999999960e-12 2.636352355465565456e-02 4.987629515079499047e-06
9.179999999999999254e-12 2.531710071873189902e-02 1.762356324103460858e-06
1.038000000000000060e-11 2.713604986395027827e-02 2.826234558084926422e-06
1.191000000000000075e-11 2.903156224630292284e-02 2.003120909302903503e-06
1.205999999999999991e-11 3.100147664825060254e-02 2.482171652848260095e-06
1.290000000000000037e-11 2.903156219749494435e-02 2.003118642919577511e-06
1.347999999999999991e-11 2.713033050909705382e-02 3.350057158541375321e-06
1.418999999999999992e-11 2.911412086028654367e-02 4.722297467886973836e-06
1.491999999999999863e-11 3.125075426674481932e-02 4.769938741466386175e-06
1.491999999999999863e-11 3.316520916174031663e-02 4.019574630898928221e-06
1.530000000000000145e-11 3.162372493467650175e-02 2.743930369116597098e-06
1.635000000000000041e-11 3.721188997457838821e-02 3.580344373585623093e-06
1.744999999999999855e-11 3.573139816592799112e-02 4.808527703733117191e-06
1.772000000000000123e-11 3.719993304009730495e-02 4.025953783698183669e-06
1.815000000000000001e-11 3.975212012512094328e-02 2.765747812367645179e-06
1.934999999999999974e-11 4.200547337422929489e-02 2.420253702307095096e-06
2.061000000000000043e-11 4.401819485939755666e-02 2.513931137544636634e-06
2.138000000000000139e-11 4.600243452547770479e-02 3.179925556780779506e-06
2.260000000000000144e-11 4.813873616092468471e-02 2.892183221777267964e-06
2.451000000000000118e-11 4.236028009620251833e-02 2.996495096391845088e-06
2.453000000000000150e-11 4.421448143786026880e-02 4.463230430362127286e-06
2.454999999999999859e-11 4.236044028121819377e-02 2.946263962380230118e-06
2.471999999999999968e-11 4.413891352333007556e-02 4.510662460760987584e-06
2.607999999999999873e-11 4.236043648334696099e-02 2.946214863533324635e-06
2.704999999999999965e-11 4.828517753155421588e-02 4.640992562710352354e-06
2.755000000000000115e-11 5.398050053095578699e-02 6.045406172790074757e-06
2.773999999999999933e-11 4.828620638567239498e-02 4.633738893947240910e-06
2.947999999999999798e-11 4.236066138893891664e-02 5.530070326398601778e-06
2.980000000000000308e-11 4.055951800248144834e-02 5.361019522415930749e-06
2.983999999999999725e-11 4.235985795050086627e-02 5.526956776109831048e-06
3.016000000000000235e-11 4.828399522873427080e-02 5.679278094567304907e-06
3.085000000000000204e-11 5.027958201004926325e-02 6.345880120697412600e-06
3.103999999999999698e-11 4.828438639074360966e-02 5.675212731903322537e-06
3.270000000000000082e-11 5.428224885210435752e-02 5.873208370105594116e-06
3.294999999999999995e-11 4.828452407442924282e-02 5.668769534892325984e-06
3.435000000000000287e-11 4.236123440808707563e-02 5.708558515143203875e-06
3.457999999999999846e-11 4.414461299804358502e-02 5.787345451632846552e-06
3.610999999999999861e-11 4.634420342747460481e-02 6.372237733417871136e-06
3.616000000000000102e-11 4.836225118364748110e-02 6.694510191250584786e-06
3.618999999999999988e-11 5.020119194920330541e-02 6.528871115973449873e-06
3.639999999999999838e-11 5.248584150675930649e-02 5.844519805555813134e-06
3.642000000000000193e-11 5.472313936901285897e-02 6.268014800751435396e-06
3.656000000000000093e-11 5.663245063453949124e-02 5.603790630489053666e-06
3.715999999999999756e-11 5.472295729791897684e-02 6.262866005456450839e-06
3.846999999999999743e-11 5.657667820677459575e-02 5.230121181639495244e-06
3.849000000000000098e-11 5.875149668517060109e-02 4.751266004655331251e-06
3.874000000000000012e-11 6.081553931315191591e-02 5.334182073837138100e-06
3.893999999999999685e-11 6.339587932122889291e-02 4.998615233438906614e-06
3.951000000000000108e-11 6.882831612738014859e-02 5.435217434923148595e-06
4.122000000000000086e-11 6.761537490599582589e-02 5.972634575227450322e-06
4.306999999999999964e-11 6.941781567024166155e-02 6.008282855569787938e-06
4.345999999999999778e-11 7.136010518921750978e-02 5.597416537721627319e-06
4.371999999999999869e-11 7.361836090066826987e-02 4.126379202969575472e-06
4.396999999999999783e-11 7.604922737368659258e-02 2.685148698019498879e-06
4.404999999999999910e-11 7.818176678717914108e-02 1.561274360022035500e-06
4.487000000000000248e-11 8.000239819039094147e-02 2.086617438625606680e-06
4.538000000000000252e-11 7.818176680302912906e-02 1.561223230421728986e-06
4.575999999999999889e-11 8.031724442061698166e-02 1.177026451910322021e-06
4.629999999999999780e-11 7.858286154690449776e-02 3.460661924723424276e-06
4.636000000000000198e-11 8.031724383874570827e-02 1.177015338795369513e-06
4.659999999999999935e-11 7.858328701692011975e-02 3.459884428477241607e-06
4.675000000000000012e-11 8.031724331047455923e-02 1.177005448651956158e-06
4.694000000000000153e-11 7.877739191652166628e-02 4.526303810763081211e-06
4.742000000000000272e-11 7.604975607005949600e-02 4.974876551274148743e-06
4.749000000000000222e-11 7.409194611176586620e-02 5.494970433609345879e-06
4.833000000000000268e-11 8.020561443114802846e-02 5.653851917771354947e-06
4.862999999999999776e-11 7.409167097601508656e-02 5.490520737814264988e-06
4.898999999999999704e-11 7.633536682740747759e-02 6.268381674949156536e-06
5.027999999999999982e-11 8.231547371775589650e-02 6.692324701775501856e-06
5.044000000000000237e-11 8.866034664128009946e-02 1.484596667314304941e-06
5.112000000000000028e-11 8.712214695407020926e-02 1.008465650387540946e-06
5.157999999999999792e-11 8.539872690442001923e-02 8.602863976812899232e-07
5.179000000000000288e-11 8.712144111962319415e-02 1.202509744348214090e-06
5.201999999999999846e-11 8.539871720249977982e-02 8.603040748392829159e-07
5.233000000000000179e-11 8.730333225466041513e-02 1.151298068247405273e-06
5.271999999999999993e-11 8.894925582404809850e-02 1.981015323555436311e-06
5.318999999999999934e-11 9.121536316696424174e-02 1.159025329399754148e-06
5.328000000000000239e-11 8.894917258245206571e-02 1.963307975850720646e-06
5.372999999999999825e-11 9.121538186791745828e-02 1.159025329399754148e-06
5.427999999999999893e-11 8.894907186414575950e-02 1.963307975850720646e-06
5.436000000000000021e-11 9.121537988360763072e-02 1.159011262355329923e-06
5.437000000000000198e-11 9.373994102568190823e-02 8.266225106610118056e-08
5.495999999999999684e-11 9.540360789899188232e-02 5.877928215159202644e-07
5.629000000000000026e-11 9.702836949751932061e-02 1.450488686046511808e-06
5.667000000000000309e-11 9.468531213204772756e-02 2.818796656142310596e-06
5.795999999999999941e-11 9.693399768860559707e-02 4.649503274420121494e-06
5.933000000000000347e-11 9.884372658177308091e-02 6.124073601636390893e-06
5.942000000000000005e-11 1.008659075636607477e-01 5.682572369464369355e-06
6.096999999999999729e-11 9.884408983935323578e-02 6.124456264542771232e-06
6.146000000000000025e-11 9.694360053711145730e-02 5.685030083627542738e-06
6.380000000000000199e-11 9.468137215375618809e-02 4.262077202312582601e-06
6.466999999999999485e-11 9.701473620845400825e-02 2.789772931592577173e-06
6.537000000000000277e-11 9.540718366241837667e-02 1.648530449214532051e-06
6.666000000000000555e-11 9.373094152895349029e-02 1.096463124575158310e-06
6.694000000000000355e-11 9.917955583489114491e-02 1.258111082153473941e-06
6.739999999999999473e-11 1.061912587754088449e-01 9.196691082551020999e-07
6.802000000000000137e-11 1.040076980546977142e-01 3.422739890046385569e-06
7.009000000000000043e-11 1.061901204528152426e-01 9.196691082551020999e-07
7.028000000000000184e-11 1.057482056859820052e-01 1.332926210858600467e-08
7.052000000000000567e-11 1.078777770436195327e-01 6.399244988950301088e-07
7.135999999999999966e-11 1.098789914464777251e-01 1.752542758211714662e-06
7.486999999999999581e-11 1.078777779936102854e-01 6.399244988950301088e-07
7.576000000000000515e-11 1.057382504657897321e-01 8.996015127378275446e-07
7.640999999999999773e-11 1.078777761984487799e-01 6.399332857428989733e-07
7.651000000000000256e-11 1.098792936965138911e-01 1.759430508409503547e-06
7.728999999999999883e-11 1.118190339002986533e-01 3.330574501941467453e-06
7.728999999999999883e-11 1.140490969694083617e-01 4.852890577929670079e-06
7.753999999999999797e-11 1.163111182244845471e-01 6.214260525518552517e-06
7.797999999999999852e-11 1.184048193264131410e-01 7.879840184515602086e-06
7.852000000000000389e-11 1.206598980482307404e-01 8.697858004937121569e-06
7.905000000000000103e-11 1.225939223479520779e-01 8.382347189906072158e-06
8.032999999999999557e-11 1.208289204572280673e-01 7.317869173585622214e-06
8.150000000000000290e-11 1.225939326520009698e-01 8.382307656510636369e-06
8.216000000000000373e-11 1.285568701407542591e-01 8.339121350583484645e-06
8.241999999999999818e-11 1.275357741178420046e-01 5.071310172917249539e-06
8.302000000000000127e-11 1.248954679969894871e-01 5.213213624475235237e-06
8.346000000000000182e-11 1.275359202170546213e-01 5.069610222105264751e-06
8.478000000000000347e-11 1.368199185730879230e-01 4.535162631427574478e-06
8.511999999999999919e-11 1.318708817424336655e-01 4.848351754390671220e-06
8.566999999999999988e-11 1.368199185541898455e-01 4.535096784819904367e-06
8.591999999999999902e-11 1.275345579129686935e-01 5.711986046422138457e-06
8.655999999999999629e-11 1.285460221001732128e-01 5.664092617872999922e-06
8.680999999999999542e-11 1.309995993754301258e-01 6.137876007647879436e-06
8.682999999999999897e-11 1.369641885201155485e-01 5.105937391927497165e-06
8.683999999999999429e-11 1.309995999711171533e-01 6.137886740640429646e-06
8.715999999999999939e-11 1.369640753411410228e-01 5.106384561289395732e-06
8.812999999999999707e-11 1.355932317821179900e-01 5.720672851054962285e-06
8.864999999999999889e-11 1.378969607196267322e-01 6.037640897907933798e-06
8.891000000000000627e-11 1.397914317442294219e-01 4.388647139755471020e-06
8.895000000000000044e-11 1.416687996089366908e-01 4.519428309170160844e-06
8.925000000000000199e-11 1.442267599000829903e-01 3.702669159450396821e-06
9.041999999999999640e-11 1.465679037152796127e-01 4.531376321205559131e-06
9.047999999999999413e-11 1.480929183813129713e-01 5.502852527959167960e-06
9.123000000000000446e-11 1.512642050589076692e-01 6.443786541941468887e-06
9.189000000000000528e-11 1.528214026607737641e-01 7.654601559342495010e-06
9.261999999999999914e-11 1.589961845227201021e-01 5.840247780385808793e-06
9.374999999999999938e-11 1.651127984636135693e-01 5.312737512339698851e-06
9.716999999999999894e-11 1.675357358005244990e-01 4.119996835951716056e-06
9.848000000000000527e-11 1.697958048931347830e-01 2.688987938304477511e-06
9.959999999999999727e-11 1.724255183676371705e-01 1.559116375718625962e-06
1.010000000000000002e-10 1.697960211757177096e-01 2.688987938304477511e-06
1.019999999999999967e-10 1.674156344311059919e-01 3.488601876233113598e-06
1.029000000000000014e-10 1.734340995488975190e-01 4.904249369386741088e-06
1.033999999999999997e-10 1.718524059050754171e-01 4.238873266643076295e-06
1.040999999999999947e-10 1.734340073168658125e-01 4.904231258757958201e-06
1.043999999999999962e-10 1.718523928943666290e-01 4.238777892205827132e-06
1.048000000000000026e-10 1.742656810975382609e-01 2.787809843124163211e-06
1.057999999999999991e-10 1.834927086622344938e-01 3.521369088623661002e-06
1.057999999999999991e-10 1.742656835824056005e-01 2.787732952956363411e-06
1.067000000000000038e-10 1.763864232709533575e-01 1.578793229543849923e-06
1.073999999999999988e-10 1.784339032365143685e-01 1.695855325134655768e-06
1.112000000000000012e-10 1.801031953475138170e-01 3.290170258602582378e-06
1.113000000000000060e-10 1.824797201532740443e-01 3.204579505943951169e-06
1.128000000000000008e-10 1.801027402559373936e-01 3.291865912118219326e-06
1.131000000000000023e-10 1.824797325990507313e-01 3.204507446629218100e-06
1.131000000000000023e-10 1.801025787774336306e-01 3.293114709028413893e-06
1.152000000000000003e-10 1.784335119738950648e-01 3.258061582407919593e-06
1.156999999999999985e-10 1.805011799788889537e-01 1.769826869610449800e-06
1.160000000000000001e-10 1.784333522795852611e-01 3.258061582407919593e-06
1.174000000000000030e-10 1.805011850963949838e-01 1.769818494908009094e-06
1.175000000000000078e-10 1.828277374771402064e-01 6.481997173015405792e-07
1.191000000000000075e-10 1.830924681860847669e-01 6.843140525992516054e-06
1.195000000000000009e-10 1.850785789762693090e-01 5.425345871210500839e-06
1.209999999999999957e-10 1.872427605989487320e-01 5.183094186179156213e-06
1.228000000000000050e-10 1.891729954363539079e-01 6.395260985806163422e-06
1.234999999999999871e-10 1.872429729584938196e-01 5.183164554779088777e-06
1.239000000000000064e-10 1.894449642798186895e-01 5.743368911462013616e-06
1.247999999999999981e-10 1.912905885579238852e-01 7.126870721779874557e-06
1.252999999999999964e-10 1.935566706078440391e-01 6.601155316701417515e-06
1.254000000000000012e-10 1.957251686395590773e-01 5.493042610022408207e-06
1.260000000000000043e-10 1.935566906494095296e-01 6.601032708167087888e-06
1.265000000000000026e-10 1.912878468761849970e-01 5.504980773504409228e-06
1.268999999999999961e-10 1.936800754791798418e-01 7.066349050580609167e-06
1.277000000000000088e-10 1.957715127733025418e-01 1.048970751367881576e-05
1.288000000000000102e-10 1.979744052758577455e-01 1.202319778972697265e-05
1.290999999999999988e-10 2.001221682634946319e-01 1.367949759101050353e-05
1.297000000000000019e-10 1.979743955178167314e-01 1.202319778972697265e-05
1.297000000000000019e-10 1.957800334335156323e-01 1.361158254998868010e-05
1.298000000000000067e-10 1.978597132810054893e-01 1.297707461925306397e-05
1.299999999999999905e-10 2.000723664531886548e-01 8.581329597726842368e-06
1.300999999999999953e-10 2.020891563151219206e-01 1.062026795738785078e-05
1.310000000000000129e-10 2.000723674518099515e-01 8.581324021262491384e-06
1.314000000000000064e-10 2.023791083923099088e-01 1.397845750087768248e-05
1.315999999999999902e-10 2.041872088066651603e-01 1.442965271700539771e-05
1.321999999999999933e-10 2.023793488860773093e-01 1.397920594063865001e-05
1.322999999999999981e-10 2.041872168217314376e-01 1.442953247354753738e-05
1.326000000000000126e-10 2.064218602297709648e-01 1.795625467499835712e-05
1.329000000000000012e-10 2.083103197661115569e-01 3.392214242048213047e-05
1.331999999999999898e-10 2.104499135820892264e-01 5.705467548014162840e-05
1.332999999999999946e-10 2.127405313680370558e-01 6.888291457464680502e-05
1.336000000000000091e-10 2.145811059535860932e-01 6.044329333226260419e-05
1.340000000000000026e-10 2.167791745451199958e-01 7.193741150000002190e-05
1.341000000000000074e-10 2.189513017944317297e-01 6.068023712295199249e-05
1.345000000000000008e-10 2.205090535751656200e-01 7.245475975531506514e-05
1.351000000000000039e-10 2.204303306594358192e-01 1.832275023046905232e-02
1.352000000000000088e-10 2.185852714846095723e-01 1.775860744199860702e-02
1.352000000000000088e-10 2.204303594057583082e-01 1.832273096024349124e-02
1.352000000000000088e-10 2.185852684399066104e-01 1.775861090503555451e-02
1.352999999999999877e-10 2.204303524131933645e-01 1.832266507376328207e-02
1.353999999999999926e-10 2.204997297205125162e-01 6.470222565506347399e-05
1.354999999999999974e-10 2.189505766935301578e-01 5.852155954326054567e-05
1.358999999999999908e-10 2.212963372241560089e-01 3.944367247119475871e-05
1.367000000000000036e-10 2.233158514353214275e-01 2.262819256483363051e-05
1.379000000000000098e-10 2.249895993874755917e-01 1.506254213270302733e-05
1.379999999999999887e-10 2.274382106152000038e-01 1.373150778706945514e-05
1.400000000000000077e-10 2.301908426186936862e-01 1.344996795323858640e-05
1.422000000000000104e-10 2.358674933483148883e-01 1.291814589089755873e-05
1.422999999999999894e-10 2.339340912493371727e-01 1.401612073369829658e-05
1.436000000000000004e-10 2.317259366093283313e-01 1.734042375743444968e-05
1.444999999999999921e-10 2.338977575302110257e-01 2.233376396198948565e-05
1.481000000000000107e-10 2.359384056894631987e-01 2.100954872367877748e-05
1.486999999999999880e-10 2.383913843703179547e-01 2.030695429107672088e-05
1.517000000000000035e-10 2.406843111766900356e-01 2.074021599099378209e-05
1.524999999999999904e-10 2.509680753598929059e-01 1.745368820875580228e-05
1.527000000000000000e-10 2.531937779225140739e-01 1.581268331721372904e-05
1.531999999999999983e-10 2.553414695313624416e-01 1.504583649794627445e-05
1.531999999999999983e-10 2.531939412930734323e-01 1.581260444957352046e-05
1.533000000000000031e-10 2.509640078493418081e-01 1.339121694073265030e-05
1.551000000000000124e-10 2.532211447243197244e-01 1.281473921298894637e-05
1.551999999999999914e-10 2.509022528967986831e-01 1.399159346344595830e-05
1.571000000000000055e-10 2.532211537050185757e-01 1.281307338513773825e-05
1.571000000000000055e-10 2.552207027255732896e-01 1.385664267899427739e-05
1.572999999999999893e-10 2.532211563055802861e-01 1.281307338513773825e-05
1.583000000000000117e-10 2.509022254573949340e-01 1.388867561423711031e-05
1.583999999999999907e-10 2.532211255829417973e-01 1.281070189235769915e-05
1.587000000000000051e-10 2.552215649728302171e-01 1.377187751349250421e-05
1.588999999999999889e-10 2.532211274270891321e-01 1.281062684221274373e-05
1.603000000000000048e-10 2.552216549128648593e-01 1.377130093612560544e-05
1.610000000000000127e-10 2.610816540893157733e-01 1.411259602306054662e-05
1.624000000000000027e-10 2.635823566797778073e-01 1.435683031574897648e-05
1.653999999999999924e-10 2.698260635105143024e-01 1.747132037754528638e-05
1.654999999999999972e-10 2.679818845785651438e-01 1.499145947005775420e-05
1.656000000000000020e-10 2.666578729739804143e-01 1.916842955025724473e-05
1.667000000000000034e-10 2.683408308693452926e-01 4.721876251463034952e-05
1.667000000000000034e-10 2.684128304531557818e-01 1.251367638368963003e-02
1.667000000000000034e-10 2.684040283158878881e-01 2.515403014455298153e-02
1.668999999999999872e-10 2.684128516874635384e-01 1.251354026793648211e-02
1.669999999999999920e-10 2.685482121298851110e-01 2.939990464484747851e-02
1.670999999999999968e-10 2.704003469789695302e-01 3.237184274800392059e-02
1.674000000000000113e-10 2.704195778628284419e-01 4.377553526729014571e-02
1.674000000000000113e-10 2.704000698243307355e-01 3.237134792129544442e-02
1.674000000000000113e-10 2.723247583804642713e-01 3.437498565205708567e-02
1.674000000000000113e-10 2.725965729679490357e-01 3.555773266442698727e-02
1.678000000000000047e-10 2.750162389760438253e-01 3.572562899086396265e-02
1.683000000000000030e-10 2.750658231891513483e-01 5.595156535304728063e-02
1.684000000000000078e-10 2.756151463699972326e-01 9.365171576773001494e-02
1.684000000000000078e-10 2.752907195044817512e-01 9.609309509990444920e-02
1.686999999999999965e-10 2.753924223404266014e-01 9.186276842350227234e-02
1.696999999999999930e-10 2.750658223072363628e-01 5.595156179589550610e-02
1.696999999999999930e-10 2.770066144042387379e-01 5.552791298350354815e-02
1.697999999999999978e-10 2.791772769737675408e-01 5.523556270420074826e-02
1.697999999999999978e-10 2.797300166239304331e-01 9.274174704372255273e-02
1.700000000000000075e-10 2.793919911343914486e-01 9.641680185299947303e-02
1.704000000000000009e-10 2.793828282919925132e-01 1.037493485736738913e-01
1.705000000000000058e-10 2.813120062025188939e-01 1.041968141958826283e-01
1.712999999999999927e-10 2.834670750344437939e-01 1.033777921283645096e-01
1.720000000000000006e-10 2.856802975233493358e-01 1.035039712563594339e-01
1.726000000000000037e-10 2.874070688491270342e-01 1.042262302018375913e-01
1.728999999999999923e-10 2.900862975231908725e-01 1.040622515320436120e-01
1.731000000000000020e-10 2.963302550087258957e-01 1.038599003681519722e-01
1.734999999999999954e-10 2.985193287757509362e-01 1.039676519879246530e-01
1.738999999999999888e-10 3.008104404961274292e-01 1.041053267028969193e-01
1.740999999999999985e-10 3.027889652576735702e-01 1.042681000011042580e-01
1.745999999999999968e-10 3.008105164915312324e-01 1.041046969868960476e-01
1.761999999999999964e-10 3.027889650586260695e-01 1.042680982445522153e-01
1.765999999999999899e-10 3.000717987395131181e-01 1.041266929511317219e-01
1.770000000000000092e-10 3.008871903735887976e-01 1.040890965598670059e-01
1.777999999999999961e-10 3.030124245514752568e-01 1.041956571907206586e-01
1.779000000000000009e-10 3.052101580054971675e-01 1.040588189439650840e-01
1.783999999999999992e-10 3.030124301213430460e-01 1.041955997220278540e-01
1.785000000000000040e-10 3.008804210369229737e-01 1.040658647516502361e-01
1.786000000000000088e-10 3.029907499510648972e-01 1.043918089259133486e-01
1.792000000000000119e-10 3.027962539683315968e-01 1.183889292844587243e-01
1.792999999999999909e-10 3.029908040884197185e-01 1.043911181690384410e-01
1.799999999999999988e-10 3.032503461411890089e-01 1.252923626207539665e-01
1.802999999999999874e-10 3.033660324357813631e-01 1.518115083719872305e-01
1.802999999999999874e-10 3.032503421375364883e-01 1.252923626207539665e-01
1.803999999999999923e-10 3.029967542257661628e-01 1.044161684054482203e-01
1.808000000000000116e-10 3.034321617822291484e-01 1.576655551000998023e-01
1.965999999999999983e-10 3.054930351630162355e-01 1.659197674923188481e-01
1.972000000000000014e-10 3.034322691081434153e-01 1.576636288846968714e-01
2.225000000000000071e-10 3.055667922760023081e-01 1.626837789682420710e-01
2.226000000000000120e-10 3.034322292760852080e-01 1.576616724608288778e-01
2.483999999999999901e-10 3.055667891831243543e-01 1.626837820204351526e-01
2.483999999999999901e-10 3.106290026570817653e-01 1.581710998965529524e-01
2.483999999999999901e-10 3.106804272694241864e-01 1.605141735023319360e-01
2.488000000000000094e-10 3.110945681010187092e-01 1.368379619433123251e-01
2.488000000000000094e-10 3.133932215968619484e-01 1.404651203051639485e-01
2.488999999999999883e-10 3.110945387418467822e-01 1.368393855525247838e-01
2.491999999999999770e-10 3.133932251050038920e-01 1.404651203051639485e-01
2.493000000000000076e-10 3.110945430631107955e-01 1.368407158461816542e-01
2.493999999999999866e-10 3.128002890990730367e-01 1.406914080808518708e-01
2.495999999999999963e-10 3.130136235505447395e-01 1.774283453060437887e-01
2.692000000000000113e-10 3.058431798485793940e-01 2.062151274007935631e-01
2.692000000000000113e-10 3.059238248162845508e-01 2.376383386715540114e-01
2.692999999999999903e-10 3.063269829397482491e-01 2.243491748796032081e-01
2.692999999999999903e-10 3.058262140319675249e-01 2.530184240690255271e-01
2.694000000000000210e-10 3.058973240055116727e-01 2.740761399373790042e-01
2.697000000000000096e-10 3.056122543391835977e-01 2.377036572201610409e-01
2.697999999999999886e-10 3.058239221527292440e-01 2.435919119215267936e-01
2.699000000000000192e-10 3.057288080596352597e-01 2.570894218549604759e-01
2.699999999999999982e-10 3.057202939912301853e-01 2.723031433586331485e-01
2.700999999999999772e-10 3.057287943997324953e-01 2.570888458324991355e-01
2.700999999999999772e-10 3.057312184508855224e-01 2.912977995908786477e-01
2.700999999999999772e-10 3.056819444978369216e-01 2.414706415474224821e-01
2.702000000000000079e-10 3.056266433611671829e-01 2.813327207983595812e-01
2.702000000000000079e-10 3.061912457783698693e-01 2.890350230065004689e-01
2.702000000000000079e-10 3.056266340222596467e-01 2.813343237548710518e-01
2.702000000000000079e-10 3.061912458133841941e-01 2.890350275924358225e-01
2.702999999999999868e-10 3.073518609102134924e-01 3.007462865911783023e-01
2.704999999999999965e-10 3.076697244444376311e-01 3.122495709781286655e-01
2.704999999999999965e-10 3.073517864822730150e-01 3.007480981916350604e-01
2.704999999999999965e-10 3.074467041322198613e-01 3.217896257362549139e-01
2.704999999999999965e-10 3.090767352040245108e-01 3.411417521245145301e-01
