# t
0.000000000000000000e+00
1.426168299999999999e-11
1.825812299999999906e-11
3.934181399999999702e-11
4.070938800000000296e-11
4.916233699999999980e-11
5.271863999999999679e-11
7.900397499999999911e-11
8.915465300000000131e-11
1.024860000000000042e-10
1.513746199999999946e-10
1.637830700000000036e-10
1.688922399999999985e-10
1.710075500000000068e-10
1.721244099999999956e-10
1.881058900000000027e-10
1.892552399999999932e-10
2.200609900000000034e-10
2.295870300000000099e-10
2.417995400000000006e-10
2.793622900000000217e-10
2.864906500000000109e-10
3.037712500000000123e-10
3.081832000000000013e-10
3.267453699999999859e-10
3.433863899999999868e-10
3.482703599999999781e-10
3.564817499999999824e-10
3.710157299999999798e-10
3.764776400000000094e-10
3.815296299999999801e-10
3.903489999999999928e-10
4.329172599999999849e-10
4.386043799999999850e-10
4.511087299999999843e-10
4.516267799999999979e-10
4.523820999999999903e-10
4.629575700000000028e-10
4.661611799999999534e-10
4.811800500000000025e-10
4.835208099999999906e-10
4.840732400000000240e-10
5.072355399999999824e-10
5.112920099999999577e-10
5.231449900000000137e-10
5.269054400000000490e-10
5.378683100000000451e-10
5.428833000000000086e-10
5.515701599999999775e-10
5.708286999999999812e-10
5.746225199999999833e-10
5.859240599999999699e-10
5.870658700000000280e-10
6.137796100000000454e-10
6.154434200000000320e-10
6.253359499999999844e-10
6.322355100000000374e-10
6.350173599999999703e-10
6.361403500000000469e-10
6.505536800000000484e-10
6.526325399999999922e-10
6.574606500000000234e-10
6.654720399999999663e-10
6.696864699999999815e-10
6.697764500000000441e-10
6.930429599999999689e-10
7.015129600000000441e-10
7.035897699999999548e-10
7.153578700000000229e-10
7.205240999999999728e-10
7.258729800000000367e-10
7.393948000000000490e-10
7.455076899999999907e-10
7.469916599999999731e-10
7.608366499999999981e-10
7.631852999999999784e-10
7.711105199999999772e-10
7.761709800000000423e-10
7.777862899999999748e-10
7.783377199999999996e-10
7.790995499999999889e-10
7.827288300000000043e-10
7.897841199999999860e-10
7.932602499999999853e-10
8.148483700000000114e-10
8.171523999999999543e-10
8.184018700000000447e-10
8.291904000000000321e-10
8.310916699999999651e-10
8.323447100000000354e-10
8.346398200000000507e-10
8.374360299999999496e-10
8.466367499999999819e-10
8.507557499999999549e-10
8.535887200000000327e-10
8.956444400000000513e-10
8.996086900000000151e-10
9.013245700000000359e-10
9.056871000000000084e-10
9.109189200000000422e-10
9.167462199999999772e-10
9.255449500000000176e-10
9.272104499999999846e-10
9.296456599999999919e-10
9.304889300000000512e-10
9.364201500000000050e-10
9.382358799999999052e-10
9.393711899999999593e-10
9.414081799999999150e-10
9.421307999999999784e-10
9.505283900000000911e-10
9.583870300000000419e-10
9.588534700000000025e-10
9.605859399999999971e-10
9.631566200000000509e-10
9.651215999999999648e-10
9.655322499999999669e-10
9.661344399999999806e-10
9.720257500000000955e-10
9.751508599999999931e-10
9.902803800000000557e-10
9.948494899999999330e-10
1.000447899999999944e-09
1.002917699999999977e-09
1.007566800000000082e-09
1.030723899999999934e-09
1.033094700000000047e-09
1.037335400000000041e-09
1.041076700000000072e-09
1.045097600000000103e-09
1.046805400000000009e-09
1.048866000000000088e-09
1.054535999999999924e-09
1.062935799999999956e-09
1.070928799999999971e-09
1.075323999999999998e-09
1.077818199999999950e-09
1.084016799999999958e-09
1.088877599999999925e-09
1.090453600000000003e-09
1.090486499999999944e-09
1.091554399999999975e-09
1.095991300000000059e-09
1.096667200000000036e-09
1.099593700000000068e-09
1.100536200000000036e-09
1.102747700000000034e-09
1.104319100000000093e-09
1.105083700000000014e-09
1.106429200000000028e-09
1.107834199999999983e-09
1.108503400000000099e-09
1.121368000000000010e-09
1.123328399999999994e-09
1.140006399999999965e-09
1.144547999999999923e-09
1.148876800000000083e-09
1.150399400000000096e-09
1.153292299999999963e-09
1.155296199999999959e-09
1.158497499999999907e-09
1.161214499999999951e-09
1.165265099999999937e-09
1.171215999999999981e-09
1.192856500000000078e-09
1.193319399999999985e-09
1.194126899999999933e-09
1.204959000000000037e-09
1.207681999999999925e-09
1.209100699999999905e-09
1.210690500000000039e-09
1.212435500000000016e-09
1.216006100000000020e-09
1.218171299999999941e-09
1.220435399999999956e-09
1.234006799999999974e-09
1.235994700000000039e-09
1.238764700000000021e-09
1.239548799999999954e-09
1.246780600000000098e-09
1.248929600000000025e-09
1.255176800000000016e-09
1.267731200000000098e-09
1.268967500000000044e-09
1.273462500000000037e-09
1.275169900000000022e-09
1.276379599999999967e-09
1.277629400000000080e-09
1.277824700000000090e-09
1.293408599999999950e-09
1.295389600000000090e-09
1.295503399999999971e-09
1.318400300000000010e-09
1.323885099999999953e-09
1.345573799999999906e-09
1.347640400000000036e-09
1.349687200000000058e-09
1.379184000000000022e-09
1.389281199999999953e-09
1.392985000000000024e-09
1.394652499999999905e-09
1.396056599999999987e-09
1.405709800000000038e-09
1.406789099999999981e-09
1.417222599999999994e-09
1.419149899999999974e-09
1.423978799999999905e-09
1.433263399999999917e-09
1.434359500000000045e-09
1.436481699999999908e-09
1.443032799999999993e-09
1.447727399999999920e-09
1.450398100000000093e-09
1.477036399999999989e-09
1.480494300000000050e-09
1.487579100000000071e-09
1.492599999999999995e-09
1.499158499999999957e-09
1.503484500000000052e-09
1.507052899999999975e-09
1.508672799999999985e-09
1.510723399999999978e-09
1.519689999999999950e-09
1.520609400000000000e-09
1.521288499999999963e-09
1.526559999999999948e-09
1.527318999999999945e-09
1.528326000000000002e-09
1.533166900000000036e-09
1.542881600000000046e-09
1.545375699999999966e-09
1.556396799999999933e-09
1.558481699999999900e-09
1.561820500000000046e-09
1.562064099999999943e-09
1.572966099999999995e-09
1.579487400000000093e-09
1.580037300000000023e-09
1.580479499999999950e-09
1.584730300000000061e-09
1.589871699999999933e-09
1.596870299999999980e-09
1.598329699999999905e-09
1.599427999999999908e-09
1.605195299999999948e-09
1.608855600000000009e-09
1.625761600000000074e-09
1.625961799999999992e-09
1.640975300000000005e-09
1.648841900000000053e-09
1.648931199999999981e-09
1.652557499999999957e-09
1.655425999999999904e-09
1.673370300000000077e-09
1.685574499999999989e-09
1.688537899999999995e-09
1.697368999999999994e-09
1.699755700000000006e-09
1.703483899999999997e-09
1.703965899999999996e-09
1.709092499999999907e-09
1.710873000000000033e-09
1.716964299999999958e-09
1.720242100000000097e-09
1.723766799999999946e-09
1.730778899999999953e-09
1.738921500000000094e-09
1.749298199999999993e-09
1.773755799999999989e-09
1.778223599999999997e-09
1.781416000000000003e-09
1.783340400000000092e-09
1.787427699999999990e-09
1.790650200000000079e-09
1.792228600000000095e-09
1.802278199999999948e-09
1.802284099999999968e-09
1.811063099999999902e-09
1.822282999999999962e-09
1.822532099999999958e-09
1.824221700000000060e-09
1.824700300000000009e-09
1.825909700000000065e-09
1.831032800000000100e-09
1.835859100000000030e-09
1.841140099999999942e-09
1.841368200000000069e-09
1.848147599999999930e-09
1.848715999999999967e-09
1.854773599999999903e-09
1.860573000000000043e-09
1.862951799999999812e-09
1.877160199999999814e-09
1.880284100000000112e-09
1.882253700000000134e-09
1.893027400000000026e-09
1.896468600000000140e-09
1.907213000000000205e-09
1.908986500000000168e-09
1.910902900000000188e-09
1.925609100000000056e-09
1.931232999999999880e-09
1.933318700000000102e-09
1.938838000000000083e-09
1.939812400000000087e-09
1.940803099999999911e-09
1.947429600000000043e-09
1.948605899999999887e-09
1.948647299999999850e-09
1.969742000000000083e-09
1.971277399999999833e-09
1.971419700000000113e-09
1.979040900000000103e-09
1.984338999999999883e-09
1.990703099999999914e-09
1.994152100000000034e-09
2.004998499999999939e-09
2.007853999999999878e-09
2.009762699999999926e-09
2.015274399999999966e-09
2.016924799999999979e-09
2.021021100000000057e-09
2.032269599999999928e-09
2.043535299999999905e-09
2.049781800000000086e-09
2.050995000000000112e-09
2.055640299999999834e-09
2.061802099999999898e-09
2.068185299999999815e-09
2.072067299999999823e-09
2.074484200000000156e-09
2.080060899999999823e-09
2.081516100000000064e-09
2.097236999999999962e-09
2.097777400000000172e-09
2.107928700000000184e-09
2.117510499999999809e-09
2.121609599999999952e-09
2.154489000000000169e-09
2.154824600000000029e-09
2.160338199999999847e-09
2.161925399999999980e-09
2.165326100000000005e-09
2.165851099999999856e-09
2.168346600000000016e-09
2.169135099999999904e-09
2.171825400000000121e-09
2.174812400000000206e-09
2.176898100000000014e-09
2.180783499999999865e-09
2.185816099999999797e-09
2.187868600000000189e-09
2.203182599999999832e-09
2.203540200000000087e-09
2.207465300000000186e-09
2.211503599999999973e-09
2.222773299999999984e-09
2.230406800000000173e-09
2.230969600000000079e-09
2.231981500000000044e-09
2.254357899999999805e-09
2.257557200000000150e-09
2.258621599999999892e-09
2.266159499999999799e-09
2.273392200000000023e-09
2.283221800000000057e-09
2.288851600000000108e-09
2.304412200000000191e-09
2.311877099999999988e-09
2.316221500000000158e-09
2.324702800000000113e-09
2.325837199999999836e-09
2.328665200000000107e-09
2.336034700000000099e-09
2.337321600000000045e-09
2.337637599999999860e-09
2.339054200000000205e-09
2.346963699999999866e-09
2.375823199999999956e-09
2.386955700000000073e-09
2.390352099999999968e-09
2.395564300000000076e-09
2.398345599999999936e-09
2.407708600000000124e-09
2.415393699999999804e-09
2.425593199999999879e-09
2.430882500000000161e-09
2.431338700000000001e-09
2.438271000000000006e-09
2.440999099999999866e-09
2.443601599999999806e-09
2.445815000000000203e-09
2.445940800000000186e-09
2.453152000000000174e-09
2.459499100000000164e-09
2.462581900000000181e-09
2.464020199999999998e-09
2.466387799999999919e-09
2.467953599999999847e-09
2.471342100000000120e-09
2.475858600000000142e-09
2.483112199999999998e-09
2.483287199999999948e-09
2.489655999999999824e-09
2.493615400000000103e-09
2.494410399999999995e-09
2.499608699999999808e-09
2.499712200000000127e-09
2.504073399999999862e-09
2.504888499999999957e-09
2.505086100000000081e-09
2.506600899999999882e-09
2.508381600000000072e-09
2.523523599999999894e-09
2.528721900000000120e-09
2.532069000000000017e-09
2.541675600000000102e-09
2.542690799999999878e-09
2.545279399999999936e-09
2.560881500000000014e-09
2.562322499999999865e-09
2.570266000000000025e-09
2.578076199999999878e-09
2.585126699999999925e-09
2.587744200000000098e-09
2.595280000000000162e-09
2.595645800000000136e-09
2.605806699999999900e-09
2.611247400000000054e-09
2.618408999999999948e-09
2.625955799999999796e-09
2.657909100000000102e-09
2.662480399999999809e-09
2.666782300000000079e-09
2.669279700000000017e-09
2.672368799999999975e-09
2.675273900000000009e-09
2.678445100000000082e-09
2.686734500000000076e-09
2.687166500000000059e-09
2.696380399999999868e-09
2.697213900000000039e-09
2.716413800000000106e-09
2.720195700000000051e-09
2.722471900000000201e-09
2.722700699999999930e-09
2.739489200000000177e-09
2.740993299999999876e-09
2.754163799999999898e-09
2.755420200000000047e-09
2.756245300000000021e-09
2.757476399999999964e-09
2.771305000000000079e-09
2.772961900000000096e-09
2.773342899999999952e-09
2.790790200000000101e-09
2.794617900000000171e-09
2.794662299999999849e-09
2.803547599999999961e-09
2.814734900000000175e-09
2.814737899999999890e-09
2.817758000000000187e-09
2.822059499999999916e-09
2.826823200000000157e-09
2.829271999999999905e-09
2.834337399999999953e-09
2.845285900000000145e-09
2.854708699999999957e-09
2.862342899999999955e-09
2.881417799999999881e-09
2.881487999999999924e-09
2.885805200000000109e-09
2.890446499999999796e-09
2.896692999999999977e-09
2.898255099999999967e-09
2.915782800000000103e-09
2.916413100000000019e-09
2.921288399999999852e-09
2.929945399999999981e-09
2.934265699999999913e-09
2.945489300000000118e-09
2.947117400000000053e-09
2.951850500000000052e-09
2.960624200000000158e-09
2.969540300000000162e-09
2.983324999999999932e-09
3.003296299999999813e-09
3.003400900000000069e-09
3.006645399999999933e-09
3.006781699999999955e-09
3.008099599999999856e-09
3.014219000000000053e-09
3.018068600000000072e-09
3.035711600000000153e-09
3.051199300000000159e-09
3.059373599999999859e-09
3.064992999999999902e-09
3.087233799999999865e-09
3.087656400000000161e-09
3.092463500000000175e-09
3.108591499999999977e-09
3.109830199999999860e-09
3.112624100000000015e-09
3.113325599999999881e-09
3.122425200000000063e-09
3.122995000000000133e-09
3.129098000000000065e-09
3.130702800000000018e-09
3.140048999999999814e-09
3.159767300000000109e-09
3.160161700000000101e-09
3.164300099999999951e-09
3.164784400000000063e-09
3.165372599999999794e-09
3.172150599999999830e-09
3.173977599999999890e-09
3.177005000000000032e-09
3.178151399999999858e-09
3.187228199999999803e-09
3.189000100000000083e-09
3.194074899999999818e-09
3.196164299999999979e-09
3.196181300000000021e-09
3.197038900000000016e-09
3.198969800000000109e-09
3.201603600000000101e-09
3.203806700000000109e-09
3.205482000000000202e-09
3.223622199999999957e-09
3.223766700000000111e-09
3.233416100000000191e-09
3.234922999999999956e-09
3.236934800000000195e-09
3.237662400000000108e-09
3.238254000000000096e-09
3.239492299999999852e-09
3.240276299999999960e-09
3.242233600000000197e-09
3.244474200000000166e-09
3.250389599999999853e-09
3.252247399999999805e-09
3.259348100000000138e-09
3.272223499999999976e-09
3.274097999999999875e-09
3.275709100000000181e-09
3.277371399999999852e-09
3.290895300000000031e-09
3.294621099999999878e-09
3.312194400000000074e-09
3.317510400000000183e-09
3.317930300000000031e-09
3.319721399999999814e-09
3.320015199999999998e-09
3.321550600000000162e-09
3.322781900000000168e-09
3.328634400000000071e-09
3.329372500000000023e-09
3.331500500000000080e-09
3.337988799999999999e-09
3.356610200000000118e-09
3.365047200000000014e-09
3.373377000000000065e-09
3.376559600000000049e-09
3.383198900000000126e-09
3.389900300000000146e-09
3.398745499999999883e-09
3.399016200000000147e-09
3.399461699999999885e-09
3.406843700000000139e-09
3.408903299999999899e-09
3.415134999999999912e-09
3.415379999999999842e-09
3.418857599999999979e-09
3.419286599999999834e-09
3.420211200000000093e-09
3.426176900000000099e-09
3.430516299999999915e-09
3.434378999999999975e-09
3.440284400000000197e-09
3.443895100000000163e-09
3.468982799999999805e-09
3.469300500000000163e-09
3.469389499999999996e-09
3.472332500000000117e-09
3.473820299999999997e-09
3.476166600000000158e-09
3.477194100000000132e-09
3.479679499999999967e-09
3.490457800000000085e-09
3.492162299999999973e-09
3.492597200000000054e-09
3.497411799999999977e-09
3.510661399999999984e-09
3.516158199999999824e-09
3.516521100000000115e-09
3.522381299999999991e-09
3.528167000000000106e-09
3.530878600000000083e-09
3.547545800000000126e-09
3.559585800000000014e-09
3.560492000000000199e-09
3.573845499999999826e-09
3.578261500000000072e-09
3.580181099999999872e-09
3.580847200000000034e-09
3.584445100000000055e-09
3.585145600000000015e-09
3.586395899999999874e-09
3.587973599999999874e-09
3.594136499999999875e-09
3.595989299999999888e-09
3.600525099999999859e-09
3.610607899999999956e-09
3.615682600000000072e-09
3.617029600000000151e-09
3.623008499999999814e-09
3.625792799999999805e-09
3.632019799999999973e-09
3.654449599999999800e-09
3.669984900000000091e-09
3.671914899999999897e-09
3.681209400000000169e-09
3.685385600000000075e-09
3.688316900000000188e-09
3.700097400000000073e-09
3.715297799999999900e-09
3.715674400000000008e-09
3.717835599999999895e-09
3.727185599999999661e-09
3.744086299999999692e-09
3.744442800000000010e-09
3.749951399999999889e-09
3.760729300000000293e-09
3.764735300000000124e-09
3.776435800000000150e-09
3.778137900000000100e-09
3.796941000000000237e-09
3.798417300000000173e-09
3.806473499999999863e-09
3.812333700000000152e-09
3.818620900000000073e-09
3.820690599999999743e-09
3.821560700000000001e-09
3.830776699999999651e-09
3.834142099999999591e-09
3.838605699999999708e-09
3.838655199999999770e-09
3.842111999999999894e-09
3.842798600000000387e-09
3.879255900000000039e-09
3.895041700000000359e-09
3.897068999999999749e-09
3.899229100000000113e-09
3.903189100000000169e-09
3.904039199999999842e-09
3.904844400000000090e-09
3.908106300000000124e-09
3.910899100000000342e-09
3.916140100000000118e-09
3.925994399999999754e-09
3.927324500000000235e-09
3.939933200000000256e-09
3.940196599999999847e-09
3.945976800000000278e-09
3.946692099999999993e-09
3.954673799999999922e-09
3.956961699999999666e-09
3.958774800000000258e-09
3.958860500000000280e-09
3.963681800000000270e-09
3.974851199999999741e-09
3.980842899999999763e-09
3.985038200000000380e-09
4.000470799999999780e-09
4.005381700000000208e-09
4.006024700000000037e-09
4.014405099999999674e-09
4.014753599999999924e-09
4.023647500000000296e-09
4.027335699999999737e-09
4.036815399999999903e-09
4.071351199999999977e-09
4.078999300000000270e-09
4.080235999999999929e-09
4.080819799999999912e-09
4.085701500000000131e-09
4.095428999999999879e-09
4.103752699999999640e-09
4.107870000000000209e-09
4.111650200000000026e-09
4.130008699999999885e-09
4.134240999999999889e-09
4.137916100000000118e-09
4.140512499999999768e-09
4.150964799999999777e-09
4.154595399999999883e-09
4.160946999999999652e-09
4.172746299999999740e-09
4.175601399999999965e-09
4.181218799999999785e-09
4.185595600000000356e-09
4.195737499999999854e-09
4.201335600000000139e-09
4.202389200000000161e-09
4.221141799999999917e-09
4.224277600000000285e-09
4.237309699999999616e-09
4.239303800000000003e-09
4.242668199999999624e-09
4.246195499999999888e-09
4.254660299999999960e-09
4.257625499999999713e-09
4.266411499999999604e-09
4.267450199999999839e-09
4.275358899999999659e-09
4.277812400000000079e-09
4.277834100000000379e-09
4.288432699999999875e-09
4.291128599999999810e-09
4.295471200000000233e-09
4.304492099999999730e-09
4.327657900000000080e-09
4.332110600000000031e-09
4.334903900000000408e-09
4.336392200000000034e-09
4.346679699999999622e-09
4.347536799999999871e-09
4.348418100000000390e-09
4.353220100000000019e-09
4.356422600000000143e-09
4.359443000000000121e-09
4.374265200000000157e-09
4.377434300000000388e-09
4.394139800000000233e-09
4.398207799999999975e-09
4.398537600000000054e-09
4.402110399999999932e-09
4.408133600000000069e-09
4.412951399999999771e-09
4.413059800000000411e-09
4.418731500000000169e-09
4.425256099999999665e-09
4.429681700000000077e-09
4.430173999999999843e-09
4.430294900000000332e-09
4.435283900000000014e-09
4.440135899999999865e-09
4.446418499999999973e-09
4.457748500000000181e-09
4.458906100000000268e-09
4.462318400000000268e-09
4.465253600000000385e-09
4.465928799999999725e-09
4.466496899999999666e-09
4.475985700000000251e-09
4.488803199999999829e-09
4.491429399999999880e-09
4.497645800000000392e-09
4.502662299999999741e-09
4.505162700000000222e-09
4.512642199999999710e-09
4.515828599999999665e-09
4.537422000000000050e-09
4.538476799999999628e-09
4.538839300000000204e-09
4.539199600000000079e-09
4.545504399999999820e-09
4.547514999999999676e-09
4.548050499999999979e-09
4.561942000000000292e-09
4.567342000000000294e-09
4.571034999999999612e-09
4.571714899999999623e-09
4.572705900000000369e-09
4.575159600000000026e-09
4.578633499999999810e-09
4.581126300000000350e-09
4.590552800000000100e-09
4.592287199999999593e-09
4.595621699999999609e-09
4.598456900000000108e-09
4.609876699999999990e-09
4.613432100000000112e-09
4.623348000000000359e-09
4.623521100000000118e-09
4.630002599999999936e-09
4.631271800000000030e-09
4.631330499999999716e-09
4.635584299999999956e-09
4.637876900000000371e-09
4.638564000000000196e-09
4.649084000000000280e-09
4.654471599999999638e-09
4.655305700000000000e-09
4.656985600000000318e-09
4.661466900000000286e-09
4.667520300000000124e-09
4.673469099999999706e-09
4.676444500000000229e-09
4.682425200000000053e-09
4.683425999999999787e-09
4.702036099999999613e-09
4.706335300000000264e-09
4.709093000000000046e-09
4.716152899999999781e-09
4.717224999999999910e-09
4.718070199999999675e-09
4.730756699999999680e-09
4.744910199999999967e-09
4.750526200000000167e-09
4.752637399999999832e-09
4.754730899999999645e-09
4.755088500000000314e-09
4.760570900000000113e-09
4.761472599999999690e-09
4.764976299999999875e-09
4.765244400000000138e-09
4.779613499999999668e-09
4.783466300000000294e-09
4.793492900000000260e-09
4.795222900000000005e-09
4.795764199999999675e-09
4.796199999999999630e-09
4.805046899999999909e-09
4.818462099999999765e-09
4.820982399999999972e-09
4.827393100000000383e-09
4.827840399999999867e-09
4.830640699999999994e-09
4.832578699999999869e-09
4.837047600000000021e-09
4.839290899999999610e-09
4.842230899999999601e-09
4.843958100000000108e-09
4.844101500000000325e-09
4.844120899999999892e-09
4.844682400000000211e-09
4.846029200000000225e-09
4.849569699999999733e-09
4.849923099999999891e-09
4.855000599999999659e-09
4.865517500000000409e-09
4.872409699999999626e-09
4.872648599999999679e-09
4.872977300000000235e-09
4.879807200000000271e-09
4.885326800000000348e-09
4.888942999999999999e-09
4.897099700000000292e-09
4.898295700000000212e-09
4.899206600000000240e-09
4.902551100000000135e-09
4.918091399999999952e-09
4.918900899999999917e-09
4.921200500000000081e-09
4.931679400000000298e-09
4.933945899999999837e-09
4.943648800000000015e-09
4.951662500000000219e-09
4.967091200000000029e-09
4.971967900000000309e-09
4.992241100000000060e-09
4.996262999999999996e-09
5.001548900000000023e-09
5.015382199999999981e-09
5.022410599999999601e-09
5.035196899999999987e-09
5.039058400000000078e-09
5.045981299999999982e-09
5.055387599999999910e-09
5.062563000000000067e-09
5.066336200000000135e-09
5.073976000000000264e-09
5.074473700000000097e-09
5.077210599999999867e-09
5.079121300000000138e-09
5.079375300000000042e-09
5.080073900000000224e-09
5.086072700000000028e-09
5.091518299999999677e-09
5.096908499999999864e-09
5.097495600000000071e-09
5.097573199999999993e-09
5.103841799999999774e-09
5.105846800000000327e-09
5.111706200000000361e-09
5.112999299999999801e-09
5.117643599999999618e-09
5.118903600000000087e-09
5.119505500000000049e-09
5.128608800000000170e-09
5.133444199999999692e-09
5.136477300000000410e-09
5.137574200000000173e-09
5.138284700000000013e-09
5.138721900000000413e-09
5.146313300000000003e-09
5.163225699999999627e-09
5.177963700000000119e-09
5.182384599999999860e-09
5.199350900000000122e-09
5.199953999999999640e-09
5.202835900000000136e-09
5.204998100000000342e-09
5.230636099999999628e-09
5.233677599999999715e-09
5.234895199999999904e-09
5.243909299999999714e-09
5.246458500000000035e-09
5.264324099999999936e-09
5.270059300000000084e-09
5.270602500000000360e-09
5.276900100000000287e-09
5.286237899999999886e-09
5.303146599999999985e-09
5.304582100000000150e-09
5.307604599999999971e-09
5.307624299999999633e-09
5.309168199999999612e-09
5.314899300000000107e-09
5.320475700000000092e-09
5.321441900000000378e-09
5.332979799999999857e-09
5.335209400000000041e-09
5.338940499999999923e-09
5.342541199999999596e-09
5.370929000000000282e-09
5.372944600000000078e-09
5.375313500000000000e-09
5.378544300000000046e-09
5.389945399999999758e-09
5.410428400000000213e-09
5.412752199999999820e-09
5.418645599999999939e-09
5.426567599999999863e-09
5.431621500000000381e-09
5.433713099999999588e-09
5.439269899999999942e-09
5.451081399999999783e-09
5.451096499999999634e-09
5.455137799999999964e-09
5.468540299999999908e-09
5.469949599999999993e-09
5.471033599999999780e-09
5.477166900000000272e-09
5.479398600000000298e-09
5.482369700000000278e-09
5.485163600000000019e-09
5.487177600000000133e-09
5.508438799999999674e-09
5.519562000000000135e-09
5.524941600000000252e-09
5.531934400000000104e-09
5.533229300000000117e-09
5.540308600000000246e-09
5.542622399999999974e-09
5.543150599999999604e-09
5.543931600000000410e-09
5.546163100000000373e-09
5.547407199999999910e-09
5.556522999999999879e-09
5.556920199999999937e-09
5.558400700000000385e-09
5.566232100000000379e-09
5.571511900000000115e-09
5.571681100000000284e-09
5.578105099999999972e-09
5.581891700000000175e-09
5.585381199999999969e-09
5.587391699999999794e-09
5.607386800000000231e-09
5.611222400000000337e-09
5.624436999999999941e-09
5.653285400000000215e-09
5.659183400000000147e-09
5.670076199999999954e-09
5.670372200000000012e-09
5.700421900000000242e-09
5.702763099999999605e-09
5.703697200000000411e-09
5.704723500000000003e-09
5.705671900000000404e-09
5.709755300000000093e-09
5.738668999999999676e-09
5.742015700000000272e-09
5.743796999999999826e-09
5.746379800000000104e-09
5.757099900000000281e-09
5.762474599999999663e-09
5.764348899999999911e-09
5.767227900000000311e-09
5.770369500000000047e-09
5.774485700000000265e-09
5.776655699999999648e-09
5.783809999999999696e-09
5.786291700000000006e-09
5.786310100000000082e-09
5.786767700000000368e-09
5.788078299999999596e-09
5.794330099999999812e-09
5.800310500000000368e-09
