# atom_type event_id atom_id barrier
1.000000000000000000e+00 6.974140000000000000e+05 1.237500000000000000e+04 1.787246899999999972e+00
1.000000000000000000e+00 6.974080000000000000e+05 9.512000000000000000e+03 1.786583040000000011e+00
1.000000000000000000e+00 6.974110000000000000e+05 1.211900000000000000e+04 1.784587249999999958e+00
1.000000000000000000e+00 6.974090000000000000e+05 4.862000000000000000e+03 1.784066170000000007e+00
1.000000000000000000e+00 6.974060000000000000e+05 4.862000000000000000e+03 1.785109700000000021e+00
1.000000000000000000e+00 6.974120000000000000e+05 6.259000000000000000e+03 1.783232750000000033e+00
1.000000000000000000e+00 6.974130000000000000e+05 5.704000000000000000e+03 1.783657110000000046e+00
1.000000000000000000e+00 6.974100000000000000e+05 4.918000000000000000e+03 1.784739309999999968e+00
1.000000000000000000e+00 6.974070000000000000e+05 5.794000000000000000e+03 1.785049120000000045e+00
