# AtomId eventId barrier
9.100000000000000000e+01 1.220050000000000000e+06 6.598279999999999701e-01
4.340000000000000000e+02 2.559000000000000000e+03 7.892839999999999856e-01
7.120000000000000000e+02 1.184668000000000000e+06 7.818040000000000544e-01
1.139000000000000000e+03 2.548960000000000000e+05 7.902679999999999705e-01
4.340000000000000000e+02 4.256480000000000000e+05 5.549629999999999841e-01
1.139000000000000000e+03 1.032689000000000000e+06 7.834379999999999677e-01
4.340000000000000000e+02 4.256480000000000000e+05 5.553029999999999911e-01
1.139000000000000000e+03 1.032689000000000000e+06 7.836469999999999825e-01
1.078000000000000000e+03 1.221785000000000000e+06 4.940039999999999987e-01
4.340000000000000000e+02 4.256480000000000000e+05 5.551340000000000163e-01
1.139000000000000000e+03 1.032689000000000000e+06 7.833919999999999773e-01
1.078000000000000000e+03 1.221785000000000000e+06 4.939999999999999947e-01
3.700000000000000000e+02 1.043755000000000000e+06 4.568800000000000083e-01
9.020000000000000000e+02 1.237152000000000000e+06 6.482879999999999754e-01
1.078000000000000000e+03 9.725240000000000000e+05 6.306580000000000519e-01
3.490000000000000000e+02 9.351540000000000000e+05 7.059549999999999992e-01
3.700000000000000000e+02 8.662850000000000000e+05 6.192630000000000079e-01
9.020000000000000000e+02 6.161020000000000000e+05 6.586199999999999832e-01
1.078000000000000000e+03 1.113734000000000000e+06 6.576710000000000056e-01
3.490000000000000000e+02 6.976880000000000000e+05 7.572489999999999499e-01
9.020000000000000000e+02 1.406410000000000000e+05 4.224089999999999789e-01
1.289000000000000000e+03 5.815210000000000000e+05 6.895240000000000258e-01
6.670000000000000000e+02 1.037780000000000000e+05 4.080440000000000178e-01
9.020000000000000000e+02 3.077540000000000000e+05 4.396579999999999933e-01
1.078000000000000000e+03 9.990380000000000000e+05 3.830749999999999988e-01
1.289000000000000000e+03 7.165840000000000000e+05 8.797070000000000167e-01
6.380000000000000000e+02 1.019794000000000000e+06 9.863110000000000488e-01
6.670000000000000000e+02 9.725240000000000000e+05 7.128659999999999997e-01
9.020000000000000000e+02 2.331300000000000000e+04 8.983659999999999979e-01
1.970000000000000000e+02 1.660290000000000000e+05 5.495149999999999757e-01
9.020000000000000000e+02 2.353000000000000000e+05 6.811719999999999997e-01
5.400000000000000000e+02 1.299567000000000000e+06 6.895069999999999810e-01
6.380000000000000000e+02 1.129449000000000000e+06 6.157789999999999653e-01
1.040000000000000000e+03 8.259780000000000000e+05 8.021340000000000137e-01
1.970000000000000000e+02 1.660290000000000000e+05 5.495100000000000540e-01
9.020000000000000000e+02 2.353000000000000000e+05 6.811709999999999710e-01
1.970000000000000000e+02 1.947750000000000000e+05 4.976559999999999873e-01
7.400000000000000000e+02 5.555280000000000000e+05 7.383999999999999453e-01
1.970000000000000000e+02 1.660290000000000000e+05 5.495100000000000540e-01
9.020000000000000000e+02 2.353000000000000000e+05 6.811719999999999997e-01
5.400000000000000000e+02 1.299567000000000000e+06 6.895069999999999810e-01
6.380000000000000000e+02 1.129449000000000000e+06 6.157789999999999653e-01
1.040000000000000000e+03 8.259780000000000000e+05 8.021369999999999889e-01
1.970000000000000000e+02 1.660290000000000000e+05 5.495130000000000292e-01
9.020000000000000000e+02 2.353000000000000000e+05 6.811709999999999710e-01
5.400000000000000000e+02 1.299567000000000000e+06 6.894989999999999730e-01
6.380000000000000000e+02 1.129449000000000000e+06 6.157770000000000188e-01
1.040000000000000000e+03 8.259780000000000000e+05 8.021340000000000137e-01
1.970000000000000000e+02 1.660290000000000000e+05 5.495079999999999965e-01
9.020000000000000000e+02 2.353000000000000000e+05 6.811700000000000532e-01
9.020000000000000000e+02 1.152923000000000000e+06 7.229499999999999815e-01
2.500000000000000000e+02 1.409540000000000000e+05 1.048370999999999942e+00
3.490000000000000000e+02 8.147700000000000000e+04 8.231389999999999540e-01
9.020000000000000000e+02 1.732770000000000000e+05 8.406109999999999971e-01
1.085000000000000000e+03 5.215540000000000000e+05 4.156540000000000235e-01
1.289000000000000000e+03 1.175446000000000000e+06 9.071829999999999616e-01
2.500000000000000000e+02 1.162625000000000000e+06 1.090630999999999906e+00
3.490000000000000000e+02 6.111250000000000000e+05 7.486019999999999897e-01
9.790000000000000000e+02 8.351820000000000000e+05 4.232569999999999943e-01
2.500000000000000000e+02 1.277770000000000000e+05 9.192519999999999580e-01
3.490000000000000000e+02 1.087197000000000000e+06 9.222050000000000525e-01
1.078000000000000000e+03 9.785100000000000000e+04 8.578040000000000109e-01
1.289000000000000000e+03 1.294777000000000000e+06 9.602370000000000072e-01
3.490000000000000000e+02 7.159770000000000000e+05 8.367580000000000018e-01
1.078000000000000000e+03 7.536200000000000000e+04 1.111042000000000085e+00
1.289000000000000000e+03 1.055486000000000000e+06 6.949629999999999974e-01
3.490000000000000000e+02 4.918720000000000000e+05 7.170790000000000219e-01
1.078000000000000000e+03 1.215880000000000000e+05 1.057774999999999910e+00
1.289000000000000000e+03 1.191068000000000000e+06 6.560270000000000268e-01
3.490000000000000000e+02 7.159770000000000000e+05 8.367620000000000058e-01
1.078000000000000000e+03 1.215880000000000000e+05 1.110694000000000070e+00
1.289000000000000000e+03 1.055486000000000000e+06 6.949670000000000014e-01
2.270000000000000000e+02 1.293153000000000000e+06 5.438950000000000173e-01
1.078000000000000000e+03 1.220309000000000000e+06 7.509169999999999456e-01
1.078000000000000000e+03 8.765590000000000000e+05 8.306540000000000035e-01
4.340000000000000000e+02 4.256480000000000000e+05 6.470719999999999805e-01
1.139000000000000000e+03 1.032689000000000000e+06 8.668860000000000454e-01
1.078000000000000000e+03 8.765590000000000000e+05 8.307740000000000125e-01
3.490000000000000000e+02 4.918720000000000000e+05 9.016859999999999875e-01
1.078000000000000000e+03 1.215880000000000000e+05 1.149691999999999936e+00
1.289000000000000000e+03 1.055486000000000000e+06 6.938779999999999948e-01
2.500000000000000000e+02 8.109900000000000000e+04 1.036275999999999975e+00
3.490000000000000000e+02 7.051300000000000000e+05 1.099660000000000082e+00
9.020000000000000000e+02 9.375400000000000000e+04 4.739399999999999724e-01
1.078000000000000000e+03 1.202397000000000000e+06 9.734209999999999807e-01
1.215000000000000000e+03 9.226300000000000000e+04 4.038999999999999813e-01
1.289000000000000000e+03 5.652420000000000000e+05 4.501399999999999846e-01
1.289000000000000000e+03 9.689280000000000000e+05 6.645990000000000508e-01
3.490000000000000000e+02 6.976880000000000000e+05 8.939430000000000431e-01
9.020000000000000000e+02 1.038837000000000000e+06 7.840409999999999879e-01
2.500000000000000000e+02 8.109900000000000000e+04 1.036275999999999975e+00
3.490000000000000000e+02 7.051300000000000000e+05 1.099658999999999942e+00
9.020000000000000000e+02 9.375400000000000000e+04 4.739399999999999724e-01
1.078000000000000000e+03 1.202397000000000000e+06 9.733669999999999822e-01
1.215000000000000000e+03 9.226300000000000000e+04 4.038999999999999813e-01
1.289000000000000000e+03 3.700320000000000000e+05 4.526000000000000023e-01
1.289000000000000000e+03 9.689280000000000000e+05 7.536239999999999606e-01
2.500000000000000000e+02 1.409540000000000000e+05 1.048432000000000031e+00
3.490000000000000000e+02 1.105411000000000000e+06 8.679620000000000113e-01
9.020000000000000000e+02 8.205320000000000000e+05 8.641659999999999897e-01
1.085000000000000000e+03 1.174497000000000000e+06 4.019039999999999835e-01
9.790000000000000000e+02 3.442170000000000000e+05 4.261909999999999865e-01
9.800000000000000000e+02 7.231740000000000000e+05 1.045503000000000071e+00
1.085000000000000000e+03 7.447510000000000000e+05 4.983069999999999999e-01
6.570000000000000000e+02 1.151404000000000000e+06 8.543290000000000051e-01
6.990000000000000000e+02 1.145862000000000000e+06 7.186310000000000198e-01
7.820000000000000000e+02 1.145862000000000000e+06 7.378390000000000226e-01
6.700000000000000000e+02 5.405260000000000000e+05 5.487269999999999648e-01
6.570000000000000000e+02 1.151404000000000000e+06 8.543539999999999468e-01
6.990000000000000000e+02 1.145862000000000000e+06 7.188430000000000097e-01
7.820000000000000000e+02 1.148525000000000000e+06 7.398479999999999501e-01
9.790000000000000000e+02 3.442170000000000000e+05 4.266099999999999892e-01
9.800000000000000000e+02 7.231740000000000000e+05 1.044531000000000098e+00
1.085000000000000000e+03 7.447520000000000000e+05 4.975029999999999730e-01
9.790000000000000000e+02 3.442170000000000000e+05 4.258660000000000223e-01
9.800000000000000000e+02 7.231740000000000000e+05 1.045323999999999920e+00
1.085000000000000000e+03 7.447520000000000000e+05 4.975979999999999848e-01
9.790000000000000000e+02 3.442170000000000000e+05 4.258660000000000223e-01
9.800000000000000000e+02 7.231740000000000000e+05 1.045325000000000060e+00
1.085000000000000000e+03 7.447520000000000000e+05 4.975999999999999868e-01
9.790000000000000000e+02 5.025350000000000000e+05 5.608509999999999884e-01
1.060000000000000000e+03 1.129380000000000000e+06 1.115086999999999939e+00
2.500000000000000000e+02 1.243521000000000000e+06 1.114104999999999901e+00
3.490000000000000000e+02 1.138471000000000000e+06 8.109640000000000182e-01
1.078000000000000000e+03 4.077310000000000000e+05 7.884330000000000505e-01
1.085000000000000000e+03 1.101740000000000000e+05 6.686100000000000376e-01
9.790000000000000000e+02 5.025360000000000000e+05 5.602089999999999570e-01
1.060000000000000000e+03 1.129380000000000000e+06 1.115088000000000079e+00
2.500000000000000000e+02 1.243521000000000000e+06 1.114109000000000016e+00
3.490000000000000000e+02 1.138471000000000000e+06 8.109659999999999647e-01
1.078000000000000000e+03 4.077310000000000000e+05 7.884929999999999994e-01
1.085000000000000000e+03 1.101740000000000000e+05 6.686109999999999554e-01
9.790000000000000000e+02 5.025360000000000000e+05 5.602160000000000473e-01
1.060000000000000000e+03 1.129380000000000000e+06 1.115091000000000054e+00
9.030000000000000000e+02 6.161020000000000000e+05 8.037020000000000275e-01
1.060000000000000000e+03 1.100020000000000000e+06 7.022779999999999578e-01
9.790000000000000000e+02 5.025360000000000000e+05 5.602139999999999898e-01
1.060000000000000000e+03 1.129380000000000000e+06 1.115089999999999915e+00
4.300000000000000000e+01 7.158980000000000000e+05 7.460729999999999862e-01
4.300000000000000000e+01 1.278832000000000000e+06 1.233160000000000034e+00
9.400000000000000000e+02 5.054120000000000000e+05 5.811690000000000467e-01
1.060000000000000000e+03 1.210143000000000000e+06 2.151359999999999939e-01
1.245000000000000000e+03 5.770230000000000000e+05 6.142170000000000130e-01
4.300000000000000000e+01 8.146350000000000000e+05 6.004500000000000393e-01
4.300000000000000000e+01 1.195862000000000000e+06 9.412350000000000438e-01
3.210000000000000000e+02 3.547770000000000000e+05 5.438199999999999701e-01
9.030000000000000000e+02 2.226620000000000000e+05 7.374699999999999589e-01
9.030000000000000000e+02 1.211858000000000000e+06 1.039342999999999906e+00
1.245000000000000000e+03 1.201492000000000000e+06 7.867849999999999566e-01
4.300000000000000000e+01 7.158980000000000000e+05 7.460719999999999574e-01
4.300000000000000000e+01 1.278832000000000000e+06 1.233144000000000018e+00
9.400000000000000000e+02 5.054120000000000000e+05 5.811699999999999644e-01
1.060000000000000000e+03 1.210143000000000000e+06 2.151399999999999979e-01
1.245000000000000000e+03 5.770230000000000000e+05 6.142170000000000130e-01
9.030000000000000000e+02 1.406410000000000000e+05 6.631320000000000547e-01
1.060000000000000000e+03 7.375200000000000000e+05 7.149830000000000352e-01
6.990000000000000000e+02 1.138639000000000000e+06 5.710330000000000128e-01
9.030000000000000000e+02 1.406410000000000000e+05 6.631559999999999677e-01
1.060000000000000000e+03 7.375210000000000000e+05 7.143380000000000285e-01
6.990000000000000000e+02 1.138639000000000000e+06 5.709809999999999608e-01
7.800000000000000000e+01 4.000250000000000000e+05 9.330760000000000165e-01
6.990000000000000000e+02 1.229747000000000000e+06 6.544079999999999897e-01
3.500000000000000000e+01 4.189360000000000000e+05 6.713909999999999600e-01
9.030000000000000000e+02 1.242380000000000000e+05 5.682150000000000256e-01
1.172000000000000000e+03 3.961700000000000000e+05 7.759350000000000414e-01
3.500000000000000000e+01 4.189360000000000000e+05 6.714229999999999920e-01
9.030000000000000000e+02 1.242380000000000000e+05 5.682390000000000496e-01
1.172000000000000000e+03 3.961700000000000000e+05 7.759620000000000406e-01
7.800000000000000000e+01 4.000250000000000000e+05 9.322920000000000096e-01
6.990000000000000000e+02 1.229747000000000000e+06 6.551719999999999766e-01
7.800000000000000000e+01 4.000250000000000000e+05 9.322949999999999848e-01
6.990000000000000000e+02 1.229747000000000000e+06 6.551740000000000341e-01
3.500000000000000000e+01 4.189360000000000000e+05 6.714999999999999858e-01
9.030000000000000000e+02 1.242380000000000000e+05 5.680969999999999631e-01
1.172000000000000000e+03 3.961700000000000000e+05 7.760599999999999721e-01
7.800000000000000000e+01 4.000250000000000000e+05 9.323129999999999473e-01
6.990000000000000000e+02 1.229747000000000000e+06 6.551829999999999599e-01
3.500000000000000000e+01 4.189360000000000000e+05 6.715060000000000473e-01
9.030000000000000000e+02 1.242380000000000000e+05 5.680969999999999631e-01
1.172000000000000000e+03 3.961700000000000000e+05 7.760580000000000256e-01
3.500000000000000000e+01 4.189360000000000000e+05 6.715579999999999883e-01
9.030000000000000000e+02 1.242380000000000000e+05 5.681659999999999489e-01
1.172000000000000000e+03 3.961700000000000000e+05 7.761139999999999706e-01
7.800000000000000000e+01 4.000250000000000000e+05 9.323500000000000121e-01
6.990000000000000000e+02 1.229747000000000000e+06 6.552130000000000454e-01
6.990000000000000000e+02 7.944590000000000000e+05 6.616809999999999636e-01
1.114000000000000000e+03 2.828550000000000000e+05 9.567139999999999533e-01
9.700000000000000000e+01 5.920730000000000000e+05 8.739989999999999704e-01
6.360000000000000000e+02 3.726720000000000000e+05 8.307139999999999525e-01
6.570000000000000000e+02 5.976990000000000000e+05 2.118250000000000133e-01
7.660000000000000000e+02 1.211736000000000000e+06 4.931960000000000233e-01
7.820000000000000000e+02 9.062560000000000000e+05 4.872699999999999809e-01
9.700000000000000000e+01 5.920730000000000000e+05 8.740120000000000111e-01
6.360000000000000000e+02 3.726720000000000000e+05 8.307139999999999525e-01
6.360000000000000000e+02 7.500170000000000000e+05 1.092796000000000101e+00
6.360000000000000000e+02 8.392780000000000000e+05 9.213390000000000191e-01
7.660000000000000000e+02 2.069230000000000000e+05 7.039710000000000134e-01
9.910000000000000000e+02 1.016363000000000000e+06 6.818060000000000231e-01
1.251000000000000000e+03 1.276342000000000000e+06 6.711289999999999756e-01
1.251000000000000000e+03 1.152496000000000000e+06 1.581544000000000061e+00
6.360000000000000000e+02 1.086683000000000000e+06 8.515200000000000546e-01
9.910000000000000000e+02 1.261209000000000000e+06 6.235540000000000527e-01
6.360000000000000000e+02 8.392780000000000000e+05 9.213339999999999863e-01
7.660000000000000000e+02 2.069230000000000000e+05 7.039609999999999479e-01
9.910000000000000000e+02 1.016363000000000000e+06 6.817919999999999536e-01
1.251000000000000000e+03 1.276342000000000000e+06 6.711329999999999796e-01
1.251000000000000000e+03 1.152496000000000000e+06 1.581545999999999896e+00
9.700000000000000000e+01 5.920730000000000000e+05 8.725690000000000390e-01
6.360000000000000000e+02 3.726720000000000000e+05 8.302279999999999660e-01
6.360000000000000000e+02 7.500170000000000000e+05 1.092263999999999902e+00
6.570000000000000000e+02 5.976990000000000000e+05 2.117739999999999900e-01
7.660000000000000000e+02 1.211736000000000000e+06 4.932440000000000158e-01
7.820000000000000000e+02 9.062560000000000000e+05 4.875450000000000061e-01
6.570000000000000000e+02 1.145862000000000000e+06 6.016909999999999759e-01
6.990000000000000000e+02 1.235409000000000000e+06 5.694479999999999542e-01
7.820000000000000000e+02 5.701130000000000000e+05 6.586769999999999570e-01
7.820000000000000000e+02 7.818530000000000000e+05 6.587990000000000235e-01
6.570000000000000000e+02 3.848430000000000000e+05 5.143240000000000034e-01
6.570000000000000000e+02 1.145862000000000000e+06 6.008409999999999584e-01
6.990000000000000000e+02 1.235409000000000000e+06 5.674160000000000315e-01
7.820000000000000000e+02 7.818530000000000000e+05 6.579639999999999933e-01
7.820000000000000000e+02 1.100118000000000000e+06 6.543860000000000232e-01
6.570000000000000000e+02 3.848430000000000000e+05 5.143109999999999626e-01
6.570000000000000000e+02 1.151404000000000000e+06 9.231890000000000374e-01
6.990000000000000000e+02 4.269370000000000000e+05 6.365969999999999684e-01
6.700000000000000000e+02 5.405260000000000000e+05 5.672479999999999745e-01
6.570000000000000000e+02 7.800110000000000000e+05 4.900689999999999769e-01
6.700000000000000000e+02 4.934670000000000000e+05 6.941990000000000105e-01
6.700000000000000000e+02 1.100118000000000000e+06 8.183270000000000266e-01
6.570000000000000000e+02 7.800110000000000000e+05 4.892239999999999922e-01
6.700000000000000000e+02 4.934670000000000000e+05 6.942040000000000433e-01
6.700000000000000000e+02 5.405260000000000000e+05 5.653099999999999792e-01
6.570000000000000000e+02 7.800110000000000000e+05 4.898669999999999969e-01
6.700000000000000000e+02 4.934670000000000000e+05 6.941100000000000048e-01
6.570000000000000000e+02 7.800110000000000000e+05 4.891260000000000052e-01
6.700000000000000000e+02 4.934670000000000000e+05 6.940460000000000518e-01
9.790000000000000000e+02 4.314710000000000000e+05 7.118349999999999955e-01
1.085000000000000000e+03 1.284172000000000000e+06 7.066879999999999828e-01
6.700000000000000000e+02 6.517570000000000000e+05 3.374139999999999917e-01
8.070000000000000000e+02 1.154994000000000000e+06 1.002922000000000091e+00
9.790000000000000000e+02 4.314710000000000000e+05 7.118470000000000075e-01
1.085000000000000000e+03 1.284172000000000000e+06 7.066890000000000116e-01
6.700000000000000000e+02 6.517570000000000000e+05 3.374139999999999917e-01
8.070000000000000000e+02 1.154994000000000000e+06 1.001214000000000048e+00
9.790000000000000000e+02 4.314710000000000000e+05 7.118389999999999995e-01
1.085000000000000000e+03 1.284172000000000000e+06 7.066879999999999828e-01
6.700000000000000000e+02 6.517570000000000000e+05 3.374179999999999957e-01
8.070000000000000000e+02 1.154994000000000000e+06 1.002210999999999963e+00
9.790000000000000000e+02 4.314710000000000000e+05 7.118379999999999708e-01
1.085000000000000000e+03 1.284172000000000000e+06 7.066890000000000116e-01
6.700000000000000000e+02 6.517570000000000000e+05 3.374229999999999730e-01
8.070000000000000000e+02 1.154994000000000000e+06 1.003563999999999901e+00
5.610000000000000000e+02 2.073300000000000000e+04 8.985659999999999759e-01
6.700000000000000000e+02 4.484370000000000000e+05 6.995109999999999939e-01
8.070000000000000000e+02 2.694920000000000000e+05 9.353960000000000052e-01
5.610000000000000000e+02 2.073300000000000000e+04 8.982860000000000289e-01
8.070000000000000000e+02 2.694920000000000000e+05 9.354240000000000332e-01
6.570000000000000000e+02 1.145862000000000000e+06 8.305789999999999562e-01
6.570000000000000000e+02 3.082370000000000000e+05 9.816909999999999803e-01
8.070000000000000000e+02 1.275414000000000000e+06 7.044589999999999463e-01
3.960000000000000000e+02 8.869130000000000000e+05 6.378059999999999841e-01
5.400000000000000000e+02 8.649450000000000000e+05 8.036489999999999467e-01
8.070000000000000000e+02 1.276581000000000000e+06 8.090039999999999454e-01
1.340000000000000000e+03 1.942300000000000000e+05 4.854040000000000021e-01
6.570000000000000000e+02 1.235409000000000000e+06 5.699600000000000222e-01
6.570000000000000000e+02 7.214000000000000000e+03 5.340920000000000112e-01
7.660000000000000000e+02 5.770230000000000000e+05 6.622390000000000221e-01
1.340000000000000000e+03 1.238481000000000000e+06 6.110529999999999573e-01
3.960000000000000000e+02 8.869130000000000000e+05 6.378070000000000128e-01
5.400000000000000000e+02 8.649450000000000000e+05 8.036480000000000290e-01
8.070000000000000000e+02 1.276581000000000000e+06 8.090030000000000276e-01
1.340000000000000000e+03 1.942300000000000000e+05 4.854040000000000021e-01
6.570000000000000000e+02 1.235409000000000000e+06 4.030400000000000094e-01
6.700000000000000000e+02 7.007210000000000000e+05 5.876700000000000257e-01
9.790000000000000000e+02 4.314710000000000000e+05 6.458570000000000144e-01
1.085000000000000000e+03 3.829440000000000000e+05 6.982760000000000078e-01
6.570000000000000000e+02 9.051170000000000000e+05 7.095080000000000275e-01
6.700000000000000000e+02 3.848360000000000000e+05 7.185150000000000148e-01
6.700000000000000000e+02 4.878940000000000000e+05 7.761219999999999786e-01
5.120000000000000000e+02 9.782780000000000000e+05 5.819269999999999721e-01
2.870000000000000000e+02 4.404210000000000000e+05 5.799969999999999848e-01
5.120000000000000000e+02 5.959100000000000000e+05 8.263679999999999914e-01
5.120000000000000000e+02 1.988690000000000000e+05 8.347099999999999520e-01
2.870000000000000000e+02 1.118098000000000000e+06 7.949840000000000240e-01
2.870000000000000000e+02 4.404210000000000000e+05 5.800020000000000175e-01
5.120000000000000000e+02 5.959100000000000000e+05 8.257010000000000183e-01
5.120000000000000000e+02 1.988690000000000000e+05 8.346980000000000510e-01
2.870000000000000000e+02 1.056960000000000000e+06 6.452510000000000190e-01
6.990000000000000000e+02 1.142326000000000000e+06 4.732509999999999772e-01
1.114000000000000000e+03 1.086906000000000000e+06 6.262020000000000364e-01
6.570000000000000000e+02 6.599300000000000000e+05 6.799429999999999641e-01
6.990000000000000000e+02 1.151404000000000000e+06 6.536980000000000013e-01
7.820000000000000000e+02 1.243524000000000000e+06 8.915589999999999904e-01
6.570000000000000000e+02 1.138639000000000000e+06 5.332219999999999738e-01
6.990000000000000000e+02 1.151404000000000000e+06 4.831400000000000139e-01
7.820000000000000000e+02 1.211123000000000000e+06 7.351109999999999589e-01
6.570000000000000000e+02 6.599300000000000000e+05 6.800030000000000241e-01
6.990000000000000000e+02 1.044672000000000000e+06 6.522850000000000037e-01
7.820000000000000000e+02 1.243524000000000000e+06 8.910749999999999504e-01
6.570000000000000000e+02 6.599300000000000000e+05 6.797210000000000196e-01
6.990000000000000000e+02 1.151404000000000000e+06 6.529300000000000104e-01
7.820000000000000000e+02 1.243524000000000000e+06 8.905330000000000190e-01
6.990000000000000000e+02 6.191610000000000000e+05 7.646699999999999608e-01
6.990000000000000000e+02 3.082370000000000000e+05 7.698930000000000495e-01
7.820000000000000000e+02 2.226620000000000000e+05 8.929289999999999727e-01
7.820000000000000000e+02 1.275050000000000000e+06 9.612349999999999506e-01
6.570000000000000000e+02 6.599300000000000000e+05 6.800479999999999858e-01
6.990000000000000000e+02 1.151404000000000000e+06 6.536929999999999685e-01
7.820000000000000000e+02 1.243524000000000000e+06 8.915539999999999576e-01
6.570000000000000000e+02 1.235409000000000000e+06 6.245910000000000073e-01
7.660000000000000000e+02 5.771650000000000000e+05 6.088369999999999616e-01
7.820000000000000000e+02 1.239230000000000000e+05 7.717580000000000551e-01
6.570000000000000000e+02 1.235409000000000000e+06 6.238989999999999814e-01
7.660000000000000000e+02 5.771650000000000000e+05 6.088329999999999576e-01
7.820000000000000000e+02 1.239230000000000000e+05 7.717669999999999808e-01
7.660000000000000000e+02 6.294070000000000000e+05 8.291730000000000489e-01
6.570000000000000000e+02 9.691870000000000000e+05 6.753569999999999851e-01
7.660000000000000000e+02 6.294070000000000000e+05 8.291650000000000409e-01
6.570000000000000000e+02 9.779050000000000000e+05 6.599969999999999448e-01
6.570000000000000000e+02 5.057800000000000000e+04 6.596870000000000234e-01
7.820000000000000000e+02 2.226620000000000000e+05 5.410460000000000269e-01
6.700000000000000000e+02 6.166960000000000000e+05 7.782219999999999693e-01
6.570000000000000000e+02 5.057800000000000000e+04 6.580129999999999590e-01
7.820000000000000000e+02 2.226620000000000000e+05 5.403780000000000250e-01
6.700000000000000000e+02 6.166960000000000000e+05 7.782200000000000228e-01
6.700000000000000000e+02 1.862030000000000000e+05 7.815940000000000110e-01
8.070000000000000000e+02 9.213670000000000000e+05 7.566829999999999945e-01
3.960000000000000000e+02 8.869130000000000000e+05 6.512829999999999453e-01
5.400000000000000000e+02 8.649450000000000000e+05 8.279090000000000060e-01
8.070000000000000000e+02 1.276581000000000000e+06 8.846230000000000482e-01
1.340000000000000000e+03 1.942300000000000000e+05 5.148740000000000538e-01
3.960000000000000000e+02 8.869130000000000000e+05 6.513510000000000133e-01
5.400000000000000000e+02 8.649450000000000000e+05 8.276099999999999568e-01
8.070000000000000000e+02 1.276581000000000000e+06 8.847650000000000237e-01
1.340000000000000000e+03 1.942300000000000000e+05 5.151369999999999560e-01
7.660000000000000000e+02 8.434550000000000000e+05 7.237190000000000012e-01
7.830000000000000000e+02 1.014710000000000000e+05 7.282129999999999992e-01
1.340000000000000000e+03 4.637690000000000000e+05 5.287990000000000190e-01
3.440000000000000000e+02 5.159290000000000000e+05 5.188909999999999911e-01
6.570000000000000000e+02 1.007367000000000000e+06 5.601669999999999705e-01
7.660000000000000000e+02 3.035970000000000000e+05 6.715229999999999810e-01
3.440000000000000000e+02 8.188130000000000000e+05 6.001809999999999645e-01
3.440000000000000000e+02 8.188130000000000000e+05 6.001889999999999725e-01
3.440000000000000000e+02 6.493090000000000000e+05 5.634430000000000271e-01
3.440000000000000000e+02 8.188130000000000000e+05 6.001900000000000013e-01
3.440000000000000000e+02 8.188130000000000000e+05 6.001999999999999558e-01
3.440000000000000000e+02 8.127220000000000000e+05 4.475049999999999861e-01
1.338000000000000000e+03 2.017620000000000000e+05 5.465529999999999555e-01
3.440000000000000000e+02 4.594060000000000000e+05 3.464709999999999734e-01
6.570000000000000000e+02 5.974140000000000000e+05 3.492060000000000164e-01
3.440000000000000000e+02 1.028391000000000000e+06 5.758910000000000418e-01
3.440000000000000000e+02 1.056117000000000000e+06 5.761119999999999575e-01
3.440000000000000000e+02 4.963140000000000000e+05 7.159910000000000441e-01
5.120000000000000000e+02 6.922300000000000000e+04 8.557709999999999484e-01
3.440000000000000000e+02 8.097640000000000000e+05 7.153279999999999639e-01
5.120000000000000000e+02 6.922300000000000000e+04 8.557339999999999947e-01
5.120000000000000000e+02 5.815210000000000000e+05 6.097569999999999935e-01
5.120000000000000000e+02 5.894100000000000000e+05 7.356880000000000086e-01
2.870000000000000000e+02 1.215880000000000000e+05 6.611669999999999492e-01
5.120000000000000000e+02 5.551830000000000000e+05 9.119390000000000551e-01
7.800000000000000000e+01 1.217392000000000000e+06 7.311870000000000314e-01
2.870000000000000000e+02 1.202397000000000000e+06 8.337219999999999631e-01
6.990000000000000000e+02 3.474900000000000000e+05 1.348700000000000072e-02
6.990000000000000000e+02 1.177929000000000000e+06 4.936054000000000386e+00
6.990000000000000000e+02 6.191610000000000000e+05 5.865939999999999488e-01
7.800000000000000000e+01 6.382290000000000000e+05 7.137470000000000203e-01
6.990000000000000000e+02 3.142940000000000000e+05 1.441500000000000073e-02
7.820000000000000000e+02 2.226620000000000000e+05 7.483379999999999477e-01
6.570000000000000000e+02 1.177275000000000000e+06 6.576459999999999528e-01
6.990000000000000000e+02 6.191610000000000000e+05 9.067190000000000527e-01
6.990000000000000000e+02 3.142940000000000000e+05 1.441500000000000073e-02
6.990000000000000000e+02 1.115272000000000000e+06 2.547900000000000165e-02
7.820000000000000000e+02 7.818530000000000000e+05 7.029210000000000180e-01
7.820000000000000000e+02 1.033035000000000000e+06 6.732500000000000151e-01
7.800000000000000000e+01 6.382290000000000000e+05 7.563600000000000323e-01
6.990000000000000000e+02 3.848430000000000000e+05 9.612020000000000008e-01
6.990000000000000000e+02 5.734940000000000000e+05 4.338800000000000295e-02
8.910000000000000000e+02 9.215200000000000000e+04 8.731069999999999665e-01
7.800000000000000000e+01 1.169038000000000000e+06 7.140269999999999673e-01
6.990000000000000000e+02 6.686270000000000000e+05 5.970539999999999736e-01
7.820000000000000000e+02 2.226620000000000000e+05 7.475619999999999488e-01
7.800000000000000000e+01 6.382290000000000000e+05 7.123199999999999532e-01
6.990000000000000000e+02 3.142940000000000000e+05 1.441500000000000073e-02
6.990000000000000000e+02 1.177929000000000000e+06 4.936054000000000386e+00
6.990000000000000000e+02 4.128930000000000000e+05 6.069569999999999688e-01
9.790000000000000000e+02 1.183237000000000000e+06 6.799359999999999848e-01
8.910000000000000000e+02 5.920730000000000000e+05 7.487629999999999564e-01
9.790000000000000000e+02 1.126308000000000000e+06 6.601590000000000513e-01
9.800000000000000000e+02 8.097300000000000000e+04 1.057677999999999896e+00
9.790000000000000000e+02 1.183237000000000000e+06 7.300079999999999902e-01
6.570000000000000000e+02 7.691440000000000000e+05 6.756820000000000048e-01
6.990000000000000000e+02 3.142940000000000000e+05 1.441500000000000073e-02
6.990000000000000000e+02 3.083710000000000000e+05 5.449869999999999992e-01
7.820000000000000000e+02 1.033035000000000000e+06 6.887849999999999806e-01
7.820000000000000000e+02 7.818530000000000000e+05 6.833150000000000057e-01
7.800000000000000000e+01 5.976250000000000000e+05 6.512210000000000498e-01
7.800000000000000000e+01 4.937710000000000000e+05 6.490839999999999943e-01
2.870000000000000000e+02 3.069170000000000000e+05 9.219840000000000257e-01
6.990000000000000000e+02 3.633900000000000000e+04 5.744960000000000067e-01
6.990000000000000000e+02 5.157320000000000000e+05 4.251100000000000018e-02
6.570000000000000000e+02 7.691440000000000000e+05 6.758199999999999763e-01
6.990000000000000000e+02 3.142940000000000000e+05 1.441500000000000073e-02
6.990000000000000000e+02 3.083710000000000000e+05 5.440730000000000288e-01
7.820000000000000000e+02 1.033035000000000000e+06 6.887339999999999574e-01
7.820000000000000000e+02 7.818530000000000000e+05 6.833449999999999802e-01
7.800000000000000000e+01 5.976250000000000000e+05 6.511460000000000026e-01
7.800000000000000000e+01 4.937710000000000000e+05 6.490280000000000493e-01
2.870000000000000000e+02 3.069170000000000000e+05 9.217560000000000198e-01
6.990000000000000000e+02 3.633900000000000000e+04 5.735489999999999755e-01
6.990000000000000000e+02 5.157320000000000000e+05 4.221799999999999858e-02
6.570000000000000000e+02 5.932560000000000000e+05 6.889960000000000528e-01
8.070000000000000000e+02 1.275414000000000000e+06 8.566230000000000233e-01
6.570000000000000000e+02 2.346890000000000000e+05 5.396020000000000261e-01
7.820000000000000000e+02 8.922170000000000000e+05 5.655980000000000452e-01
3.440000000000000000e+02 6.163400000000000000e+04 4.354160000000000252e-01
6.570000000000000000e+02 1.185857000000000000e+06 5.323390000000000066e-01
7.660000000000000000e+02 4.891500000000000000e+04 9.126900000000000013e-01
7.660000000000000000e+02 8.093550000000000000e+05 1.034054000000000029e+00
7.820000000000000000e+02 5.598610000000000000e+05 9.019049999999999567e-01
7.820000000000000000e+02 1.061360000000000000e+06 1.041277999999999926e+00
7.820000000000000000e+02 1.061361000000000000e+06 9.653019999999999934e-01
6.570000000000000000e+02 2.346890000000000000e+05 5.396189999999999598e-01
7.820000000000000000e+02 8.922170000000000000e+05 5.655989999999999629e-01
9.790000000000000000e+02 3.707100000000000000e+05 5.992279999999999829e-01
9.800000000000000000e+02 6.646550000000000000e+05 9.484660000000000313e-01
9.790000000000000000e+02 1.183237000000000000e+06 7.015829999999999567e-01
6.570000000000000000e+02 2.346890000000000000e+05 5.391409999999999814e-01
7.820000000000000000e+02 8.922170000000000000e+05 5.659999999999999476e-01
9.790000000000000000e+02 1.183237000000000000e+06 7.018180000000000529e-01
6.570000000000000000e+02 2.346890000000000000e+05 5.392280000000000406e-01
7.820000000000000000e+02 8.922170000000000000e+05 5.659960000000000546e-01
9.790000000000000000e+02 1.183237000000000000e+06 7.019210000000000171e-01
6.570000000000000000e+02 2.346890000000000000e+05 5.391979999999999551e-01
7.820000000000000000e+02 8.922170000000000000e+05 5.659170000000000034e-01
7.660000000000000000e+02 6.705150000000000000e+05 7.008090000000000153e-01
7.820000000000000000e+02 9.649210000000000000e+05 2.921279999999999988e-01
6.570000000000000000e+02 7.691440000000000000e+05 8.103299999999999947e-01
6.990000000000000000e+02 7.483140000000000000e+05 4.044170000000000265e-01
7.820000000000000000e+02 4.128930000000000000e+05 6.517699999999999605e-01
7.820000000000000000e+02 3.082370000000000000e+05 8.601619999999999822e-01
6.570000000000000000e+02 1.114453000000000000e+06 5.451500000000000234e-01
6.990000000000000000e+02 1.115272000000000000e+06 2.547900000000000165e-02
6.990000000000000000e+02 1.297482000000000000e+06 5.363160000000000149e-01
6.990000000000000000e+02 5.314530000000000000e+05 1.478750000000000064e-01
5.120000000000000000e+02 1.632980000000000000e+05 5.206279999999999797e-01
5.120000000000000000e+02 3.945480000000000000e+05 7.035099999999999687e-02
6.990000000000000000e+02 1.177929000000000000e+06 4.936054000000000386e+00
6.990000000000000000e+02 6.590250000000000000e+05 3.973659999999999970e-01
6.990000000000000000e+02 3.142940000000000000e+05 1.441500000000000073e-02
5.120000000000000000e+02 1.632980000000000000e+05 5.200580000000000203e-01
5.120000000000000000e+02 3.945480000000000000e+05 7.020200000000000051e-02
6.990000000000000000e+02 1.115272000000000000e+06 2.547900000000000165e-02
6.990000000000000000e+02 1.177929000000000000e+06 4.936054000000000386e+00
6.990000000000000000e+02 3.083710000000000000e+05 3.980389999999999762e-01
5.120000000000000000e+02 3.848430000000000000e+05 4.853290000000000104e-01
2.870000000000000000e+02 5.277400000000000000e+04 8.346489999999999743e-01
6.990000000000000000e+02 1.813340000000000000e+05 3.817200000000000037e-01
6.570000000000000000e+02 1.114453000000000000e+06 5.453069999999999862e-01
6.990000000000000000e+02 1.297482000000000000e+06 5.364290000000000447e-01
6.990000000000000000e+02 5.314530000000000000e+05 1.475110000000000032e-01
6.990000000000000000e+02 3.474900000000000000e+05 1.348700000000000072e-02
6.570000000000000000e+02 7.691440000000000000e+05 8.093780000000000419e-01
6.990000000000000000e+02 7.483140000000000000e+05 4.045030000000000014e-01
7.820000000000000000e+02 6.287090000000000000e+05 3.314670000000000116e-01
7.820000000000000000e+02 3.082370000000000000e+05 8.601069999999999549e-01
7.820000000000000000e+02 1.131710000000000000e+05 6.561669999999999447e-01
7.820000000000000000e+02 1.115272000000000000e+06 2.547900000000000165e-02
7.820000000000000000e+02 4.382120000000000000e+05 6.990809999999999524e-01
9.790000000000000000e+02 1.183237000000000000e+06 6.476899999999999880e-01
9.790000000000000000e+02 3.330490000000000000e+05 9.475219999999999754e-01
6.570000000000000000e+02 7.691440000000000000e+05 8.094729999999999981e-01
6.990000000000000000e+02 7.483140000000000000e+05 4.044590000000000130e-01
7.820000000000000000e+02 1.131710000000000000e+05 6.541420000000000012e-01
7.820000000000000000e+02 3.082370000000000000e+05 8.616920000000000135e-01
5.120000000000000000e+02 1.632980000000000000e+05 5.198089999999999655e-01
6.990000000000000000e+02 1.115272000000000000e+06 2.547900000000000165e-02
6.990000000000000000e+02 1.177929000000000000e+06 4.936054000000000386e+00
6.990000000000000000e+02 7.796990000000000000e+05 3.978110000000000257e-01
5.120000000000000000e+02 1.632980000000000000e+05 1.096638999999999919e+00
5.120000000000000000e+02 1.168953000000000000e+06 1.211446999999999941e+00
6.990000000000000000e+02 1.256438000000000000e+06 6.953380000000000116e-01
6.990000000000000000e+02 8.018100000000000000e+04 7.398599999999999621e-01
5.120000000000000000e+02 1.101193000000000000e+06 1.094176999999999955e+00
6.550000000000000000e+02 3.982330000000000000e+05 7.744689999999999630e-01
5.120000000000000000e+02 1.168953000000000000e+06 1.235376000000000030e+00
5.120000000000000000e+02 8.760640000000000000e+05 1.119715999999999934e+00
6.990000000000000000e+02 1.256438000000000000e+06 7.178099999999999481e-01
6.990000000000000000e+02 8.018100000000000000e+04 7.611189999999999900e-01
5.610000000000000000e+02 1.699370000000000000e+05 8.471279999999999921e-01
5.610000000000000000e+02 1.176364000000000000e+06 1.162916000000000061e+00
6.550000000000000000e+02 9.281630000000000000e+05 5.483679999999999666e-01
1.084000000000000000e+03 3.599770000000000000e+05 8.785340000000000371e-01
1.084000000000000000e+03 8.630790000000000000e+05 1.088540999999999981e+00
1.084000000000000000e+03 9.503630000000000000e+05 5.037340000000000151e-01
8.970000000000000000e+02 3.984040000000000000e+05 7.002610000000000223e-01
4.770000000000000000e+02 7.094720000000000000e+05 2.256090000000000040e-01
8.970000000000000000e+02 5.708600000000000000e+05 5.295619999999999772e-01
8.970000000000000000e+02 3.984040000000000000e+05 7.003509999999999458e-01
8.940000000000000000e+02 8.418330000000000000e+05 6.160719999999999530e-01
1.147000000000000000e+03 2.226620000000000000e+05 4.902560000000000251e-01
1.243000000000000000e+03 8.425900000000000000e+04 4.717060000000000142e-01
8.970000000000000000e+02 9.513020000000000000e+05 9.879879999999999773e-01
1.178000000000000000e+03 3.108630000000000000e+05 7.627490000000000103e-01
8.970000000000000000e+02 3.984040000000000000e+05 7.271009999999999973e-01
1.178000000000000000e+03 1.109235000000000000e+06 8.138879999999999448e-01
1.147000000000000000e+03 2.226620000000000000e+05 4.896369999999999889e-01
1.243000000000000000e+03 8.425900000000000000e+04 4.718280000000000252e-01
8.970000000000000000e+02 3.984040000000000000e+05 7.271050000000000013e-01
4.770000000000000000e+02 7.094720000000000000e+05 2.361630000000000118e-01
8.970000000000000000e+02 5.708600000000000000e+05 5.952790000000000026e-01
9.700000000000000000e+02 1.766400000000000000e+05 1.223232000000000097e+00
4.600000000000000000e+02 1.063812000000000000e+06 5.803080000000000460e-01
4.600000000000000000e+02 2.392470000000000000e+05 3.921445999999999987e+00
4.600000000000000000e+02 1.063813000000000000e+06 8.025269999999999904e-01
4.770000000000000000e+02 1.205384000000000000e+06 1.345389999999999919e-01
9.700000000000000000e+02 1.108262000000000000e+06 1.261919000000000013e+00
9.700000000000000000e+02 6.516810000000000000e+05 1.668957000000000024e+00
4.770000000000000000e+02 7.094720000000000000e+05 2.361630000000000118e-01
8.970000000000000000e+02 6.830890000000000000e+05 5.956460000000000088e-01
9.700000000000000000e+02 1.766400000000000000e+05 1.223228999999999900e+00
1.128000000000000000e+03 7.202730000000000000e+05 9.497999999999999776e-01
1.178000000000000000e+03 3.108630000000000000e+05 7.907199999999999784e-01
1.178000000000000000e+03 7.818530000000000000e+05 7.919370000000000021e-01
7.530000000000000000e+02 2.308620000000000000e+05 4.712620000000000142e-01
1.128000000000000000e+03 8.298710000000000000e+05 1.047865999999999964e+00
1.178000000000000000e+03 2.624100000000000000e+04 1.271571000000000007e+00
7.530000000000000000e+02 2.308620000000000000e+05 4.713080000000000047e-01
1.128000000000000000e+03 1.263636000000000000e+06 1.118484999999999951e+00
1.128000000000000000e+03 1.107344000000000000e+06 6.931270000000000486e-01
1.178000000000000000e+03 3.108630000000000000e+05 7.412929999999999797e-01
1.178000000000000000e+03 7.818530000000000000e+05 7.420560000000000489e-01
1.178000000000000000e+03 1.033035000000000000e+06 6.346019999999999994e-01
1.178000000000000000e+03 2.624100000000000000e+04 1.271565999999999974e+00
7.530000000000000000e+02 2.308620000000000000e+05 4.705230000000000246e-01
1.128000000000000000e+03 1.263636000000000000e+06 1.129639000000000060e+00
1.178000000000000000e+03 3.108630000000000000e+05 7.411929999999999907e-01
1.178000000000000000e+03 7.818530000000000000e+05 7.423459999999999503e-01
1.178000000000000000e+03 1.100118000000000000e+06 6.337810000000000388e-01
1.178000000000000000e+03 2.624100000000000000e+04 1.271571999999999925e+00
7.530000000000000000e+02 2.308620000000000000e+05 4.712830000000000075e-01
1.128000000000000000e+03 1.263636000000000000e+06 1.116897999999999946e+00
1.128000000000000000e+03 1.107344000000000000e+06 6.932989999999999986e-01
1.178000000000000000e+03 3.108630000000000000e+05 7.410919999999999730e-01
1.178000000000000000e+03 7.818530000000000000e+05 7.414250000000000007e-01
1.178000000000000000e+03 5.272960000000000000e+05 6.342130000000000267e-01
5.700000000000000000e+01 9.484680000000000000e+05 5.297739999999999672e-01
1.890000000000000000e+02 7.783080000000000000e+05 1.083228999999999997e+00
3.400000000000000000e+02 9.353290000000000000e+05 4.938379999999999992e-01
7.530000000000000000e+02 6.787820000000000000e+05 8.537609999999999921e-01
5.700000000000000000e+01 4.762090000000000000e+05 1.667079999999999951e-01
1.890000000000000000e+02 7.018480000000000000e+05 1.210733000000000059e+00
1.890000000000000000e+02 6.150400000000000000e+05 1.330823000000000089e+00
6.650000000000000000e+02 5.939770000000000000e+05 5.435740000000000016e-01
6.800000000000000000e+02 6.468530000000000000e+05 6.078179999999999694e-01
7.530000000000000000e+02 1.113335000000000000e+06 4.133339999999999792e-01
5.700000000000000000e+01 1.211134000000000000e+06 5.168899999999999606e-01
5.580000000000000000e+02 6.723000000000000000e+03 6.673820000000000308e-01
6.650000000000000000e+02 9.576650000000000000e+05 6.009149999999999769e-01
6.650000000000000000e+02 9.425390000000000000e+05 1.987459000000000087e+00
6.930000000000000000e+02 8.497590000000000000e+05 8.224660000000000304e-01
7.530000000000000000e+02 1.948340000000000000e+05 4.424850000000000172e-01
8.000000000000000000e+01 5.057800000000000000e+04 9.013769999999999838e-01
5.580000000000000000e+02 1.089831000000000000e+06 7.732759999999999634e-01
1.147000000000000000e+03 3.108630000000000000e+05 2.455350000000000033e-01
1.178000000000000000e+03 3.108630000000000000e+05 5.135800000000000365e-01
1.178000000000000000e+03 7.818530000000000000e+05 5.137410000000000032e-01
