# t
0.000000000000000000e+00
1.081265999999999959e-13
7.929864099999999639e-13
1.107483900000000073e-12
1.504106099999999909e-12
1.784452600000000021e-12
2.143917200000000016e-12
2.222872399999999970e-12
3.296974399999999951e-12
4.075266399999999802e-12
4.716700400000000116e-12
5.785401399999999966e-12
5.975316700000000143e-12
1.084816299999999940e-11
1.120537800000000012e-11
1.148578299999999926e-11
1.266998100000000027e-11
1.305672100000000030e-11
1.430323199999999977e-11
1.465573299999999991e-11
1.469996099999999846e-11
1.472010199999999939e-11
1.474554500000000106e-11
1.480911799999999987e-11
1.643092300000000136e-11
2.129259799999999881e-11
2.271537599999999980e-11
2.329370799999999936e-11
2.346187999999999858e-11
2.391032099999999921e-11
2.467963599999999894e-11
2.903086799999999912e-11
2.951000399999999915e-11
2.958874599999999801e-11
2.965811300000000045e-11
2.973932400000000286e-11
2.992979000000000186e-11
3.062292700000000297e-11
3.086982500000000150e-11
3.118075800000000057e-11
3.120335799999999929e-11
3.123679000000000184e-11
3.125023999999999832e-11
3.125771599999999710e-11
3.127696600000000068e-11
3.162122299999999813e-11
3.176531600000000112e-11
3.199001700000000093e-11
3.218666300000000021e-11
3.230263999999999977e-11
3.232086800000000146e-11
3.234813600000000005e-11
3.235328900000000201e-11
3.236983300000000094e-11
3.284324199999999723e-11
3.287421899999999786e-11
3.291708000000000215e-11
3.305769299999999958e-11
3.322130299999999872e-11
3.340207000000000168e-11
3.344823999999999683e-11
3.376740100000000228e-11
3.383532199999999718e-11
3.383872999999999994e-11
3.473422700000000303e-11
3.489022500000000242e-11
3.508891000000000260e-11
3.559268899999999808e-11
3.587633099999999822e-11
3.589056199999999964e-11
3.642461999999999994e-11
3.704072700000000173e-11
3.730122399999999874e-11
3.930059300000000240e-11
3.933786100000000276e-11
3.941959200000000161e-11
3.945617999999999718e-11
3.955005300000000000e-11
4.076414599999999904e-11
4.133861799999999986e-11
4.135255600000000016e-11
4.139228199999999773e-11
4.179633900000000023e-11
4.183670399999999831e-11
4.195768900000000014e-11
4.201958700000000138e-11
4.206264999999999950e-11
4.210946900000000094e-11
4.213006399999999899e-11
4.221189599999999799e-11
4.227391799999999973e-11
4.246707500000000118e-11
4.252277699999999936e-11
4.258549200000000047e-11
4.276394800000000062e-11
4.294540400000000065e-11
4.309244700000000051e-11
4.413018599999999789e-11
4.413328799999999850e-11
4.422726999999999962e-11
4.439988700000000246e-11
4.448163399999999763e-11
4.452090599999999807e-11
4.453029500000000256e-11
4.493201199999999844e-11
4.500635100000000176e-11
4.506230400000000266e-11
4.539447699999999731e-11
4.545490000000000012e-11
4.546820999999999978e-11
4.640206399999999856e-11
4.664303199999999895e-11
4.668309599999999776e-11
4.685933200000000238e-11
4.710511599999999761e-11
4.735708799999999774e-11
4.735913400000000268e-11
4.752932800000000267e-11
4.777711899999999971e-11
4.812128899999999864e-11
4.857563200000000064e-11
4.863937800000000237e-11
4.975757900000000277e-11
5.021698099999999770e-11
5.033391999999999683e-11
5.042379000000000238e-11
5.125595599999999773e-11
5.129862999999999747e-11
5.192461600000000227e-11
5.229462200000000032e-11
5.286194000000000083e-11
5.290016599999999845e-11
5.290830299999999753e-11
5.329065800000000272e-11
5.341907499999999733e-11
5.360607100000000301e-11
5.451445199999999895e-11
5.454499400000000050e-11
5.493739099999999940e-11
5.500944700000000314e-11
5.545210099999999772e-11
5.666827799999999778e-11
5.706611799999999803e-11
5.774277900000000069e-11
6.019360299999999356e-11
6.063220999999999777e-11
6.078594800000000440e-11
7.618728299999999938e-11
7.635769300000000128e-11
7.703837000000000226e-11
7.759874300000000032e-11
7.902636700000000053e-11
8.042217099999999817e-11
8.231444499999999843e-11
8.255764500000000127e-11
8.345038399999999554e-11
8.435017100000000001e-11
8.486888200000000091e-11
8.528976299999999595e-11
8.594324899999999756e-11
8.616497000000000256e-11
8.701338399999999399e-11
9.085867700000000225e-11
9.369767399999999841e-11
9.445906400000000513e-11
9.476049000000000268e-11
1.001878099999999945e-10
1.002847500000000036e-10
1.003483600000000044e-10
1.004120899999999969e-10
1.016188399999999964e-10
1.028436399999999982e-10
1.029705300000000031e-10
1.033247800000000047e-10
1.100525699999999946e-10
1.102950099999999982e-10
1.107539499999999978e-10
1.124379499999999943e-10
1.125936000000000060e-10
1.141179499999999952e-10
1.159794899999999994e-10
1.176649799999999900e-10
1.185060199999999899e-10
1.188487400000000048e-10
1.191022999999999910e-10
1.191204300000000008e-10
1.198760200000000068e-10
1.198802599999999987e-10
1.203975300000000014e-10
1.204110400000000067e-10
1.206962999999999909e-10
1.207215299999999892e-10
1.210117300000000075e-10
1.211791400000000095e-10
1.214413399999999944e-10
1.215378399999999950e-10
1.219868900000000111e-10
1.236565199999999970e-10
1.239200900000000102e-10
1.239868999999999971e-10
1.246257899999999998e-10
1.246763199999999980e-10
1.247307899999999958e-10
1.249631000000000066e-10
1.252339100000000116e-10
1.252831699999999875e-10
1.253583500000000110e-10
1.255391999999999908e-10
1.257292999999999982e-10
1.257441100000000043e-10
1.258194200000000124e-10
1.261084700000000001e-10
1.262578800000000028e-10
1.264469199999999929e-10
1.277985600000000095e-10
1.278175700000000103e-10
1.278248400000000065e-10
1.279048799999999921e-10
1.279071300000000114e-10
1.279372299999999904e-10
1.281320399999999897e-10
1.282121999999999928e-10
1.283329599999999876e-10
1.284180200000000017e-10
1.286001199999999922e-10
1.288842299999999976e-10
1.289316800000000014e-10
1.289347500000000029e-10
1.292313600000000121e-10
1.292740500000000081e-10
1.292768000000000059e-10
1.295372599999999945e-10
1.298956499999999949e-10
1.299469799999999896e-10
1.305702599999999897e-10
1.307185600000000108e-10
1.307706699999999905e-10
1.310127000000000030e-10
1.310214100000000032e-10
1.310308700000000099e-10
1.312285800000000030e-10
1.314324399999999920e-10
1.315554299999999945e-10
1.316006399999999977e-10
1.322571300000000015e-10
1.322578999999999937e-10
1.323747300000000074e-10
1.324789899999999898e-10
1.325575100000000027e-10
1.325618899999999979e-10
1.326221200000000121e-10
1.326543700000000044e-10
1.328525499999999974e-10
1.343781900000000074e-10
1.348497500000000026e-10
1.357080600000000069e-10
1.370299400000000081e-10
1.374771599999999889e-10
1.375310699999999995e-10
1.376588300000000026e-10
1.382811899999999887e-10
1.383305499999999965e-10
1.384104100000000074e-10
1.385464800000000125e-10
1.394094300000000069e-10
1.455121399999999915e-10
1.460965900000000008e-10
1.461248400000000105e-10
1.463565500000000109e-10
1.463658199999999984e-10
1.466769200000000099e-10
1.470731799999999899e-10
1.481332099999999885e-10
1.486167000000000075e-10
1.486844099999999969e-10
1.489091600000000121e-10
1.505155499999999911e-10
1.506632500000000019e-10
1.514564899999999897e-10
1.516009000000000012e-10
1.522698699999999973e-10
1.522830100000000087e-10
1.523591799999999962e-10
1.539550599999999957e-10
1.543207800000000011e-10
1.552412600000000021e-10
1.553085299999999960e-10
1.568444799999999993e-10
1.573733299999999918e-10
1.605077699999999891e-10
1.614758799999999943e-10
1.616923900000000091e-10
1.617638599999999977e-10
1.618400800000000012e-10
1.628382499999999882e-10
1.631082400000000110e-10
1.638235900000000007e-10
1.638709300000000056e-10
1.640874900000000105e-10
1.641709699999999915e-10
1.649701300000000105e-10
1.652632500000000083e-10
1.661677200000000084e-10
1.686002600000000125e-10
1.686293099999999929e-10
1.688231200000000094e-10
1.692413700000000043e-10
1.695372399999999999e-10
1.723169099999999926e-10
1.729525099999999961e-10
1.730881100000000013e-10
1.737881699999999921e-10
1.744884999999999967e-10
1.748253700000000080e-10
1.750033199999999939e-10
1.754118499999999871e-10
1.755729900000000015e-10
1.756759699999999947e-10
1.757975000000000074e-10
1.761542099999999944e-10
1.765306500000000102e-10
1.765381899999999942e-10
1.766203200000000101e-10
1.796846800000000070e-10
1.798217499999999948e-10
1.802961400000000081e-10
1.803697300000000055e-10
1.806307200000000028e-10
1.808464699999999925e-10
1.809942000000000076e-10
1.824986000000000092e-10
1.825520399999999941e-10
1.865235600000000058e-10
1.867003000000000041e-10
1.881964500000000124e-10
1.884921199999999959e-10
1.889935699999999911e-10
1.891312399999999893e-10
1.906059100000000057e-10
1.911617800000000086e-10
1.913207400000000054e-10
1.917467100000000107e-10
1.920621300000000085e-10
1.925010399999999873e-10
1.925872599999999990e-10
1.931307300000000042e-10
1.934999399999999951e-10
1.936809099999999925e-10
1.937885099999999901e-10
1.939217699999999887e-10
1.939255100000000021e-10
1.939682099999999910e-10
1.939697800000000055e-10
1.941627999999999925e-10
1.942335699999999906e-10
1.942450700000000117e-10
1.945401199999999993e-10
1.951183799999999896e-10
1.951792200000000069e-10
1.956202000000000045e-10
1.963375799999999899e-10
1.964376599999999892e-10
1.966604200000000059e-10
1.968683800000000094e-10
1.974535499999999948e-10
1.974670600000000001e-10
1.974719099999999952e-10
1.975209899999999964e-10
1.983485099999999981e-10
1.985474200000000119e-10
1.987496100000000062e-10
1.988435000000000124e-10
1.993511400000000007e-10
2.002229600000000102e-10
2.006709699999999947e-10
2.020667500000000043e-10
2.021174600000000030e-10
2.024738500000000121e-10
2.026577399999999891e-10
2.026739899999999992e-10
2.027234699999999987e-10
2.027348599999999951e-10
2.027420099999999996e-10
2.029552299999999892e-10
2.029617200000000004e-10
2.029696600000000086e-10
2.030606799999999995e-10
2.031165199999999997e-10
2.031571700000000073e-10
2.031620100000000095e-10
2.031933399999999877e-10
2.034329199999999946e-10
2.035555899999999934e-10
2.039640600000000036e-10
2.039830600000000115e-10
2.043689399999999965e-10
2.046181000000000019e-10
2.053062800000000108e-10
2.053475700000000000e-10
2.082261999999999918e-10
2.082389499999999977e-10
2.087983200000000049e-10
2.091576299999999936e-10
2.129689799999999951e-10
2.130990000000000103e-10
2.134576900000000030e-10
2.137343799999999902e-10
2.149246199999999975e-10
2.154832700000000026e-10
2.154966300000000117e-10
2.155611699999999936e-10
2.158359199999999982e-10
2.158525400000000023e-10
2.160955799999999903e-10
2.161317599999999894e-10
2.166880899999999994e-10
2.167878799999999994e-10
2.169047900000000076e-10
2.170403700000000012e-10
2.185229799999999999e-10
2.191757000000000117e-10
2.201373299999999986e-10
2.202096199999999952e-10
2.202715900000000057e-10
2.202879399999999961e-10
2.204790200000000005e-10
2.205591800000000037e-10
2.206475000000000128e-10
2.214309400000000044e-10
2.224296400000000002e-10
2.231978000000000117e-10
2.234044199999999913e-10
2.234587600000000046e-10
2.235118699999999928e-10
2.235349199999999993e-10
2.252624200000000070e-10
2.254218299999999921e-10
2.255785600000000069e-10
2.261755799999999958e-10
2.267170999999999997e-10
2.272335700000000059e-10
2.272476700000000028e-10
2.272552799999999885e-10
2.272939399999999975e-10
2.274754700000000079e-10
2.288218099999999895e-10
2.289174399999999920e-10
2.293064799999999917e-10
2.293828099999999940e-10
2.294479799999999906e-10
2.295155800000000070e-10
2.302419899999999964e-10
2.313955800000000047e-10
2.314780100000000128e-10
2.315828899999999913e-10
2.316577799999999895e-10
2.317130699999999955e-10
2.324521300000000107e-10
2.368428500000000100e-10
2.372489199999999790e-10
2.373315399999999805e-10
2.375894100000000120e-10
2.377690500000000042e-10
2.379534099999999810e-10
2.430982999999999938e-10
2.431358700000000069e-10
2.436247100000000253e-10
2.436751800000000147e-10
2.437063400000000111e-10
2.438471500000000124e-10
2.440063200000000140e-10
2.440247000000000000e-10
2.440720799999999763e-10
2.440918900000000253e-10
2.441431000000000024e-10
2.444209899999999844e-10
2.445306200000000036e-10
2.445839899999999868e-10
2.445981800000000227e-10
2.446664699999999851e-10
2.446699700000000151e-10
2.447699300000000227e-10
2.452775799999999780e-10
2.453222600000000242e-10
2.462044300000000243e-10
2.462181499999999828e-10
2.466765899999999781e-10
2.467313500000000012e-10
2.469800999999999896e-10
2.471023000000000143e-10
2.471177399999999834e-10
2.474268500000000222e-10
2.482212299999999961e-10
2.482469400000000129e-10
2.482964799999999954e-10
2.484430099999999899e-10
2.487192299999999772e-10
2.487928099999999818e-10
2.488029500000000192e-10
2.488895700000000033e-10
2.489040599999999798e-10
2.505282199999999933e-10
2.506009000000000212e-10
2.517645600000000135e-10
2.517963299999999872e-10
2.522271800000000178e-10
2.523824000000000011e-10
2.532147400000000193e-10
2.549371299999999853e-10
2.555692400000000033e-10
2.585053399999999927e-10
2.587683700000000044e-10
2.596275199999999766e-10
2.599400499999999993e-10
2.609449099999999837e-10
2.626136199999999814e-10
2.664350100000000142e-10
2.673062299999999876e-10
2.724038200000000186e-10
2.728635000000000059e-10
2.756372300000000077e-10
2.759668400000000156e-10
2.759680800000000076e-10
2.762230599999999864e-10
2.779721399999999921e-10
2.782045000000000188e-10
2.785924299999999853e-10
2.786219600000000101e-10
2.786383800000000020e-10
2.789953000000000199e-10
2.809583000000000057e-10
2.815115999999999856e-10
2.816336299999999768e-10
2.818816199999999918e-10
2.840395400000000016e-10
2.844764100000000177e-10
2.844817299999999868e-10
2.847218300000000096e-10
2.847304200000000181e-10
2.850341499999999757e-10
2.852649100000000093e-10
2.855222300000000206e-10
2.856264200000000014e-10
2.856269599999999771e-10
2.857117399999999847e-10
2.857392599999999995e-10
2.857451100000000032e-10
2.861278199999999807e-10
2.862983600000000188e-10
2.864142899999999783e-10
2.866897699999999779e-10
2.869672599999999874e-10
2.872344399999999778e-10
2.875923799999999899e-10
2.895458299999999818e-10
2.898129099999999920e-10
2.923079999999999795e-10
2.924015500000000220e-10
2.924551400000000030e-10
2.929237500000000143e-10
2.941295600000000011e-10
2.941926400000000190e-10
2.946907999999999891e-10
2.948467899999999903e-10
2.949446599999999934e-10
2.949804900000000102e-10
2.951675000000000046e-10
2.952016000000000180e-10
2.955241400000000159e-10
2.957083499999999966e-10
2.959257899999999925e-10
2.960267899999999800e-10
2.969734199999999933e-10
2.970254200000000258e-10
2.970404499999999780e-10
2.976107799999999788e-10
2.981317199999999934e-10
2.982252099999999754e-10
2.983634400000000125e-10
2.991841100000000020e-10
2.992148800000000188e-10
3.011137400000000211e-10
3.018867600000000206e-10
3.029689799999999945e-10
3.031093400000000075e-10
3.031969500000000073e-10
3.033267000000000089e-10
3.035517699999999761e-10
3.036391299999999997e-10
3.038766500000000065e-10
3.038977500000000118e-10
3.042155700000000250e-10
3.043607500000000028e-10
3.048809100000000065e-10
3.058651799999999829e-10
3.058965800000000145e-10
3.062739499999999854e-10
3.070356700000000017e-10
3.089166600000000151e-10
3.089946000000000033e-10
3.101528599999999803e-10
3.103333200000000063e-10
3.108261400000000216e-10
3.124704900000000191e-10
3.134974000000000015e-10
3.138899600000000169e-10
3.139580899999999903e-10
3.140558099999999973e-10
3.142356699999999872e-10
3.143136099999999754e-10
3.156831799999999897e-10
3.162102199999999842e-10
3.162917800000000201e-10
3.163412300000000152e-10
3.175249600000000255e-10
3.175402900000000216e-10
3.199265700000000238e-10
3.206499500000000090e-10
3.217638500000000210e-10
3.220489500000000163e-10
3.220555799999999790e-10
3.228165700000000004e-10
3.231532999999999826e-10
3.232492199999999844e-10
3.233111599999999905e-10
3.234597999999999752e-10
3.235195499999999967e-10
3.235863499999999907e-10
3.238579299999999878e-10
3.239435899999999865e-10
3.247424799999999917e-10
3.250066799999999938e-10
3.267974199999999826e-10
3.274106300000000246e-10
3.274800599999999988e-10
3.276114999999999807e-10
3.297648099999999789e-10
3.298995000000000145e-10
3.314900399999999816e-10
3.321417100000000206e-10
3.321627199999999868e-10
3.325347200000000244e-10
3.346324299999999799e-10
3.352761299999999805e-10
3.355805199999999830e-10
3.358593199999999862e-10
3.361825500000000076e-10
3.367434700000000177e-10
3.376704800000000013e-10
3.380411600000000007e-10
3.394257999999999902e-10
3.394400800000000135e-10
3.398352399999999788e-10
3.403221100000000103e-10
3.404555500000000093e-10
3.410000100000000044e-10
3.410927300000000202e-10
3.417123000000000112e-10
3.420726899999999771e-10
3.440013099999999948e-10
3.441438400000000067e-10
3.443492000000000086e-10
3.457700099999999786e-10
3.457988000000000157e-10
3.458531700000000075e-10
3.468121100000000054e-10
3.468146499999999983e-10
3.468475800000000212e-10
3.470778900000000148e-10
3.480194900000000067e-10
3.480375299999999774e-10
3.496999999999999918e-10
3.497248099999999803e-10
3.497443899999999869e-10
3.497715200000000222e-10
3.498237100000000222e-10
3.498423100000000060e-10
3.498737799999999875e-10
3.499082699999999804e-10
3.500657599999999945e-10
3.502007800000000009e-10
3.509788099999999844e-10
3.511471400000000005e-10
3.513511000000000214e-10
3.520468099999999956e-10
3.527819499999999969e-10
3.530007099999999793e-10
3.530378200000000112e-10
