# time Ni NiV
0.000000000000000000e+00 3.977162362409449208e-13 9.891337163253594673e-14
2.127000000000000050e-15 2.037323934727338672e-03 2.571581178921381993e-07
1.907999999999999948e-12 3.899782111241392908e-03 2.482617617692031864e-06
2.662000000000000168e-12 6.043466618354500358e-03 5.262963052901107172e-06
5.280000000000000120e-12 3.899782083479724944e-03 2.482617617692031864e-06
5.367999999999999745e-12 6.043583783355462903e-03 5.260617248178873846e-06
7.128000000000000324e-12 7.935719932129462958e-03 5.854815637800341224e-06
7.279000000000000791e-12 6.043482306232367783e-03 5.220586780304579015e-06
7.772999999999999292e-12 3.901336582423270243e-03 5.860397106550597804e-06
8.711999999999999229e-12 5.853047114625509716e-03 7.016868264408844773e-06
9.415999999999999460e-12 3.901336583380149350e-03 5.860250249884359869e-06
9.628000000000000576e-12 6.064380210137712210e-03 5.094453291729165098e-06
1.002999999999999987e-11 8.090663983282796873e-03 3.794297054837917115e-06
1.007000000000000051e-11 6.066871131045209128e-03 4.870671617869221472e-06
1.199000000000000041e-11 8.427332489776307237e-03 3.736379590776084831e-06
1.327999999999999996e-11 1.042949280103717957e-02 2.485558885359326844e-06
1.397999999999999980e-11 1.208984799530853950e-02 1.566908672766669525e-06
1.407999999999999978e-11 1.444900245948628481e-02 1.952475433605958557e-06
1.479999999999999994e-11 1.672287314280535703e-02 1.503804819991427517e-07
1.546000000000000077e-11 1.873464094534964264e-02 7.105369336428930838e-07
1.591999999999999840e-11 1.672311998088912496e-02 1.501993179693938104e-07
1.633999999999999863e-11 1.857426260538574611e-02 6.046952047583564078e-07
1.684999999999999868e-11 2.080777122323890921e-02 3.065974945229324869e-06
1.693999999999999850e-11 2.273900787740626775e-02 3.900388144403044685e-06
1.766000000000000028e-11 2.080940411085428765e-02 2.709182417153133283e-06
2.027000000000000148e-11 2.300308183154288130e-02 3.940578778757957169e-06
2.139999999999999848e-11 2.080937715495956644e-02 2.708947405091268572e-06
2.241999999999999858e-11 2.300308063972183667e-02 3.940578778757957169e-06
2.249000000000000131e-11 2.493133739630698856e-02 7.558432190541841480e-06
2.276999999999999931e-11 2.300306089875670673e-02 3.941002468949697680e-06
2.744999999999999956e-11 2.485415953701820835e-02 5.635455782577238962e-06
2.833999999999999920e-11 2.703174941711565527e-02 8.762315749272983690e-06
3.168000000000000072e-11 2.908542133173528180e-02 7.560959607057616683e-06
3.278000000000000209e-11 2.754172231836231333e-02 4.360572238127604351e-06
3.282000000000000273e-11 3.308570609255800932e-02 6.284126745369797255e-06
3.402000000000000246e-11 3.542654379413347210e-02 9.952033192716584669e-06
3.602000000000000202e-11 3.783843420728675438e-02 9.426444733045174416e-06
3.650999999999999852e-11 3.992118925303125149e-02 4.468413902445098126e-06
3.730999999999999834e-11 3.783843473428433191e-02 9.426284238821735104e-06
3.770000000000000294e-11 3.979218834882133904e-02 4.518094665327070352e-06
3.777000000000000244e-11 3.783843478182487285e-02 9.426418390955730226e-06
3.809000000000000107e-11 3.969825973093489557e-02 1.008202481047080568e-05
3.898999999999999926e-11 4.185155596255066973e-02 8.607719731884993871e-06
4.003999999999999822e-11 4.444371953673993680e-02 5.160822686133879614e-06
4.188000000000000169e-11 4.701351138671082397e-02 3.062201774330773950e-06
4.239999999999999705e-11 5.675662252799619500e-02 3.782477338816954335e-06
4.254000000000000251e-11 6.298823444934452398e-02 5.727903240276354385e-06
4.388000000000000124e-11 5.675704870107180916e-02 3.782595295525539880e-06
4.497000000000000084e-11 5.517514493926142100e-02 1.700993146442678070e-06
4.509000000000000275e-11 5.365789529877797864e-02 5.930900538984838520e-07
4.568999999999999939e-11 5.540938864579141726e-02 3.537860103466195128e-07
4.650000000000000098e-11 5.365772923342763956e-02 5.928257137073843807e-07
4.785000000000000149e-11 5.517891709298639730e-02 1.374698283629871447e-06
4.949000000000000177e-11 5.766062803009758958e-02 5.246794954111488182e-07
5.073000000000000214e-11 5.517891203235212455e-02 1.374673774293588494e-06
5.219000000000000279e-11 6.136609614921081923e-02 9.570162325440064001e-07
5.437000000000000198e-11 5.935387218571994139e-02 6.479628165597019918e-07
5.444000000000000148e-11 5.777495153502693048e-02 1.877491346370746716e-06
5.474000000000000303e-11 5.935387206143850902e-02 6.479628165597019918e-07
5.539999999999999739e-11 5.777504499044765207e-02 1.875546969196961312e-06
5.554000000000000285e-11 5.963736838386590744e-02 2.166687917431322354e-06
5.590999999999999744e-11 6.187014249860011555e-02 3.699350249478403731e-06
5.656999999999999826e-11 5.963737750646907337e-02 2.166687917431322354e-06
5.685999999999999804e-11 6.158487190697239239e-02 2.888319945678199565e-06
5.753000000000000063e-11 5.963706257308852565e-02 2.166687917431322354e-06
5.782000000000000041e-11 6.160214973494889529e-02 2.944305279470035211e-06
5.850000000000000478e-11 6.370047302129044908e-02 2.396900726219531633e-06
5.923999999999999395e-11 6.567418040476888375e-02 3.632437706536252248e-06
5.958999999999999791e-11 6.785828850449598937e-02 7.460766042228050127e-06
6.267000000000000175e-11 7.017867315887278690e-02 6.177886628919750676e-06
6.369000000000000185e-11 7.208720849100674899e-02 3.208887519063651174e-06
6.491999999999999398e-11 7.032877508545451462e-02 1.598843806848095475e-06
6.741999999999999828e-11 7.208719843903708957e-02 3.208887519063651174e-06
6.951000000000000088e-11 7.430941214322366040e-02 4.836774878687087437e-06
6.953999999999999974e-11 7.679436706473097285e-02 8.288899386703971257e-06
7.083999999999999784e-11 7.875763253295062216e-02 1.361313728395457138e-05
7.138999999999999853e-11 8.094107553006535394e-02 1.027338013479169788e-05
7.188999999999999680e-11 8.305077882076769558e-02 7.268963197237378864e-06
7.282999999999999562e-11 8.505012823340334094e-02 4.191865897073540148e-06
7.343999999999999403e-11 8.724012931267692561e-02 5.340112844386563310e-06
7.343999999999999403e-11 8.969908206255203242e-02 8.918116603839007720e-06
7.356000000000000241e-11 9.534101469785129235e-02 7.371615640063283369e-06
7.362999999999999544e-11 8.969908752687436038e-02 8.918067624352637266e-06
7.395999999999999585e-11 9.534106532253722177e-02 7.371789124571565361e-06
7.601000000000000429e-11 9.796386047626495786e-02 4.287424889399016674e-06
7.604000000000000315e-11 1.002814628159354182e-01 2.660392661321528128e-06
7.745000000000000138e-11 9.796386054021649636e-02 4.287393263665707377e-06
7.797999999999999852e-11 9.990520212941701728e-02 5.405236943997548381e-06
7.891000000000000203e-11 9.796430817115356349e-02 4.288710946435728800e-06
7.910999999999999875e-11 1.006073182370621627e-01 2.681501373370474292e-06
8.101999999999999526e-11 1.024888106161646328e-01 3.427601770320181289e-06
8.282000000000000455e-11 1.006073182103786462e-01 2.681548687876705969e-06
8.352999999999999486e-11 1.024884633815765222e-01 3.427498401224289060e-06
8.366999999999999386e-11 1.006073133959758392e-01 2.681558032087954730e-06
8.470000000000000219e-11 1.062120582150970910e-01 3.044324444291258168e-06
8.475000000000000461e-11 1.042844487224220407e-01 4.504284243008847183e-06
8.559999999999999392e-11 1.062124118684414226e-01 3.044812329377426225e-06
8.687000000000000607e-11 1.087011018605914259e-01 2.765304004244683399e-06
8.724000000000000066e-11 1.114800722730753951e-01 2.966179373128652980e-06
8.778000000000000603e-11 1.207424638528390021e-01 3.758237950386318695e-06
8.804000000000000048e-11 1.238381386354418939e-01 4.662801870176300449e-06
8.815999999999999593e-11 1.266893650297586937e-01 6.867633525201035292e-06
8.815999999999999593e-11 1.395015065511915064e-01 7.280669939965630189e-06
8.817999999999999948e-11 1.386321143890550112e-01 4.755216816741083344e-06
8.903999999999999703e-11 1.366947859104126473e-01 3.035032839478342337e-06
9.143999999999999650e-11 1.386321464342977761e-01 4.753175387193226266e-06
9.170999999999999918e-11 1.395057506986382700e-01 4.873140919152578452e-06
9.175000000000000628e-11 1.379777678980403377e-01 4.191152588885723040e-06
9.248000000000000014e-11 1.405017898308078828e-01 2.957518346961724926e-06
9.298999999999999373e-11 1.427562330014736092e-01 6.129129703748931464e-06
9.341999999999999897e-11 1.447768239578526017e-01 1.008528807097442750e-05
9.350000000000000024e-11 1.463077948779938631e-01 1.419367832876281532e-05
9.438999999999999665e-11 1.449500283758406449e-01 1.426338785959897829e-05
9.576999999999999602e-11 1.422115292288743116e-01 9.265930281801406382e-06
9.611999999999999998e-11 1.449499904159325392e-01 1.426229933904386111e-05
9.628999999999999784e-11 1.466803291659501962e-01 9.279647176428973995e-06
9.721000000000000604e-11 1.489474471813004575e-01 4.019456943562335429e-06
9.728999999999999439e-11 1.466803649180439262e-01 9.276546772572231614e-06
9.769999999999999608e-11 1.519416868973272605e-01 8.431748146433482708e-06
9.923000000000000268e-11 1.466803547984229794e-01 9.276456593020444431e-06
9.931000000000000396e-11 1.519417203407570083e-01 8.431748146433482708e-06
9.957999999999999372e-11 1.510972863048499759e-01 7.346032035561898688e-06
1.003000000000000052e-10 1.523542518777762089e-01 7.325463214332911229e-06
1.003000000000000052e-10 1.592024698048658538e-01 7.331682856593315346e-06
1.011999999999999969e-10 1.628898804764517538e-01 1.031422140675228660e-05
1.013999999999999936e-10 1.637714029770809543e-01 9.684021033455744712e-06
1.021000000000000016e-10 1.658961954889300316e-01 1.192802123503908213e-05
1.030000000000000062e-10 1.678703662314799672e-01 1.445134625059155921e-05
1.040000000000000028e-10 1.702116012165312275e-01 1.307420971524483137e-05
1.041999999999999995e-10 1.722592355332141500e-01 9.685425585936869691e-06
1.041999999999999995e-10 1.737566052945758721e-01 7.259496450059456791e-06
1.043999999999999962e-10 1.761241528823706270e-01 5.438694515149467247e-06
1.048999999999999945e-10 1.750099799473167350e-01 3.787379112398697116e-06
1.049999999999999993e-10 1.722399561564279258e-01 4.486175162388603291e-06
1.049999999999999993e-10 1.748172834044894874e-01 5.482947103185839801e-06
1.054000000000000057e-10 1.722401316745835465e-01 4.490675403015060115e-06
1.059000000000000039e-10 1.750018416638941809e-01 3.521987681842175219e-06
1.072999999999999939e-10 1.809531833969844350e-01 2.661950598143919615e-06
1.081999999999999986e-10 1.868883927157597713e-01 3.949561756914298402e-06
1.104000000000000013e-10 1.890239164611863809e-01 2.026930088268901522e-06
1.113999999999999979e-10 1.912121086537108272e-01 2.488967555982766963e-06
1.120000000000000010e-10 1.936140224915500752e-01 1.696536310157583894e-06
1.134999999999999958e-10 1.912121040818504647e-01 2.488875001366247154e-06
1.144000000000000004e-10 1.969387495929245113e-01 3.902138773615898219e-06
1.147000000000000020e-10 1.912123559565553355e-01 2.489480366928269104e-06
1.169000000000000047e-10 1.890228897162007371e-01 1.737933045865548485e-06
1.172999999999999982e-10 1.912914711059001127e-01 2.277419754201754224e-06
1.196000000000000058e-10 1.931579568284537696e-01 4.370399700552739697e-06
1.202000000000000089e-10 1.952295029244013325e-01 5.252949011697277677e-06
1.208000000000000119e-10 1.931581691110585697e-01 4.367393130236785690e-06
1.208999999999999909e-10 1.957790380252557028e-01 7.399016893772287361e-06
1.209999999999999957e-10 1.977442487263954274e-01 1.005272272456909620e-05
1.214999999999999940e-10 1.957791248892985780e-01 7.392280027786842795e-06
1.218000000000000085e-10 1.982601531032757991e-01 1.005204739502863622e-05
1.223000000000000068e-10 2.005604881305625142e-01 1.363520777559067700e-05
1.227000000000000002e-10 1.982601896562571353e-01 1.004165271887578266e-05
1.227000000000000002e-10 1.957951040549333888e-01 1.340155346733075918e-05
1.229999999999999888e-10 1.931743413747629978e-01 1.587027314054357819e-05
1.239000000000000064e-10 1.957955557526378509e-01 1.339325492214035665e-05
1.242999999999999999e-10 1.981290659719734948e-01 1.875348015599554176e-05
1.242999999999999999e-10 2.002092335127932943e-01 1.933698429637248559e-05
1.249000000000000030e-10 2.019468136764984711e-01 1.725828283163450611e-05
1.250000000000000078e-10 2.002103655463068621e-01 1.932581874211729471e-05
1.250000000000000078e-10 2.019468138015799441e-01 1.725820474833841429e-05
1.251999999999999916e-10 2.002103965757085491e-01 1.929696690237564605e-05
1.252999999999999964e-10 2.021439190795798757e-01 2.004807085261102510e-05
1.266000000000000074e-10 2.043099912843562294e-01 2.085066438604618393e-05
1.267000000000000123e-10 2.066167886866425163e-01 4.606487029917714591e-06
1.268999999999999961e-10 2.043100132635923549e-01 2.083510123358193824e-05
1.271000000000000057e-10 2.066167842186217574e-01 4.606660949347153052e-06
1.276000000000000040e-10 2.083051618568593499e-01 6.850697336374008224e-06
1.281000000000000023e-10 2.106578727395724271e-01 7.887218654153857356e-06
1.282000000000000071e-10 2.136292170637737742e-01 9.568711667120786518e-06
1.288000000000000102e-10 2.106578731137638272e-01 7.887064546899549180e-06
1.293000000000000084e-10 2.124540567424645920e-01 9.604355236764478297e-06
1.294999999999999922e-10 2.147185093661958255e-01 1.239945210710216197e-05
1.300999999999999953e-10 2.168069969140586917e-01 1.102550234141282317e-05
1.302000000000000002e-10 2.192490429396830864e-01 4.846550469715881865e-06
1.302000000000000002e-10 2.210694405207409563e-01 6.785570025975005958e-06
1.303000000000000050e-10 2.192483038709066856e-01 4.845058721238935363e-06
1.303000000000000050e-10 2.214946178853227643e-01 6.632279841326657455e-06
1.311999999999999967e-10 2.234240737083485751e-01 6.873860807945968275e-06
1.314000000000000064e-10 2.257741605174059529e-01 6.320154183693382432e-06
1.315000000000000112e-10 2.234239981687572429e-01 6.870990013315479995e-06
1.319000000000000046e-10 2.298666633148463145e-01 4.638516928697404717e-06
1.321999999999999933e-10 2.317315253401028008e-01 8.812921250592011384e-06
1.322999999999999981e-10 2.338878719465114497e-01 1.155754228994119789e-05
1.326000000000000126e-10 2.359776197671605014e-01 1.301595168637276210e-05
1.331000000000000108e-10 2.378855239179941961e-01 1.262748610474029177e-05
1.333999999999999995e-10 2.435484479183901152e-01 1.028507107117757600e-05
1.347000000000000105e-10 2.421897352417562155e-01 8.354761165741288171e-06
1.347000000000000105e-10 2.435483503717799370e-01 1.027444668004364610e-05
1.352000000000000088e-10 2.497056895730555004e-01 1.133158514357163634e-05
1.357000000000000070e-10 2.491629018252590200e-01 1.643489572717454325e-05
1.365999999999999987e-10 2.546810241431289867e-01 1.863550947281225904e-05
1.390000000000000111e-10 2.604259338745020247e-01 1.700238364352395267e-05
1.392999999999999998e-10 2.546819485811446238e-01 1.860901020770047625e-05
1.399000000000000029e-10 2.604455426992463019e-01 1.981199594157030029e-05
1.411000000000000091e-10 2.546819634742874539e-01 1.860901020770047625e-05
1.411999999999999880e-10 2.604451470506320421e-01 1.979149223387378589e-05
1.415000000000000025e-10 2.592772309545393061e-01 1.985930776698403478e-05
1.417999999999999911e-10 2.576174168122961072e-01 2.031048547148725327e-05
1.417999999999999911e-10 2.623814239604634335e-01 2.074670875034260927e-05
1.424999999999999991e-10 2.644421700703546430e-01 2.083479690731576868e-05
1.429999999999999973e-10 2.586768244078306855e-01 1.997141819360269798e-05
1.431000000000000022e-10 2.617331298394250938e-01 1.578607559970036966e-05
1.434999999999999956e-10 2.641161301427119579e-01 2.242262282668790833e-05
1.438000000000000101e-10 2.617334423529020793e-01 1.578444646329309003e-05
1.438000000000000101e-10 2.633015094476119367e-01 2.426433034147400703e-05
1.439999999999999939e-10 2.653539131852638011e-01 3.179855367024902156e-05
1.443000000000000083e-10 2.674767149514065689e-01 3.398257059378518690e-05
1.443000000000000083e-10 2.706427874646735732e-01 4.933994205016842137e-06
1.459000000000000080e-10 2.765413949857981057e-01 1.084497106473564091e-05
1.464000000000000063e-10 2.733453006746145997e-01 1.458161813040534231e-05
1.474000000000000028e-10 2.765420444023237168e-01 1.083449127427625608e-05
1.485000000000000042e-10 2.733453068573862277e-01 1.458120480381331934e-05
1.490000000000000025e-10 2.765418800418241729e-01 1.082122528881492879e-05
1.493999999999999959e-10 2.932983567499452549e-01 1.439178509702452631e-05
1.509999999999999955e-10 2.970942127943377864e-01 1.270294944125578537e-05
1.517000000000000035e-10 3.023965069438638298e-01 1.441469656787652257e-05
1.523000000000000066e-10 2.970942145234335419e-01 1.270276895740750723e-05
1.524999999999999904e-10 2.990062926292944012e-01 3.337255073920888061e-06
1.525999999999999952e-10 3.016410601930605839e-01 3.611221030287997228e-06
1.558999999999999993e-10 3.036701548850511134e-01 4.792786309976710597e-06
1.561000000000000090e-10 3.016407517858498144e-01 3.611657956957771103e-06
1.587000000000000051e-10 3.036701844050252452e-01 4.792777210066755729e-06
1.593000000000000082e-10 3.058750135592876451e-01 4.605662315514469597e-06
1.610000000000000127e-10 3.066488258520604360e-01 4.094997284061579787e-06
1.611999999999999965e-10 3.058535787211094092e-01 5.048759210848330495e-06
1.613000000000000013e-10 3.116775868219346934e-01 4.889671297372049398e-06
1.631000000000000106e-10 3.094437386036623661e-01 5.972222201471741165e-06
1.641000000000000072e-10 3.153333092877347310e-01 7.894046021598271343e-06
1.646000000000000055e-10 3.144572458770713008e-01 1.037950171268359854e-05
1.647000000000000103e-10 3.153332985706293057e-01 7.894046021598271343e-06
1.664999999999999937e-10 3.144578076279461731e-01 1.037979294609050267e-05
1.673000000000000065e-10 3.166345179081577199e-01 1.783978079461717982e-05
1.674000000000000113e-10 3.191451861179303573e-01 2.083656289887455431e-05
1.690999999999999899e-10 3.210299915589098219e-01 1.896533728003184764e-05
1.691999999999999947e-10 3.224175889433846809e-01 2.039350865067298240e-05
1.692999999999999996e-10 3.210299921282318558e-01 1.896523859743518716e-05
1.700000000000000075e-10 3.228640439380790483e-01 1.573906964376726775e-05
1.701000000000000123e-10 3.249669854890098186e-01 4.737130437789161233e-06
1.712999999999999927e-10 3.270536661178271576e-01 6.491854374023442833e-06
1.731000000000000020e-10 3.249664234175296817e-01 4.737368842205403799e-06
1.742000000000000033e-10 3.309521788472412629e-01 9.228722756249813105e-06
1.748000000000000064e-10 3.296202820672793909e-01 1.223960216817950398e-05
1.770999999999999881e-10 3.503965475657522810e-01 1.334572018574924112e-05
1.770999999999999881e-10 3.539798783502731694e-01 8.669581037220835574e-06
1.776999999999999912e-10 3.555768011394477290e-01 1.104648895398376787e-05
1.779000000000000009e-10 3.539798794218999012e-01 8.669581037220835574e-06
1.787999999999999926e-10 3.607362212761900944e-01 1.097629420539260855e-05
1.788999999999999974e-10 3.669692504215655848e-01 1.232654889474009860e-05
1.792999999999999909e-10 3.737710908583884439e-01 1.599606849153446274e-05
1.799999999999999988e-10 3.796587592154697655e-01 1.811977963581741947e-05
1.809999999999999953e-10 3.823153428993969483e-01 1.552996488173653448e-05
1.835999999999999915e-10 3.848400104249146692e-01 8.084148414969725559e-06
1.838000000000000012e-10 3.864149034610639410e-01 2.746244282708430803e-06
1.840000000000000108e-10 3.848399507525784857e-01 8.083943130437044625e-06
1.842999999999999995e-10 3.866641935106061578e-01 2.760004199538116144e-06
1.846999999999999929e-10 3.848400428664385253e-01 8.074900812523675954e-06
1.877000000000000084e-10 3.905180597546735188e-01 6.441751070144388259e-06
1.879999999999999970e-10 3.848400354017540992e-01 8.074790542661076988e-06
1.882000000000000067e-10 3.905177180057107234e-01 6.435258119111939897e-06
1.901999999999999998e-10 3.886771635763411337e-01 6.486301075935414729e-06
1.910000000000000125e-10 3.894748442652559151e-01 9.155811934899086465e-06
1.911999999999999963e-10 3.936209285573062377e-01 5.681581874081665040e-06
1.913000000000000011e-10 3.947656670839665427e-01 6.865747559441075903e-06
1.920999999999999880e-10 3.969017598067673402e-01 8.013147680258500631e-06
1.926999999999999911e-10 4.038987603068280308e-01 1.056873381388682811e-05
1.927999999999999960e-10 4.284448018285750281e-01 1.278972521922866313e-05
1.930000000000000056e-10 4.315827324697337763e-01 1.387923937613216905e-05
1.931999999999999894e-10 4.429196298781030716e-01 1.413419245150760647e-05
1.933999999999999991e-10 4.445309738521610599e-01 1.691568554116443753e-05
1.936999999999999877e-10 4.394554123452364403e-01 2.968124929079150016e-05
1.942999999999999908e-10 4.445305377675383696e-01 1.691593367528729195e-05
1.952000000000000084e-10 4.429745428424440856e-01 1.307006967310355149e-05
1.957000000000000066e-10 4.462438536018124569e-01 5.309586597056358539e-06
1.962000000000000049e-10 4.483423217775012182e-01 4.026350640665269620e-06
1.980999999999999932e-10 4.539257284812971971e-01 4.776650821280077956e-06
1.981999999999999980e-10 4.656654012871705994e-01 7.028898174323861454e-06
1.990000000000000107e-10 4.937081476786800982e-01 1.015695872251514118e-05
1.995999999999999880e-10 5.010188802555325394e-01 1.401084229065672800e-05
1.996999999999999928e-10 5.033441932811028030e-01 1.737068116641984718e-05
2.008999999999999990e-10 5.019080564611855255e-01 2.423194547289086502e-05
2.008999999999999990e-10 5.095312534914985259e-01 3.146125864947835681e-05
2.023999999999999938e-10 5.099227266227326361e-01 3.065171116121117982e-05
2.028999999999999921e-10 5.165211825111820643e-01 2.401928889170626389e-05
2.042000000000000031e-10 5.268751632796270234e-01 2.268821509802514610e-05
2.044000000000000128e-10 5.291731283688652088e-01 2.666482896902965506e-05
2.054000000000000093e-10 5.266866618082991502e-01 3.141528328211303471e-05
2.054999999999999883e-10 5.339388316687971869e-01 3.373278605584334233e-05
2.063000000000000010e-10 5.266869598644122741e-01 3.137230355620627124e-05
2.070000000000000090e-10 5.141453128708853848e-01 3.355576703953408159e-05
2.075000000000000072e-10 5.145824474788486258e-01 3.440421902451781285e-05
2.079000000000000007e-10 5.141005396270744709e-01 3.476965776408890866e-05
2.083999999999999990e-10 5.255312898749939787e-01 3.160779886756467390e-05
2.086000000000000086e-10 5.292169540685716100e-01 3.106976220843645273e-05
2.090000000000000021e-10 5.389906826684304209e-01 3.359069723113668562e-05
2.098999999999999938e-10 5.387177144927914885e-01 3.433422032787202254e-05
2.107000000000000065e-10 5.103777591691875948e-01 3.147947087055110875e-05
2.109999999999999952e-10 5.387159107396650715e-01 3.431693576142646378e-05
2.112000000000000048e-10 5.389612851719444153e-01 3.447635249412934425e-05
2.113999999999999886e-10 5.292109010924034296e-01 3.485645983994962603e-05
2.117000000000000031e-10 5.255454526589206088e-01 3.151844065778716133e-05
2.124000000000000110e-10 5.194738527161716357e-01 2.443088845743284919e-05
2.136999999999999962e-10 5.196663686952737171e-01 1.298784436869507988e-05
2.146999999999999927e-10 5.221699414507932069e-01 6.970851876261448535e-06
2.160000000000000037e-10 5.242758353662690940e-01 3.340691398562335831e-06
2.177000000000000082e-10 5.265273912525439970e-01 7.102890726049525835e-06
2.194999999999999916e-10 5.285741157926737710e-01 1.310926224281012353e-05
2.225000000000000071e-10 5.311190349930758892e-01 1.250577808476401471e-05
2.229000000000000006e-10 5.331389918082019008e-01 1.055258291791336596e-05
2.274000000000000109e-10 5.353090835513740764e-01 9.624729483136160391e-06
2.286999999999999961e-10 5.331387787013380786e-01 1.055266361515370390e-05
2.306000000000000102e-10 5.346233096708479238e-01 3.556549995392796649e-06
2.320000000000000002e-10 5.367763821233867416e-01 1.645190416205557853e-06
2.323999999999999936e-10 5.346232902163624567e-01 3.556538270673032343e-06
2.343000000000000077e-10 5.373365847649547167e-01 4.334288458413288981e-06
2.350999999999999946e-10 5.346232482212677217e-01 3.556047056569630865e-06
2.362000000000000219e-10 5.368888916579350745e-01 1.655711379121254428e-06
2.370000000000000088e-10 5.389012675275808295e-01 2.043045543192051485e-06
2.370999999999999877e-10 5.396924013855702862e-01 5.297761528893027376e-06
2.382999999999999939e-10 5.373444560637257172e-01 8.515574309740721974e-06
2.392000000000000115e-10 5.439033245833220231e-01 1.120363694198416402e-05
2.399999999999999984e-10 5.385704989925298447e-01 1.327975063120633263e-05
2.422000000000000011e-10 5.401557602309979833e-01 1.323154888089116478e-05
2.424000000000000108e-10 5.388322630747107711e-01 1.076302719524374621e-05
2.427999999999999784e-10 5.408003753396549707e-01 7.227835401441546895e-06
2.434999999999999863e-10 5.388328703513414197e-01 1.072288033048361164e-05
2.436000000000000170e-10 5.408003852022305047e-01 7.227641376131812099e-06
2.441999999999999942e-10 5.380917574606446374e-01 4.908420474545099405e-06
2.444000000000000039e-10 5.411305386038230969e-01 3.530795455430058389e-06
2.449999999999999811e-10 5.344705758863987910e-01 3.573947451359260199e-06
2.454999999999999794e-10 5.411302736668913704e-01 3.531075456438440631e-06
2.456000000000000101e-10 5.470029152618114399e-01 5.502053742521345741e-06
2.461000000000000084e-10 5.468442854582338253e-01 6.977684462519024398e-06
2.466000000000000066e-10 5.501265057905440070e-01 6.905841818339540662e-06
2.471999999999999839e-10 5.468445206461064467e-01 6.977684462519024398e-06
2.471999999999999839e-10 5.505123879027240541e-01 6.889084277488740831e-06
2.476000000000000032e-10 5.468434098512389152e-01 6.977698746707032401e-06
2.476999999999999822e-10 5.446288024853628285e-01 8.970409512346684978e-06
2.485999999999999997e-10 5.468434147499364739e-01 6.977698746707032401e-06
2.495000000000000173e-10 5.501271125274521667e-01 6.912810539286597325e-06
2.495999999999999963e-10 5.468438374053414819e-01 6.976530731884022685e-06
2.496999999999999752e-10 5.446330469939246743e-01 8.375495066807173481e-06
2.500000000000000156e-10 5.466895611233095753e-01 9.824884278122183320e-06
2.513999999999999797e-10 5.450907889308841403e-01 1.335719455609145493e-05
2.525000000000000069e-10 5.466894985739128021e-01 9.820091675404441064e-06
2.534000000000000245e-10 5.399541982368598614e-01 1.098889055362018215e-05
2.535999999999999825e-10 5.430173779771203524e-01 1.390618026533503015e-05
2.545999999999999790e-10 5.447979505500460951e-01 1.580090895641646966e-05
2.554000000000000176e-10 5.436984939051293653e-01 1.473658356313509525e-05
2.559999999999999949e-10 5.487627016189731144e-01 8.938076030399440939e-06
2.562999999999999835e-10 5.545196091600659294e-01 1.140164553367078670e-05
2.564000000000000141e-10 5.487633114587048277e-01 8.935291631001172772e-06
2.564000000000000141e-10 5.466314337398280321e-01 1.274366654318172068e-05
2.574999999999999897e-10 5.489848392846116143e-01 1.657732323566729106e-05
2.576999999999999993e-10 5.545030895479058364e-01 1.484755213813344217e-05
2.577999999999999783e-10 5.492955284690769213e-01 9.636202833505963023e-06
2.577999999999999783e-10 5.433500340052492827e-01 4.004582032081974785e-06
2.584000000000000072e-10 5.416212835439938589e-01 3.850003436115508779e-06
2.593000000000000248e-10 5.414678413956396374e-01 5.673475600989954913e-06
2.663000000000000006e-10 5.477458916118804755e-01 2.927273043687268617e-06
2.668999999999999779e-10 5.541961167357016826e-01 2.040490514182070885e-06
2.673999999999999762e-10 5.557769166889092727e-01 2.415368028122961922e-06
2.682999999999999937e-10 5.588530356194260085e-01 1.680543059913056907e-06
2.700999999999999772e-10 5.557768969366435607e-01 2.415368028122961922e-06
2.704999999999999965e-10 5.541802309655806669e-01 1.668271493181182688e-06
2.707000000000000061e-10 5.643531141620493630e-01 2.256443419917377514e-06
2.707999999999999851e-10 5.668118971933588934e-01 2.972447145239733973e-06
2.709000000000000158e-10 5.727159831494138542e-01 2.472086781233504351e-06
2.711000000000000254e-10 5.668119352337758210e-01 2.971067757802336347e-06
2.716000000000000237e-10 5.691380378877349822e-01 2.470997090968016744e-06
2.727999999999999782e-10 5.822877864458577690e-01 1.780589977032293880e-06
2.734999999999999861e-10 5.771056476349496478e-01 2.417804320985096735e-06
2.737999999999999747e-10 5.822868883344780588e-01 1.780758871240489541e-06
2.741000000000000151e-10 5.691530148681823720e-01 2.411928570542615897e-06
2.744000000000000037e-10 5.822874109801784437e-01 1.780756566880918027e-06
2.744999999999999827e-10 5.691530302691015786e-01 2.412030500907468371e-06
2.756999999999999889e-10 5.629569836115333459e-01 3.860734540143610711e-06
2.761999999999999871e-10 5.685784264405420174e-01 7.701437285166223557e-06
2.773000000000000144e-10 5.671319409550742430e-01 1.348904868637217161e-05
2.776000000000000030e-10 5.691664182469614586e-01 1.909714632117772898e-05
2.808000000000000023e-10 5.713972926695168875e-01 1.768846688465119371e-05
2.808000000000000023e-10 5.731860099517762652e-01 1.299598984079550386e-05
2.808000000000000023e-10 5.713972922676228139e-01 1.768820214721754491e-05
2.815000000000000102e-10 5.691726571560891124e-01 2.091747755549894989e-05
2.828999999999999743e-10 5.714470531517552576e-01 2.152028490417233044e-05
2.852000000000000078e-10 5.735324056393671377e-01 2.512251286116493128e-05
2.852000000000000078e-10 5.756114375179069986e-01 2.400980419412592059e-05
2.874000000000000105e-10 5.735324037011738652e-01 2.512209091799111365e-05
2.891000000000000150e-10 5.759424438527539492e-01 2.435398496827778932e-05
2.908999999999999984e-10 5.779507152876030007e-01 2.321778537705624433e-05
2.911999999999999870e-10 5.800675520382987393e-01 2.332336016667598384e-05
2.918999999999999950e-10 5.821042415823928229e-01 1.494667847686461972e-05
2.923000000000000143e-10 5.841569144511374878e-01 1.265505429689799848e-05
2.970000000000000084e-10 5.863347545099191205e-01 1.403513928198804633e-05
2.972000000000000180e-10 5.883013000856502916e-01 1.039349742588418124e-05
2.984000000000000242e-10 5.863346858947534601e-01 1.403411069273094481e-05
2.992000000000000111e-10 5.883238543496542849e-01 1.482920176785670817e-05
3.016000000000000235e-10 5.863346712473845868e-01 1.403408362097577804e-05
3.026000000000000200e-10 5.883015873227901427e-01 1.042150232293432884e-05
3.027999999999999780e-10 5.865678448876524564e-01 1.047006744248408884e-05
3.039000000000000052e-10 5.844153556972973007e-01 1.428786091387439552e-05
3.044999999999999825e-10 5.865479884549030798e-01 1.657991614386586002e-05
3.066999999999999852e-10 5.886993781793056213e-01 1.628167637093075871e-05
3.078999999999999914e-10 5.908791013402248105e-01 1.555531865389303252e-05
3.108999999999999810e-10 5.930640990339832719e-01 1.745652557892330223e-05
3.110000000000000117e-10 5.908791113042783927e-01 1.555523941318507023e-05
3.115000000000000100e-10 5.930636874359143107e-01 1.745752995294519766e-05
3.137999999999999917e-10 5.958092671694946718e-01 1.723131823890411955e-05
3.149999999999999979e-10 5.976246537227241085e-01 1.308031849024439769e-05
3.152999999999999865e-10 5.953153547108536170e-01 1.061141574340191268e-05
3.157000000000000058e-10 5.971112906684243882e-01 4.676519423126732091e-06
3.159000000000000155e-10 5.870370083654280480e-01 1.962870858981922351e-06
3.164000000000000138e-10 5.971113053618883892e-01 4.676433010546371741e-06
3.177999999999999779e-10 5.996460606370480617e-01 5.868873531606817428e-06
3.189999999999999841e-10 6.014844097180050975e-01 1.107934430139667531e-05
3.193000000000000244e-10 6.081562466065257855e-01 1.091900865839466129e-05
3.196999999999999920e-10 6.014845650296458679e-01 1.107919698671416357e-05
3.231000000000000010e-10 6.039940036658482114e-01 1.762042709234384912e-05
3.245000000000000168e-10 6.101748224241952956e-01 2.254852898171048041e-05
3.275999999999999854e-10 6.082037949560702428e-01 1.554053144772624346e-05
3.316000000000000233e-10 6.101748162201461323e-01 2.254825139177260430e-05
3.344999999999999823e-10 6.124053705687655391e-01 2.094327130683146170e-05
3.363000000000000174e-10 6.124684567098318544e-01 9.873684072432851455e-06
3.363000000000000174e-10 6.148007344040252731e-01 2.023669311904303337e-05
3.393999999999999860e-10 6.170873344419969264e-01 2.497736855209190920e-05
3.417999999999999984e-10 6.148014928693179559e-01 2.023161532820697684e-05
3.423999999999999757e-10 6.170873324106552760e-01 2.497736855209190920e-05
3.434000000000000239e-10 6.188090908656810329e-01 2.525948496360231319e-05
3.449999999999999977e-10 6.214502651327109550e-01 2.294902951901116393e-05
3.472999999999999794e-10 6.238349747325137029e-01 1.971030549379483826e-05
3.472999999999999794e-10 6.238324680042626191e-01 1.414006996703354203e-05
3.481999999999999970e-10 6.253494724444381703e-01 7.928642439643940801e-06
3.486999999999999953e-10 6.278525336225670994e-01 4.333049581367777498e-06
3.489000000000000049e-10 6.293754634575428053e-01 6.241819055452954558e-06
3.494999999999999822e-10 6.278709247845605246e-01 4.349451934960704717e-06
3.496000000000000128e-10 6.374694013398658488e-01 1.855247156605845609e-06
3.513000000000000173e-10 6.402243829239733230e-01 5.936644577705523884e-07
3.513999999999999963e-10 6.423583787809400425e-01 1.795331960206474325e-06
3.530000000000000218e-10 6.402243947358469134e-01 5.936353192755935256e-07
3.531000000000000008e-10 6.424403915118278574e-01 1.831830575771412632e-06
3.535000000000000201e-10 6.443857990444481487e-01 2.384665988867950939e-06
3.538999999999999877e-10 6.505356186343901337e-01 5.557828360077890322e-07
3.545000000000000166e-10 6.525627839115740736e-01 8.149487159099663561e-07
3.553000000000000035e-10 6.547626251115121754e-01 1.695292521647797638e-06
3.555999999999999921e-10 6.565850485978543816e-01 1.338528559507796169e-06
3.560999999999999904e-10 6.591520985915086950e-01 2.036630270380684578e-06
3.579000000000000255e-10 6.612698533624716823e-01 3.113487007133208965e-06
3.579000000000000255e-10 6.637301160435191694e-01 4.604002380199504255e-06
3.587999999999999914e-10 6.660457600061332473e-01 4.262128740822421444e-06
3.587999999999999914e-10 6.715000303458706910e-01 2.862965824853711867e-06
3.589000000000000221e-10 6.741568412971877811e-01 3.518339063413662708e-06
3.590000000000000011e-10 6.771344006067303578e-01 4.763960591724888596e-06
3.594000000000000204e-10 6.789788110336261173e-01 6.282305218944267302e-06
3.595999999999999783e-10 6.809465456912692227e-01 7.577123575286444012e-06
3.597999999999999880e-10 6.832245457202690275e-01 8.240657746505977219e-06
3.602000000000000073e-10 6.853964253781238414e-01 8.301747622146405222e-06
3.612000000000000038e-10 6.875580835409821345e-01 8.080161580046575927e-06
3.616000000000000231e-10 6.853964872987632351e-01 8.299079056541686173e-06
3.619999999999999907e-10 6.877550362225745006e-01 9.937852724559071598e-06
3.626000000000000196e-10 6.902901951935379588e-01 9.476424134224501958e-06
3.653000000000000207e-10 6.921100003786609944e-01 8.281959843534388626e-06
3.663999999999999962e-10 6.940906113234213137e-01 7.032886106726496171e-06
3.666999999999999848e-10 6.960554098791459365e-01 5.481344476161385522e-06
3.675000000000000234e-10 6.981995680708737995e-01 3.349187763336886841e-06
3.683999999999999893e-10 7.079470086956499708e-01 1.776376838487083855e-06
3.685000000000000200e-10 7.070157810758781469e-01 8.896713722613055869e-07
3.690999999999999972e-10 7.081289390312013321e-01 2.201693966547628774e-06
3.691999999999999762e-10 6.982008307059310859e-01 2.823317549746480986e-06
3.693000000000000068e-10 6.962175184341977685e-01 3.752796684596093642e-06
3.720999999999999868e-10 6.942295933739105473e-01 5.293857497802536318e-06
3.725999999999999851e-10 6.962175297930267570e-01 3.752796684596093642e-06
3.732000000000000141e-10 6.983410066129327465e-01 2.701336471465363850e-06
3.735000000000000027e-10 7.001174746232944335e-01 3.842764671075850249e-06
3.750999999999999765e-10 7.022449123804779259e-01 3.580385201420606548e-06
3.752999999999999861e-10 7.005529070000351410e-01 4.145086231284861470e-06
3.759999999999999941e-10 7.020754271723050888e-01 3.167052797817938115e-06
3.764000000000000134e-10 7.043667586784636558e-01 4.047697717911894804e-06
3.764000000000000134e-10 7.064739796445015374e-01 5.480595863130448595e-06
3.766000000000000230e-10 7.043667730875325939e-01 4.047688586435585114e-06
3.782999999999999758e-10 7.020945521694501590e-01 3.102919587654335048e-06
3.782999999999999758e-10 7.050337195782135913e-01 5.311744496211745479e-06
3.784000000000000064e-10 7.070902915583542336e-01 9.407937455450984251e-06
3.791999999999999933e-10 7.094151599431679500e-01 9.964372639689077614e-06
3.813000000000000171e-10 7.110214955350415700e-01 9.769313148029812647e-06
3.814999999999999751e-10 7.131258953704469050e-01 1.135417151382161684e-05
3.814999999999999751e-10 7.156716011612362927e-01 1.306280927137790202e-05
3.818999999999999944e-10 7.131258944295248980e-01 1.135430298412125329e-05
3.825000000000000233e-10 7.156716551769704004e-01 1.305936908032059977e-05
3.826000000000000023e-10 7.176036726614551942e-01 1.606363049074429811e-05
3.841999999999999761e-10 7.156716915297206549e-01 1.305931675744449765e-05
3.845000000000000164e-10 7.180356283494646608e-01 1.308007963083760414e-05
3.848000000000000050e-10 7.201124257865396672e-01 7.372891119025774190e-06
3.853000000000000033e-10 7.221461177222279204e-01 9.681292815600833337e-06
3.860000000000000112e-10 7.242294380663666375e-01 1.008918980103400293e-05
3.872999999999999964e-10 7.263499734692042686e-01 8.411625225717281462e-06
3.879000000000000253e-10 7.280798471427127883e-01 1.022913731479040929e-05
3.879000000000000253e-10 7.303041796369741379e-01 1.266932117549759144e-05
3.880000000000000043e-10 7.280798553896493663e-01 1.022913731479040929e-05
3.892000000000000105e-10 7.343718476516855054e-01 1.258813709844823069e-05
3.892999999999999895e-10 7.407307080891228912e-01 1.218835209053019404e-05
3.895999999999999781e-10 7.395963085950966187e-01 9.976188648763393305e-06
3.909000000000000150e-10 7.407307599581910429e-01 1.218820125969958405e-05
3.909999999999999940e-10 7.430570371176548061e-01 9.668409858003413138e-06
3.919999999999999905e-10 7.458985766143063634e-01 9.838990767744918272e-06
3.932999999999999757e-10 7.519353345368211539e-01 1.153704705233038333e-05
3.946000000000000125e-10 7.540407821591085247e-01 1.139111346568933671e-05
3.953000000000000205e-10 7.564716539951493735e-01 1.098574675726750042e-05
3.953999999999999994e-10 7.583511423048927558e-01 1.420644330983387210e-05
3.956000000000000091e-10 7.607102012625647225e-01 1.843274373973606664e-05
3.976999999999999812e-10 7.583139868157315888e-01 2.049096115473372651e-05
3.985000000000000198e-10 7.607100396201095238e-01 1.843032801666200744e-05
3.988999999999999874e-10 7.583768456058235241e-01 1.743622493464757199e-05
3.991999999999999760e-10 7.606894548207076001e-01 1.475093951281245521e-05
4.015000000000000094e-10 7.626101291310306562e-01 1.230447468783418671e-05
4.018999999999999770e-10 7.646943210231271770e-01 1.067774809005511730e-05
4.025000000000000059e-10 7.705562981513004450e-01 1.032177535711923797e-05
4.049999999999999973e-10 7.773598121252476290e-01 1.021717579916860548e-05
4.050999999999999763e-10 7.787283352952898419e-01 8.500690966992699993e-06
4.071000000000000211e-10 7.736130777632104216e-01 8.296240658022821792e-06
4.076000000000000193e-10 7.787280346890357308e-01 8.499479775644310550e-06
4.081000000000000176e-10 7.773287525215883953e-01 9.951401670961042360e-06
4.089000000000000045e-10 7.787280400916882783e-01 8.499479775644310550e-06
4.099999999999999800e-10 7.736131773242400644e-01 8.190112446692285309e-06
4.106999999999999880e-10 7.826428167758917587e-01 9.748239777190656830e-06
4.111999999999999862e-10 7.736131880461557531e-01 8.190112446692285309e-06
4.120000000000000248e-10 7.757843622383807647e-01 5.277733993401644657e-06
4.121999999999999828e-10 7.777393786116832963e-01 1.139429508765720013e-05
4.162999999999999996e-10 7.799350085402861898e-01 1.686531253679941092e-05
4.167999999999999979e-10 7.777645279793239386e-01 1.418407922337913362e-05
4.175000000000000058e-10 7.755832490326514117e-01 1.328510588385111430e-05
4.182000000000000138e-10 7.776901852222971590e-01 1.618237721546342983e-05
4.182000000000000138e-10 7.796644516759180243e-01 1.371148374822310070e-05
4.185999999999999814e-10 7.819682153182120343e-01 1.242305713685142233e-05
4.190000000000000007e-10 7.839323157756239446e-01 1.995736421690185919e-05
4.192999999999999893e-10 7.858550867895492953e-01 2.291940812665702433e-05
4.194000000000000200e-10 7.878415513681767957e-01 2.861419486392347014e-05
4.199999999999999972e-10 7.903741142073090753e-01 2.272920991092376879e-05
4.212999999999999824e-10 7.878415349671791246e-01 2.861064337838349644e-05
4.222999999999999789e-10 7.858359755414119352e-01 2.563731303963520412e-05
4.222999999999999789e-10 7.880623611873284196e-01 2.260945376602046549e-05
4.238000000000000254e-10 7.903992369380191674e-01 1.540670819665451919e-05
4.239999999999999834e-10 7.921909407702030226e-01 1.848992870779701803e-05
4.263999999999999958e-10 7.940169378007346790e-01 2.077650261172514352e-05
4.273000000000000134e-10 7.962154918302474238e-01 2.848747076102583760e-05
4.273999999999999923e-10 7.989066536849047662e-01 2.262445242576386413e-05
4.276000000000000020e-10 8.010982839151300494e-01 1.186676517101691653e-05
4.276999999999999810e-10 8.081819318778348249e-01 6.314522761248253647e-06
4.290999999999999968e-10 8.135910936437127372e-01 1.054870470815789799e-05
4.322000000000000171e-10 8.118775880409245804e-01 1.422247347706023931e-05
4.329000000000000250e-10 8.140911861328146149e-01 1.618081357377193432e-05
4.394999999999999816e-10 8.118777486724018111e-01 1.422720393115975623e-05
4.431000000000000002e-10 8.100143874614939010e-01 1.313645428048828028e-05
4.435999999999999984e-10 8.118777483738268685e-01 1.422726085306707009e-05
4.440999999999999967e-10 8.136192760923613987e-01 1.324833187718444669e-05
4.443000000000000064e-10 8.202113819037611941e-01 1.231376436924468620e-05
4.465000000000000091e-10 8.219840988280731064e-01 1.393291853556279415e-05
4.494000000000000198e-10 8.159850511864017442e-01 1.482033825256094044e-05
4.495999999999999777e-10 8.219840865839742605e-01 1.393283725159525109e-05
4.497999999999999874e-10 8.201705924766439226e-01 1.035423771408243676e-05
4.509999999999999936e-10 8.219839519276432860e-01 1.393197383822466272e-05
4.524999999999999884e-10 8.285758758855727990e-01 1.034067502558609289e-05
4.532999999999999753e-10 8.219837356762406122e-01 1.393106429976401747e-05
4.546000000000000121e-10 8.159852237094774585e-01 1.478675247841638638e-05
4.566999999999999842e-10 8.227315091054339113e-01 1.259357789838844432e-05
4.566999999999999842e-10 8.240566663139055059e-01 1.453809901630569886e-05
4.568000000000000149e-10 8.227315116656757077e-01 1.259357789838844432e-05
4.568999999999999939e-10 8.240558720834089135e-01 1.453488868229545672e-05
4.593999999999999852e-10 8.186075321092747270e-01 1.483075124951483174e-05
4.595000000000000159e-10 8.240555798295758905e-01 1.453254335450782984e-05
4.603999999999999818e-10 8.186075287348528740e-01 1.483074224246545971e-05
4.615000000000000090e-10 8.162541482276315374e-01 1.514911307249884007e-05
4.627000000000000152e-10 8.186072319043180556e-01 1.482821570412668391e-05
4.627999999999999942e-10 8.205604909315590278e-01 1.516270268512731414e-05
4.639000000000000214e-10 8.226735996834469988e-01 1.301362916867877424e-05
4.649999999999999969e-10 8.244379324364644601e-01 1.342691510287300983e-05
4.659000000000000145e-10 8.227502532575998728e-01 1.466856267034699716e-05
4.671999999999999997e-10 8.326819015239962374e-01 1.342186917124979876e-05
4.676000000000000189e-10 8.391015819334033399e-01 1.233824745770532897e-05
4.696000000000000120e-10 8.373786133612752813e-01 9.684515027135540274e-06
4.701999999999999893e-10 8.391013901972568245e-01 1.233780319451016138e-05
4.701999999999999893e-10 8.405698873009931349e-01 1.487062521401413757e-05
4.707999999999999665e-10 8.395154776706619248e-01 1.496545431863452826e-05
4.707999999999999665e-10 8.423729987522139417e-01 1.532283382121720787e-05
4.708999999999999972e-10 8.442195430038891280e-01 1.421180811471230688e-05
4.708999999999999972e-10 8.494811080363010580e-01 1.240199707902188829e-05
4.724999999999999710e-10 8.442195158923885279e-01 1.421180811471230688e-05
4.728999999999999903e-10 8.426096920067006613e-01 1.180789957686347238e-05
4.734000000000000403e-10 8.403785503554237479e-01 1.169258799365041843e-05
4.734999999999999676e-10 8.492253293952203297e-01 4.883631096673054353e-06
4.755999999999999913e-10 8.403786722423920441e-01 1.168261493066648906e-05
4.758999999999999799e-10 8.384376418202234005e-01 7.117900649330851271e-06
4.760000000000000106e-10 8.399020136441253115e-01 6.689070468324791461e-06
4.761000000000000413e-10 8.416948029540177734e-01 7.836995011703929589e-06
4.764999999999999572e-10 8.394461953796639175e-01 8.073720696801742089e-06
4.770000000000000072e-10 8.458960392237323545e-01 8.177491967698343335e-06
4.784000000000000230e-10 8.553713730700854834e-01 9.807108888737773041e-06
4.798999999999999661e-10 8.540353309796416825e-01 8.371624232079645075e-06
4.801000000000000275e-10 8.553696198682636531e-01 9.801484656559537596e-06
4.804000000000000161e-10 8.540353359157795143e-01 8.371624232079645075e-06
4.817000000000000013e-10 8.523614729447844818e-01 9.864486297369974579e-06
4.834000000000000057e-10 8.545108785717099309e-01 1.000206441045877992e-05
4.835999999999999637e-10 8.695241157492243911e-01 1.035965056858562623e-05
4.838999999999999523e-10 8.710573207094144399e-01 1.273831354394426404e-05
4.852000000000000409e-10 8.735733080504978210e-01 1.235506873240567643e-05
4.852000000000000409e-10 8.710577380926219915e-01 1.273829577680872631e-05
4.852000000000000409e-10 8.735733396510358961e-01 1.235488825517854981e-05
4.855000000000000295e-10 8.719453360567259725e-01 1.438593293526549435e-05
4.882999999999999578e-10 8.697314263889616148e-01 1.409328119856233840e-05
4.888000000000000078e-10 8.719454796888693737e-01 1.438236412174817013e-05
4.898000000000000043e-10 8.774935774794510035e-01 1.486712338826889321e-05
4.909000000000000315e-10 8.719460360056450199e-01 1.438249383213553926e-05
4.927999999999999940e-10 8.735915842409196497e-01 1.252235648337215363e-05
4.936999999999999598e-10 8.710892785230128776e-01 1.470801600908010940e-05
4.939000000000000212e-10 8.735915940842262639e-01 1.252235648337215363e-05
4.962000000000000029e-10 8.720837881012988291e-01 9.793528307810121583e-06
4.963000000000000336e-10 8.748595874321969390e-01 1.022802006251901805e-05
4.964999999999999915e-10 8.871889368813616894e-01 1.058669247578404051e-05
4.973999999999999574e-10 8.815826862807211173e-01 1.040621758305542257e-05
4.984999999999999846e-10 8.805507304922279843e-01 1.014653435149898452e-05
4.987999999999999732e-10 8.820118329873153362e-01 8.497310853727683706e-06
4.990000000000000346e-10 8.802098093688827118e-01 1.002352301532138208e-05
5.004000000000000504e-10 8.793422583887365862e-01 9.505007958984626582e-06
5.008999999999999970e-10 8.769606630343482756e-01 8.269940904095640554e-06
5.020000000000000242e-10 8.788033296967069363e-01 6.428941012560938768e-06
5.020999999999999515e-10 8.756138226928260604e-01 4.556905459519666517e-06
5.035999999999999980e-10 8.788235546201590420e-01 5.106130054500852363e-06
5.055999999999999911e-10 8.760651282493052694e-01 4.352953379643691730e-06
5.057000000000000218e-10 8.743622107154540579e-01 5.073830672458470037e-06
5.058999999999999797e-10 8.724986665529858021e-01 6.380486609287375583e-06
5.061999999999999684e-10 8.749940259888756566e-01 7.612249439096415243e-06
5.068999999999999763e-10 8.919897448439394472e-01 8.970590665223568890e-06
5.071999999999999649e-10 8.907952983093191390e-01 8.811883365763857674e-06
5.095999999999999773e-10 8.919898897172503505e-01 8.966569700456448729e-06
5.098000000000000387e-10 8.750167576372908096e-01 9.520445114883555637e-06
5.101000000000000273e-10 8.765911548058821223e-01 8.392388203236299306e-06
5.101999999999999546e-10 8.788634115194063900e-01 6.520245383034468990e-06
5.122999999999999783e-10 8.765915487677260476e-01 8.386490016780780865e-06
5.131000000000000169e-10 8.743920333976524795e-01 8.007893075730479089e-06
5.138999999999999521e-10 8.797790175828177350e-01 8.350608259491543100e-06
5.145999999999999600e-10 8.792879151778519864e-01 9.279863092654090941e-06
5.159999999999999759e-10 8.762236291857775639e-01 1.026432858250271559e-05
5.169000000000000452e-10 8.792878034269394627e-01 9.278185897401022177e-06
5.182000000000000303e-10 8.967955768223176971e-01 8.539291582887748852e-06
5.186000000000000496e-10 8.943979880605053001e-01 8.386164994165496822e-06
5.198000000000000041e-10 8.967961646316027213e-01 8.537250885142062684e-06
5.200999999999999928e-10 8.995522507526749756e-01 5.962108639279612937e-06
5.202999999999999507e-10 9.017884878347971478e-01 5.530280961049528649e-06
5.209000000000000313e-10 9.034680823127765326e-01 6.808809832831082490e-06
5.219999999999999552e-10 9.059381830155233128e-01 6.690630658208351452e-06
5.242000000000000096e-10 9.034680971880774125e-01 6.808722208583294641e-06
5.250999999999999755e-10 9.058168048261807659e-01 6.689220270467316011e-06
5.252000000000000062e-10 9.087028655643676345e-01 6.674865914200432614e-06
5.253000000000000368e-10 9.154443183818247176e-01 6.849478976559540004e-06
5.267999999999999800e-10 9.208247197827795771e-01 7.446663419270301521e-06
5.276000000000000185e-10 9.225959419834877107e-01 8.134873050541841150e-06
5.276000000000000185e-10 9.247134797251419513e-01 8.128986858653158102e-06
5.294999999999999810e-10 9.268391190468867613e-01 7.926861204810589940e-06
5.297999999999999696e-10 9.294344950939354977e-01 9.202258969757023515e-06
5.301999999999999889e-10 9.319361281399939356e-01 7.332245110791023130e-06
5.308999999999999968e-10 9.294351483711463802e-01 9.202192756653464049e-06
5.321999999999999820e-10 9.297345321673632368e-01 7.375660385503028447e-06
5.323000000000000127e-10 9.354262986411798764e-01 8.009217173520416034e-06
5.327000000000000320e-10 9.375972433459578426e-01 8.187566672126225258e-06
5.328999999999999899e-10 9.354274207399810859e-01 8.008645649191124265e-06
5.331000000000000513e-10 9.417804663413125166e-01 9.272191305288000562e-06
5.344999999999999637e-10 9.447314959996445660e-01 8.219375889961962316e-06
5.345999999999999944e-10 9.417807618874107778e-01 9.268735789563735999e-06
5.351000000000000443e-10 9.411690774305581098e-01 8.279001859379754436e-06
5.351999999999999716e-10 9.431493206683267960e-01 6.484901957013662383e-06
5.361999999999999682e-10 9.411688129648945189e-01 8.278287639180253435e-06
5.367000000000000181e-10 9.417688151758867310e-01 7.940795087340474131e-06
5.368000000000000488e-10 9.411688369536436172e-01 8.278287639180253435e-06
5.368999999999999761e-10 9.417687285724244406e-01 7.939923312057911497e-06
5.370000000000000068e-10 9.408613323565713227e-01 9.091435825884953490e-06
5.372999999999999954e-10 9.411941051515062551e-01 7.232645981636395165e-06
5.374999999999999533e-10 9.361087377171530832e-01 6.796713350865549102e-06
5.381000000000000340e-10 9.330446523748392451e-01 1.907680490643028580e-06
5.382999999999999919e-10 9.278291183045330737e-01 3.197129818476167423e-06
5.388999999999999692e-10 9.300458112831532231e-01 4.676583120777053633e-06
5.418999999999999588e-10 9.317162516646674275e-01 6.258019028408632455e-06
5.418999999999999588e-10 9.330767559827348734e-01 7.664472024242356671e-06
5.431000000000000167e-10 9.322604638542211219e-01 8.043793689235369539e-06
5.438000000000000246e-10 9.330775037068054223e-01 7.663715174603323127e-06
5.448999999999999485e-10 9.322604634174674887e-01 8.043793689235369539e-06
5.455999999999999564e-10 9.300431913708989695e-01 6.497959990399782826e-06
5.459999999999999757e-10 9.315560246831062763e-01 4.559256703653958433e-06
5.461000000000000064e-10 9.300438109224752337e-01 6.496549117488747913e-06
5.465000000000000257e-10 9.357037433700667872e-01 6.744512716087563235e-06
5.465999999999999529e-10 9.452462803491309407e-01 7.713234143394662279e-06
5.499000000000000346e-10 9.480368389950522001e-01 8.279372668048436988e-06
5.509999999999999584e-10 9.460412925139446427e-01 8.308129681860731703e-06
5.509999999999999584e-10 9.481498139821928905e-01 8.086469099273411464e-06
5.526999999999999629e-10 9.504293305543867199e-01 9.752933696687624400e-06
5.529999999999999515e-10 9.560807425046722319e-01 8.415858336283186646e-06
5.547999999999999867e-10 9.428910515269828263e-01 7.597198673134607543e-06
5.552000000000000060e-10 9.403107601292922668e-01 8.280055619081668991e-06
5.556999999999999525e-10 9.335785152106252927e-01 1.029802003591678554e-05
5.560999999999999718e-10 9.403113355921655092e-01 8.279388103816172597e-06
5.584999999999999842e-10 9.464886736641903164e-01 1.948421481850642990e-05
5.589000000000000035e-10 9.483190075707328415e-01 2.059568449419112694e-05
5.590000000000000342e-10 9.551934331020021096e-01 6.891894134594784982e-06
5.600999999999999580e-10 9.573144030510130076e-01 8.704907310222790757e-06
5.613000000000000159e-10 9.594676585211027176e-01 1.220835036929125539e-05
5.650000000000000135e-10 9.615040626134208068e-01 2.017712726914167731e-05
5.655999999999999907e-10 9.632625516423559686e-01 5.126947410283945922e-05
5.657000000000000214e-10 9.570075878590585949e-01 3.549039205241981269e-05
5.657000000000000214e-10 9.632624298153907860e-01 5.126306802747722667e-05
5.664000000000000293e-10 9.656163275344376018e-01 1.263180140797081118e-05
5.674000000000000259e-10 9.676622796202740684e-01 5.461403090698757027e-05
5.674000000000000259e-10 9.695001673018336374e-01 5.957624920299893490e-05
5.674999999999999531e-10 9.694481356908032366e-01 1.259788432291780030e-02
5.675999999999999838e-10 9.694572654592782390e-01 2.573481951029656101e-02
5.677000000000000145e-10 9.719354082735964795e-01 2.617821891905201467e-02
5.677000000000000145e-10 9.741515031975995775e-01 2.632763808766945893e-02
5.695000000000000496e-10 9.761111077165915972e-01 2.634372820857575070e-02
5.701000000000000269e-10 9.784340452327767723e-01 2.629072777833083019e-02
5.705999999999999735e-10 9.807144430817607006e-01 2.636931085620503046e-02
5.708000000000000348e-10 9.829583256557422599e-01 2.634300284784491658e-02
5.712999999999999814e-10 9.848378958637979963e-01 2.625938199807344164e-02
5.722999999999999779e-10 9.870137737654590682e-01 2.600072457038006546e-02
5.732000000000000472e-10 9.920575880840868388e-01 2.549372234660078271e-02
5.732000000000000472e-10 9.950184466193596755e-01 2.583087379259875124e-02
5.732999999999999745e-10 9.932096504611731547e-01 2.541907496918584600e-02
5.738000000000000244e-10 9.912353579250932079e-01 2.564239118174010609e-02
5.748000000000000210e-10 9.929760497714674727e-01 2.567790583721176953e-02
5.748000000000000210e-10 9.929490685501017877e-01 4.967053430055146795e-02
5.749000000000000517e-10 9.947102748134706296e-01 5.423760152714816180e-02
5.749999999999999789e-10 9.943330062445809858e-01 5.481209281336521522e-02
5.749999999999999789e-10 9.969839366754456034e-01 7.376200204250112080e-02
5.751000000000000096e-10 9.949902986450243070e-01 7.737919808403689870e-02
