# t	msd	err
3.047800000000010920e-10 8.378248952079552225e-01 5.924316648484536652e-01
5.975999999999947103e-10 0.000000000000000000e+00 0.000000000000000000e+00
1.251483999999997867e-09 1.336595734090735732e+00 2.990825322932606500e-01
2.287863000000002608e-09 9.016537983416272883e-01 2.315694261281434629e-01
4.263384999999997681e-09 1.303928444172061107e+00 1.820129201086052306e-01
7.756438025000002831e-09 2.382369888787932322e+00 3.198733366045237170e-01
1.428221573214286156e-08 3.456206610153240710e+00 3.917798499931089418e-01
2.489746821999999460e-08 7.083972837126634836e+00 6.058315655817272383e-01
4.461874175925924829e-08 1.279323087786931978e+01 8.262168932724130999e-01
8.183966038308452827e-08 2.066168537051619225e+01 9.818859068327756567e-01
1.345009583741495945e-07 5.255028878500751688e+01 1.684275064799128252e+00
