# t	msd	err
9.999999999998104311e-12 5.553632481158088012e+02 4.852438493351718307e+01
3.000000000000093038e-11 6.209414061875911557e+02 6.086144934379348825e+01
4.833333333333464630e-11 8.238230234459680332e+02 1.456957419402801577e+02
7.800000000000020886e-11 6.402048067284381432e+02 6.867818978416845255e+01
1.032178571428575335e-10 9.805953660340863962e+02 7.320422113176778112e+01
2.045837209302331076e-10 1.565602208288036309e+03 1.228273727479742661e+02
3.985215277777789501e-10 2.893618793272429684e+03 1.288063263131363669e+02
6.992818801089922004e-10 4.620649397522351137e+03 1.973418685504473160e+02
1.204324195470799572e-09 8.186519268215111879e+03 1.889700468894449727e+02
2.138607802384992533e-09 1.883298623839231004e+04 2.887403104502805604e+02
3.802071473851032830e-09 4.366362711458945705e+04 4.829124910090606022e+02
6.644300871605825005e-09 9.483657635392036173e+04 7.620138750228485378e+02
1.163234759584136882e-08 1.954553874415983155e+05 1.074241180998640630e+03
2.045146086446393903e-08 3.641293302481683204e+05 1.743759824041017055e+03
3.581315779499674031e-08 6.566537375473736320e+05 2.327986320447968410e+03
6.276935424319841713e-08 1.326318763470993843e+06 3.573754669184320846e+03
1.095465334063101456e-07 2.575843356942001730e+06 6.592673335126886741e+03
1.893537038782688992e-07 3.985376471918905620e+06 6.498018476493545677e+03
2.993080993356029084e-07 6.317123531616464257e+06 7.577255124520136633e+03
