# AtomId eventId barrier
1.280000000000000000e+02 6.931590000000000000e+05 2.080039999999999945e-01
6.620000000000000000e+02 6.765600000000000000e+05 4.240050000000000208e-01
8.510000000000000000e+02 5.132210000000000000e+05 5.002760000000000540e-01
1.138000000000000000e+03 9.346610000000000000e+05 3.980360000000000009e-01
1.280000000000000000e+02 1.769860000000000000e+05 2.485003999999999991e+00
7.250000000000000000e+02 2.646630000000000000e+05 6.340630000000000432e-01
9.090000000000000000e+02 6.921260000000000000e+05 3.423260000000000192e-01
1.138000000000000000e+03 2.435240000000000000e+05 5.378300000000000303e-01
2.700000000000000000e+01 1.250169000000000000e+06 3.370270000000000210e-01
4.550000000000000000e+02 1.267739000000000000e+06 1.638449999999999906e-01
4.550000000000000000e+02 7.945900000000000000e+04 3.006829999999999781e-01
7.250000000000000000e+02 6.601060000000000000e+05 1.513589999999999935e-01
2.700000000000000000e+01 1.012865000000000000e+06 5.418830000000000036e-01
1.100000000000000000e+02 7.475110000000000000e+05 5.837820000000000231e-01
6.180000000000000000e+02 5.442400000000000000e+05 9.053510000000000169e-01
7.250000000000000000e+02 6.907060000000000000e+05 3.336790000000000034e-01
9.090000000000000000e+02 1.012865000000000000e+06 7.242739999999999734e-01
1.214000000000000000e+03 8.899860000000000000e+05 4.083649999999999780e-01
1.284000000000000000e+03 1.758320000000000000e+05 6.822949999999999848e-01
3.800000000000000000e+02 8.056390000000000000e+05 6.537659999999999583e-01
4.550000000000000000e+02 1.250169000000000000e+06 4.425379999999999869e-01
7.250000000000000000e+02 9.216160000000000000e+05 4.188120000000000176e-01
1.138000000000000000e+03 1.140880000000000000e+05 8.038370000000000237e-01
1.214000000000000000e+03 2.578500000000000000e+04 6.390390000000000237e-01
1.317000000000000000e+03 5.192900000000000000e+05 5.599490000000000300e-01
2.700000000000000000e+01 7.777860000000000000e+05 3.569970000000000088e-01
4.550000000000000000e+02 6.756120000000000000e+05 4.483880000000000088e-01
7.250000000000000000e+02 1.296943000000000000e+06 3.269929999999999781e-01
3.800000000000000000e+02 8.056390000000000000e+05 6.537610000000000365e-01
4.550000000000000000e+02 1.250169000000000000e+06 4.425999999999999934e-01
7.250000000000000000e+02 9.216160000000000000e+05 4.188109999999999888e-01
1.138000000000000000e+03 1.140880000000000000e+05 8.029169999999999918e-01
1.214000000000000000e+03 2.578500000000000000e+04 6.390400000000000524e-01
1.317000000000000000e+03 5.192900000000000000e+05 5.599509999999999765e-01
2.700000000000000000e+01 7.777860000000000000e+05 3.569959999999999800e-01
4.550000000000000000e+02 6.756120000000000000e+05 4.483929999999999860e-01
7.250000000000000000e+02 1.296943000000000000e+06 3.269929999999999781e-01
2.700000000000000000e+01 1.016254000000000000e+06 1.690669999999999951e-01
4.550000000000000000e+02 2.389300000000000000e+04 4.900760000000000116e-01
1.284000000000000000e+03 2.577640000000000000e+05 5.361449999999999827e-01
2.700000000000000000e+01 5.672900000000000000e+04 3.569930000000000048e-01
4.550000000000000000e+02 6.756120000000000000e+05 4.483710000000000195e-01
7.250000000000000000e+02 1.296944000000000000e+06 3.247519999999999851e-01
2.700000000000000000e+01 1.016254000000000000e+06 1.690669999999999951e-01
4.550000000000000000e+02 2.389300000000000000e+04 4.900849999999999929e-01
1.284000000000000000e+03 2.577640000000000000e+05 5.361500000000000155e-01
2.700000000000000000e+01 5.672900000000000000e+04 3.569930000000000048e-01
4.550000000000000000e+02 6.756120000000000000e+05 4.483710000000000195e-01
7.250000000000000000e+02 1.296944000000000000e+06 3.247519999999999851e-01
2.700000000000000000e+01 6.566540000000000000e+05 6.259740000000000304e-01
4.550000000000000000e+02 1.171236000000000000e+06 4.001170000000000004e-01
4.550000000000000000e+02 1.578170000000000000e+05 4.041310000000000180e-01
7.250000000000000000e+02 4.024790000000000000e+05 3.035720000000000085e-01
8.710000000000000000e+02 4.024790000000000000e+05 4.793239999999999723e-01
3.000000000000000000e+02 1.969820000000000000e+05 7.797290000000000054e-01
8.080000000000000000e+02 4.943510000000000000e+05 8.854060000000000263e-01
9.070000000000000000e+02 9.656620000000000000e+05 1.702940000000000009e-01
3.900000000000000000e+01 1.225924000000000000e+06 7.013040000000000385e-01
3.000000000000000000e+02 8.891100000000000000e+04 6.794350000000000112e-01
7.240000000000000000e+02 1.240066000000000000e+06 8.863130000000000175e-01
8.080000000000000000e+02 1.692820000000000000e+05 9.519809999999999661e-01
9.070000000000000000e+02 2.263010000000000000e+05 3.291259999999999741e-01
3.000000000000000000e+02 1.969820000000000000e+05 7.797100000000000142e-01
8.080000000000000000e+02 4.943510000000000000e+05 8.854070000000000551e-01
9.070000000000000000e+02 9.656620000000000000e+05 1.702940000000000009e-01
3.900000000000000000e+01 1.225924000000000000e+06 7.013080000000000425e-01
3.000000000000000000e+02 8.891100000000000000e+04 6.794369999999999576e-01
7.240000000000000000e+02 1.240066000000000000e+06 8.863159999999999927e-01
8.080000000000000000e+02 1.692820000000000000e+05 9.519859999999999989e-01
9.070000000000000000e+02 2.263010000000000000e+05 3.291279999999999761e-01
3.000000000000000000e+02 1.969820000000000000e+05 7.797230000000000549e-01
8.080000000000000000e+02 4.943510000000000000e+05 8.854090000000000016e-01
9.070000000000000000e+02 9.656620000000000000e+05 1.702940000000000009e-01
3.900000000000000000e+01 1.225924000000000000e+06 7.013139999999999930e-01
3.000000000000000000e+02 8.891100000000000000e+04 6.794369999999999576e-01
7.240000000000000000e+02 1.240066000000000000e+06 8.863180000000000502e-01
8.080000000000000000e+02 1.692820000000000000e+05 9.519910000000000316e-01
9.070000000000000000e+02 2.263010000000000000e+05 3.291290000000000049e-01
3.900000000000000000e+01 5.062230000000000000e+05 3.240730000000000000e-01
3.900000000000000000e+01 9.892220000000000000e+05 7.013150000000000217e-01
3.000000000000000000e+02 8.891100000000000000e+04 6.794369999999999576e-01
7.240000000000000000e+02 1.240066000000000000e+06 8.863180000000000502e-01
8.080000000000000000e+02 1.692820000000000000e+05 9.519879999999999454e-01
9.070000000000000000e+02 4.841970000000000000e+05 3.282220000000000137e-01
3.000000000000000000e+02 1.969820000000000000e+05 7.795109999999999539e-01
8.080000000000000000e+02 4.943510000000000000e+05 8.856859999999999733e-01
9.070000000000000000e+02 9.656620000000000000e+05 1.695309999999999873e-01
3.900000000000000000e+01 1.225924000000000000e+06 7.013190000000000257e-01
3.000000000000000000e+02 8.891100000000000000e+04 6.794400000000000439e-01
7.240000000000000000e+02 1.240066000000000000e+06 8.863189999999999680e-01
8.080000000000000000e+02 1.692820000000000000e+05 9.520070000000000476e-01
9.070000000000000000e+02 2.263010000000000000e+05 3.282220000000000137e-01
3.000000000000000000e+02 1.969820000000000000e+05 7.795189999999999619e-01
8.080000000000000000e+02 4.943510000000000000e+05 8.856880000000000308e-01
9.070000000000000000e+02 9.656620000000000000e+05 1.695309999999999873e-01
3.900000000000000000e+01 1.225924000000000000e+06 7.013200000000000545e-01
3.000000000000000000e+02 8.891100000000000000e+04 6.794459999999999944e-01
7.240000000000000000e+02 1.240066000000000000e+06 8.863210000000000255e-01
8.080000000000000000e+02 1.692820000000000000e+05 9.520039999999999614e-01
9.070000000000000000e+02 2.263010000000000000e+05 3.282249999999999890e-01
3.000000000000000000e+02 1.969820000000000000e+05 7.795180000000000442e-01
8.080000000000000000e+02 4.943510000000000000e+05 8.856920000000000348e-01
9.070000000000000000e+02 9.656620000000000000e+05 1.695309999999999873e-01
3.900000000000000000e+01 1.225924000000000000e+06 7.013110000000000177e-01
3.000000000000000000e+02 8.891100000000000000e+04 6.794740000000000224e-01
7.240000000000000000e+02 1.240066000000000000e+06 8.863419999999999632e-01
8.080000000000000000e+02 1.692820000000000000e+05 9.520060000000000189e-01
9.070000000000000000e+02 2.263010000000000000e+05 3.282479999999999842e-01
1.850000000000000000e+02 9.105800000000000000e+05 3.481500000000000150e-01
1.850000000000000000e+02 6.889350000000000000e+05 4.707040000000000113e-01
3.000000000000000000e+02 3.393100000000000000e+04 6.278329999999999744e-01
5.760000000000000000e+02 8.981060000000000000e+05 4.959910000000000152e-01
1.850000000000000000e+02 1.845800000000000000e+04 1.562929999999999875e-01
9.310000000000000000e+02 3.346720000000000000e+05 3.060490000000000155e-01
1.850000000000000000e+02 9.105800000000000000e+05 3.481500000000000150e-01
1.850000000000000000e+02 6.889350000000000000e+05 4.707069999999999865e-01
3.000000000000000000e+02 3.393100000000000000e+04 6.278329999999999744e-01
5.760000000000000000e+02 8.981060000000000000e+05 4.959899999999999864e-01
1.850000000000000000e+02 1.845800000000000000e+04 1.562929999999999875e-01
9.310000000000000000e+02 3.346720000000000000e+05 3.060539999999999927e-01
6.920000000000000000e+02 9.288790000000000000e+05 4.650380000000000069e-01
9.310000000000000000e+02 4.721610000000000000e+05 5.302689999999999904e-01
1.850000000000000000e+02 1.845900000000000000e+04 1.547560000000000047e-01
9.310000000000000000e+02 3.346720000000000000e+05 3.060539999999999927e-01
1.850000000000000000e+02 9.105800000000000000e+05 3.462430000000000230e-01
1.850000000000000000e+02 6.889350000000000000e+05 4.700529999999999986e-01
3.000000000000000000e+02 3.393100000000000000e+04 6.283720000000000416e-01
5.760000000000000000e+02 8.981060000000000000e+05 4.962320000000000064e-01
1.850000000000000000e+02 1.845800000000000000e+04 1.547560000000000047e-01
9.310000000000000000e+02 3.346720000000000000e+05 3.060579999999999967e-01
1.850000000000000000e+02 2.380480000000000000e+05 2.370450000000000057e-01
5.760000000000000000e+02 8.028850000000000000e+05 6.846219999999999528e-01
9.170000000000000000e+02 2.747460000000000000e+05 5.564829999999999499e-01
1.850000000000000000e+02 1.845900000000000000e+04 1.547610000000000097e-01
9.310000000000000000e+02 3.346720000000000000e+05 3.060539999999999927e-01
1.850000000000000000e+02 9.105800000000000000e+05 3.462470000000000270e-01
1.850000000000000000e+02 6.889350000000000000e+05 4.700520000000000254e-01
3.000000000000000000e+02 3.393100000000000000e+04 6.283750000000000169e-01
5.760000000000000000e+02 8.981060000000000000e+05 4.962210000000000232e-01
3.900000000000000000e+01 5.885950000000000000e+05 3.366810000000000080e-01
5.760000000000000000e+02 2.699030000000000000e+05 4.090869999999999784e-01
7.650000000000000000e+02 1.050989000000000000e+06 4.559030000000000027e-01
7.650000000000000000e+02 1.050990000000000000e+06 5.739130000000000065e-01
3.000000000000000000e+01 2.461300000000000000e+05 6.252379999999999605e-01
7.650000000000000000e+02 6.867600000000000000e+05 3.227439999999999753e-01
8.140000000000000000e+02 7.625900000000000000e+04 4.894240000000000257e-01
3.900000000000000000e+01 5.885950000000000000e+05 3.366870000000000140e-01
5.760000000000000000e+02 9.151460000000000000e+05 4.091569999999999929e-01
7.650000000000000000e+02 1.050989000000000000e+06 4.559039999999999759e-01
7.650000000000000000e+02 1.050990000000000000e+06 5.739149999999999530e-01
3.900000000000000000e+01 1.260980000000000000e+05 2.464510000000000034e-01
3.000000000000000000e+02 7.328330000000000000e+05 4.559579999999999744e-01
5.760000000000000000e+02 5.057890000000000000e+05 5.933089999999999753e-01
3.900000000000000000e+01 1.909180000000000000e+05 3.181510000000000171e-01
3.900000000000000000e+01 9.932730000000000000e+05 3.314540000000000264e-01
3.900000000000000000e+01 1.075831000000000000e+06 3.165000000000000036e-01
3.900000000000000000e+01 9.932730000000000000e+05 3.314349999999999796e-01
3.900000000000000000e+01 1.075831000000000000e+06 3.165129999999999888e-01
3.900000000000000000e+01 9.932730000000000000e+05 3.314619999999999789e-01
2.200000000000000000e+01 1.285694000000000000e+06 4.525350000000000206e-01
2.200000000000000000e+01 1.005863000000000000e+06 3.656727000000000061e+00
2.880000000000000000e+02 1.183878000000000000e+06 3.550749999999999740e-01
3.440000000000000000e+02 6.936200000000000000e+04 5.671650000000000302e-01
3.440000000000000000e+02 3.679140000000000000e+05 4.733580000000000010e-01
9.170000000000000000e+02 6.035690000000000000e+05 3.132741000000000220e+00
1.039000000000000000e+03 1.067170000000000000e+06 5.843230000000000368e-01
2.200000000000000000e+01 5.354330000000000000e+05 6.163030000000000452e-01
1.950000000000000000e+02 2.763590000000000000e+05 3.719489999999999741e-01
3.440000000000000000e+02 2.482780000000000000e+05 5.471110000000000140e-01
7.240000000000000000e+02 8.098090000000000000e+05 6.014190000000000369e-01
7.240000000000000000e+02 4.081380000000000000e+05 6.009910000000000529e-01
9.170000000000000000e+02 6.599210000000000000e+05 5.095229999999999482e-01
2.200000000000000000e+01 8.536580000000000000e+05 5.381770000000000165e-01
1.950000000000000000e+02 9.733360000000000000e+05 6.546800000000000397e-01
5.110000000000000000e+02 1.168268000000000000e+06 6.376249999999999973e-01
5.990000000000000000e+02 6.531710000000000000e+05 6.217770000000000241e-01
1.039000000000000000e+03 6.931590000000000000e+05 5.094769999999999577e-01
6.430000000000000000e+02 1.868080000000000000e+05 2.034620000000000040e-01
9.180000000000000000e+02 1.183073000000000000e+06 3.733929999999999749e-01
1.039000000000000000e+03 3.199230000000000000e+05 2.046129999999999893e-01
6.430000000000000000e+02 7.341620000000000000e+05 6.413919999999999622e-01
9.180000000000000000e+02 1.385680000000000000e+05 6.981910000000000061e-01
9.200000000000000000e+02 3.529380000000000000e+05 5.898109999999999742e-01
9.200000000000000000e+02 1.128845000000000000e+06 2.118480000000000085e-01
9.180000000000000000e+02 1.385680000000000000e+05 6.981920000000000348e-01
9.200000000000000000e+02 3.529380000000000000e+05 5.898109999999999742e-01
9.200000000000000000e+02 1.128845000000000000e+06 2.118480000000000085e-01
6.430000000000000000e+02 7.341630000000000000e+05 6.432630000000000292e-01
9.180000000000000000e+02 1.385680000000000000e+05 6.981950000000000101e-01
9.200000000000000000e+02 3.529380000000000000e+05 5.898139999999999494e-01
6.430000000000000000e+02 8.878500000000000000e+05 2.054209999999999925e-01
9.180000000000000000e+02 1.183073000000000000e+06 3.732800000000000007e-01
1.039000000000000000e+03 1.121720000000000000e+06 2.058899999999999897e-01
6.430000000000000000e+02 7.341620000000000000e+05 6.432710000000000372e-01
9.180000000000000000e+02 1.385680000000000000e+05 6.982019999999999893e-01
9.200000000000000000e+02 3.529380000000000000e+05 5.898240000000000149e-01
9.200000000000000000e+02 1.128845000000000000e+06 2.118500000000000105e-01
1.600000000000000000e+02 2.074100000000000000e+04 3.257590000000000208e-01
1.001000000000000000e+03 8.037240000000000000e+05 7.078400000000000247e-01
1.600000000000000000e+02 3.142750000000000000e+05 4.350120000000000098e-01
4.870000000000000000e+02 7.002260000000000000e+05 4.463759999999999950e-01
6.230000000000000000e+02 2.014900000000000000e+05 2.619409999999999794e-01
1.001000000000000000e+03 2.066220000000000000e+05 6.876179999999999515e-01
1.580000000000000000e+02 9.696170000000000000e+05 6.007550000000000390e-01
9.010000000000000000e+02 1.146131000000000000e+06 2.872410000000000241e-01
4.870000000000000000e+02 1.207459000000000000e+06 1.517820000000000003e-01
9.010000000000000000e+02 6.960360000000000000e+05 4.455819999999999781e-01
9.010000000000000000e+02 4.758020000000000000e+05 1.082162000000000068e+00
4.870000000000000000e+02 8.218040000000000000e+05 2.966639999999999833e-01
9.980000000000000000e+02 1.774270000000000000e+05 4.687779999999999725e-01
9.980000000000000000e+02 8.601420000000000000e+05 4.605406999999999584e+00
1.001000000000000000e+03 8.630030000000000000e+05 7.354199999999999626e-01
1.001000000000000000e+03 1.704850000000000000e+05 4.727854999999999919e+00
1.001000000000000000e+03 1.244428000000000000e+06 4.676428999999999725e+00
4.870000000000000000e+02 5.543930000000000000e+05 5.726980000000000404e-01
6.460000000000000000e+02 4.886680000000000000e+05 3.744770000000000043e-01
9.010000000000000000e+02 6.474130000000000000e+05 9.469779999999999864e-01
3.660000000000000000e+02 3.482500000000000000e+05 5.115589999999999860e-01
6.460000000000000000e+02 4.252300000000000000e+05 2.129379999999999884e-01
6.680000000000000000e+02 1.205470000000000000e+05 7.030389999999999695e-01
9.980000000000000000e+02 1.146537000000000000e+06 6.896809999999999885e-01
1.320000000000000000e+03 1.666910000000000000e+05 7.658310000000000395e-01
4.870000000000000000e+02 5.543930000000000000e+05 5.726919999999999789e-01
6.460000000000000000e+02 4.886680000000000000e+05 3.744770000000000043e-01
9.010000000000000000e+02 6.474130000000000000e+05 9.469790000000000152e-01
3.660000000000000000e+02 3.482500000000000000e+05 5.115589999999999860e-01
6.460000000000000000e+02 4.252300000000000000e+05 2.129379999999999884e-01
6.680000000000000000e+02 1.205470000000000000e+05 7.030459999999999487e-01
9.980000000000000000e+02 1.146537000000000000e+06 6.896750000000000380e-01
1.320000000000000000e+03 1.666910000000000000e+05 7.658319999999999572e-01
4.870000000000000000e+02 5.543930000000000000e+05 5.726820000000000244e-01
6.460000000000000000e+02 4.886680000000000000e+05 3.744770000000000043e-01
9.010000000000000000e+02 6.474130000000000000e+05 9.469790000000000152e-01
4.870000000000000000e+02 8.971810000000000000e+05 1.036310000000000009e-01
9.010000000000000000e+02 6.960370000000000000e+05 4.360060000000000047e-01
9.010000000000000000e+02 4.758020000000000000e+05 1.051360000000000072e+00
4.870000000000000000e+02 5.543930000000000000e+05 5.726820000000000244e-01
6.460000000000000000e+02 4.886680000000000000e+05 3.744770000000000043e-01
9.010000000000000000e+02 6.474130000000000000e+05 9.469760000000000399e-01
3.660000000000000000e+02 3.482500000000000000e+05 5.115579999999999572e-01
6.460000000000000000e+02 4.252300000000000000e+05 2.129389999999999894e-01
6.680000000000000000e+02 1.205470000000000000e+05 7.030419999999999447e-01
9.980000000000000000e+02 1.146537000000000000e+06 6.896799999999999597e-01
1.320000000000000000e+03 1.666910000000000000e+05 7.658329999999999860e-01
4.870000000000000000e+02 5.543930000000000000e+05 5.726900000000000324e-01
6.460000000000000000e+02 4.886680000000000000e+05 3.744770000000000043e-01
9.010000000000000000e+02 6.474130000000000000e+05 9.469779999999999864e-01
3.100000000000000000e+01 8.022560000000000000e+05 6.756999999999999673e-01
2.820000000000000000e+02 4.123120000000000000e+05 4.545399999999999996e-01
5.030000000000000000e+02 6.247000000000000000e+05 8.181410000000000071e-01
5.030000000000000000e+02 4.751600000000000000e+04 3.797036999999999995e+00
4.870000000000000000e+02 5.543930000000000000e+05 5.726860000000000284e-01
6.460000000000000000e+02 4.886680000000000000e+05 3.744770000000000043e-01
9.010000000000000000e+02 6.474130000000000000e+05 9.469790000000000152e-01
4.870000000000000000e+02 8.971810000000000000e+05 1.036350000000000049e-01
9.010000000000000000e+02 6.960370000000000000e+05 4.360189999999999899e-01
9.010000000000000000e+02 4.758020000000000000e+05 1.050095000000000001e+00
4.870000000000000000e+02 5.543930000000000000e+05 5.726879999999999749e-01
6.460000000000000000e+02 4.886680000000000000e+05 3.744790000000000063e-01
9.010000000000000000e+02 6.474130000000000000e+05 9.469809999999999617e-01
3.660000000000000000e+02 3.482500000000000000e+05 5.115570000000000395e-01
6.460000000000000000e+02 4.252300000000000000e+05 2.129389999999999894e-01
6.680000000000000000e+02 1.205470000000000000e+05 7.030419999999999447e-01
9.980000000000000000e+02 1.146537000000000000e+06 6.896780000000000133e-01
1.320000000000000000e+03 1.666910000000000000e+05 7.658310000000000395e-01
4.870000000000000000e+02 5.543930000000000000e+05 5.726799999999999669e-01
6.460000000000000000e+02 4.886680000000000000e+05 3.744799999999999796e-01
9.010000000000000000e+02 6.474130000000000000e+05 9.469819999999999904e-01
3.660000000000000000e+02 3.482500000000000000e+05 5.115579999999999572e-01
6.460000000000000000e+02 4.252300000000000000e+05 2.129389999999999894e-01
6.680000000000000000e+02 1.205470000000000000e+05 7.030419999999999447e-01
9.980000000000000000e+02 1.146537000000000000e+06 6.896780000000000133e-01
1.320000000000000000e+03 1.666910000000000000e+05 7.658329999999999860e-01
4.870000000000000000e+02 5.543930000000000000e+05 5.726769999999999916e-01
6.460000000000000000e+02 4.886680000000000000e+05 3.744810000000000083e-01
9.010000000000000000e+02 6.474130000000000000e+05 9.469830000000000192e-01
3.660000000000000000e+02 3.482500000000000000e+05 5.115589999999999860e-01
6.460000000000000000e+02 4.252300000000000000e+05 2.129389999999999894e-01
6.680000000000000000e+02 1.205470000000000000e+05 7.030440000000000023e-01
9.980000000000000000e+02 1.146537000000000000e+06 6.896780000000000133e-01
1.320000000000000000e+03 1.666910000000000000e+05 7.658319999999999572e-01
4.870000000000000000e+02 5.543930000000000000e+05 5.727029999999999621e-01
6.460000000000000000e+02 4.886680000000000000e+05 3.744830000000000103e-01
9.010000000000000000e+02 6.474130000000000000e+05 9.469840000000000479e-01
3.660000000000000000e+02 3.482500000000000000e+05 5.115600000000000147e-01
6.460000000000000000e+02 4.252300000000000000e+05 2.129389999999999894e-01
6.680000000000000000e+02 1.205470000000000000e+05 7.030440000000000023e-01
9.980000000000000000e+02 1.146537000000000000e+06 6.896799999999999597e-01
1.320000000000000000e+03 1.666910000000000000e+05 7.658340000000000147e-01
4.870000000000000000e+02 5.543930000000000000e+05 5.726830000000000531e-01
6.460000000000000000e+02 4.886680000000000000e+05 3.744839999999999836e-01
9.010000000000000000e+02 6.474130000000000000e+05 9.469859999999999944e-01
3.660000000000000000e+02 3.482500000000000000e+05 5.115600000000000147e-01
6.460000000000000000e+02 4.252300000000000000e+05 2.129389999999999894e-01
6.680000000000000000e+02 1.205470000000000000e+05 7.030429999999999735e-01
9.980000000000000000e+02 1.146537000000000000e+06 6.896790000000000420e-01
1.320000000000000000e+03 1.666910000000000000e+05 7.658289999999999820e-01
4.870000000000000000e+02 5.543930000000000000e+05 5.726780000000000204e-01
6.460000000000000000e+02 4.886680000000000000e+05 3.744859999999999856e-01
9.010000000000000000e+02 6.474130000000000000e+05 9.469870000000000232e-01
3.660000000000000000e+02 3.482500000000000000e+05 5.115579999999999572e-01
6.460000000000000000e+02 4.252300000000000000e+05 2.129389999999999894e-01
6.680000000000000000e+02 1.205470000000000000e+05 7.030440000000000023e-01
9.980000000000000000e+02 1.146537000000000000e+06 6.896799999999999597e-01
1.320000000000000000e+03 1.666910000000000000e+05 7.658300000000000107e-01
4.870000000000000000e+02 5.543930000000000000e+05 5.726959999999999829e-01
6.460000000000000000e+02 4.886680000000000000e+05 3.744879999999999876e-01
9.010000000000000000e+02 6.474130000000000000e+05 9.469899999999999984e-01
3.660000000000000000e+02 3.482500000000000000e+05 5.115600000000000147e-01
6.460000000000000000e+02 4.252300000000000000e+05 2.129389999999999894e-01
6.680000000000000000e+02 1.205470000000000000e+05 7.030410000000000270e-01
9.980000000000000000e+02 1.146537000000000000e+06 6.896799999999999597e-01
1.320000000000000000e+03 1.666910000000000000e+05 7.658329999999999860e-01
4.870000000000000000e+02 5.543930000000000000e+05 5.726930000000000076e-01
6.460000000000000000e+02 4.886680000000000000e+05 3.744890000000000163e-01
9.010000000000000000e+02 6.474130000000000000e+05 9.469910000000000272e-01
3.660000000000000000e+02 3.482500000000000000e+05 5.115600000000000147e-01
6.460000000000000000e+02 4.252300000000000000e+05 2.129389999999999894e-01
6.680000000000000000e+02 1.205470000000000000e+05 7.030429999999999735e-01
9.980000000000000000e+02 1.146537000000000000e+06 6.896780000000000133e-01
1.320000000000000000e+03 1.666910000000000000e+05 7.658300000000000107e-01
4.870000000000000000e+02 5.543930000000000000e+05 5.726860000000000284e-01
6.460000000000000000e+02 4.886680000000000000e+05 3.744899999999999896e-01
9.010000000000000000e+02 6.474130000000000000e+05 9.469919999999999449e-01
3.660000000000000000e+02 3.482500000000000000e+05 5.115600000000000147e-01
6.460000000000000000e+02 4.252300000000000000e+05 2.129389999999999894e-01
6.680000000000000000e+02 1.205470000000000000e+05 7.030469999999999775e-01
9.980000000000000000e+02 1.146537000000000000e+06 6.896780000000000133e-01
1.320000000000000000e+03 1.666910000000000000e+05 7.658279999999999532e-01
4.870000000000000000e+02 5.543930000000000000e+05 5.726890000000000036e-01
6.460000000000000000e+02 4.886680000000000000e+05 3.744919999999999916e-01
9.010000000000000000e+02 6.474130000000000000e+05 9.469929999999999737e-01
3.660000000000000000e+02 3.482500000000000000e+05 5.115610000000000435e-01
6.460000000000000000e+02 4.252300000000000000e+05 2.129389999999999894e-01
6.680000000000000000e+02 1.205470000000000000e+05 7.030440000000000023e-01
9.980000000000000000e+02 1.146537000000000000e+06 6.896750000000000380e-01
1.320000000000000000e+03 1.666910000000000000e+05 7.658329999999999860e-01
4.870000000000000000e+02 5.543930000000000000e+05 5.726940000000000364e-01
6.460000000000000000e+02 4.886680000000000000e+05 3.744930000000000203e-01
9.010000000000000000e+02 6.474130000000000000e+05 9.469950000000000312e-01
3.660000000000000000e+02 3.482500000000000000e+05 5.115610000000000435e-01
6.460000000000000000e+02 4.252300000000000000e+05 2.129389999999999894e-01
6.680000000000000000e+02 1.205470000000000000e+05 7.030450000000000310e-01
9.980000000000000000e+02 1.146537000000000000e+06 6.896759999999999557e-01
1.320000000000000000e+03 1.666910000000000000e+05 7.658249999999999780e-01
4.870000000000000000e+02 5.543930000000000000e+05 5.726930000000000076e-01
6.460000000000000000e+02 4.886680000000000000e+05 3.744939999999999936e-01
9.010000000000000000e+02 6.474130000000000000e+05 9.469969999999999777e-01
3.660000000000000000e+02 3.482500000000000000e+05 5.115600000000000147e-01
6.460000000000000000e+02 4.252300000000000000e+05 2.129389999999999894e-01
6.680000000000000000e+02 1.205470000000000000e+05 7.030450000000000310e-01
9.980000000000000000e+02 1.146537000000000000e+06 6.896809999999999885e-01
1.320000000000000000e+03 1.666910000000000000e+05 7.658300000000000107e-01
4.870000000000000000e+02 5.543930000000000000e+05 5.726980000000000404e-01
6.460000000000000000e+02 4.886680000000000000e+05 3.744950000000000223e-01
9.010000000000000000e+02 6.474130000000000000e+05 9.469980000000000064e-01
4.870000000000000000e+02 8.971810000000000000e+05 1.036289999999999989e-01
9.010000000000000000e+02 6.960370000000000000e+05 4.360160000000000147e-01
9.010000000000000000e+02 4.758020000000000000e+05 1.050119999999999942e+00
4.870000000000000000e+02 5.543930000000000000e+05 5.726980000000000404e-01
6.460000000000000000e+02 4.886680000000000000e+05 3.744939999999999936e-01
9.010000000000000000e+02 6.474130000000000000e+05 9.469980000000000064e-01
3.660000000000000000e+02 3.482500000000000000e+05 5.115589999999999860e-01
6.460000000000000000e+02 4.252300000000000000e+05 2.129369999999999874e-01
6.680000000000000000e+02 1.205470000000000000e+05 7.030389999999999695e-01
9.980000000000000000e+02 1.146537000000000000e+06 6.896790000000000420e-01
1.320000000000000000e+03 1.666910000000000000e+05 7.658300000000000107e-01
4.870000000000000000e+02 5.543930000000000000e+05 5.727090000000000236e-01
6.460000000000000000e+02 4.886680000000000000e+05 3.744950000000000223e-01
9.010000000000000000e+02 6.474130000000000000e+05 9.470020000000000104e-01
3.660000000000000000e+02 3.482500000000000000e+05 5.115600000000000147e-01
6.460000000000000000e+02 4.252300000000000000e+05 2.129369999999999874e-01
6.680000000000000000e+02 1.205470000000000000e+05 7.030399999999999983e-01
9.980000000000000000e+02 1.146537000000000000e+06 6.896790000000000420e-01
1.320000000000000000e+03 1.666910000000000000e+05 7.658340000000000147e-01
4.870000000000000000e+02 5.543930000000000000e+05 5.726930000000000076e-01
6.460000000000000000e+02 4.886680000000000000e+05 3.744959999999999956e-01
9.010000000000000000e+02 6.474130000000000000e+05 9.470009999999999817e-01
3.660000000000000000e+02 3.482500000000000000e+05 5.115610000000000435e-01
6.460000000000000000e+02 4.252300000000000000e+05 2.129369999999999874e-01
6.680000000000000000e+02 1.205470000000000000e+05 7.030429999999999735e-01
9.980000000000000000e+02 1.146537000000000000e+06 6.896799999999999597e-01
1.320000000000000000e+03 1.666910000000000000e+05 7.658300000000000107e-01
4.870000000000000000e+02 5.543930000000000000e+05 5.727010000000000156e-01
6.460000000000000000e+02 4.886680000000000000e+05 3.744970000000000243e-01
9.010000000000000000e+02 6.474130000000000000e+05 9.470030000000000392e-01
4.870000000000000000e+02 8.971810000000000000e+05 1.036279999999999979e-01
9.010000000000000000e+02 6.960370000000000000e+05 4.359870000000000134e-01
4.870000000000000000e+02 5.543930000000000000e+05 5.727010000000000156e-01
6.460000000000000000e+02 4.886680000000000000e+05 3.744990000000000263e-01
9.010000000000000000e+02 6.474130000000000000e+05 9.470039999999999569e-01
3.660000000000000000e+02 3.482500000000000000e+05 5.115600000000000147e-01
6.460000000000000000e+02 4.252300000000000000e+05 2.129389999999999894e-01
6.680000000000000000e+02 1.205470000000000000e+05 7.030429999999999735e-01
9.980000000000000000e+02 1.146537000000000000e+06 6.896780000000000133e-01
1.320000000000000000e+03 1.666910000000000000e+05 7.658289999999999820e-01
4.870000000000000000e+02 5.543930000000000000e+05 5.727029999999999621e-01
6.460000000000000000e+02 4.886680000000000000e+05 3.745009999999999728e-01
9.010000000000000000e+02 6.474130000000000000e+05 9.470030000000000392e-01
3.100000000000000000e+01 8.022560000000000000e+05 6.757009999999999961e-01
2.820000000000000000e+02 4.123120000000000000e+05 4.545290000000000163e-01
5.030000000000000000e+02 6.247000000000000000e+05 8.181410000000000071e-01
5.030000000000000000e+02 4.751600000000000000e+04 3.797036999999999995e+00
2.820000000000000000e+02 1.056332000000000000e+06 5.807130000000000347e-01
5.030000000000000000e+02 1.182369000000000000e+06 8.776960000000000317e-01
9.270000000000000000e+02 9.050360000000000000e+05 6.101729999999999654e-01
3.100000000000000000e+01 8.022560000000000000e+05 6.756999999999999673e-01
2.820000000000000000e+02 4.123120000000000000e+05 4.545290000000000163e-01
5.030000000000000000e+02 6.247000000000000000e+05 8.181389999999999496e-01
4.870000000000000000e+02 5.543930000000000000e+05 5.726930000000000076e-01
6.460000000000000000e+02 4.886680000000000000e+05 3.745569999999999733e-01
9.010000000000000000e+02 6.474130000000000000e+05 9.470030000000000392e-01
3.660000000000000000e+02 3.482500000000000000e+05 5.115560000000000107e-01
6.460000000000000000e+02 4.252300000000000000e+05 2.129749999999999976e-01
6.680000000000000000e+02 1.205470000000000000e+05 7.030340000000000478e-01
9.980000000000000000e+02 1.146537000000000000e+06 6.896930000000000005e-01
1.320000000000000000e+03 1.666910000000000000e+05 7.658150000000000235e-01
4.870000000000000000e+02 5.543930000000000000e+05 5.726949999999999541e-01
6.460000000000000000e+02 4.886680000000000000e+05 3.745560000000000000e-01
9.010000000000000000e+02 6.474130000000000000e+05 9.470049999999999857e-01
3.100000000000000000e+01 8.022560000000000000e+05 6.757069999999999466e-01
2.820000000000000000e+02 4.123120000000000000e+05 4.545449999999999768e-01
5.030000000000000000e+02 6.247000000000000000e+05 8.181519999999999904e-01
4.870000000000000000e+02 5.543930000000000000e+05 5.726790000000000491e-01
6.460000000000000000e+02 4.886680000000000000e+05 3.745580000000000020e-01
9.010000000000000000e+02 6.474130000000000000e+05 9.470150000000000512e-01
3.660000000000000000e+02 3.482500000000000000e+05 5.115549999999999820e-01
6.460000000000000000e+02 4.252300000000000000e+05 2.129699999999999926e-01
6.680000000000000000e+02 1.205470000000000000e+05 7.030330000000000190e-01
9.980000000000000000e+02 1.146537000000000000e+06 6.896940000000000293e-01
1.320000000000000000e+03 1.666910000000000000e+05 7.658129999999999660e-01
4.870000000000000000e+02 5.543930000000000000e+05 5.726879999999999749e-01
6.460000000000000000e+02 4.886680000000000000e+05 3.745580000000000020e-01
9.010000000000000000e+02 6.474130000000000000e+05 9.470140000000000224e-01
3.660000000000000000e+02 3.482500000000000000e+05 5.115560000000000107e-01
6.460000000000000000e+02 4.252300000000000000e+05 2.129699999999999926e-01
6.680000000000000000e+02 1.205470000000000000e+05 7.030309999999999615e-01
9.980000000000000000e+02 1.146537000000000000e+06 6.896930000000000005e-01
1.320000000000000000e+03 1.666910000000000000e+05 7.658150000000000235e-01
4.870000000000000000e+02 5.543930000000000000e+05 5.726869999999999461e-01
6.460000000000000000e+02 4.886680000000000000e+05 3.745569999999999733e-01
9.010000000000000000e+02 6.474130000000000000e+05 9.470150000000000512e-01
3.660000000000000000e+02 3.482500000000000000e+05 5.115549999999999820e-01
6.460000000000000000e+02 4.252300000000000000e+05 2.129699999999999926e-01
6.680000000000000000e+02 1.205470000000000000e+05 7.030330000000000190e-01
9.980000000000000000e+02 1.146537000000000000e+06 6.896940000000000293e-01
1.320000000000000000e+03 1.666910000000000000e+05 7.658120000000000482e-01
4.870000000000000000e+02 5.543930000000000000e+05 5.726999999999999869e-01
6.460000000000000000e+02 4.886680000000000000e+05 3.745569999999999733e-01
9.010000000000000000e+02 6.474130000000000000e+05 9.470110000000000472e-01
3.660000000000000000e+02 3.482500000000000000e+05 5.115560000000000107e-01
6.460000000000000000e+02 4.252300000000000000e+05 2.129699999999999926e-01
6.680000000000000000e+02 1.205470000000000000e+05 7.030290000000000150e-01
9.980000000000000000e+02 1.146537000000000000e+06 6.896900000000000253e-01
1.320000000000000000e+03 1.666910000000000000e+05 7.658179999999999987e-01
4.870000000000000000e+02 5.543930000000000000e+05 5.726890000000000036e-01
6.460000000000000000e+02 4.886680000000000000e+05 3.745560000000000000e-01
9.010000000000000000e+02 6.474130000000000000e+05 9.470110000000000472e-01
4.870000000000000000e+02 8.971810000000000000e+05 1.035940000000000055e-01
9.010000000000000000e+02 6.960370000000000000e+05 4.359839999999999827e-01
9.010000000000000000e+02 4.758020000000000000e+05 1.050105000000000066e+00
4.870000000000000000e+02 5.543930000000000000e+05 5.726890000000000036e-01
6.460000000000000000e+02 4.886680000000000000e+05 3.745569999999999733e-01
9.010000000000000000e+02 6.474130000000000000e+05 9.470129999999999937e-01
3.660000000000000000e+02 3.482500000000000000e+05 5.115560000000000107e-01
6.460000000000000000e+02 4.252300000000000000e+05 2.129729999999999956e-01
6.680000000000000000e+02 1.205470000000000000e+05 7.030330000000000190e-01
9.980000000000000000e+02 1.146537000000000000e+06 6.896900000000000253e-01
1.320000000000000000e+03 1.666910000000000000e+05 7.658160000000000522e-01
4.870000000000000000e+02 5.543930000000000000e+05 5.726710000000000411e-01
6.460000000000000000e+02 4.886680000000000000e+05 3.745560000000000000e-01
9.010000000000000000e+02 6.474130000000000000e+05 9.470100000000000184e-01
3.660000000000000000e+02 3.482500000000000000e+05 5.115570000000000395e-01
6.460000000000000000e+02 4.252300000000000000e+05 2.129729999999999956e-01
6.680000000000000000e+02 1.205470000000000000e+05 7.030380000000000518e-01
9.980000000000000000e+02 1.146537000000000000e+06 6.896900000000000253e-01
1.320000000000000000e+03 1.666910000000000000e+05 7.658169999999999700e-01
4.870000000000000000e+02 5.543930000000000000e+05 5.726869999999999461e-01
6.460000000000000000e+02 4.886680000000000000e+05 3.745550000000000268e-01
9.010000000000000000e+02 6.474130000000000000e+05 9.470089999999999897e-01
3.660000000000000000e+02 3.482500000000000000e+05 5.115579999999999572e-01
6.460000000000000000e+02 4.252300000000000000e+05 2.129729999999999956e-01
6.680000000000000000e+02 1.205470000000000000e+05 7.030319999999999903e-01
9.980000000000000000e+02 1.146537000000000000e+06 6.896910000000000540e-01
1.320000000000000000e+03 1.666910000000000000e+05 7.658160000000000522e-01
4.870000000000000000e+02 5.543930000000000000e+05 5.726900000000000324e-01
6.460000000000000000e+02 4.886680000000000000e+05 3.745550000000000268e-01
9.010000000000000000e+02 6.474130000000000000e+05 9.470110000000000472e-01
3.660000000000000000e+02 3.482500000000000000e+05 5.115560000000000107e-01
6.460000000000000000e+02 4.252300000000000000e+05 2.129729999999999956e-01
6.680000000000000000e+02 1.205470000000000000e+05 7.030359999999999943e-01
9.980000000000000000e+02 1.146537000000000000e+06 6.896879999999999677e-01
1.320000000000000000e+03 1.666910000000000000e+05 7.658120000000000482e-01
4.870000000000000000e+02 5.543930000000000000e+05 5.726830000000000531e-01
6.460000000000000000e+02 4.886680000000000000e+05 3.745560000000000000e-01
9.010000000000000000e+02 6.474130000000000000e+05 9.470110000000000472e-01
3.660000000000000000e+02 3.482500000000000000e+05 5.115570000000000395e-01
6.460000000000000000e+02 4.252300000000000000e+05 2.129729999999999956e-01
6.680000000000000000e+02 1.205470000000000000e+05 7.030330000000000190e-01
9.980000000000000000e+02 1.146537000000000000e+06 6.896900000000000253e-01
1.320000000000000000e+03 1.666910000000000000e+05 7.658199999999999452e-01
4.870000000000000000e+02 5.543930000000000000e+05 5.726750000000000451e-01
6.460000000000000000e+02 4.886680000000000000e+05 3.745569999999999733e-01
9.010000000000000000e+02 6.474130000000000000e+05 9.470119999999999649e-01
3.660000000000000000e+02 3.482500000000000000e+05 5.115570000000000395e-01
6.460000000000000000e+02 4.252300000000000000e+05 2.129729999999999956e-01
6.680000000000000000e+02 1.205470000000000000e+05 7.030300000000000438e-01
9.980000000000000000e+02 1.146537000000000000e+06 6.896919999999999717e-01
1.320000000000000000e+03 1.666910000000000000e+05 7.658160000000000522e-01
4.870000000000000000e+02 5.543930000000000000e+05 5.726830000000000531e-01
6.460000000000000000e+02 4.886680000000000000e+05 3.745580000000000020e-01
9.010000000000000000e+02 6.474130000000000000e+05 9.470119999999999649e-01
3.660000000000000000e+02 3.482500000000000000e+05 5.115570000000000395e-01
6.460000000000000000e+02 4.252300000000000000e+05 2.129729999999999956e-01
6.680000000000000000e+02 1.205470000000000000e+05 7.030349999999999655e-01
9.980000000000000000e+02 1.146537000000000000e+06 6.896930000000000005e-01
1.320000000000000000e+03 1.666910000000000000e+05 7.658179999999999987e-01
4.870000000000000000e+02 5.543930000000000000e+05 5.726999999999999869e-01
6.460000000000000000e+02 4.886680000000000000e+05 3.745580000000000020e-01
9.010000000000000000e+02 6.474130000000000000e+05 9.470140000000000224e-01
3.660000000000000000e+02 3.482500000000000000e+05 5.115579999999999572e-01
6.460000000000000000e+02 4.252300000000000000e+05 2.129729999999999956e-01
6.680000000000000000e+02 1.205470000000000000e+05 7.030340000000000478e-01
9.980000000000000000e+02 1.146537000000000000e+06 6.896900000000000253e-01
1.320000000000000000e+03 1.666910000000000000e+05 7.658150000000000235e-01
4.870000000000000000e+02 5.543930000000000000e+05 5.726879999999999749e-01
6.460000000000000000e+02 4.886680000000000000e+05 3.745589999999999753e-01
9.010000000000000000e+02 6.474130000000000000e+05 9.470140000000000224e-01
3.660000000000000000e+02 3.482500000000000000e+05 5.115560000000000107e-01
6.460000000000000000e+02 4.252300000000000000e+05 2.129729999999999956e-01
6.680000000000000000e+02 1.205470000000000000e+05 7.030340000000000478e-01
9.980000000000000000e+02 1.146537000000000000e+06 6.896900000000000253e-01
1.320000000000000000e+03 1.666910000000000000e+05 7.658150000000000235e-01
4.870000000000000000e+02 5.543930000000000000e+05 5.726909999999999501e-01
6.460000000000000000e+02 4.886680000000000000e+05 3.745600000000000041e-01
9.010000000000000000e+02 6.474130000000000000e+05 9.470159999999999689e-01
3.660000000000000000e+02 3.482500000000000000e+05 5.115579999999999572e-01
6.460000000000000000e+02 4.252300000000000000e+05 2.129729999999999956e-01
6.680000000000000000e+02 1.205470000000000000e+05 7.030319999999999903e-01
9.980000000000000000e+02 1.146537000000000000e+06 6.896919999999999717e-01
1.320000000000000000e+03 1.666910000000000000e+05 7.658139999999999947e-01
4.870000000000000000e+02 5.543930000000000000e+05 5.726940000000000364e-01
6.460000000000000000e+02 4.886680000000000000e+05 3.745609999999999773e-01
9.010000000000000000e+02 6.474130000000000000e+05 9.470180000000000264e-01
3.660000000000000000e+02 3.482500000000000000e+05 5.115579999999999572e-01
6.460000000000000000e+02 4.252300000000000000e+05 2.129729999999999956e-01
6.680000000000000000e+02 1.205470000000000000e+05 7.030359999999999943e-01
9.980000000000000000e+02 1.146537000000000000e+06 6.896910000000000540e-01
1.320000000000000000e+03 1.666910000000000000e+05 7.658139999999999947e-01
1.930000000000000000e+02 6.362600000000000000e+04 6.033579999999999499e-01
3.660000000000000000e+02 4.615300000000000000e+04 4.126879999999999993e-01
1.320000000000000000e+03 3.625000000000000000e+03 7.876729999999999565e-01
1.323000000000000000e+03 2.079100000000000000e+05 4.021150000000000002e-01
1.323000000000000000e+03 4.331400000000000000e+04 1.710510000000000086e-01
1.930000000000000000e+02 6.362600000000000000e+04 6.033570000000000322e-01
3.660000000000000000e+02 4.615400000000000000e+04 4.107219999999999760e-01
1.320000000000000000e+03 3.625000000000000000e+03 7.876750000000000140e-01
1.323000000000000000e+03 2.079100000000000000e+05 4.021140000000000270e-01
3.660000000000000000e+02 3.482500000000000000e+05 5.097080000000000499e-01
6.460000000000000000e+02 4.525120000000000000e+05 2.152850000000000041e-01
6.680000000000000000e+02 1.205470000000000000e+05 7.032009999999999650e-01
9.980000000000000000e+02 1.146537000000000000e+06 6.895879999999999788e-01
1.320000000000000000e+03 1.666910000000000000e+05 7.662790000000000434e-01
4.870000000000000000e+02 5.543930000000000000e+05 5.732669999999999710e-01
6.460000000000000000e+02 4.886680000000000000e+05 3.766260000000000163e-01
9.010000000000000000e+02 6.474130000000000000e+05 9.474359999999999449e-01
4.870000000000000000e+02 8.971810000000000000e+05 1.043049999999999949e-01
9.010000000000000000e+02 6.960370000000000000e+05 4.360010000000000274e-01
9.010000000000000000e+02 4.758020000000000000e+05 1.050130999999999926e+00
4.870000000000000000e+02 5.543930000000000000e+05 5.732660000000000533e-01
6.460000000000000000e+02 4.886680000000000000e+05 3.743170000000000108e-01
9.010000000000000000e+02 6.474130000000000000e+05 9.474329999999999696e-01
3.660000000000000000e+02 3.482500000000000000e+05 5.115739999999999732e-01
6.460000000000000000e+02 4.252300000000000000e+05 2.128599999999999937e-01
6.680000000000000000e+02 1.205470000000000000e+05 7.030119999999999703e-01
9.980000000000000000e+02 1.146537000000000000e+06 6.897039999999999837e-01
1.320000000000000000e+03 1.666910000000000000e+05 7.658139999999999947e-01
4.870000000000000000e+02 5.543930000000000000e+05 5.732679999999999998e-01
6.460000000000000000e+02 4.886680000000000000e+05 3.743170000000000108e-01
9.010000000000000000e+02 6.474130000000000000e+05 9.474320000000000519e-01
3.660000000000000000e+02 3.482500000000000000e+05 5.115720000000000267e-01
6.460000000000000000e+02 4.252300000000000000e+05 2.128609999999999947e-01
6.680000000000000000e+02 1.205470000000000000e+05 7.030129999999999990e-01
9.980000000000000000e+02 1.146537000000000000e+06 6.897010000000000085e-01
1.320000000000000000e+03 1.666910000000000000e+05 7.658099999999999907e-01
4.870000000000000000e+02 5.543930000000000000e+05 5.732730000000000325e-01
6.460000000000000000e+02 4.886680000000000000e+05 3.743159999999999821e-01
9.010000000000000000e+02 6.474130000000000000e+05 9.474339999999999984e-01
3.660000000000000000e+02 3.482500000000000000e+05 5.115720000000000267e-01
6.460000000000000000e+02 4.252300000000000000e+05 2.128609999999999947e-01
6.680000000000000000e+02 1.205470000000000000e+05 7.030110000000000525e-01
9.980000000000000000e+02 1.146537000000000000e+06 6.897020000000000373e-01
1.320000000000000000e+03 1.666910000000000000e+05 7.658110000000000195e-01
1.930000000000000000e+02 6.362600000000000000e+04 6.033570000000000322e-01
3.660000000000000000e+02 4.615300000000000000e+04 4.127020000000000133e-01
1.320000000000000000e+03 3.625000000000000000e+03 7.876769999999999605e-01
1.323000000000000000e+03 2.079100000000000000e+05 4.021150000000000002e-01
1.323000000000000000e+03 4.331400000000000000e+04 1.710520000000000096e-01
1.930000000000000000e+02 6.362600000000000000e+04 6.033570000000000322e-01
3.660000000000000000e+02 4.615400000000000000e+04 4.107239999999999780e-01
1.320000000000000000e+03 3.625000000000000000e+03 7.876750000000000140e-01
1.323000000000000000e+03 2.079100000000000000e+05 4.021150000000000002e-01
1.323000000000000000e+03 4.331400000000000000e+04 1.710520000000000096e-01
1.930000000000000000e+02 6.362600000000000000e+04 6.033570000000000322e-01
3.660000000000000000e+02 4.615400000000000000e+04 4.107239999999999780e-01
1.320000000000000000e+03 3.625000000000000000e+03 7.876739999999999853e-01
1.323000000000000000e+03 2.079100000000000000e+05 4.021150000000000002e-01
1.930000000000000000e+02 8.963960000000000000e+05 4.851550000000000029e-01
1.320000000000000000e+03 7.161300000000000000e+04 8.777059999999999862e-01
1.085000000000000000e+03 8.936810000000000000e+05 4.051759999999999806e-01
1.320000000000000000e+03 1.092099000000000000e+06 3.428189999999999849e-01
1.930000000000000000e+02 9.283000000000000000e+03 8.411689999999999445e-01
3.660000000000000000e+02 6.564200000000000000e+05 7.204009999999999581e-01
3.660000000000000000e+02 7.631440000000000000e+05 4.885252000000000372e+00
9.980000000000000000e+02 1.276186000000000000e+06 5.843350000000000488e-01
1.320000000000000000e+03 1.289751000000000000e+06 5.140759999999999774e-01
3.660000000000000000e+02 5.682510000000000000e+05 6.739669999999999828e-01
5.260000000000000000e+02 1.796990000000000000e+05 9.930879999999999708e-01
6.680000000000000000e+02 9.190540000000000000e+05 1.013192000000000093e+00
9.980000000000000000e+02 7.824030000000000000e+05 7.196529999999999871e-01
1.930000000000000000e+02 9.283000000000000000e+03 8.411739999999999773e-01
3.660000000000000000e+02 6.564200000000000000e+05 7.204009999999999581e-01
3.660000000000000000e+02 7.631440000000000000e+05 4.885252000000000372e+00
9.980000000000000000e+02 1.276186000000000000e+06 5.843350000000000488e-01
1.320000000000000000e+03 1.289752000000000000e+06 5.137749999999999817e-01
1.085000000000000000e+03 8.936810000000000000e+05 4.048910000000000009e-01
1.320000000000000000e+03 1.092099000000000000e+06 3.426779999999999826e-01
1.930000000000000000e+02 9.283000000000000000e+03 8.411710000000000020e-01
3.660000000000000000e+02 6.564200000000000000e+05 7.204009999999999581e-01
3.660000000000000000e+02 7.631440000000000000e+05 4.885252000000000372e+00
9.980000000000000000e+02 1.276186000000000000e+06 5.843319999999999625e-01
1.320000000000000000e+03 1.289751000000000000e+06 5.137749999999999817e-01
3.660000000000000000e+02 5.682510000000000000e+05 6.739669999999999828e-01
5.260000000000000000e+02 1.796990000000000000e+05 9.930919999999999748e-01
6.680000000000000000e+02 9.190540000000000000e+05 1.013192000000000093e+00
9.980000000000000000e+02 7.824030000000000000e+05 7.196489999999999831e-01
1.600000000000000000e+02 1.115945000000000000e+06 2.950019999999999865e-01
5.260000000000000000e+02 1.039577000000000000e+06 6.273149999999999560e-01
1.001000000000000000e+03 4.925780000000000000e+05 6.263450000000000406e-01
1.600000000000000000e+02 8.455720000000000000e+05 6.871840000000000170e-01
1.001000000000000000e+03 5.901110000000000000e+05 5.091620000000000035e-01
1.001000000000000000e+03 9.419760000000000000e+05 3.192860000000000142e-01
1.320000000000000000e+03 9.376560000000000000e+05 4.020810000000000217e-01
9.980000000000000000e+02 1.092099000000000000e+06 4.518440000000000234e-01
1.085000000000000000e+03 2.091810000000000000e+05 4.740480000000000249e-01
1.320000000000000000e+03 7.023370000000000000e+05 4.812279999999999891e-01
1.930000000000000000e+02 1.649540000000000000e+05 7.926699999999999857e-01
3.660000000000000000e+02 6.564200000000000000e+05 6.683400000000000452e-01
9.980000000000000000e+02 1.109534000000000000e+06 3.967669999999999808e-01
9.980000000000000000e+02 8.813420000000000000e+05 4.518440000000000234e-01
1.085000000000000000e+03 2.091810000000000000e+05 4.740510000000000002e-01
1.320000000000000000e+03 7.023380000000000000e+05 4.826509999999999967e-01
2.740000000000000000e+02 3.804420000000000000e+05 3.230169999999999986e-01
1.085000000000000000e+03 1.050780000000000000e+05 3.630860000000000198e-01
9.980000000000000000e+02 1.092099000000000000e+06 4.518429999999999946e-01
1.085000000000000000e+03 2.713050000000000000e+05 4.740500000000000269e-01
1.320000000000000000e+03 7.023380000000000000e+05 4.826509999999999967e-01
1.320000000000000000e+03 9.376560000000000000e+05 4.035569999999999991e-01
9.980000000000000000e+02 1.092099000000000000e+06 4.518449999999999966e-01
1.085000000000000000e+03 2.091810000000000000e+05 4.740469999999999962e-01
1.320000000000000000e+03 7.023370000000000000e+05 4.826509999999999967e-01
1.930000000000000000e+02 4.739080000000000000e+05 4.834559999999999969e-01
9.980000000000000000e+02 7.161300000000000000e+04 9.738999999999999879e-01
1.930000000000000000e+02 6.362600000000000000e+04 5.705289999999999528e-01
3.660000000000000000e+02 4.615400000000000000e+04 4.166759999999999908e-01
9.980000000000000000e+02 3.625000000000000000e+03 8.669649999999999856e-01
1.323000000000000000e+03 2.079100000000000000e+05 4.027919999999999834e-01
1.323000000000000000e+03 4.331400000000000000e+04 1.738210000000000033e-01
1.930000000000000000e+02 6.362600000000000000e+04 5.699750000000000094e-01
3.660000000000000000e+02 4.615400000000000000e+04 4.166650000000000076e-01
9.980000000000000000e+02 3.625000000000000000e+03 8.669559999999999489e-01
1.323000000000000000e+03 2.079100000000000000e+05 4.027930000000000121e-01
3.660000000000000000e+02 7.854100000000000000e+04 6.395020000000000149e-01
5.030000000000000000e+02 6.827030000000000000e+05 4.985299999999999732e-01
1.323000000000000000e+03 1.003718000000000000e+06 9.870379999999999709e-01
2.820000000000000000e+02 5.979140000000000000e+05 6.592519999999999492e-01
2.820000000000000000e+02 8.150790000000000000e+05 8.496080000000000298e-01
5.030000000000000000e+02 1.260143000000000000e+06 4.152199999999999780e-01
1.073000000000000000e+03 3.584920000000000000e+05 4.220740000000000047e-01
1.073000000000000000e+03 8.664040000000000000e+05 4.090003000000000277e+00
1.073000000000000000e+03 7.667650000000000000e+05 4.229970000000000119e-01
9.890000000000000000e+02 6.740100000000000000e+05 5.782969999999999500e-01
1.073000000000000000e+03 2.022320000000000000e+05 3.280230000000000090e-01
9.890000000000000000e+02 1.900930000000000000e+05 7.345660000000000522e-01
5.300000000000000000e+02 5.738640000000000000e+05 5.164800000000000502e-01
1.257000000000000000e+03 1.145545000000000000e+06 4.679389999999999938e-01
9.280000000000000000e+02 5.721360000000000000e+05 2.615359999999999907e-01
2.880000000000000000e+02 1.160285000000000000e+06 3.570160000000000000e-01
9.280000000000000000e+02 5.185400000000000000e+04 4.307929999999999815e-01
1.299000000000000000e+03 6.990360000000000000e+05 3.704109999999999903e-01
2.460000000000000000e+02 1.227111000000000000e+06 4.382039999999999824e-01
1.299000000000000000e+03 4.330290000000000000e+05 4.699090000000000211e-01
1.610000000000000000e+02 1.416880000000000000e+05 6.539669999999999650e-01
2.460000000000000000e+02 5.504930000000000000e+05 3.357129999999999836e-01
2.880000000000000000e+02 2.859310000000000000e+05 5.534980000000000455e-01
2.460000000000000000e+02 1.227111000000000000e+06 4.382110000000000172e-01
1.299000000000000000e+03 4.330300000000000000e+05 4.710639999999999827e-01
2.880000000000000000e+02 1.160285000000000000e+06 3.571019999999999750e-01
9.280000000000000000e+02 5.185500000000000000e+04 4.258330000000000171e-01
1.299000000000000000e+03 6.990360000000000000e+05 3.716039999999999899e-01
2.460000000000000000e+02 1.227111000000000000e+06 4.382099999999999884e-01
1.299000000000000000e+03 4.330290000000000000e+05 4.710639999999999827e-01
2.880000000000000000e+02 1.160285000000000000e+06 3.571050000000000058e-01
9.280000000000000000e+02 5.185500000000000000e+04 4.258250000000000091e-01
1.299000000000000000e+03 6.990360000000000000e+05 3.716039999999999899e-01
2.460000000000000000e+02 7.050590000000000000e+05 6.862460000000000226e-01
2.880000000000000000e+02 7.389340000000000000e+05 4.926679999999999948e-01
9.170000000000000000e+02 9.130270000000000000e+05 4.281320000000000126e-01
1.299000000000000000e+03 2.826000000000000000e+03 5.733949999999999880e-01
2.200000000000000000e+01 1.465200000000000000e+05 2.308540000000000036e-01
9.170000000000000000e+02 8.591470000000000000e+05 2.132489999999999941e-01
2.460000000000000000e+02 7.050590000000000000e+05 6.862759999999999971e-01
2.880000000000000000e+02 7.389360000000000000e+05 4.886769999999999725e-01
9.170000000000000000e+02 9.130270000000000000e+05 4.281539999999999790e-01
1.299000000000000000e+03 2.826000000000000000e+03 5.734179999999999833e-01
2.880000000000000000e+02 1.160285000000000000e+06 3.530460000000000265e-01
9.280000000000000000e+02 5.185500000000000000e+04 4.258199999999999763e-01
1.299000000000000000e+03 6.990360000000000000e+05 3.702540000000000275e-01
9.280000000000000000e+02 5.721360000000000000e+05 2.565330000000000110e-01
5.300000000000000000e+02 5.738640000000000000e+05 5.161459999999999937e-01
1.257000000000000000e+03 1.145545000000000000e+06 4.689389999999999947e-01
5.300000000000000000e+02 4.284210000000000000e+05 6.618699999999999584e-01
1.257000000000000000e+03 4.290810000000000000e+05 4.544019999999999726e-01
1.280000000000000000e+03 5.712310000000000000e+05 4.555409999999999737e-01
2.820000000000000000e+02 5.462350000000000000e+05 4.061239999999999850e-01
2.820000000000000000e+02 4.729620000000000000e+05 5.575320000000000276e-01
8.040000000000000000e+02 8.855970000000000000e+05 2.422150000000000136e-01
3.070000000000000000e+02 1.224681000000000000e+06 2.638220000000000010e-01
8.040000000000000000e+02 5.713800000000000000e+04 4.419480000000000075e-01
1.280000000000000000e+03 8.402100000000000000e+05 4.788419999999999899e-01
3.070000000000000000e+02 9.070910000000000000e+05 2.003910000000000136e-01
1.136000000000000000e+03 7.855830000000000000e+05 5.110400000000000498e-01
3.070000000000000000e+02 1.224681000000000000e+06 2.638220000000000010e-01
8.040000000000000000e+02 5.713900000000000000e+04 4.403179999999999872e-01
1.280000000000000000e+03 8.402100000000000000e+05 4.788430000000000186e-01
3.070000000000000000e+02 9.070910000000000000e+05 2.003910000000000136e-01
1.136000000000000000e+03 7.855830000000000000e+05 5.110400000000000498e-01
3.070000000000000000e+02 1.224681000000000000e+06 2.638240000000000030e-01
8.040000000000000000e+02 5.713900000000000000e+04 4.403199999999999892e-01
1.280000000000000000e+03 8.402100000000000000e+05 4.788430000000000186e-01
2.820000000000000000e+02 5.462350000000000000e+05 4.063390000000000057e-01
2.820000000000000000e+02 4.729620000000000000e+05 5.577109999999999568e-01
8.040000000000000000e+02 8.855970000000000000e+05 2.405899999999999983e-01
3.070000000000000000e+02 1.224681000000000000e+06 2.638269999999999782e-01
8.040000000000000000e+02 5.713800000000000000e+04 4.403210000000000179e-01
1.280000000000000000e+03 8.402100000000000000e+05 4.788459999999999939e-01
3.070000000000000000e+02 9.070910000000000000e+05 2.003929999999999878e-01
1.136000000000000000e+03 7.855830000000000000e+05 5.110400000000000498e-01
3.070000000000000000e+02 1.224681000000000000e+06 2.638300000000000090e-01
8.040000000000000000e+02 5.713900000000000000e+04 4.403239999999999932e-01
1.280000000000000000e+03 8.402100000000000000e+05 4.788479999999999959e-01
3.070000000000000000e+02 9.070910000000000000e+05 2.003929999999999878e-01
1.136000000000000000e+03 7.855830000000000000e+05 5.110400000000000498e-01
3.070000000000000000e+02 1.224681000000000000e+06 2.638320000000000110e-01
8.040000000000000000e+02 5.713900000000000000e+04 4.403270000000000239e-01
1.280000000000000000e+03 8.402100000000000000e+05 4.788490000000000246e-01
3.070000000000000000e+02 9.070910000000000000e+05 2.003929999999999878e-01
1.136000000000000000e+03 7.855830000000000000e+05 5.110400000000000498e-01
3.070000000000000000e+02 1.224681000000000000e+06 2.639070000000000027e-01
8.040000000000000000e+02 5.713900000000000000e+04 4.404120000000000257e-01
1.280000000000000000e+03 8.402100000000000000e+05 4.789280000000000204e-01
2.820000000000000000e+02 5.462350000000000000e+05 4.063280000000000225e-01
2.820000000000000000e+02 4.729620000000000000e+05 5.577069999999999528e-01
8.040000000000000000e+02 8.855970000000000000e+05 2.406030000000000113e-01
3.070000000000000000e+02 1.224681000000000000e+06 2.638929999999999887e-01
8.040000000000000000e+02 5.713800000000000000e+04 4.404120000000000257e-01
1.280000000000000000e+03 8.402100000000000000e+05 4.789280000000000204e-01
3.070000000000000000e+02 9.070910000000000000e+05 2.003429999999999933e-01
1.136000000000000000e+03 7.855830000000000000e+05 5.110460000000000003e-01
3.070000000000000000e+02 1.224681000000000000e+06 2.638929999999999887e-01
8.040000000000000000e+02 5.713900000000000000e+04 4.404109999999999969e-01
1.280000000000000000e+03 8.402100000000000000e+05 4.789289999999999936e-01
3.070000000000000000e+02 9.070910000000000000e+05 2.003429999999999933e-01
1.136000000000000000e+03 7.855830000000000000e+05 5.110500000000000043e-01
3.070000000000000000e+02 1.224681000000000000e+06 2.638920000000000154e-01
8.040000000000000000e+02 5.713900000000000000e+04 4.404150000000000009e-01
1.280000000000000000e+03 8.402100000000000000e+05 4.789269999999999916e-01
3.070000000000000000e+02 9.070910000000000000e+05 2.003429999999999933e-01
1.136000000000000000e+03 7.855830000000000000e+05 5.110460000000000003e-01
3.070000000000000000e+02 1.224681000000000000e+06 2.638920000000000154e-01
8.040000000000000000e+02 5.713900000000000000e+04 4.404109999999999969e-01
1.280000000000000000e+03 8.402100000000000000e+05 4.789260000000000184e-01
2.820000000000000000e+02 5.462350000000000000e+05 4.063350000000000017e-01
2.820000000000000000e+02 4.729620000000000000e+05 5.577050000000000063e-01
8.040000000000000000e+02 8.855970000000000000e+05 2.406010000000000093e-01
3.070000000000000000e+02 1.224681000000000000e+06 2.638980000000000214e-01
8.040000000000000000e+02 5.713800000000000000e+04 4.404109999999999969e-01
1.280000000000000000e+03 8.402100000000000000e+05 4.789260000000000184e-01
3.070000000000000000e+02 9.070910000000000000e+05 2.003500000000000003e-01
1.136000000000000000e+03 7.855830000000000000e+05 5.110449999999999715e-01
3.070000000000000000e+02 1.224681000000000000e+06 2.638980000000000214e-01
8.040000000000000000e+02 5.713900000000000000e+04 4.404109999999999969e-01
1.280000000000000000e+03 8.402100000000000000e+05 4.789249999999999896e-01
3.070000000000000000e+02 9.070910000000000000e+05 2.003500000000000003e-01
1.136000000000000000e+03 7.855830000000000000e+05 5.110440000000000538e-01
3.070000000000000000e+02 1.224681000000000000e+06 2.638989999999999947e-01
8.040000000000000000e+02 5.713900000000000000e+04 4.404129999999999989e-01
1.280000000000000000e+03 8.402100000000000000e+05 4.789260000000000184e-01
3.070000000000000000e+02 9.070910000000000000e+05 2.003500000000000003e-01
1.136000000000000000e+03 7.855830000000000000e+05 5.110430000000000250e-01
3.070000000000000000e+02 1.224681000000000000e+06 2.639230000000000187e-01
8.040000000000000000e+02 5.713900000000000000e+04 4.404480000000000062e-01
1.280000000000000000e+03 8.402100000000000000e+05 4.789519999999999889e-01
3.070000000000000000e+02 9.070910000000000000e+05 2.003500000000000003e-01
1.136000000000000000e+03 7.855830000000000000e+05 5.110449999999999715e-01
3.070000000000000000e+02 1.224681000000000000e+06 2.639230000000000187e-01
8.040000000000000000e+02 5.713900000000000000e+04 4.404480000000000062e-01
1.280000000000000000e+03 8.402100000000000000e+05 4.789519999999999889e-01
1.127000000000000000e+03 4.387140000000000000e+05 7.332509999999999861e-01
1.280000000000000000e+03 8.447780000000000000e+05 4.014769999999999728e-01
2.730000000000000000e+02 7.164720000000000000e+05 3.864620000000000277e-01
2.730000000000000000e+02 1.160443000000000000e+06 5.498429999999999707e-01
6.790000000000000000e+02 6.806390000000000000e+05 4.454069999999999974e-01
1.365000000000000000e+03 2.422480000000000000e+05 3.638199999999999767e-01
5.430000000000000000e+02 8.625130000000000000e+05 8.567900000000000515e-01
1.365000000000000000e+03 1.073575000000000000e+06 3.974309999999999787e-01
2.730000000000000000e+02 1.074721000000000000e+06 5.473310000000000120e-01
6.790000000000000000e+02 6.806390000000000000e+05 4.454080000000000261e-01
1.365000000000000000e+03 1.079080000000000000e+06 3.638199999999999767e-01
2.450000000000000000e+02 2.023910000000000000e+05 4.824769999999999892e-01
6.790000000000000000e+02 8.419750000000000000e+05 3.933030000000000137e-01
1.029000000000000000e+03 7.600770000000000000e+05 4.066670000000000007e-01
6.580000000000000000e+02 8.185280000000000000e+05 3.948999999999999733e-02
6.580000000000000000e+02 8.834070000000000000e+05 3.801959999999999784e-01
7.030000000000000000e+02 7.398740000000000000e+05 4.713220000000000187e-01
1.029000000000000000e+03 4.015440000000000000e+05 3.648950000000000249e-01
6.580000000000000000e+02 2.672970000000000000e+05 3.106880000000000197e-01
6.580000000000000000e+02 3.901250000000000000e+05 1.603759999999999908e-01
6.580000000000000000e+02 1.299010000000000000e+05 1.567599999999999896e-02
6.580000000000000000e+02 8.591270000000000000e+05 1.358280000000000043e-01
6.580000000000000000e+02 5.246050000000000000e+05 1.603759999999999908e-01
6.580000000000000000e+02 2.672970000000000000e+05 3.106869999999999910e-01
6.580000000000000000e+02 1.299020000000000000e+05 1.529299999999999930e-02
6.580000000000000000e+02 8.591270000000000000e+05 1.358280000000000043e-01
6.580000000000000000e+02 1.082481000000000000e+06 1.313650000000000095e-01
6.580000000000000000e+02 8.596400000000000000e+05 1.559300000000000130e-01
6.580000000000000000e+02 2.672970000000000000e+05 3.100129999999999830e-01
6.580000000000000000e+02 1.299020000000000000e+05 1.529299999999999930e-02
6.580000000000000000e+02 8.834070000000000000e+05 3.801760000000000139e-01
6.580000000000000000e+02 9.001870000000000000e+05 3.919199999999999767e-02
7.030000000000000000e+02 7.398740000000000000e+05 4.711980000000000057e-01
1.029000000000000000e+03 4.015440000000000000e+05 3.651889999999999858e-01
6.940000000000000000e+02 2.232550000000000000e+05 4.741630000000000011e-01
1.029000000000000000e+03 1.080811000000000000e+06 4.852409999999999779e-01
1.029000000000000000e+03 7.259100000000000000e+05 4.834269999999999956e-01
1.029000000000000000e+03 3.703300000000000000e+04 4.834419999999999829e-01
7.030000000000000000e+02 7.398740000000000000e+05 4.683749999999999858e-01
1.029000000000000000e+03 1.905690000000000000e+05 3.605599999999999916e-01
7.030000000000000000e+02 4.180200000000000000e+04 7.062310000000000532e-01
1.029000000000000000e+03 1.184187000000000000e+06 9.241789999999999727e-01
6.580000000000000000e+02 1.021977000000000000e+06 1.286334000000000088e+00
6.580000000000000000e+02 9.906990000000000000e+05 1.440441000000000082e+00
7.030000000000000000e+02 4.180200000000000000e+04 7.062329999999999997e-01
1.029000000000000000e+03 1.184187000000000000e+06 9.241500000000000270e-01
6.580000000000000000e+02 1.062030000000000000e+06 1.286575999999999942e+00
6.580000000000000000e+02 9.906990000000000000e+05 1.440193000000000056e+00
7.030000000000000000e+02 4.180200000000000000e+04 7.062389999999999501e-01
1.029000000000000000e+03 1.184187000000000000e+06 9.231329999999999814e-01
1.029000000000000000e+03 2.952280000000000000e+05 1.460971999999999937e+00
6.580000000000000000e+02 1.062030000000000000e+06 1.286588999999999983e+00
6.580000000000000000e+02 9.906990000000000000e+05 1.440236000000000072e+00
7.030000000000000000e+02 4.180200000000000000e+04 7.062319999999999709e-01
1.029000000000000000e+03 1.184187000000000000e+06 9.242240000000000455e-01
1.029000000000000000e+03 2.952280000000000000e+05 1.460968999999999962e+00
6.580000000000000000e+02 1.062030000000000000e+06 1.286599000000000048e+00
6.580000000000000000e+02 9.906990000000000000e+05 1.440258000000000038e+00
7.030000000000000000e+02 4.180200000000000000e+04 7.062389999999999501e-01
1.029000000000000000e+03 1.184187000000000000e+06 9.231009999999999494e-01
1.029000000000000000e+03 2.952280000000000000e+05 1.460971999999999937e+00
6.580000000000000000e+02 1.021977000000000000e+06 1.285716999999999999e+00
6.580000000000000000e+02 9.906990000000000000e+05 1.440228999999999981e+00
7.030000000000000000e+02 4.180200000000000000e+04 7.062329999999999997e-01
1.029000000000000000e+03 1.184187000000000000e+06 9.242599999999999705e-01
1.029000000000000000e+03 2.952280000000000000e+05 1.460971000000000020e+00
1.950000000000000000e+02 1.070543000000000000e+06 7.086139999999999661e-01
7.010000000000000000e+02 7.002480000000000000e+05 7.818070000000000297e-01
1.950000000000000000e+02 1.070543000000000000e+06 7.087109999999999799e-01
7.010000000000000000e+02 7.002480000000000000e+05 7.818070000000000297e-01
6.950000000000000000e+02 1.007060000000000000e+05 9.196330000000000338e-01
6.950000000000000000e+02 1.285440000000000000e+05 8.952989999999999560e-01
7.030000000000000000e+02 4.180200000000000000e+04 7.061690000000000467e-01
1.029000000000000000e+03 1.184187000000000000e+06 9.241890000000000382e-01
1.029000000000000000e+03 2.952280000000000000e+05 1.461024000000000100e+00
6.580000000000000000e+02 1.062030000000000000e+06 1.286548000000000025e+00
6.580000000000000000e+02 9.906990000000000000e+05 1.440101999999999993e+00
6.580000000000000000e+02 6.668240000000000000e+05 9.871799999999999464e-01
6.950000000000000000e+02 8.420850000000000000e+05 1.123312000000000088e+00
6.950000000000000000e+02 2.456680000000000000e+05 9.044010000000000105e-01
6.950000000000000000e+02 9.072230000000000000e+05 8.380360000000000031e-01
7.010000000000000000e+02 2.743050000000000000e+05 8.047689999999999566e-01
6.730000000000000000e+02 8.243080000000000000e+05 6.179329999999999545e-01
3.090000000000000000e+02 3.315990000000000000e+05 7.773900000000000254e-01
5.470000000000000000e+02 7.923640000000000000e+05 1.304351999999999956e+00
6.730000000000000000e+02 8.067820000000000000e+05 4.707479999999999998e-01
6.970000000000000000e+02 1.084496000000000000e+06 4.186650000000000094e-01
3.690000000000000000e+02 7.625260000000000000e+05 6.663729999999999931e-01
4.280000000000000000e+02 8.831200000000000000e+05 7.571900000000000297e-01
6.970000000000000000e+02 1.116877000000000000e+06 6.324929999999999719e-01
1.000000000000000000e+01 9.281350000000000000e+05 1.455615000000000103e+00
1.000000000000000000e+01 9.560270000000000000e+05 1.687437000000000076e+00
4.280000000000000000e+02 7.309320000000000000e+05 4.505279999999999840e-01
4.280000000000000000e+02 5.997700000000000000e+05 4.994750000000000023e-01
1.000000000000000000e+01 9.281350000000000000e+05 1.686884999999999968e+00
1.000000000000000000e+01 1.064656000000000000e+06 1.455408000000000035e+00
4.280000000000000000e+02 7.309320000000000000e+05 4.505100000000000215e-01
4.280000000000000000e+02 5.997700000000000000e+05 4.995870000000000033e-01
1.000000000000000000e+01 1.012865000000000000e+06 1.154470000000000107e+00
1.000000000000000000e+01 6.413800000000000000e+05 1.153362999999999916e+00
1.000000000000000000e+01 2.389300000000000000e+04 1.455316999999999972e+00
4.280000000000000000e+02 7.309320000000000000e+05 4.505230000000000068e-01
4.280000000000000000e+02 5.997700000000000000e+05 4.994939999999999936e-01
4.280000000000000000e+02 9.762670000000000000e+05 5.302799999999999875e-02
4.280000000000000000e+02 9.915280000000000000e+05 1.319339999999999957e-01
1.000000000000000000e+01 9.281350000000000000e+05 1.687081000000000053e+00
1.000000000000000000e+01 2.389300000000000000e+04 1.455384999999999929e+00
4.280000000000000000e+02 1.240703000000000000e+06 4.505270000000000108e-01
4.280000000000000000e+02 5.997700000000000000e+05 4.995490000000000208e-01
1.000000000000000000e+01 7.328330000000000000e+05 1.153642999999999974e+00
1.000000000000000000e+01 3.359690000000000000e+05 1.153110000000000079e+00
3.300000000000000000e+02 2.886380000000000000e+05 1.123623000000000038e+00
