# time Ni NiV
0.000000000000000000e+00 3.121730029046695473e-13 9.608929501956005678e-14
4.477000000000000007e-13 1.595269813719558507e-05 6.931230330482771650e-07
7.028999999999999635e-13 3.316702091405292907e-05 2.167159390988290139e-06
1.022000000000000088e-12 1.595283452088266745e-05 6.932054475084440726e-07
3.486999999999999985e-12 3.202117944539283441e-05 2.272017601767013975e-06
4.417999999999999956e-12 1.953096254984269556e-05 1.053619339714181036e-06
4.494999999999999729e-12 3.244895545102220578e-05 2.374382834766881045e-06
4.506000000000000389e-12 1.953081388357385880e-05 1.053603291315060825e-06
4.846000000000000152e-12 8.543261238579304687e-06 4.767657808861412443e-07
5.398000000000000223e-12 1.611105880506326506e-05 6.566984023075403231e-07
5.614000000000000110e-12 3.183526406533389904e-05 1.495923715116682488e-06
5.955000000000000374e-12 4.339131451137902241e-05 3.170569489619831547e-06
6.745000000000000037e-12 3.328892815790279340e-05 1.949515068210577637e-06
6.947999999999999879e-12 4.241593204943234385e-05 3.264539499424516890e-06
7.462999999999999199e-12 4.773663515992966844e-05 5.631066674777464639e-06
9.122999999999999800e-12 5.377415528058148098e-05 9.597146336138752821e-06
9.777999999999999735e-12 4.773668327947104675e-05 5.630628444519920028e-06
9.802999999999999326e-12 4.379860702346491689e-05 3.701680806496658301e-06
9.825999999999999531e-12 3.377730347154742356e-05 2.019365439005054439e-06
1.012999999999999985e-11 4.379799244579220811e-05 3.701680806496658301e-06
1.021999999999999967e-11 5.063428273395510738e-05 5.892192374838258286e-06
1.058000000000000056e-11 4.379781083238344809e-05 3.701680806496658301e-06
1.059000000000000072e-11 3.379123951260557890e-05 2.039754160746014620e-06
1.104999999999999997e-11 2.741775222416770880e-03 2.865552238884932059e-06
1.180000000000000061e-11 2.850826132700821566e-03 2.534046629769586459e-06
1.201999999999999927e-11 5.505590857499159663e-03 1.115593741735855867e-06
1.276999999999999991e-11 5.403663860215894565e-03 2.719603507660705488e-06
1.289000000000000021e-11 5.409478974604283244e-03 2.964263569116227345e-06
1.422000000000000040e-11 5.404911516675031842e-03 2.685266412256576091e-06
1.441000000000000019e-11 5.407603303372238331e-03 3.756920071073784663e-06
1.595000000000000050e-11 5.404898851679976537e-03 2.685202195064699505e-06
1.597999999999999936e-11 5.396068715454510265e-03 2.713540706086740413e-06
1.732999999999999987e-11 5.434044921747338899e-03 3.535582368961332916e-06
1.786999999999999878e-11 5.391914414509842504e-03 3.342482690802440336e-06
1.830999999999999933e-11 5.416860055484763389e-03 2.847266396516528639e-06
1.870000000000000069e-11 5.410280354702100974e-03 2.723938284014960131e-06
1.872000000000000101e-11 5.403277068354828475e-03 3.533273499618937371e-06
1.979000000000000029e-11 8.168410418396844161e-03 1.910318942159309159e-06
1.983999999999999947e-11 8.230218687521080947e-03 2.903941908530020102e-06
2.101000000000000034e-11 8.168329285470517231e-03 1.909037936483459544e-06
2.110999999999999871e-11 8.217558926718496887e-03 2.224777463532935292e-06
2.118999999999999998e-11 8.095625613132520840e-03 2.191054750731732329e-06
2.149000000000000153e-11 8.087412650892486163e-03 2.437636489665932940e-06
2.236000000000000085e-11 8.119423297466555473e-03 4.044441638145304515e-06
2.265999999999999917e-11 8.118600651907746657e-03 8.070512761401891808e-06
2.316999999999999922e-11 8.119494816295581147e-03 1.271089009168145016e-05
2.336000000000000063e-11 8.106814994305497693e-03 9.723381740166139780e-06
2.454000000000000004e-11 8.097334004576800179e-03 5.799600239246472233e-06
2.551999999999999950e-11 8.094833677799709651e-03 2.745081121924554889e-06
2.615000000000000146e-11 8.095209578095763012e-03 1.555394552822140662e-06
2.638999999999999882e-11 8.094833846071933930e-03 2.745081121924554889e-06
2.655000000000000137e-11 8.097699756745513344e-03 4.778110874140189348e-06
2.709999999999999883e-11 8.106537274604204424e-03 8.458138205352963665e-06
2.773000000000000079e-11 8.098084374616563649e-03 5.383046983002175001e-06
2.784000000000000093e-11 8.106537231219941228e-03 8.457590470673177399e-06
2.954000000000000216e-11 8.098039757673147765e-03 5.365071376571172130e-06
2.997000000000000094e-11 8.095221925588766756e-03 2.701689140764987958e-06
3.005000000000000221e-11 8.095315619183208675e-03 1.541395141105881899e-06
3.024999999999999894e-11 8.116313196694166163e-03 1.617131668782661664e-06
3.078999999999999785e-11 1.082460204285441187e-02 8.053597062556018256e-07
3.081000000000000140e-11 1.076919473549292107e-02 1.526635209927758207e-06
3.101999999999999990e-11 1.083724202116071247e-02 9.510642264184188421e-07
3.101999999999999990e-11 1.095879090944280702e-02 7.040723681298316133e-07
3.104999999999999876e-11 1.085574474083568150e-02 9.015023238423072729e-07
3.111999999999999826e-11 1.095879088682989028e-02 7.040172010054356071e-07
3.169999999999999781e-11 1.360614541983151161e-02 1.825956934541385418e-07
3.216999999999999722e-11 1.351524693126263457e-02 1.843422150855620686e-06
3.220999999999999786e-11 1.360614550267623055e-02 1.825924252827580518e-07
3.294999999999999995e-11 1.371836828196436493e-02 1.327082510187141178e-07
3.304999999999999832e-11 1.351262612801149704e-02 2.867235857214973677e-07
3.328000000000000036e-11 1.638540536074505755e-02 2.963813250598482774e-07
3.343000000000000114e-11 1.632259952840862949e-02 3.213859404059155367e-07
3.406000000000000310e-11 1.629736388865567209e-02 3.969671747264916418e-07
3.460000000000000201e-11 1.622655542537337209e-02 7.103627578082200033e-07
3.504999999999999787e-11 1.633795568358670236e-02 5.718312614816113673e-07
3.511000000000000206e-11 1.632766723327047989e-02 7.807334284783154004e-07
3.558000000000000147e-11 1.633802297450495655e-02 5.710006506294687692e-07
3.642000000000000193e-11 1.623369392426746854e-02 8.757035420728869441e-07
3.671000000000000170e-11 1.900089284661031497e-02 1.674961285929215750e-07
3.738999999999999961e-11 1.882360024963880898e-02 1.521702389370689210e-06
3.745999999999999911e-11 2.175956396128157777e-02 1.764672693354570705e-06
3.755000000000000216e-11 2.169850456769546743e-02 3.651073651216185147e-06
3.817999999999999766e-11 2.175985173536377007e-02 1.765721440528037316e-06
3.872999999999999835e-11 2.155551139476448441e-02 2.324029111393555162e-06
3.973000000000000136e-11 2.163560288192719130e-02 3.565753173415083082e-06
4.065000000000000309e-11 2.152400755099129551e-02 4.072530673177893183e-06
4.209000000000000019e-11 2.185594296366110204e-02 4.898980564471271588e-06
4.232000000000000223e-11 2.188251192726541755e-02 5.290645223816245887e-06
4.262999999999999910e-11 2.171287169624076807e-02 4.970724688711598615e-06
4.280999999999999873e-11 2.170454561955111744e-02 5.022829925260839168e-06
4.356000000000000261e-11 2.167797805374853046e-02 4.981469118965932306e-06
4.504000000000000034e-11 2.170461778762357297e-02 5.020767200707080115e-06
4.542000000000000316e-11 2.177175884209798379e-02 5.284312776300529969e-06
4.603999999999999688e-11 2.166213985706485351e-02 4.884539453171033167e-06
4.633999999999999843e-11 2.185637401291495516e-02 5.464897971044051984e-06
4.662999999999999821e-11 2.188351436272912079e-02 5.468976739203004227e-06
4.757999999999999880e-11 2.167759240018918981e-02 5.050437807715612812e-06
4.868000000000000018e-11 2.164204606241523429e-02 5.352936505528007089e-06
4.938000000000000164e-11 2.431039335742503360e-02 3.683185305839428819e-06
4.982999999999999750e-11 2.426389981198364548e-02 7.440122632503010588e-06
5.065000000000000087e-11 2.431039164079426204e-02 3.682172789614605785e-06
5.128000000000000283e-11 2.447164326397291770e-02 3.145987214101777389e-06
5.220999999999999988e-11 2.442137986401391944e-02 3.152490966769741553e-06
5.306000000000000211e-11 2.447164318576315958e-02 3.145931147744195351e-06
5.444000000000000148e-11 2.432202599654263719e-02 4.038428793881843355e-06
5.487000000000000026e-11 2.426187049777545762e-02 6.447116841649397362e-06
5.573999999999999958e-11 2.427260077365842733e-02 1.080398098642087932e-05
5.714999999999999781e-11 2.426185500132111567e-02 6.446607594047366560e-06
5.881000000000000164e-11 2.431987383196365995e-02 5.216348942432700230e-06
5.955000000000000374e-11 2.426177560620768753e-02 7.411473987009314691e-06
6.054000000000000497e-11 2.427968642690742432e-02 1.125094822221010223e-05
6.055999999999999560e-11 2.426168323382120809e-02 7.406072482612955432e-06
6.074999999999999701e-11 2.431847088324956552e-02 5.449732001419171230e-06
6.165999999999999697e-11 2.447391323019138323e-02 3.403722466343954761e-06
6.333000000000000258e-11 2.710556924378157428e-02 2.037831437162491203e-06
6.341999999999999916e-11 2.704575215903589833e-02 3.306312850153961612e-06
6.443999999999999926e-11 2.701893598098161972e-02 3.588623823678845616e-06
6.460000000000000181e-11 2.704575224153193957e-02 3.306312850153961612e-06
6.582999999999999394e-11 2.701876565566692021e-02 3.590823563121149875e-06
6.589000000000000459e-11 2.704575230691963830e-02 3.306277713674344051e-06
6.589999999999999991e-11 2.701857130054051773e-02 3.592157792928541536e-06
6.711999999999999673e-11 2.724360555139527379e-02 1.551850653900369291e-06
6.749000000000000424e-11 2.705544859496540958e-02 3.824943601588665541e-06
6.758999999999999614e-11 2.704719347440040153e-02 4.184899299630983268e-06
6.788000000000000237e-11 2.699637329610158135e-02 4.508681073434998831e-06
6.794000000000000010e-11 2.704719342972077348e-02 4.184685406503681085e-06
6.819999999999999455e-11 2.713982575324712029e-02 4.415727274788928571e-06
6.821000000000000279e-11 2.704719336673130914e-02 4.184685406503681085e-06
6.837000000000000534e-11 2.699662879447258662e-02 4.382101266453370234e-06
6.923999999999999820e-11 2.724940972395830871e-02 4.994216454066727718e-06
6.942000000000000429e-11 2.710983316380386615e-02 4.836254848257056158e-06
6.970000000000000229e-11 2.722767194144212408e-02 4.931191959450341642e-06
7.081999999999999429e-11 2.982315527189243268e-02 4.353730689190259873e-06
7.133000000000000080e-11 2.962054551776545711e-02 5.412551652499620711e-06
7.171999999999999894e-11 2.982319802583050308e-02 4.352987822999147946e-06
7.221000000000000190e-11 2.968321156766654673e-02 5.433049895376820134e-06
7.262999999999999890e-11 2.972451230653365764e-02 4.241742883051537084e-06
7.353000000000000354e-11 3.000569530370723534e-02 3.515298988821398521e-06
7.411999999999999840e-11 3.252640587049770993e-02 1.134014380200195954e-06
7.445999999999999413e-11 3.251694252982531563e-02 6.381729859110757633e-07
7.472000000000000150e-11 3.236698332318706239e-02 8.689478369169007186e-07
7.546999999999999891e-11 3.233694849576553010e-02 2.184563325174986908e-06
7.601000000000000429e-11 3.236698335032002494e-02 8.689158421044183366e-07
7.613999999999999505e-11 3.233695516080178217e-02 2.183728728143834637e-06
7.637999999999999887e-11 3.233967328730734392e-02 5.057311338635893147e-06
7.643999999999999660e-11 3.236434641854627620e-02 1.030569763949397170e-05
7.662999999999999801e-11 3.236761416082543918e-02 1.678847037568648640e-05
7.693999999999999487e-11 3.236316832077948402e-02 1.207065433091038893e-05
7.709999999999999742e-11 3.236816034925892732e-02 1.833208579170089860e-05
7.731000000000000238e-11 3.237054963752176995e-02 2.302032010680156627e-05
7.762999999999999456e-11 3.236812569787277105e-02 1.832764048715802298e-05
7.844000000000000261e-11 3.508693143144508281e-02 1.312095715765544145e-05
7.858999999999999693e-11 3.507242370642197488e-02 6.575960610869190760e-06
7.878999999999999365e-11 3.504950251603673739e-02 3.113965468390545983e-06
7.893000000000000558e-11 3.507245133381860919e-02 6.573598573086398055e-06
7.938000000000000144e-11 3.778339654445075912e-02 1.650348471875687083e-06
7.980999999999999375e-11 3.791285975493090959e-02 4.747385877311987620e-06
8.093999999999999398e-11 3.788447850470027384e-02 1.021584364435789430e-05
8.100999999999999994e-11 3.786630812461894147e-02 1.933519508481879322e-05
8.150000000000000290e-11 3.784864271929205132e-02 3.521899080648455382e-05
8.200000000000000118e-11 3.786630825988531596e-02 1.933527007940595978e-05
8.412000000000000265e-11 3.782648808442018451e-02 3.544759152104357404e-05
8.437000000000000178e-11 3.784528933174780702e-02 1.967983201344402399e-05
8.472000000000000574e-11 3.786156233712525271e-02 1.103103883693774487e-05
8.484000000000000119e-11 3.784524581751846917e-02 1.967651228699122536e-05
8.600000000000000029e-11 3.780634278710476998e-02 3.585902126710412938e-05
8.815000000000000062e-11 3.783213156707558589e-02 1.935387105048566256e-05
8.848000000000000103e-11 3.780709571266065161e-02 3.574220534157651727e-05
8.897999999999999930e-11 3.783213150151273213e-02 1.935387105048566256e-05
9.052000000000000122e-11 3.788604245387389852e-02 1.051203488084320246e-05
9.145000000000000473e-11 3.786222206833120968e-02 1.285376987533418728e-05
9.146999999999999536e-11 3.782570588112098980e-02 3.304251534189800703e-05
9.217000000000000328e-11 3.786222208961682878e-02 1.285401701117550445e-05
9.223000000000000101e-11 3.788454847551671334e-02 9.505904220160584287e-06
9.273999999999999459e-11 4.069673578956551491e-02 1.410801040121871089e-05
9.435000000000000247e-11 4.052766912562794088e-02 2.817123911133670645e-05
9.504999999999999747e-11 4.069674256339504692e-02 1.410836077567301596e-05
9.543000000000000030e-11 4.053101040907974156e-02 2.849920025390707042e-05
9.556999999999999930e-11 4.066900980976224933e-02 2.097646413914444312e-05
9.603000000000000339e-11 4.056234880666330367e-02 1.240683606354990354e-05
9.634000000000000026e-11 4.052423357403050347e-02 6.805921815671440866e-06
9.636999999999999912e-11 4.047833453496840067e-02 3.111874808150253801e-06
9.708000000000000235e-11 4.317690522489382038e-02 4.727284166583626017e-06
9.769999999999999608e-11 4.333485196168462839e-02 2.610708808605294853e-06
9.780000000000000090e-11 4.324195047501664529e-02 9.712861982454932659e-07
9.815000000000000486e-11 4.322450761512961620e-02 2.340169477298814780e-06
9.849999999999999590e-11 4.322756197632898756e-02 5.255797822666489225e-06
9.855999999999999362e-11 4.325235736456206626e-02 1.033122384881848410e-05
1.000999999999999955e-10 4.313842667184308866e-02 6.498676175005261561e-06
1.011000000000000050e-10 4.325235740135878471e-02 1.033093670847118433e-05
1.030999999999999981e-10 4.324934727366477188e-02 1.717358454814735033e-05
1.049999999999999993e-10 4.319180208699804208e-02 2.223545393478889339e-05
1.059999999999999958e-10 4.318118199409781005e-02 2.501035696394065478e-05
1.064999999999999941e-10 4.319427379917840232e-02 2.256357623280916678e-05
1.075000000000000036e-10 4.318118192219783102e-02 2.500957560509706800e-05
1.080000000000000019e-10 4.318815954772985827e-02 2.811941036630577571e-05
1.089999999999999984e-10 4.318176157514697772e-02 2.646189037135621608e-05
1.094000000000000048e-10 4.318815938084658024e-02 2.811911659544797033e-05
1.115000000000000027e-10 4.577068941732553159e-02 1.776199702255467014e-05
1.131000000000000023e-10 4.578315289380393421e-02 1.951924936891867644e-05
1.139999999999999941e-10 4.577067848335408112e-02 1.776199702255467014e-05
1.148999999999999987e-10 4.586240769259982558e-02 2.544749238925054653e-05
1.153999999999999970e-10 4.576936511696493015e-02 2.921791684248054225e-05
1.155999999999999937e-10 4.578223753041756744e-02 2.917011402723324639e-05
1.181999999999999899e-10 4.836955430033014480e-02 2.629707472502558789e-05
1.213999999999999892e-10 4.848061302384603505e-02 2.809920360602853484e-05
1.223000000000000068e-10 4.839460129359762774e-02 3.265745674475144537e-05
1.233000000000000033e-10 4.848061293329559984e-02 2.809849714558510973e-05
1.256999999999999899e-10 4.841509109111027942e-02 2.576954897960610823e-05
1.349999999999999991e-10 4.835031684864937729e-02 2.150373371292518099e-05
1.358999999999999908e-10 4.829331580786592332e-02 1.609110214375817900e-05
1.359999999999999956e-10 4.828363031819946083e-02 1.032875073754604278e-05
1.363999999999999891e-10 4.831846244865786039e-02 1.618267703020817696e-05
1.377000000000000001e-10 4.828367259407893158e-02 1.032869911656475294e-05
1.388000000000000015e-10 4.832356590973666682e-02 5.457417129898696268e-06
1.395999999999999884e-10 4.843425118911823951e-02 2.556792666796765032e-06
1.402999999999999963e-10 4.844696686440578409e-02 1.979767683231692163e-06
1.421000000000000056e-10 5.110422614341924435e-02 2.052891185722558880e-06
1.434999999999999956e-10 5.125785004316708859e-02 2.708597243239957710e-06
1.438999999999999890e-10 5.115223964363802694e-02 3.870212725708509301e-06
1.438999999999999890e-10 5.125098637775661603e-02 4.311077023135113066e-06
1.440999999999999987e-10 5.385393933796562421e-02 2.896468683340263017e-06
1.442000000000000035e-10 5.645843032135585554e-02 4.710289787051702827e-06
1.444999999999999921e-10 5.663089790260261713e-02 4.965641201400014065e-06
1.453000000000000049e-10 5.650458595496843373e-02 4.088910358464497224e-06
1.476000000000000125e-10 5.646261696693784249e-02 3.513510330919229271e-06
1.477999999999999963e-10 5.640758392384517123e-02 3.355465233360010478e-06
1.480000000000000059e-10 5.646261685902324856e-02 3.513384158247294684e-06
1.486000000000000090e-10 5.656750078181340541e-02 4.402758513793543000e-06
1.487999999999999928e-10 5.646256509348823033e-02 3.511848115593829953e-06
1.501000000000000038e-10 5.640772175765902674e-02 3.340880051971555911e-06
1.503999999999999925e-10 5.636654229028994351e-02 3.141805332931364396e-06
1.513999999999999890e-10 5.640775274238532533e-02 3.339142091584899798e-06
1.514999999999999938e-10 5.645946198802891808e-02 3.963855072671711464e-06
1.518999999999999873e-10 5.649971904102726178e-02 4.402962739504262077e-06
1.522000000000000017e-10 5.663111293836236432e-02 5.379525893746042613e-06
1.529999999999999886e-10 5.657391314960776713e-02 4.303337195643513253e-06
1.550000000000000076e-10 5.644713175868253802e-02 3.851971807979583901e-06
1.550000000000000076e-10 5.640730901416296517e-02 3.659817644526667023e-06
1.552999999999999962e-10 5.638392434525577729e-02 3.266637765183709031e-06
1.560000000000000041e-10 5.636578908392866211e-02 2.947552943816734614e-06
1.563999999999999976e-10 5.633685939861379777e-02 3.225402674496702902e-06
1.572999999999999893e-10 5.639967771246235523e-02 4.754341123632342857e-06
1.578999999999999924e-10 5.642351425978458374e-02 8.659652205492935503e-06
1.578999999999999924e-10 5.639968895379047359e-02 4.754250016794823852e-06
1.621999999999999931e-10 5.633638285058071432e-02 3.383295672682447925e-06
1.627999999999999962e-10 5.639968878000482799e-02 4.754216155917259171e-06
1.631000000000000106e-10 5.633647359448022696e-02 3.381866731450014087e-06
1.653999999999999924e-10 5.919199631437600112e-02 4.143301094575603511e-06
1.663999999999999889e-10 6.177516817437159885e-02 5.550080167732365196e-06
1.668999999999999872e-10 6.203744762444345778e-02 4.853875696609676689e-06
1.684000000000000078e-10 6.214285005744989848e-02 3.289371123481226281e-06
1.685000000000000127e-10 6.203744813015500681e-02 4.853875696609676689e-06
1.696999999999999930e-10 6.214239956823162242e-02 3.288467463375039686e-06
1.706000000000000106e-10 5.911097312398062853e-02 3.801523742680567982e-06
1.720000000000000006e-10 5.933065614024456841e-02 2.998838778897484604e-06
1.722000000000000102e-10 5.911093466625869097e-02 2.775545032945929364e-06
1.724999999999999989e-10 6.181571174867849655e-02 2.289168548166843339e-06
1.727999999999999875e-10 6.180556416281554610e-02 3.039362206657422909e-06
1.734999999999999954e-10 6.181571164706572280e-02 2.289118566671205040e-06
1.737000000000000050e-10 6.195157022174558464e-02 2.572730492122729165e-06
1.743000000000000081e-10 6.181568790749715492e-02 2.287090410877875355e-06
1.754999999999999885e-10 6.195157048991676435e-02 2.572730492122729165e-06
1.760000000000000126e-10 6.183219205571516275e-02 2.820492804695466228e-06
1.765000000000000109e-10 6.445699413726453664e-02 2.291578182400138000e-06
1.766999999999999947e-10 6.453366653915881823e-02 3.959293318999912281e-06
1.776999999999999912e-10 6.476982155255747720e-02 4.301313993208945293e-06
1.798999999999999940e-10 6.726175490012455127e-02 2.943674221900172678e-06
1.806000000000000019e-10 6.982357955104448455e-02 2.387630461115478203e-06
1.829000000000000095e-10 6.992547745575439233e-02 3.640222798465449058e-06
1.849000000000000026e-10 6.986331441316932789e-02 4.765115291185005555e-06
1.851000000000000122e-10 6.989246008184300807e-02 5.071979643420548312e-06
1.872999999999999891e-10 7.009764342301899598e-02 4.941271261190578452e-06
1.874999999999999988e-10 6.989244868706731562e-02 5.071450661138728031e-06
1.877000000000000084e-10 6.986926106268832870e-02 6.071710947191120106e-06
1.883000000000000115e-10 7.002518320549482034e-02 5.691791346049177066e-06
1.883000000000000115e-10 6.987707230496682798e-02 4.678365340945544593e-06
1.883999999999999905e-10 6.976217974969672886e-02 5.153926022019251852e-06
1.888000000000000098e-10 6.987707227025000134e-02 4.678370286681891978e-06
1.888000000000000098e-10 7.283135125647549613e-02 2.343610399477372123e-06
1.899999999999999901e-10 7.565451626861403878e-02 1.910820045923555344e-06
1.901999999999999998e-10 7.820163540629376797e-02 2.805597061970258145e-06
1.917999999999999994e-10 7.838712263034616767e-02 3.168984474912131951e-06
1.931000000000000104e-10 7.844026257027227056e-02 2.828007312063297627e-06
1.931000000000000104e-10 7.816180344272916081e-02 3.835452165741484140e-06
1.933999999999999991e-10 7.844042202948522946e-02 2.827072237434283517e-06
1.942000000000000118e-10 7.816180329929046933e-02 3.835452165741484140e-06
1.942999999999999908e-10 7.809035842369441149e-02 5.237247985902544435e-06
1.952999999999999873e-10 7.814361390131986662e-02 7.514418198432719221e-06
1.956000000000000018e-10 7.822031287941769162e-02 5.629049347039086531e-06
1.963000000000000097e-10 7.814361390566287868e-02 7.514418198432719221e-06
1.995999999999999880e-10 7.809082658698408841e-02 1.216730962625860121e-05
1.999000000000000025e-10 7.805771593581989354e-02 1.694868886794300219e-05
2.005000000000000056e-10 7.812932384288343024e-02 1.376478401677672111e-05
2.010000000000000038e-10 7.815039666928209894e-02 9.419226847906210100e-06
2.011999999999999876e-10 7.804946720507885405e-02 5.883052604667877926e-06
2.011999999999999876e-10 7.815785228243538052e-02 3.722564667283924589e-06
2.012999999999999925e-10 7.843829623457553024e-02 2.861444071720459255e-06
2.015000000000000021e-10 7.813427388372218285e-02 2.534737288013604839e-06
2.016000000000000069e-10 7.843829685830609744e-02 2.861286158682888557e-06
2.021000000000000052e-10 7.813354925609362900e-02 2.532670710541220769e-06
2.023999999999999938e-10 7.788058900931534023e-02 2.245298997717620696e-06
2.032000000000000066e-10 7.784812073752792050e-02 1.993694988722592051e-06
2.049999999999999900e-10 7.798353251121228902e-02 2.028087365465171775e-06
2.054000000000000093e-10 7.784812042493044482e-02 1.993694988722592051e-06
2.054000000000000093e-10 7.787581806550983310e-02 2.009852206973081690e-06
2.058000000000000028e-10 7.812454514755720614e-02 2.491963190594646470e-06
2.059000000000000076e-10 7.559085063434313467e-02 1.824386307828976578e-06
2.063000000000000010e-10 7.548078863031985886e-02 1.049827833148030812e-06
2.065999999999999897e-10 7.539994856646746457e-02 1.639410946246652637e-06
2.071999999999999928e-10 7.547427582705955318e-02 3.103666016667852443e-06
2.074000000000000024e-10 7.547696223313825337e-02 5.604584716726050091e-06
2.101000000000000034e-10 7.548289114248736553e-02 3.697786327113214044e-06
2.104999999999999969e-10 7.564223432268490921e-02 2.003446728859418103e-06
2.109999999999999952e-10 7.817194018874516759e-02 4.789878072519416010e-07
2.109999999999999952e-10 7.804266315113143893e-02 1.219802996803507120e-06
2.113000000000000096e-10 7.800260822059640331e-02 1.663091686638295997e-06
2.113000000000000096e-10 7.798502675170052023e-02 2.297253341641563986e-06
2.119000000000000127e-10 7.792864253583653422e-02 4.035098035336044533e-06
2.124000000000000110e-10 8.058725030786166588e-02 5.163046155893196436e-06
2.133000000000000027e-10 8.333769413458728958e-02 4.476406775696769032e-06
2.142999999999999993e-10 8.347254318686384011e-02 6.262403946589748470e-06
2.146999999999999927e-10 8.333788261902150274e-02 4.471926239961774900e-06
2.149000000000000024e-10 8.325849338418442325e-02 2.487210843865994768e-06
2.163999999999999972e-10 8.345743712252236268e-02 2.447218805138126906e-06
2.172000000000000099e-10 8.342015051980901374e-02 3.858914439677485736e-06
2.172999999999999889e-10 8.615448776205832104e-02 2.342599374503783729e-06
2.174999999999999986e-10 8.638097644571630929e-02 3.751339187243721384e-06
2.183000000000000113e-10 8.602336067796478858e-02 4.669273978652046564e-06
2.188000000000000096e-10 8.610053691245546370e-02 4.802519937629549591e-06
2.189999999999999934e-10 8.589422631156144738e-02 4.218825618226440413e-06
2.192000000000000030e-10 8.605419718549847663e-02 3.854868387422195023e-06
2.197000000000000013e-10 8.589416634730751010e-02 4.218726843066822443e-06
2.217999999999999992e-10 8.589412192453459161e-02 4.086811588315432200e-06
2.224000000000000023e-10 8.597923901669170255e-02 4.598649567532941509e-06
2.247000000000000099e-10 8.865947979172725257e-02 3.369727813022822979e-06
2.260999999999999999e-10 8.875652668810087020e-02 4.878318288706004298e-06
2.265999999999999981e-10 8.856764792214462390e-02 3.466652673771396232e-06
2.268000000000000078e-10 8.850737839836773924e-02 2.507274032583562865e-06
2.273000000000000061e-10 8.856764788814597278e-02 3.466652673771396232e-06
2.274999999999999899e-10 8.862794689043577978e-02 5.110990857647882836e-06
2.286999999999999961e-10 8.869055277132358028e-02 8.771267298403969439e-06
2.289000000000000057e-10 8.862788038418621672e-02 5.110208470431352613e-06
2.296999999999999926e-10 8.856555393985783564e-02 3.434058424401466758e-06
2.297999999999999974e-10 8.860142644181288885e-02 2.449256463407671171e-06
2.302999999999999957e-10 8.860595702731671741e-02 2.546341275519117683e-06
2.304000000000000005e-10 8.868540778627456711e-02 3.189102315456714788e-06
2.307999999999999940e-10 9.145723267392988354e-02 2.501476272426644149e-06
2.316000000000000067e-10 9.153282938367360289e-02 1.961035357645471063e-06
2.341999999999999771e-10 9.136537782744146019e-02 1.639401914540174600e-06
2.343000000000000077e-10 9.122307344834913734e-02 1.882992743141147082e-06
2.345999999999999964e-10 9.136537764059390887e-02 1.639406483611846032e-06
2.355000000000000139e-10 9.153311540389297285e-02 1.825966362350116751e-06
2.358000000000000026e-10 9.123540921132088088e-02 1.631400431053160567e-06
2.360000000000000122e-10 9.151065511195308200e-02 1.807955034672129150e-06
2.365000000000000105e-10 9.157535548338628650e-02 2.485619049313134035e-06
2.382999999999999939e-10 9.423493491837255098e-02 1.233255529419461569e-06
2.385000000000000036e-10 9.440529641871249489e-02 2.897806474379775269e-06
2.394000000000000212e-10 9.423477231333361737e-02 1.233814166861171071e-06
2.404000000000000177e-10 9.381090633819512414e-02 2.134360058866536735e-06
2.409000000000000160e-10 9.383964770858768678e-02 2.629389328896457332e-06
2.414999999999999932e-10 9.392134429257142925e-02 3.111025894768972151e-06
2.422000000000000011e-10 9.656460293990913601e-02 2.344804129227006976e-06
2.422999999999999801e-10 9.674041513663815539e-02 2.890296780363289314e-06
2.424000000000000108e-10 9.656470064327650482e-02 2.344804129227006976e-06
2.426999999999999994e-10 9.676947892353765512e-02 2.926937697685340009e-06
2.432999999999999767e-10 9.675578628564898698e-02 2.902813405644931523e-06
2.448000000000000232e-10 9.676947842823070689e-02 2.926894603731630526e-06
2.449999999999999811e-10 9.660531504978281392e-02 2.934773736771017524e-06
2.454999999999999794e-10 9.674802295642223604e-02 3.076194850059625650e-06
2.459999999999999777e-10 9.679971304105003393e-02 4.261384063586688769e-06
2.466000000000000066e-10 9.674757841330870745e-02 3.072367716180807020e-06
2.468000000000000163e-10 9.679971413429779015e-02 4.261214240408241029e-06
2.503999999999999832e-10 9.680052542775205437e-02 3.280521836066944176e-06
2.508000000000000025e-10 9.676148284848556935e-02 4.097525679902516809e-06
2.508999999999999814e-10 9.676190169948933884e-02 3.116004593275256844e-06
2.510000000000000121e-10 9.658976072832009541e-02 2.767138673203311351e-06
2.537000000000000131e-10 9.651643390582569093e-02 3.546693807006859216e-06
2.542000000000000114e-10 9.675782768882705553e-02 4.588590660243909061e-06
2.542999999999999904e-10 9.675788082315046890e-02 4.852682707901073848e-06
2.544000000000000211e-10 9.660666424291806942e-02 4.345659950644711870e-06
2.552000000000000080e-10 9.673308284606395302e-02 3.952066098123509558e-06
2.552999999999999869e-10 9.676390053180322637e-02 3.858532877743019977e-06
2.554999999999999966e-10 9.674416492695515901e-02 4.745452166345874093e-06
2.569999999999999914e-10 9.663362750353683694e-02 5.561071625652969108e-06
2.586000000000000169e-10 9.674416422050589881e-02 4.745410834429107356e-06
2.596000000000000134e-10 9.675121257292063071e-02 5.530464581628334102e-06
2.604000000000000003e-10 9.710838764367028808e-02 6.037784478072842130e-06
2.606000000000000100e-10 9.675116235246303265e-02 5.528738088883763042e-06
2.613000000000000179e-10 9.650896516191288799e-02 1.578229362145926393e-06
2.623000000000000145e-10 9.652101359766734889e-02 3.835225282765118247e-06
2.625000000000000241e-10 9.694568734382215391e-02 4.735493218427147262e-06
2.626000000000000031e-10 9.663194715777169430e-02 5.370483362520719511e-06
2.628000000000000127e-10 9.694568723554980449e-02 4.735493218427147262e-06
2.631999999999999803e-10 9.709367472137145350e-02 4.660356971633405487e-06
2.631999999999999803e-10 9.694549123582327232e-02 4.734148738902093158e-06
2.645000000000000172e-10 9.663202510726805194e-02 5.346587062674133674e-06
2.646999999999999751e-10 9.675014781213625570e-02 5.383309281702599305e-06
2.652000000000000251e-10 9.675752087036090798e-02 5.924068826216687072e-06
2.655000000000000137e-10 9.652312001260714147e-02 5.743500894662926319e-06
2.657000000000000234e-10 9.675777607896901555e-02 5.919272734320087612e-06
2.663000000000000006e-10 9.674896893966203337e-02 5.698564102451881456e-06
2.667000000000000199e-10 9.665080664595034066e-02 6.004779693289977082e-06
2.672000000000000182e-10 9.385511928658016312e-02 4.534487252030198715e-06
2.677000000000000165e-10 9.399345729443903119e-02 3.674115661364078964e-06
2.685000000000000034e-10 9.395506741426613850e-02 3.584283043289806961e-06
2.699999999999999982e-10 9.399335897185719102e-02 3.671960066707215271e-06
2.714000000000000140e-10 9.394970169610525335e-02 3.735844991776561632e-06
2.729000000000000089e-10 9.646382819396011332e-02 4.564703600471975263e-06
2.731000000000000185e-10 9.656980787018455692e-02 9.965274494424001956e-06
2.731999999999999975e-10 9.650608490505477310e-02 6.914679962205405486e-06
2.739000000000000054e-10 9.642429059085567966e-02 3.942963107812453130e-06
2.739000000000000054e-10 9.658521689785824760e-02 2.124629656466387309e-06
2.744999999999999827e-10 9.665948118792261345e-02 1.482827312308240571e-06
2.754000000000000002e-10 9.660741287226795593e-02 1.947713631783922221e-06
2.761000000000000082e-10 9.657017428314743079e-02 3.257573638608122468e-06
2.761999999999999871e-10 9.651572844266853579e-02 5.986020297671171320e-06
2.771999999999999837e-10 9.642748855518033790e-02 3.901879855553486215e-06
2.781000000000000013e-10 9.642820764464576921e-02 6.305771242863685949e-06
2.781000000000000013e-10 9.642748845084717080e-02 3.901834967111472882e-06
2.783000000000000109e-10 9.660290110662947405e-02 2.163488651327434280e-06
2.795000000000000171e-10 9.666221685163643718e-02 1.507566312503093480e-06
2.798999999999999847e-10 9.660970103953499255e-02 1.930806319597829452e-06
2.800999999999999943e-10 9.666422315369437024e-02 1.570785406450069537e-06
2.822000000000000181e-10 9.686486511522356124e-02 1.715541472480414444e-06
2.830999999999999840e-10 9.667434736361282810e-02 1.601856468728059253e-06
2.840999999999999805e-10 9.661846753395067489e-02 1.906793694348734790e-06
2.845999999999999788e-10 9.644265824833782308e-02 3.187351622713337926e-06
2.847000000000000095e-10 9.651462033473516555e-02 5.941723741471821752e-06
2.849999999999999981e-10 9.644265730129153447e-02 3.187251604266690181e-06
2.855999999999999754e-10 9.651468074451037549e-02 5.941293449611086450e-06
2.859999999999999947e-10 9.655621304905805113e-02 3.782265046545568232e-06
2.871000000000000219e-10 9.658737171130546417e-02 2.156243132006977827e-06
2.871000000000000219e-10 9.666030168617478768e-02 1.505686494558164397e-06
2.872000000000000008e-10 9.686323705181250354e-02 1.648840421389063175e-06
2.879000000000000088e-10 9.938574265212267445e-02 1.724935667418878218e-06
2.884000000000000070e-10 1.022579982142357985e-01 2.215972270968017666e-06
2.891000000000000150e-10 1.023281190968579474e-01 5.846998242484556489e-06
2.896000000000000132e-10 1.022895643668585153e-01 4.262219583775217287e-06
2.899999999999999808e-10 1.022919484504946491e-01 6.366661156205371271e-06
2.913999999999999967e-10 1.022088580547781539e-01 9.936178888506227880e-06
2.916999999999999853e-10 1.021264831634657866e-01 1.546259371003235182e-05
2.923999999999999932e-10 1.048638662984899966e-01 1.238473845687615218e-05
2.931000000000000012e-10 1.049209192044477518e-01 1.317741408502539107e-05
2.953000000000000039e-10 1.048768292563247856e-01 9.333566355092340902e-06
2.955999999999999925e-10 1.049221479779582078e-01 5.946492431713603993e-06
2.957000000000000232e-10 1.048768291481902704e-01 9.333566355092340902e-06
2.963999999999999794e-10 1.049187741249734823e-01 1.214581209877399698e-05
2.972999999999999970e-10 1.048016831705920471e-01 1.661973426990436098e-05
2.980999999999999839e-10 1.048499117736466368e-01 1.337017191848208912e-05
2.999999999999999980e-10 1.048016837074043500e-01 1.661983084438638103e-05
3.007999999999999849e-10 1.048498824438191118e-01 1.336788176724317636e-05
3.021000000000000218e-10 1.048773374627435528e-01 9.280317165760415584e-06
3.022999999999999797e-10 1.048498834600021939e-01 1.336788176724317636e-05
3.026000000000000200e-10 1.048149213134671742e-01 1.713762873110640870e-05
3.026000000000000200e-10 1.049177176545948165e-01 1.376556982319724632e-05
3.036999999999999956e-10 1.048679482924578937e-01 9.365579163799454755e-06
3.041000000000000149e-10 1.049177172309966460e-01 1.376530439082168738e-05
3.041000000000000149e-10 1.048678824434495782e-01 9.360131376161817877e-06
3.049999999999999807e-10 1.050090778574695183e-01 5.834050032747608832e-06
3.061000000000000080e-10 1.048678803576301860e-01 9.360062729782929678e-06
3.063000000000000176e-10 1.050089589301663184e-01 5.830298905364130624e-06
3.064999999999999756e-10 1.048793300421517749e-01 8.011702688061553352e-06
3.064999999999999756e-10 1.048522042382335068e-01 1.198381275951986451e-05
3.071999999999999835e-10 1.048803613616139802e-01 8.906720635204820393e-06
3.076999999999999818e-10 1.051126016014528319e-01 5.862567208679821916e-06
3.086999999999999783e-10 1.048690204453280872e-01 8.006053505856984415e-06
3.086999999999999783e-10 1.050109607512023785e-01 5.752352015015445089e-06
3.088999999999999880e-10 1.048690195712298351e-01 8.006004875322573954e-06
3.091999999999999766e-10 1.049215449528902999e-01 1.238759509532871939e-05
3.142000000000000110e-10 1.048489801966678292e-01 1.991334184749167326e-05
3.147000000000000093e-10 1.047914484845307720e-01 2.127445139495857178e-05
3.149000000000000189e-10 1.073361789174543529e-01 2.704854919619989600e-05
3.162999999999999831e-10 1.074645115020189390e-01 2.624766154117917161e-05
3.167999999999999813e-10 1.073569879953105710e-01 3.828572544919673731e-05
3.172000000000000006e-10 1.073570195863522148e-01 2.831617332253297647e-05
3.177999999999999779e-10 1.073839695556723789e-01 2.352916629514381793e-05
3.193000000000000244e-10 1.074681112654063825e-01 2.798972770082407748e-05
3.218999999999999948e-10 1.073838869509165656e-01 2.351518869660938117e-05
3.223000000000000141e-10 1.073615698719974226e-01 2.798725057991090101e-05
3.231999999999999799e-10 1.073770506383026763e-01 2.350626596924260321e-05
3.233000000000000106e-10 1.074210260799926264e-01 1.769086480662070566e-05
3.235000000000000203e-10 1.073909790848263240e-01 2.298944456448039891e-05
3.238999999999999879e-10 1.074708908924828232e-01 2.734398017637800914e-05
3.240000000000000185e-10 1.073390145523079320e-01 2.899116114478374944e-05
3.250000000000000151e-10 1.073558933206673061e-01 2.678868818618873162e-05
3.265999999999999889e-10 1.100153303746991135e-01 1.959030583100652634e-05
3.275000000000000064e-10 1.101077813314431803e-01 2.217351563699769548e-05
3.275000000000000064e-10 1.100270113404695355e-01 2.634244953034733632e-05
3.277000000000000161e-10 1.101078331193493381e-01 2.216931080925211195e-05
3.279000000000000257e-10 1.100068667375073694e-01 2.626466076854317116e-05
3.292000000000000109e-10 1.099872391638459374e-01 2.883900441227445292e-05
3.300999999999999768e-10 1.126441271134132616e-01 1.996487653590803897e-05
3.302999999999999864e-10 1.127159880478050685e-01 2.714639487545518023e-05
3.304999999999999961e-10 1.126607111625109320e-01 2.639494937859096862e-05
3.309000000000000154e-10 1.126762223661678108e-01 2.943343092439528239e-05
3.322999999999999795e-10 1.153008939557194357e-01 2.331539619643078207e-05
3.326000000000000198e-10 1.154272981033593881e-01 2.828472972625041602e-05
3.331000000000000181e-10 1.152868407458899486e-01 2.617420283013270502e-05
3.351000000000000112e-10 1.154272975088549702e-01 2.828449766394953207e-05
3.364999999999999754e-10 1.153186475946994249e-01 3.055492819203491648e-05
3.378999999999999912e-10 1.154273043186840875e-01 2.827933806581837945e-05
3.385000000000000202e-10 1.152879649134099377e-01 2.676952134044488204e-05
3.386999999999999781e-10 1.154273040127601624e-01 2.827925427391491338e-05
3.410999999999999905e-10 1.152879430205743239e-01 2.676281704059222150e-05
3.413999999999999791e-10 1.152396368239945040e-01 2.180409821939827209e-05
3.415000000000000098e-10 1.153345230561999973e-01 2.419022514594662212e-05
3.422999999999999967e-10 1.153839671628527908e-01 2.746572759250233927e-05
3.432999999999999932e-10 1.152890269519753624e-01 2.584072228425694038e-05
3.479999999999999873e-10 1.154481707397069790e-01 3.320692812738133988e-05
3.484000000000000066e-10 1.153098071003807040e-01 3.248154913769003501e-05
3.580999999999999835e-10 1.152193475683680329e-01 3.302636751292460524e-05
3.590999999999999800e-10 1.151849786748823795e-01 3.215346236382624388e-05
3.614000000000000135e-10 1.152330065851227131e-01 3.243320951223392293e-05
3.654999999999999786e-10 1.153151858501512833e-01 3.203067292636420474e-05
3.658999999999999979e-10 1.152330179456087789e-01 3.243320951223392293e-05
3.673999999999999927e-10 1.153200851756672057e-01 3.193157816608377153e-05
3.676999999999999814e-10 1.154648319947682300e-01 3.414676612069668935e-05
3.678999999999999910e-10 1.153200811438180873e-01 3.193157816608377153e-05
3.678999999999999910e-10 1.153821858664886846e-01 2.986310675878334089e-05
3.688999999999999876e-10 1.153190931295394878e-01 3.115309861089489261e-05
3.715000000000000096e-10 1.152391005475338626e-01 3.294240276610396057e-05
3.752999999999999861e-10 1.153190160058489983e-01 3.113601624755855035e-05
3.769000000000000116e-10 1.152390877499913507e-01 3.294197657652385306e-05
3.776999999999999985e-10 1.151831312711203287e-01 3.215861036226971815e-05
3.796999999999999916e-10 1.178574827993701252e-01 1.958153943764240023e-05
3.803000000000000206e-10 1.177964787306274019e-01 2.875461256987190534e-05
3.813999999999999961e-10 1.177944360305899496e-01 2.749865168957808158e-05
3.840000000000000181e-10 1.177964792527557009e-01 2.875461256987190534e-05
3.845999999999999954e-10 1.178924316225344743e-01 3.153995593471885825e-05
3.855000000000000129e-10 1.178041773170323131e-01 1.881264585377580371e-05
3.879000000000000253e-10 1.177817285126720181e-01 2.527205439411140536e-05
3.887999999999999912e-10 1.177952690926578477e-01 2.263162006495950560e-05
3.894000000000000202e-10 1.177945129872399188e-01 2.569653190355070414e-05
3.895999999999999781e-10 1.178009756292041493e-01 2.841912903522346499e-05
3.899999999999999974e-10 1.178325293236548998e-01 3.079266327113448028e-05
3.926000000000000194e-10 1.204164111064105480e-01 2.313623430766457582e-05
3.939000000000000046e-10 1.204660518280908504e-01 2.998882186552634705e-05
3.964999999999999750e-10 1.203827184784047599e-01 2.968146914328444118e-05
3.968999999999999943e-10 1.204645614874979564e-01 3.111331502985284963e-05
3.976999999999999812e-10 1.230074068333397441e-01 2.525907432265817249e-05
3.978000000000000118e-10 1.256333155534982982e-01 2.605549311451577703e-05
4.023999999999999753e-10 1.256058912178485976e-01 3.110316539875087168e-05
4.023999999999999753e-10 1.281819645308480138e-01 2.642480825798010650e-05
4.032999999999999928e-10 1.282183447048919067e-01 2.834222717720640255e-05
4.037999999999999911e-10 1.281984385344180077e-01 3.069418738472841525e-05
4.047999999999999877e-10 1.281782641477862694e-01 3.165684110138016426e-05
4.057999999999999842e-10 1.307283967754805931e-01 3.192838749867578249e-05
4.066000000000000228e-10 1.308122126196144819e-01 3.024863953698931395e-05
4.076000000000000193e-10 1.307283993479095296e-01 3.192811480887269176e-05
4.076999999999999983e-10 1.308123508798779977e-01 3.023949070492801529e-05
4.084000000000000062e-10 1.307060222156481988e-01 2.726216575232079162e-05
4.098000000000000221e-10 1.306540431704800442e-01 2.267685357534432179e-05
4.106999999999999880e-10 1.307022281683891118e-01 2.518514330630108785e-05
4.109999999999999766e-10 1.308356185585325682e-01 2.739376698390570477e-05
4.109999999999999766e-10 1.307040995350479129e-01 2.558366299099202736e-05
4.116999999999999845e-10 1.333054120183438385e-01 1.644668483932027774e-05
4.140000000000000179e-10 1.332973916093559419e-01 1.547008218893938293e-05
4.148999999999999838e-10 1.332932283640750615e-01 1.889618064680882489e-05
4.158999999999999803e-10 1.332972944229927903e-01 1.546777738408011541e-05
4.167999999999999979e-10 1.359923249006893542e-01 1.248401519927726099e-05
4.182000000000000138e-10 1.360793725782860619e-01 1.447929314738077120e-05
4.192999999999999893e-10 1.359344915953570321e-01 1.890576227522633139e-05
4.209000000000000148e-10 1.359747154259738633e-01 2.318062594705802242e-05
4.212999999999999824e-10 1.361298589400952719e-01 2.773770066492279863e-05
4.239999999999999834e-10 1.359745272495269386e-01 2.540776390530235254e-05
4.256999999999999879e-10 1.361298561567070298e-01 2.773742646740538843e-05
4.300999999999999933e-10 1.359745629065185757e-01 2.540318181955649509e-05
4.318999999999999768e-10 1.359846254214548411e-01 2.792147993939547249e-05
4.320000000000000075e-10 1.360614801746731772e-01 3.059620696357409625e-05
4.322999999999999961e-10 1.385161864654636532e-01 3.600848819864249379e-05
4.335999999999999813e-10 1.384863989436719289e-01 3.361545867510074481e-05
4.344999999999999988e-10 1.384711589559454170e-01 3.163571620527578165e-05
4.367000000000000016e-10 1.411799931604627023e-01 3.071722557065673494e-05
4.376000000000000191e-10 1.411408557744135150e-01 3.158251317324097223e-05
4.386999999999999947e-10 1.411057421188185168e-01 3.291519767935727100e-05
4.394000000000000026e-10 1.411408569958776948e-01 3.158271010686928540e-05
4.411000000000000071e-10 1.410826662070855664e-01 3.266345936268669182e-05
4.420000000000000246e-10 1.411408575812561073e-01 3.158233563994102162e-05
4.453000000000000029e-10 1.411061326074587730e-01 3.191930816008150856e-05
4.472000000000000170e-10 1.412348979713460295e-01 2.676912162349713237e-05
4.490000000000000005e-10 1.411061322742072632e-01 3.191904028174818970e-05
4.494999999999999987e-10 1.412145813954510110e-01 2.659749691306398657e-05
4.499999999999999970e-10 1.410665435675456658e-01 2.408269661190885739e-05
4.502999999999999856e-10 1.411965202364606209e-01 3.550641500864461204e-05
4.507000000000000049e-10 1.410665090293463375e-01 2.408177682665811663e-05
4.529000000000000077e-10 1.412126288023715093e-01 2.449701712543780974e-05
4.529999999999999866e-10 1.411161024605246950e-01 3.544617153281245540e-05
4.532999999999999753e-10 1.437151868366546847e-01 6.472726934901412677e-05
4.534000000000000059e-10 1.437312022223958818e-01 5.358917580922606204e-05
4.546999999999999911e-10 1.437192967013747325e-01 5.375575823785435595e-05
4.556999999999999877e-10 1.437889811555059516e-01 4.190675757951249766e-05
4.559999999999999763e-10 1.437358014946445439e-01 2.658415329324095315e-05
4.583000000000000097e-10 1.437890203459178395e-01 4.191217044368887454e-05
4.595000000000000159e-10 1.437106949928792232e-01 4.497747656688092188e-05
4.595999999999999949e-10 1.436891572018157703e-01 4.886567173416860840e-05
4.598999999999999835e-10 1.436678779139331785e-01 3.872193741977333399e-05
4.637000000000000117e-10 1.436879955212768678e-01 4.466584789323162555e-05
4.654000000000000162e-10 1.436864582627340736e-01 3.869231589083992924e-05
4.659000000000000145e-10 1.437197924789667125e-01 4.654851142225821639e-05
4.664999999999999917e-10 1.436859537222077432e-01 3.944950809702297987e-05
4.690999999999999621e-10 1.462739935867512775e-01 2.764162086583759823e-05
4.697999999999999700e-10 1.462102009840855199e-01 3.156582430990609339e-05
4.710000000000000279e-10 1.462739922008151061e-01 2.764159829098277094e-05
4.723000000000000131e-10 1.462652047848095882e-01 2.996328039868342616e-05
4.724000000000000437e-10 1.461624477078566076e-01 3.125247460234203040e-05
4.737999999999999562e-10 1.462651100168418927e-01 2.996698228139419470e-05
4.770000000000000072e-10 1.461624492917856233e-01 3.125255924272007008e-05
4.781999999999999617e-10 1.462166910734626624e-01 3.241548275796615790e-05
4.784000000000000230e-10 1.462243960043213276e-01 3.240696166729388727e-05
4.838999999999999523e-10 1.489096774572024329e-01 4.994598907768435530e-05
4.838999999999999523e-10 1.488755171847581937e-01 4.787290484071726423e-05
4.841000000000000137e-10 1.488890496663849150e-01 4.010017833433315984e-05
4.848000000000000216e-10 1.513807038841911146e-01 6.142594801172489652e-05
4.848000000000000216e-10 1.514007452524570030e-01 6.857390984750270035e-05
4.848999999999999489e-10 1.514432389733222917e-01 1.128778407879964192e-04
4.849999999999999795e-10 1.518235731231655505e-01 2.932910185659813249e-02
4.851000000000000102e-10 1.520188700101274548e-01 3.547700583911642114e-02
4.851000000000000102e-10 1.520377240131815799e-01 3.821832404368344371e-02
