# t
0.000000000000000000e+00
2.475826300000000186e-09
2.730115200000000205e-09
1.374104399999999956e-08
1.489598700000000066e-08
1.525969099999999976e-08
1.554664299999999888e-08
1.992991900000000110e-08
2.221942799999999943e-08
2.379365899999999835e-08
2.546027399999999901e-08
2.582041699999999951e-08
3.082060099999999706e-08
3.468053400000000166e-08
3.521340699999999977e-08
3.689365200000000093e-08
3.785089899999999684e-08
4.106308099999999786e-08
4.176072399999999725e-08
4.192658900000000017e-08
4.244890200000000033e-08
4.433084100000000065e-08
4.689937699999999969e-08
4.814055799999999881e-08
4.880236800000000069e-08
4.930611099999999726e-08
5.019629099999999842e-08
5.132507800000000303e-08
5.455245700000000114e-08
5.591612700000000001e-08
5.978811200000000171e-08
6.263171600000000338e-08
6.286221199999999877e-08
6.371918300000000508e-08
6.389792099999999880e-08
6.473889499999999784e-08
6.511820699999999766e-08
6.524113099999999379e-08
6.546383400000000309e-08
6.648006899999999591e-08
6.828669799999999765e-08
6.934284499999999455e-08
6.953174299999999767e-08
7.155729700000000215e-08
7.296229200000000222e-08
7.587274199999999769e-08
7.811918000000000403e-08
8.285028999999999721e-08
8.302178799999999914e-08
8.354192099999999921e-08
8.364620099999999463e-08
8.375833799999999656e-08
8.414938200000000396e-08
8.430104399999999578e-08
8.469762200000000041e-08
8.588937899999999410e-08
8.753656000000000362e-08
8.876459099999999974e-08
9.150834300000000138e-08
9.347726199999999471e-08
9.750665800000000436e-08
9.784265299999999664e-08
9.847606499999999871e-08
9.933476800000000126e-08
9.974271499999999371e-08
1.001857400000000044e-07
1.003540700000000023e-07
1.011971900000000038e-07
1.041953700000000064e-07
1.055637300000000048e-07
1.064606500000000038e-07
1.065060899999999965e-07
1.068359499999999952e-07
1.072830200000000016e-07
1.080853699999999969e-07
1.086836099999999971e-07
1.088931300000000028e-07
1.103941100000000044e-07
1.109288800000000017e-07
1.117920499999999955e-07
1.131794699999999948e-07
1.170451400000000051e-07
1.229848399999999878e-07
1.241653699999999926e-07
1.243243799999999975e-07
1.248527200000000031e-07
1.253590800000000034e-07
1.261605100000000098e-07
1.266625099999999967e-07
1.277572800000000070e-07
1.277880399999999921e-07
1.290850600000000001e-07
1.293666499999999973e-07
1.307595400000000131e-07
1.308613199999999925e-07
1.312568700000000003e-07
1.318944999999999903e-07
1.324452000000000033e-07
1.329263000000000115e-07
1.351136999999999984e-07
1.367706800000000048e-07
1.387516300000000051e-07
1.394825400000000046e-07
1.396768399999999893e-07
1.427545900000000051e-07
1.433929100000000100e-07
1.446674499999999988e-07
1.451162999999999903e-07
1.539618000000000016e-07
1.546439699999999887e-07
1.554810099999999976e-07
1.563777600000000020e-07
1.565529599999999995e-07
1.595083800000000033e-07
1.595947200000000107e-07
1.602465999999999971e-07
1.621048700000000129e-07
1.662063399999999888e-07
1.665639200000000094e-07
1.669685999999999960e-07
1.671537500000000088e-07
1.744248499999999871e-07
1.748615600000000130e-07
1.757043799999999983e-07
1.768796500000000072e-07
1.772261900000000026e-07
1.783713500000000020e-07
1.790579600000000015e-07
1.795409800000000129e-07
1.803106500000000066e-07
1.804136799999999940e-07
1.806826500000000049e-07
1.814272000000000114e-07
1.822435399999999995e-07
1.832816200000000109e-07
1.839200400000000079e-07
1.839838399999999903e-07
1.848711500000000030e-07
1.870193299999999947e-07
1.873410599999999892e-07
1.907907399999999875e-07
1.909845199999999918e-07
1.912071900000000005e-07
1.916329899999999963e-07
1.927584500000000024e-07
1.930510199999999925e-07
1.938979099999999980e-07
1.946473899999999945e-07
1.953979400000000078e-07
1.972935399999999920e-07
1.982389899999999960e-07
1.993580399999999904e-07
2.001417299999999931e-07
2.014351600000000015e-07
2.058943800000000059e-07
2.059363000000000016e-07
2.061813899999999970e-07
2.071576399999999989e-07
2.071982099999999944e-07
2.072393299999999997e-07
2.085697700000000069e-07
2.088975200000000014e-07
2.113891399999999928e-07
2.120921300000000126e-07
2.122682599999999955e-07
2.137299999999999954e-07
2.142375900000000106e-07
2.153462000000000123e-07
2.162166700000000038e-07
2.167054999999999945e-07
2.184060499999999998e-07
2.185486800000000109e-07
2.190466600000000001e-07
2.204815799999999871e-07
2.217335300000000078e-07
2.220128000000000066e-07
2.223209999999999961e-07
2.236575200000000092e-07
2.251756399999999952e-07
2.254760000000000002e-07
2.282820399999999919e-07
2.287123100000000030e-07
2.312545199999999944e-07
2.315364399999999975e-07
2.318562299999999956e-07
2.318999899999999955e-07
2.332068900000000030e-07
2.353053000000000047e-07
2.361189199999999992e-07
2.361706000000000091e-07
2.364126299999999953e-07
2.366461699999999949e-07
2.366543400000000118e-07
2.370117399999999883e-07
2.373086000000000025e-07
2.377180000000000115e-07
2.377262099999999882e-07
2.391082499999999798e-07
2.391127299999999786e-07
2.409122399999999775e-07
2.424433099999999822e-07
2.434661200000000030e-07
2.445513199999999735e-07
2.456974700000000172e-07
2.460957299999999823e-07
2.463734300000000033e-07
2.485573099999999799e-07
2.525057200000000146e-07
2.525324899999999786e-07
2.549131400000000059e-07
2.574472899999999823e-07
2.580911899999999792e-07
2.585799699999999739e-07
2.602816299999999823e-07
2.611026599999999897e-07
2.614827599999999893e-07
2.624398400000000147e-07
2.630006400000000047e-07
2.632827399999999990e-07
2.639176199999999926e-07
2.648127399999999869e-07
2.658511100000000179e-07
2.686400500000000246e-07
2.702034799999999951e-07
2.702768999999999868e-07
2.706180799999999941e-07
2.728985100000000099e-07
2.738533599999999928e-07
2.742203900000000149e-07
2.746224400000000168e-07
2.769763199999999744e-07
2.784998800000000005e-07
2.802290500000000101e-07
2.819277999999999975e-07
2.820366200000000240e-07
2.828712999999999953e-07
2.832210399999999784e-07
2.861089099999999758e-07
2.863472599999999801e-07
2.872563300000000206e-07
2.874404200000000264e-07
2.877186100000000250e-07
2.878013700000000161e-07
2.969349699999999756e-07
2.976199200000000150e-07
2.985872999999999754e-07
2.992307099999999948e-07
3.033213600000000023e-07
3.043682999999999925e-07
3.058250099999999839e-07
3.067528000000000097e-07
3.073437299999999759e-07
3.076391400000000242e-07
3.097357899999999942e-07
3.106941200000000012e-07
3.118192699999999946e-07
3.126067299999999880e-07
3.141096400000000159e-07
3.146554800000000017e-07
3.158086000000000238e-07
3.169140900000000103e-07
3.212288099999999964e-07
3.215948300000000075e-07
3.229984800000000122e-07
3.242782700000000137e-07
3.245104099999999905e-07
3.253072000000000001e-07
3.268290999999999868e-07
3.269555299999999954e-07
3.295871299999999936e-07
3.306115799999999813e-07
3.321366499999999793e-07
3.324157499999999966e-07
3.326975699999999811e-07
3.366709399999999785e-07
3.367480299999999952e-07
3.414755699999999820e-07
3.427624799999999767e-07
3.469021900000000192e-07
3.480985399999999981e-07
3.485917699999999885e-07
3.502051499999999931e-07
3.505822099999999765e-07
3.512303100000000152e-07
3.524056699999999801e-07
3.540647999999999770e-07
3.553458199999999933e-07
3.567521199999999759e-07
3.597889099999999844e-07
3.612639399999999923e-07
3.615760400000000206e-07
3.617777700000000114e-07
3.638268299999999849e-07
3.647455000000000152e-07
3.649435700000000172e-07
3.655947400000000221e-07
3.658684300000000023e-07
3.659336100000000143e-07
3.666670399999999965e-07
3.699047399999999859e-07
3.742398199999999771e-07
3.752234999999999850e-07
3.759382300000000016e-07
3.770641900000000216e-07
3.802674800000000203e-07
3.822392700000000124e-07
3.829046100000000145e-07
3.833354100000000160e-07
3.835130500000000236e-07
3.836512899999999919e-07
3.845686499999999818e-07
3.864103399999999931e-07
3.874316000000000028e-07
3.891217900000000144e-07
3.921725399999999995e-07
3.923115800000000110e-07
3.953299200000000079e-07
3.955225099999999835e-07
3.955811899999999749e-07
3.959507500000000160e-07
3.963658499999999758e-07
3.968194899999999788e-07
3.982915100000000264e-07
3.988737300000000021e-07
3.995464199999999848e-07
4.003385099999999917e-07
4.033218600000000116e-07
4.034717700000000141e-07
4.057272100000000114e-07
4.069237199999999883e-07
4.073451899999999736e-07
4.097443999999999881e-07
4.115029500000000062e-07
4.133144700000000020e-07
4.136879800000000250e-07
4.138698099999999853e-07
4.154820799999999868e-07
4.159801100000000251e-07
4.161104799999999794e-07
4.194179999999999775e-07
4.197019899999999986e-07
4.287935199999999741e-07
4.341603200000000139e-07
4.369493000000000069e-07
4.370382599999999892e-07
4.386180299999999936e-07
4.398486300000000178e-07
4.400156600000000248e-07
4.403393299999999893e-07
4.414751100000000029e-07
4.424276600000000070e-07
4.430898600000000008e-07
4.441808699999999772e-07
4.442355600000000003e-07
4.446636399999999817e-07
4.455718300000000065e-07
4.465482300000000231e-07
4.473110199999999942e-07
4.482160100000000047e-07
4.485036600000000146e-07
4.502070299999999791e-07
4.513287500000000239e-07
4.531324099999999891e-07
4.531639100000000116e-07
4.557855099999999985e-07
4.592750500000000108e-07
4.605567500000000057e-07
4.622397099999999955e-07
4.634878899999999989e-07
4.639614700000000187e-07
4.685823799999999822e-07
4.686962699999999772e-07
4.695799300000000109e-07
4.698066399999999839e-07
4.748439800000000202e-07
4.756527300000000042e-07
4.819716600000000069e-07
4.832656600000000449e-07
4.841107700000000521e-07
4.850707000000000397e-07
4.858332699999999539e-07
4.895776199999999632e-07
4.899434599999999566e-07
4.904588099999999838e-07
4.918308999999999602e-07
4.934965399999999610e-07
4.945955899999999857e-07
4.970694600000000430e-07
4.971052499999999574e-07
4.972454999999999642e-07
4.985740199999999682e-07
4.988255500000000313e-07
5.002822600000000227e-07
5.026511300000000404e-07
5.042144499999999824e-07
5.051863199999999777e-07
5.052035399999999745e-07
5.057523899999999735e-07
5.084314399999999898e-07
5.086092400000000484e-07
5.097201000000000328e-07
5.106659199999999760e-07
5.140884000000000389e-07
5.158598599999999834e-07
5.163195300000000491e-07
5.163811899999999978e-07
5.178544900000000299e-07
5.185383999999999497e-07
5.191280700000000039e-07
5.192457600000000191e-07
5.203965900000000458e-07
5.204937599999999519e-07
5.213167900000000146e-07
5.222296800000000420e-07
5.223775200000000529e-07
5.225449400000000453e-07
5.244882400000000280e-07
5.270035499999999545e-07
5.271505000000000192e-07
5.327112400000000084e-07
5.330896400000000352e-07
5.339883000000000065e-07
5.351361200000000200e-07
5.354405999999999884e-07
5.366682300000000386e-07
5.373893299999999749e-07
5.375605000000000178e-07
5.407974500000000394e-07
5.451897300000000002e-07
5.483624100000000285e-07
5.560541799999999754e-07
5.578114399999999727e-07
5.590607999999999685e-07
5.606224900000000328e-07
5.607042299999999767e-07
5.617477100000000154e-07
5.628387000000000251e-07
5.629199900000000307e-07
5.632959399999999580e-07
5.639005699999999636e-07
5.646802600000000412e-07
5.667540699999999567e-07
5.680550000000000398e-07
5.687778000000000018e-07
5.716829100000000156e-07
5.727131900000000287e-07
5.742005200000000267e-07
5.767971900000000009e-07
5.772743699999999507e-07
5.782833499999999899e-07
5.789267500000000260e-07
5.793588500000000316e-07
5.799769300000000167e-07
5.823761699999999812e-07
5.843957099999999678e-07
5.849728300000000250e-07
5.858302300000000391e-07
5.859403599999999471e-07
5.865194299999999841e-07
5.866513799999999524e-07
5.889880499999999495e-07
5.892899300000000154e-07
5.932881800000000029e-07
5.934186999999999720e-07
5.943125400000000348e-07
5.943590600000000145e-07
5.946762200000000279e-07
5.957616999999999553e-07
5.959821599999999676e-07
5.960095600000000463e-07
5.960556100000000152e-07
5.991045000000000294e-07
6.011337699999999479e-07
6.024276600000000104e-07
6.044558399999999983e-07
6.046319499999999616e-07
6.068580200000000397e-07
6.101816899999999648e-07
6.126348600000000013e-07
6.127039099999999698e-07
6.142277700000000253e-07
6.170906599999999875e-07
6.181937499999999501e-07
6.183665400000000462e-07
6.187613300000000235e-07
6.192566299999999525e-07
6.195846400000000431e-07
6.220784399999999750e-07
6.222622399999999876e-07
6.223554700000000009e-07
6.245193600000000440e-07
6.262248300000000029e-07
6.262456599999999659e-07
6.312174499999999716e-07
6.328080600000000168e-07
6.336618199999999558e-07
6.343658899999999492e-07
6.346107700000000299e-07
6.388671499999999875e-07
6.392807200000000088e-07
6.411280000000000219e-07
6.411636599999999940e-07
6.413677999999999921e-07
6.419297300000000048e-07
6.427134499999999840e-07
6.435661000000000257e-07
6.436516899999999594e-07
6.456038099999999612e-07
6.463913899999999664e-07
6.485466100000000052e-07
6.487701300000000004e-07
6.498279700000000373e-07
6.504131999999999733e-07
6.530543400000000082e-07
6.562194600000000355e-07
6.564220599999999529e-07
6.590474500000000295e-07
6.609506699999999944e-07
6.612341599999999487e-07
6.613598300000000062e-07
6.622300800000000467e-07
6.638039299999999639e-07
6.639173200000000509e-07
6.643693700000000037e-07
6.670284500000000002e-07
6.677188400000000268e-07
6.681572799999999491e-07
6.682377500000000506e-07
6.683304100000000080e-07
6.725519900000000425e-07
6.727899699999999752e-07
6.746520399999999582e-07
6.762507599999999880e-07
6.763239200000000424e-07
6.763421699999999638e-07
6.772362100000000109e-07
6.773270299999999641e-07
6.775546999999999784e-07
6.779024399999999593e-07
6.789187999999999820e-07
6.801742700000000130e-07
6.809352300000000162e-07
6.848475900000000405e-07
6.857770500000000362e-07
6.874513800000000080e-07
6.879700200000000053e-07
6.894499799999999502e-07
6.898199399999999599e-07
6.907927799999999799e-07
6.919010900000000315e-07
6.956457300000000340e-07
6.965307300000000052e-07
6.983495999999999816e-07
6.984011199999999934e-07
6.994603300000000237e-07
7.008649100000000139e-07
7.017825600000000499e-07
7.020383600000000382e-07
7.022594900000000457e-07
7.032389200000000422e-07
7.056136299999999627e-07
7.067964300000000228e-07
7.079353899999999781e-07
7.088954000000000441e-07
7.097265599999999522e-07
7.110120099999999976e-07
7.117722399999999996e-07
7.138493899999999608e-07
7.162051599999999980e-07
7.184455399999999989e-07
7.189495900000000106e-07
7.193523000000000244e-07
7.196534199999999805e-07
7.200674100000000431e-07
7.213426999999999732e-07
7.214354200000000424e-07
7.216016799999999561e-07
7.229420799999999620e-07
7.234962000000000196e-07
7.237108099999999869e-07
7.257961699999999777e-07
7.270596700000000207e-07
7.284240799999999842e-07
7.289430000000000443e-07
7.306388899999999802e-07
7.312065200000000232e-07
7.339435700000000524e-07
7.344972000000000266e-07
7.353950099999999850e-07
7.359222700000000170e-07
7.364435599999999921e-07
7.382757300000000392e-07
7.382801100000000457e-07
7.384296799999999795e-07
7.408907100000000466e-07
7.434624200000000053e-07
7.444000900000000306e-07
7.444727499999999653e-07
7.456810999999999577e-07
7.482547700000000383e-07
7.497911499999999820e-07
7.515828100000000395e-07
7.517164999999999669e-07
7.522673299999999486e-07
7.527041399999999931e-07
7.540374399999999723e-07
7.570453399999999499e-07
7.589096699999999784e-07
7.592819400000000032e-07
7.603937500000000455e-07
7.610599600000000272e-07
7.618691700000000387e-07
7.652606499999999870e-07
7.660026200000000313e-07
7.673225900000000428e-07
7.687547099999999843e-07
7.688327100000000198e-07
7.689764000000000115e-07
7.694086299999999592e-07
7.703023000000000406e-07
7.706192700000000001e-07
7.727101099999999643e-07
7.728740099999999992e-07
7.740560700000000219e-07
7.757609599999999945e-07
7.791442699999999523e-07
7.810289300000000358e-07
7.812358899999999931e-07
7.815373200000000149e-07
7.829862799999999511e-07
7.845752700000000491e-07
7.869499700000000392e-07
7.880099600000000402e-07
7.884245100000000166e-07
7.894442500000000183e-07
7.915316099999999585e-07
7.937128100000000071e-07
7.939896999999999487e-07
7.945584299999999586e-07
7.946805799999999528e-07
7.948085199999999862e-07
7.950483199999999563e-07
7.989197599999999861e-07
8.016369300000000044e-07
8.017520000000000446e-07
8.042443000000000411e-07
8.056204299999999553e-07
8.066911000000000521e-07
8.086173500000000195e-07
8.087392400000000235e-07
8.110513799999999766e-07
8.112187399999999630e-07
8.117331300000000018e-07
8.121803099999999705e-07
8.132438800000000407e-07
8.135689299999999818e-07
8.139963199999999484e-07
8.139971199999999917e-07
8.140193499999999510e-07
8.160987099999999879e-07
8.163188500000000041e-07
8.209543599999999894e-07
8.223820599999999910e-07
8.223833099999999726e-07
8.225770200000000406e-07
8.234860800000000449e-07
8.241717799999999992e-07
8.251084300000000303e-07
8.269332099999999517e-07
8.276459799999999523e-07
8.277284300000000366e-07
8.308516099999999691e-07
8.323871500000000422e-07
8.334494299999999857e-07
8.340300299999999611e-07
8.343628399999999936e-07
8.349249599999999544e-07
8.353417999999999792e-07
8.367685500000000287e-07
8.433719299999999741e-07
8.447573999999999937e-07
8.449825000000000028e-07
8.453779500000000449e-07
8.457795100000000164e-07
8.480060399999999632e-07
8.482490599999999672e-07
8.484341800000000034e-07
8.498276399999999959e-07
8.498460799999999712e-07
8.498822199999999905e-07
8.508908399999999944e-07
8.509157100000000012e-07
8.513300799999999599e-07
8.516197000000000220e-07
8.529809799999999605e-07
8.533559700000000053e-07
8.535772500000000275e-07
8.536476099999999834e-07
8.552940399999999686e-07
8.555840599999999994e-07
8.556085999999999738e-07
8.557761999999999838e-07
8.559827700000000087e-07
8.577376200000000517e-07
8.579834000000000091e-07
8.594556200000000410e-07
8.601088599999999845e-07
8.618847399999999748e-07
8.629547699999999735e-07
8.650538600000000066e-07
8.665069799999999984e-07
8.672370499999999683e-07
8.673651599999999831e-07
8.691769099999999662e-07
8.702455500000000048e-07
8.723675200000000258e-07
8.724081599999999575e-07
8.740675400000000143e-07
8.750032399999999874e-07
8.768599399999999725e-07
8.776017199999999629e-07
8.781405500000000368e-07
8.786899699999999859e-07
8.794289900000000229e-07
8.794938599999999691e-07
8.846145300000000525e-07
8.866841200000000125e-07
8.871555100000000290e-07
8.887051999999999738e-07
8.892646099999999509e-07
8.898047900000000515e-07
8.926330299999999995e-07
8.926611599999999735e-07
8.942277599999999552e-07
8.943359800000000287e-07
8.957203600000000119e-07
8.962274200000000368e-07
8.965181199999999932e-07
8.972375600000000488e-07
8.975931699999999907e-07
8.978477500000000003e-07
8.999617699999999818e-07
9.000870699999999677e-07
9.034846599999999512e-07
9.040309000000000116e-07
9.065910499999999645e-07
9.067158700000000092e-07
9.071089599999999607e-07
9.091863100000000121e-07
9.098200100000000133e-07
9.098864100000000039e-07
9.115120700000000320e-07
9.126783900000000268e-07
9.131446400000000327e-07
9.141580100000000089e-07
9.154126300000000271e-07
9.161534299999999565e-07
9.185564499999999745e-07
9.188670600000000507e-07
9.193577900000000250e-07
9.207809700000000416e-07
9.212840299999999561e-07
9.217879699999999923e-07
9.229338199999999536e-07
9.263284800000000023e-07
9.272882899999999782e-07
9.282237500000000336e-07
9.298271999999999631e-07
9.311950000000000477e-07
9.330054700000000463e-07
9.330554199999999746e-07
9.337261100000000079e-07
9.340354800000000329e-07
9.343862499999999936e-07
9.381794299999999977e-07
9.385373299999999879e-07
9.404150999999999596e-07
9.449173099999999500e-07
9.458375599999999943e-07
9.463140999999999518e-07
9.483318099999999704e-07
9.489779999999999628e-07
9.490184700000000190e-07
9.525404900000000089e-07
9.537458100000000214e-07
9.550134000000000779e-07
9.558555999999999052e-07
9.560029599999999749e-07
9.561657300000000401e-07
9.576820500000000612e-07
9.598461100000000857e-07
9.607463200000000680e-07
9.607611500000000772e-07
9.641030600000000992e-07
9.657035199999999822e-07
9.667219899999999298e-07
9.667869599999999211e-07
9.671962899999999144e-07
9.673933899999999976e-07
9.680414699999999638e-07
9.698564199999999082e-07
9.708718899999999847e-07
9.803741000000000331e-07
9.817249800000000445e-07
9.841109599999999775e-07
9.854061700000000637e-07
9.855243399999999142e-07
9.869104299999999594e-07
9.875950699999999861e-07
9.876992499999999099e-07
9.900458700000000017e-07
9.906103100000000138e-07
9.927579499999999789e-07
9.929022300000000991e-07
9.936746099999999177e-07
9.951177500000000236e-07
9.958586799999998953e-07
9.971955699999999800e-07
9.977497000000000739e-07
1.003754499999999937e-06
1.004224800000000023e-06
1.004283099999999960e-06
1.004527500000000099e-06
1.004748900000000027e-06
1.007239100000000029e-06
1.008495000000000032e-06
1.008799699999999951e-06
1.009423199999999904e-06
1.009625100000000035e-06
1.010106199999999911e-06
1.010617900000000038e-06
1.012306600000000045e-06
1.013365699999999993e-06
1.013735000000000044e-06
1.014228999999999916e-06
1.014337500000000053e-06
1.014761499999999898e-06
1.015447499999999988e-06
1.015787999999999964e-06
1.015826200000000044e-06
1.015925599999999992e-06
1.016048699999999939e-06
1.017285399999999962e-06
1.017431600000000059e-06
1.018485800000000021e-06
1.018758699999999994e-06
1.020195599999999911e-06
1.020567399999999925e-06
1.020593300000000068e-06
1.021803399999999950e-06
1.022024299999999970e-06
1.023478700000000052e-06
1.024399700000000064e-06
1.024464699999999953e-06
1.026383699999999985e-06
1.026806300000000046e-06
1.026813200000000088e-06
1.027053700000000056e-06
1.027157099999999903e-06
1.028813100000000087e-06
1.029353399999999988e-06
1.029641999999999950e-06
1.031436400000000100e-06
1.032669000000000073e-06
1.033460899999999973e-06
1.033611799999999967e-06
1.034625700000000066e-06
1.034816600000000105e-06
1.035198000000000003e-06
1.036448499999999899e-06
1.038130000000000045e-06
1.041364900000000042e-06
1.041791400000000063e-06
1.043457800000000067e-06
1.043792199999999938e-06
1.045012199999999945e-06
1.045375299999999952e-06
1.046207000000000019e-06
1.047220099999999969e-06
1.049541999999999963e-06
1.051053500000000075e-06
1.053666199999999964e-06
1.054129699999999947e-06
1.056617799999999955e-06
1.056790599999999982e-06
1.056844100000000082e-06
1.056941800000000005e-06
1.057729300000000037e-06
1.060968700000000053e-06
1.062859600000000008e-06
1.063137900000000088e-06
1.063929000000000050e-06
1.064651300000000104e-06
1.066555800000000054e-06
1.067492399999999903e-06
1.068069200000000070e-06
1.069915199999999993e-06
1.071355099999999993e-06
1.073844900000000026e-06
1.074322399999999972e-06
1.074884599999999905e-06
1.077232700000000072e-06
1.077877400000000059e-06
1.081443000000000057e-06
1.085618500000000014e-06
1.086455500000000037e-06
1.087211600000000092e-06
1.091830400000000025e-06
1.092863699999999982e-06
1.093265899999999946e-06
1.093305100000000054e-06
1.093435299999999921e-06
1.094428399999999953e-06
1.095648099999999931e-06
1.095688300000000067e-06
1.096655099999999988e-06
1.097429099999999965e-06
1.097744899999999916e-06
1.098211700000000011e-06
1.100457500000000085e-06
1.101380400000000001e-06
1.103135399999999953e-06
1.103940999999999999e-06
1.104432799999999937e-06
1.104724000000000013e-06
1.106012399999999960e-06
1.107449199999999937e-06
1.108597699999999982e-06
1.109696600000000098e-06
1.109760500000000020e-06
1.109802099999999940e-06
1.110149400000000019e-06
1.110153100000000100e-06
1.110757199999999983e-06
1.112314400000000065e-06
1.113862700000000050e-06
1.114074500000000094e-06
1.115558199999999947e-06
1.115711300000000086e-06
1.116557500000000024e-06
1.116786700000000083e-06
1.116967499999999907e-06
1.118669299999999999e-06
1.118797299999999933e-06
1.119293700000000040e-06
1.120484800000000033e-06
1.121293600000000040e-06
1.121684600000000033e-06
1.122115700000000011e-06
1.122430399999999995e-06
1.122703900000000027e-06
1.124267999999999940e-06
1.127260299999999974e-06
1.131270599999999944e-06
1.131973199999999899e-06
1.132687600000000095e-06
1.132781299999999908e-06
1.132871199999999912e-06
1.134606599999999915e-06
1.134611300000000024e-06
1.136161499999999913e-06
1.136619699999999940e-06
1.136665100000000092e-06
1.136973799999999910e-06
1.137169400000000058e-06
1.139078400000000026e-06
1.139920000000000006e-06
1.141056899999999900e-06
1.142985299999999937e-06
1.145227099999999901e-06
1.145672200000000054e-06
1.145747100000000067e-06
1.146532600000000045e-06
1.147889500000000083e-06
1.148708599999999971e-06
1.149021000000000082e-06
1.150146700000000006e-06
1.150356999999999903e-06
1.150605600000000031e-06
1.150973299999999995e-06
1.152007100000000072e-06
1.152612800000000041e-06
1.153285199999999925e-06
1.154062599999999954e-06
1.154400699999999906e-06
1.159845100000000013e-06
1.159961100000000038e-06
1.160106000000000078e-06
1.160691800000000070e-06
1.162558099999999939e-06
1.163294900000000076e-06
1.163308399999999919e-06
1.164241700000000080e-06
1.165242200000000063e-06
1.167561499999999943e-06
1.168111600000000029e-06
1.168756200000000077e-06
1.169717000000000044e-06
1.169972700000000093e-06
1.170701400000000070e-06
1.171400599999999974e-06
1.171952899999999994e-06
1.172677200000000103e-06
1.173747400000000083e-06
1.175482599999999996e-06
1.176233400000000096e-06
1.176309299999999925e-06
1.181935399999999944e-06
1.182699199999999979e-06
1.184538099999999981e-06
1.185072699999999957e-06
1.185738999999999948e-06
1.188852800000000054e-06
1.190209800000000031e-06
1.194420400000000046e-06
1.196783100000000022e-06
1.198354899999999915e-06
1.199693900000000030e-06
1.204389399999999941e-06
1.204532699999999895e-06
1.211009099999999901e-06
1.211547300000000019e-06
1.211832600000000080e-06
1.213158099999999929e-06
1.214186099999999930e-06
1.217333799999999976e-06
1.217486399999999996e-06
1.219889199999999957e-06
1.221741600000000014e-06
1.227914999999999915e-06
1.228695400000000027e-06
1.230387200000000055e-06
1.230940600000000042e-06
1.232831299999999907e-06
1.233137700000000064e-06
1.233354500000000034e-06
1.234213400000000090e-06
1.234388499999999989e-06
1.234872800000000038e-06
1.235081100000000092e-06
1.237145399999999920e-06
1.241983599999999938e-06
1.243349100000000044e-06
1.243526800000000057e-06
1.245586799999999958e-06
1.245743400000000088e-06
1.246419399999999901e-06
1.247614700000000095e-06
1.248640600000000101e-06
1.248951200000000035e-06
1.249147000000000061e-06
1.252868199999999951e-06
1.253926599999999901e-06
1.254364899999999951e-06
1.255555299999999946e-06
1.256557600000000105e-06
1.257525899999999962e-06
1.258272500000000073e-06
1.260341800000000039e-06
1.262314100000000081e-06
1.262801099999999972e-06
1.264633300000000022e-06
1.264828299999999899e-06
1.265041400000000000e-06
1.265883200000000071e-06
1.266533800000000073e-06
1.267850599999999914e-06
1.269292599999999908e-06
1.270347099999999899e-06
1.270992900000000065e-06
1.271258199999999998e-06
1.271370700000000033e-06
1.274629200000000088e-06
1.275391300000000097e-06
1.275813100000000009e-06
1.276369200000000050e-06
1.277566999999999994e-06
1.279097700000000086e-06
1.280412900000000053e-06
1.281113400000000013e-06
1.281155599999999992e-06
1.283226299999999956e-06
1.285542800000000054e-06
1.287690800000000055e-06
1.288782200000000070e-06
1.289903399999999975e-06
1.293194200000000096e-06
1.294074200000000035e-06
1.294536300000000022e-06
1.295622899999999989e-06
1.295969999999999977e-06
1.296087899999999907e-06
1.296448600000000102e-06
1.297504699999999968e-06
1.297584199999999939e-06
1.298576500000000034e-06
1.299702100000000019e-06
1.300580399999999932e-06
1.302730899999999896e-06
1.302759500000000092e-06
1.303573699999999994e-06
1.305118499999999988e-06
1.309840200000000072e-06
1.310168599999999989e-06
1.310501700000000015e-06
1.311524999999999907e-06
1.312630400000000096e-06
1.312916099999999915e-06
1.313267699999999922e-06
1.313764000000000090e-06
1.313828200000000041e-06
1.317097799999999916e-06
1.317925999999999992e-06
1.318017099999999902e-06
1.318657899999999930e-06
1.321087799999999940e-06
1.321675599999999987e-06
1.322722600000000089e-06
1.323369700000000100e-06
1.324280300000000080e-06
1.325320900000000047e-06
1.325988300000000005e-06
1.327009900000000083e-06
1.328177899999999925e-06
1.329557399999999994e-06
1.330231099999999935e-06
1.331530400000000034e-06
1.332196000000000026e-06
1.332230400000000087e-06
1.332812700000000088e-06
1.333373699999999903e-06
1.333868099999999956e-06
1.335444899999999986e-06
1.335971700000000044e-06
1.336106900000000049e-06
1.337504600000000069e-06
1.337578999999999963e-06
1.338240300000000027e-06
1.338300299999999989e-06
1.338344699999999902e-06
1.348353000000000057e-06
1.348560199999999932e-06
1.349499100000000078e-06
1.351593500000000039e-06
1.351669599999999958e-06
1.352760900000000033e-06
1.353082800000000089e-06
1.353652900000000092e-06
1.354327799999999939e-06
1.356085000000000036e-06
1.356404999999999975e-06
1.357019600000000042e-06
1.357471799999999904e-06
1.357758700000000052e-06
1.357902300000000035e-06
1.361716700000000040e-06
1.365049599999999989e-06
1.365212799999999920e-06
1.367312800000000078e-06
1.368116000000000099e-06
1.369541300000000077e-06
1.369790500000000052e-06
1.370368200000000096e-06
1.370559099999999923e-06
1.370572299999999949e-06
1.372431699999999987e-06
1.373907400000000044e-06
1.374922299999999958e-06
1.375235999999999914e-06
1.375704100000000066e-06
1.376060600000000060e-06
1.376261700000000042e-06
1.378100799999999923e-06
1.379431599999999939e-06
1.379793400000000100e-06
1.380649600000000102e-06
1.381517700000000073e-06
1.384831599999999921e-06
1.385106199999999920e-06
1.387023300000000048e-06
1.387489999999999992e-06
1.388176299999999899e-06
1.390090300000000005e-06
1.391876699999999934e-06
1.392293000000000012e-06
1.392405399999999896e-06
1.393695600000000020e-06
1.393703600000000029e-06
1.394655399999999959e-06
1.395403100000000037e-06
1.395440599999999907e-06
1.395956699999999902e-06
1.396363699999999914e-06
1.400680400000000041e-06
1.401459300000000006e-06
1.401675399999999978e-06
1.401952000000000032e-06
1.403148799999999950e-06
1.404274200000000056e-06
1.404976100000000013e-06
1.405318799999999922e-06
1.407580699999999954e-06
1.408352299999999907e-06
1.408821699999999905e-06
1.408973299999999897e-06
1.409491300000000008e-06
1.410846599999999959e-06
1.413545100000000015e-06
1.414155799999999910e-06
1.415371700000000080e-06
1.415527100000000092e-06
1.417997100000000087e-06
1.418012599999999985e-06
1.418196400000000103e-06
1.419798899999999975e-06
1.423335999999999928e-06
1.423785300000000070e-06
1.424262599999999925e-06
1.425707299999999973e-06
1.425858299999999906e-06
1.427888200000000098e-06
1.428318600000000077e-06
1.428942999999999907e-06
1.429605600000000028e-06
1.431529599999999986e-06
1.435045600000000056e-06
1.436040900000000022e-06
1.437665299999999927e-06
1.438035100000000097e-06
1.440447400000000003e-06
1.440743500000000066e-06
1.445575699999999918e-06
1.448704400000000075e-06
1.450686600000000030e-06
1.451380100000000009e-06
1.453027200000000095e-06
1.455492100000000013e-06
1.455677800000000036e-06
1.457066899999999988e-06
1.458526900000000056e-06
1.459147099999999896e-06
1.459754799999999921e-06
1.459907999999999999e-06
1.460748299999999922e-06
1.462291999999999949e-06
1.462528699999999898e-06
1.463384199999999901e-06
1.463760899999999902e-06
1.465913399999999921e-06
1.467838299999999968e-06
1.472054700000000058e-06
1.472056100000000055e-06
1.475159799999999945e-06
1.475916399999999908e-06
1.476043400000000026e-06
1.478112900000000083e-06
1.478696099999999961e-06
1.479986099999999994e-06
1.480723599999999917e-06
1.481494799999999902e-06
1.482812299999999954e-06
1.483150200000000027e-06
1.484843299999999901e-06
1.485133600000000100e-06
1.485505299999999963e-06
1.486821499999999957e-06
1.487962399999999962e-06
1.488815000000000034e-06
1.491290600000000014e-06
1.491631499999999959e-06
1.491702800000000042e-06
1.491834699999999935e-06
1.492258399999999963e-06
1.492316400000000082e-06
1.493611599999999920e-06
1.495116500000000019e-06
1.498705800000000016e-06
1.501883200000000013e-06
1.502645600000000052e-06
1.502669000000000020e-06
1.503285499999999992e-06
1.503306799999999965e-06
1.503561000000000079e-06
1.505455400000000025e-06
1.506933099999999924e-06
1.507467199999999993e-06
1.509505499999999951e-06
1.510406699999999924e-06
1.511887399999999907e-06
1.513222800000000092e-06
1.513788500000000016e-06
1.515041999999999995e-06
1.518890400000000092e-06
1.519248499999999961e-06
1.519563300000000095e-06
1.519683399999999959e-06
1.521206999999999918e-06
1.521500600000000018e-06
1.524008299999999974e-06
1.524870899999999898e-06
1.524930399999999953e-06
1.525408099999999989e-06
1.527750599999999958e-06
1.527856100000000012e-06
1.529587900000000086e-06
1.530716300000000063e-06
1.531433400000000100e-06
1.531727300000000018e-06
1.531924200000000011e-06
1.534802699999999953e-06
1.535059599999999908e-06
1.536020400000000087e-06
1.536496999999999945e-06
1.536736600000000036e-06
1.537207799999999999e-06
1.539141400000000053e-06
1.540227200000000082e-06
1.540518699999999976e-06
1.542883000000000039e-06
1.543339800000000070e-06
1.544035899999999951e-06
1.545002100000000025e-06
1.545437399999999992e-06
1.545522700000000038e-06
1.546554800000000089e-06
1.546751000000000084e-06
1.547689800000000079e-06
1.548670999999999932e-06
1.551173699999999961e-06
1.552512199999999957e-06
1.554008499999999989e-06
1.554269599999999933e-06
1.554283700000000046e-06
1.554394900000000024e-06
1.555029199999999979e-06
1.555548099999999966e-06
1.555689400000000076e-06
1.556938499999999976e-06
1.557178200000000007e-06
1.560661900000000010e-06
1.561589599999999974e-06
1.561609799999999981e-06
1.562208000000000061e-06
1.562768300000000091e-06
1.562978200000000019e-06
1.563461699999999919e-06
1.564977599999999898e-06
1.564981999999999978e-06
1.565028399999999946e-06
1.565615599999999934e-06
1.566118499999999903e-06
1.566830099999999895e-06
1.567499799999999937e-06
1.568067600000000067e-06
1.569162699999999951e-06
1.569186600000000039e-06
1.569748400000000004e-06
1.571367300000000074e-06
1.572343599999999939e-06
1.572734899999999962e-06
1.572736599999999988e-06
1.573393599999999912e-06
1.573426500000000037e-06
1.574327099999999952e-06
1.575075800000000057e-06
1.576114300000000030e-06
1.577977699999999967e-06
1.580337400000000073e-06
1.580593900000000059e-06
1.581020299999999929e-06
1.581804100000000092e-06
1.582750300000000038e-06
1.582853000000000098e-06
1.583214699999999897e-06
1.584553499999999922e-06
1.585451600000000086e-06
1.585732600000000007e-06
1.586445699999999934e-06
1.586499600000000003e-06
1.587359500000000086e-06
1.588075300000000067e-06
1.588371999999999977e-06
1.588870500000000079e-06
1.589927900000000002e-06
1.590437900000000104e-06
1.591473600000000085e-06
1.592024200000000079e-06
1.592741499999999995e-06
1.594014000000000075e-06
1.595141499999999964e-06
1.596057599999999989e-06
1.598016499999999915e-06
1.598495599999999948e-06
1.599163800000000054e-06
1.599581700000000006e-06
1.601097699999999926e-06
1.601310299999999907e-06
1.601657599999999986e-06
1.601950900000000057e-06
1.602987700000000004e-06
1.603240900000000090e-06
1.603309099999999940e-06
1.604536399999999958e-06
1.605662800000000091e-06
1.606451999999999938e-06
1.607956600000000008e-06
1.608162599999999977e-06
1.609232099999999959e-06
1.609447799999999963e-06
1.611243000000000050e-06
1.613150399999999931e-06
1.613375600000000091e-06
1.613393500000000014e-06
1.614408600000000019e-06
1.616792699999999908e-06
1.617046299999999963e-06
1.617782699999999919e-06
1.619411600000000054e-06
1.620042199999999927e-06
1.620335800000000027e-06
1.621728799999999939e-06
1.624203599999999982e-06
1.624759499999999932e-06
1.624804200000000086e-06
1.626935399999999919e-06
1.628721400000000091e-06
1.629921200000000091e-06
1.630009199999999979e-06
1.631645399999999913e-06
1.633193299999999929e-06
1.634504499999999997e-06
1.634911899999999977e-06
1.634948000000000063e-06
1.636907699999999927e-06
1.639437599999999945e-06
1.639466799999999988e-06
1.639751599999999930e-06
1.641215400000000018e-06
1.643925400000000073e-06
1.645704599999999930e-06
1.646886800000000037e-06
1.649153200000000087e-06
1.649594199999999979e-06
1.652344499999999897e-06
1.654425000000000046e-06
1.655003100000000058e-06
1.656396099999999970e-06
1.657009099999999951e-06
1.657961700000000030e-06
1.657974799999999905e-06
1.658698899999999924e-06
1.659175100000000024e-06
1.659512899999999947e-06
1.659646699999999956e-06
1.659804199999999962e-06
1.660198900000000037e-06
1.661182499999999913e-06
1.661355400000000091e-06
1.662489299999999902e-06
1.664642600000000070e-06
1.664717399999999932e-06
1.664983199999999985e-06
1.666675499999999921e-06
1.667384000000000103e-06
1.667470399999999904e-06
1.669063199999999953e-06
1.669174799999999899e-06
1.669563299999999930e-06
1.671234700000000072e-06
1.671944300000000009e-06
1.678408999999999925e-06
1.679666800000000044e-06
1.682574899999999998e-06
1.683991700000000059e-06
1.687966700000000093e-06
1.689173100000000106e-06
1.692155400000000075e-06
1.693256099999999944e-06
1.694602599999999949e-06
1.695263599999999984e-06
1.695754900000000014e-06
1.696310600000000086e-06
1.696752299999999975e-06
1.698576800000000046e-06
1.699618300000000102e-06
1.703368600000000095e-06
1.704114400000000057e-06
1.704341099999999941e-06
1.704724099999999925e-06
1.708733599999999958e-06
1.709165799999999903e-06
1.709603300000000015e-06
1.709694500000000076e-06
1.709982400000000040e-06
1.710522500000000062e-06
1.712385800000000060e-06
1.712472399999999952e-06
1.713425799999999969e-06
1.714240299999999900e-06
1.717821600000000099e-06
1.718163600000000010e-06
1.718899599999999998e-06
1.720364500000000052e-06
1.720472200000000039e-06
1.720745400000000042e-06
1.722359600000000004e-06
1.722805699999999972e-06
1.723961500000000028e-06
1.725916299999999905e-06
1.726580900000000081e-06
1.727848700000000053e-06
1.728450600000000002e-06
1.729360000000000075e-06
1.730638099999999928e-06
1.730759200000000031e-06
1.730853399999999963e-06
1.731341200000000003e-06
1.732533099999999933e-06
1.732987600000000091e-06
1.736074800000000055e-06
1.737643600000000076e-06
1.738906100000000092e-06
1.739448400000000048e-06
1.739872500000000044e-06
1.740001199999999976e-06
1.740887499999999898e-06
1.741395499999999945e-06
1.742481900000000033e-06
1.742751500000000106e-06
1.744955799999999987e-06
1.747056700000000022e-06
1.748128900000000057e-06
1.749529100000000041e-06
1.749540200000000072e-06
1.752311899999999903e-06
1.753385899999999904e-06
1.753526199999999986e-06
1.754006399999999985e-06
1.754133400000000103e-06
1.755820100000000054e-06
1.756564800000000049e-06
1.756962999999999902e-06
1.757080600000000014e-06
1.759043999999999959e-06
1.759203199999999991e-06
1.759985500000000007e-06
1.760720899999999936e-06
1.762083699999999988e-06
1.762487900000000007e-06
1.762618599999999994e-06
1.763297300000000073e-06
1.764552500000000077e-06
1.765287200000000008e-06
1.769741300000000074e-06
1.771980099999999955e-06
1.772783100000000098e-06
1.774385400000000091e-06
1.777928800000000027e-06
1.780051300000000065e-06
1.780866800000000024e-06
1.781236900000000012e-06
1.783235300000000075e-06
1.784427599999999974e-06
1.784676300000000042e-06
1.784776099999999959e-06
1.786155699999999967e-06
1.787310999999999903e-06
1.788978200000000057e-06
1.789805399999999894e-06
1.790283099999999930e-06
1.790428799999999908e-06
1.790908499999999999e-06
1.792621399999999911e-06
1.793274600000000027e-06
1.794403000000000004e-06
1.796124800000000014e-06
1.798762799999999987e-06
1.799475899999999915e-06
1.800476200000000019e-06
1.801671500000000001e-06
1.803811100000000023e-06
1.804061600000000056e-06
1.805949799999999958e-06
1.807705200000000090e-06
1.808550899999999908e-06
1.810656299999999961e-06
1.810831400000000072e-06
1.811368400000000072e-06
1.811628499999999989e-06
1.813767300000000074e-06
1.814329400000000068e-06
1.818131199999999895e-06
1.818196899999999993e-06
1.823944399999999933e-06
1.824050100000000076e-06
1.825129300000000093e-06
1.825466000000000049e-06
1.825877600000000018e-06
1.827573600000000035e-06
1.830167200000000096e-06
1.834640700000000020e-06
1.837753399999999947e-06
1.837775299999999980e-06
1.838620500000000102e-06
1.838656500000000037e-06
1.842617499999999896e-06
1.844803799999999916e-06
1.845831300000000009e-06
1.848787599999999897e-06
1.848894499999999947e-06
1.848926899999999951e-06
1.850222800000000000e-06
1.850682799999999992e-06
1.852332199999999951e-06
1.856419899999999898e-06
1.858902500000000072e-06
1.859715999999999975e-06
1.860550100000000066e-06
1.861191000000000033e-06
1.861240199999999993e-06
1.862449700000000028e-06
1.862737699999999931e-06
1.863045699999999963e-06
1.865410499999999934e-06
1.865808200000000091e-06
1.868216099999999918e-06
1.868695800000000009e-06
1.868903000000000096e-06
1.869062000000000038e-06
1.871811500000000019e-06
1.873475999999999908e-06
1.874840000000000078e-06
1.876681499999999982e-06
1.877682600000000024e-06
1.878716900000000008e-06
1.887209999999999970e-06
1.890179300000000004e-06
1.891370899999999905e-06
1.892181399999999937e-06
1.896343299999999900e-06
1.897486000000000081e-06
1.901741399999999978e-06
1.903220099999999905e-06
1.903379100000000058e-06
1.905101099999999946e-06
1.905139300000000027e-06
1.907307299999999944e-06
1.910015299999999944e-06
1.912492899999999980e-06
1.913141799999999956e-06
1.913607299999999994e-06
1.915502700000000179e-06
1.915645800000000042e-06
1.916137499999999829e-06
1.917407199999999917e-06
1.918251000000000042e-06
1.918476199999999990e-06
1.918720299999999889e-06
1.919138700000000173e-06
1.920650699999999981e-06
1.921299200000000200e-06
1.921855899999999876e-06
1.921959799999999843e-06
1.922882499999999881e-06
1.925105699999999924e-06
1.925170499999999934e-06
1.925542300000000160e-06
1.925985199999999955e-06
1.926321000000000034e-06
1.927292199999999823e-06
1.931413999999999801e-06
1.934004399999999901e-06
1.937639500000000018e-06
1.940224200000000193e-06
1.942220599999999990e-06
1.945022000000000196e-06
1.945773699999999961e-06
1.947145200000000020e-06
1.947364299999999864e-06
1.947374900000000199e-06
1.948342599999999996e-06
1.948804699999999983e-06
1.949154300000000147e-06
1.949737299999999934e-06
1.951640199999999797e-06
1.951847899999999792e-06
1.952011300000000025e-06
1.953368599999999819e-06
1.953644800000000117e-06
1.955291999999999930e-06
1.958152899999999979e-06
1.959794199999999990e-06
1.960106100000000193e-06
1.961149899999999910e-06
1.961367200000000000e-06
1.961680399999999837e-06
1.961720599999999972e-06
1.963247699999999923e-06
1.965125600000000154e-06
1.965387200000000006e-06
1.965621100000000173e-06
1.966418799999999937e-06
1.968821799999999988e-06
1.969690100000000049e-06
1.971712099999999960e-06
1.974087200000000024e-06
1.974709600000000010e-06
1.977569399999999881e-06
1.977723999999999955e-06
1.979073299999999953e-06
1.980703900000000113e-06
1.980707199999999802e-06
1.982577699999999871e-06
1.982617399999999887e-06
1.983227000000000028e-06
1.983359599999999919e-06
1.983908999999999795e-06
1.985609200000000013e-06
1.986512200000000164e-06
1.986950700000000092e-06
1.988516700000000121e-06
1.990436700000000180e-06
1.995931700000000032e-06
1.998977499999999954e-06
2.002091800000000180e-06
2.002606400000000027e-06
2.003768200000000037e-06
2.003966199999999997e-06
2.007489999999999985e-06
2.007598000000000002e-06
2.010781099999999924e-06
2.013099700000000017e-06
2.013718400000000134e-06
2.013779499999999851e-06
2.014938700000000170e-06
2.014964299999999860e-06
2.016652099999999990e-06
2.016770599999999979e-06
2.017958000000000102e-06
2.018080899999999959e-06
2.019362300000000136e-06
2.019469499999999791e-06
2.019833199999999857e-06
2.019989399999999807e-06
2.022275199999999926e-06
2.023367299999999939e-06
2.024851999999999820e-06
2.025717499999999888e-06
2.026891899999999865e-06
2.027559100000000155e-06
2.027976199999999959e-06
2.028328399999999813e-06
2.029313699999999927e-06
2.031221899999999957e-06
2.031588200000000137e-06
2.036602100000000113e-06
2.036834100000000164e-06
2.037424600000000053e-06
2.037766399999999874e-06
2.039603100000000154e-06
2.040535800000000044e-06
2.040616000000000013e-06
2.040810400000000043e-06
2.042060500000000182e-06
2.048899200000000046e-06
2.052613100000000136e-06
2.052730499999999946e-06
2.053061099999999797e-06
2.055626100000000085e-06
2.055955600000000181e-06
2.056177599999999956e-06
2.057087799999999966e-06
2.057494999999999856e-06
2.059777999999999983e-06
2.060508399999999986e-06
2.062553600000000198e-06
2.063035300000000132e-06
2.063097500000000028e-06
2.063315699999999995e-06
2.063539400000000008e-06
2.065059699999999855e-06
2.067509499999999843e-06
2.069690500000000119e-06
2.071338599999999810e-06
2.071717800000000197e-06
2.073181500000000134e-06
2.073324599999999997e-06
2.074526700000000081e-06
2.076671100000000152e-06
2.078075299999999822e-06
2.079063900000000049e-06
2.079704499999999986e-06
2.080777799999999988e-06
2.082839300000000036e-06
2.083726599999999986e-06
2.084406299999999881e-06
2.087958099999999795e-06
2.090009699999999930e-06
2.091713500000000078e-06
2.092639600000000167e-06
2.092965800000000150e-06
2.094804300000000184e-06
2.094806500000000117e-06
2.095514299999999877e-06
2.095997899999999928e-06
2.097240400000000026e-06
2.098113700000000013e-06
2.099451000000000103e-06
2.099536600000000179e-06
2.100041799999999809e-06
2.100162099999999975e-06
2.101736300000000103e-06
2.103201599999999914e-06
2.103367900000000079e-06
2.105722599999999835e-06
2.105754800000000173e-06
2.107661600000000207e-06
2.109072400000000102e-06
2.109179499999999819e-06
2.110430200000000016e-06
2.110548700000000005e-06
2.111164299999999888e-06
2.111935300000000206e-06
2.112389900000000092e-06
2.112575699999999842e-06
2.117530700000000034e-06
2.118205900000000122e-06
2.118878199999999855e-06
2.119945400000000176e-06
2.120687999999999964e-06
2.121656799999999940e-06
2.122453100000000131e-06
2.124138599999999965e-06
2.125058400000000071e-06
2.125173200000000190e-06
2.125919200000000030e-06
2.127164500000000122e-06
2.127853999999999990e-06
2.128740599999999942e-06
2.129820399999999806e-06
2.130402299999999838e-06
2.130547400000000180e-06
2.131095200000000182e-06
2.132000100000000025e-06
2.132214000000000064e-06
2.132672600000000060e-06
2.133255499999999908e-06
2.133630700000000185e-06
2.135121099999999990e-06
2.135453699999999896e-06
2.137998500000000177e-06
2.138071700000000165e-06
2.138376200000000206e-06
2.139103900000000155e-06
2.141700399999999936e-06
2.142555300000000093e-06
2.142781000000000161e-06
2.143257299999999989e-06
2.143636400000000014e-06
2.143916099999999878e-06
2.146495399999999947e-06
2.146939599999999799e-06
2.147060300000000145e-06
2.148016600000000094e-06
2.148133999999999904e-06
2.150606400000000135e-06
2.154144100000000147e-06
2.154483500000000156e-06
2.155490199999999971e-06
2.156599400000000181e-06
2.158607899999999825e-06
2.159968099999999975e-06
2.161896500000000012e-06
2.162411899999999797e-06
2.167205999999999931e-06
2.167845699999999992e-06
2.171128599999999832e-06
2.171498499999999941e-06
2.171702400000000128e-06
2.174561900000000180e-06
2.174895399999999963e-06
2.175494099999999951e-06
2.175814400000000132e-06
2.176760599999999865e-06
2.176881500000000090e-06
2.177317800000000084e-06
2.179127100000000074e-06
2.180407799999999829e-06
2.181537700000000165e-06
2.182121399999999951e-06
2.183396700000000023e-06
2.187551100000000097e-06
2.188526599999999813e-06
2.190694300000000124e-06
2.192091999999999933e-06
2.194394699999999948e-06
2.194585300000000169e-06
2.196499900000000122e-06
2.197221800000000207e-06
2.198880700000000111e-06
2.200469600000000200e-06
2.200735400000000041e-06
2.200986499999999921e-06
2.201526300000000125e-06
2.201846900000000123e-06
2.201882400000000150e-06
2.201942099999999871e-06
2.204808300000000088e-06
2.207242499999999815e-06
2.210187099999999824e-06
2.210778599999999952e-06
2.212460800000000096e-06
2.212489599999999960e-06
2.214544899999999963e-06
2.215255700000000018e-06
2.218233299999999879e-06
2.220952799999999879e-06
2.221822100000000179e-06
2.223236500000000004e-06
2.224116299999999853e-06
2.225045399999999813e-06
2.225090800000000177e-06
2.226912999999999951e-06
2.227425800000000045e-06
2.228097700000000021e-06
2.228484900000000206e-06
2.228693300000000199e-06
2.230131200000000143e-06
2.230214599999999862e-06
2.232495400000000055e-06
2.232590900000000044e-06
2.233066599999999814e-06
2.233118099999999859e-06
2.233471700000000133e-06
2.234235399999999805e-06
2.235269800000000152e-06
2.235274600000000200e-06
2.235370400000000007e-06
2.236248799999999859e-06
2.236332700000000121e-06
2.236849300000000024e-06
2.239004200000000066e-06
2.240361999999999981e-06
2.241385500000000175e-06
2.242892699999999936e-06
2.243850299999999942e-06
2.247004799999999879e-06
2.247014800000000155e-06
2.247140900000000185e-06
2.248421500000000001e-06
2.248498600000000160e-06
2.249111200000000171e-06
2.249333399999999825e-06
2.249529699999999971e-06
2.249920400000000147e-06
2.250312200000000077e-06
2.252304900000000005e-06
2.253006199999999903e-06
2.253878500000000074e-06
2.256720500000000173e-06
2.257322499999999850e-06
2.257750000000000110e-06
2.257927299999999943e-06
2.258750499999999881e-06
2.261334599999999998e-06
2.264100999999999873e-06
2.265890799999999854e-06
2.267387300000000188e-06
2.268400299999999987e-06
2.268569600000000022e-06
2.269080900000000181e-06
2.270866299999999871e-06
2.271139100000000117e-06
2.271214099999999858e-06
2.271390299999999936e-06
2.271549199999999939e-06
2.272080899999999983e-06
2.272927400000000162e-06
2.273461900000000199e-06
2.276901400000000168e-06
2.278363800000000048e-06
2.281105600000000049e-06
2.281213199999999885e-06
2.281426499999999865e-06
2.282246199999999813e-06
2.283601799999999793e-06
2.283651799999999903e-06
2.283869500000000174e-06
2.285449000000000046e-06
2.285499299999999973e-06
2.285565900000000160e-06
2.285824700000000019e-06
2.286849399999999908e-06
2.287910999999999820e-06
2.288617200000000128e-06
2.294466800000000070e-06
2.296827499999999991e-06
2.296953500000000081e-06
2.300578499999999983e-06
2.302841400000000042e-06
2.304417100000000106e-06
