# t	msd	err
1.383885242390079451e-10 3.947099616238097797e-02 1.971017881903073285e-04
4.612360383241521285e-10 1.001099189502440562e-01 3.108638070538215941e-04
7.652842599434828035e-10 1.515909849166164058e-01 3.949031788902938509e-04
1.071608386454178891e-09 2.264121577084184378e-01 4.921648518276450007e-04
1.374576452556678301e-09 2.858397514286952212e-01 6.796141193468394201e-04
1.689660451672854992e-09 3.338966909781557191e-01 8.096313160864047724e-04
1.990036142009279668e-09 4.022232859021853124e-01 9.308434895592246393e-04
2.292602106381280256e-09 4.498154093577536039e-01 1.154049922689178841e-03
2.610140015351976114e-09 4.891551102244793281e-01 1.310068934720629193e-03
2.920613351317722850e-09 5.513201530032764142e-01 1.305670609952780436e-03
3.225202404824020065e-09 6.210144431766289053e-01 1.543980822782089774e-03
3.538977444510248494e-09 6.455848871383704779e-01 1.721189796100237304e-03
3.836394323593117936e-09 7.042837527722106694e-01 1.583404205026305456e-03
4.136350405128210240e-09 7.583055174718161817e-01 1.732002750113868002e-03
4.453625663450288784e-09 7.833840159649244628e-01 1.668831354365676953e-03
4.762143992524070137e-09 8.311786637658394872e-01 1.522067613406214706e-03
5.069357852967774830e-09 8.795244310177121605e-01 1.475014412653014159e-03
5.379772404119135557e-09 9.375404276699903505e-01 1.112270733526137239e-03
5.691565095972940787e-09 1.000271579169961234e+00 9.143789937592749356e-04
5.989476176973122617e-09 1.061361517289224565e+00 1.054858470284782785e-03
6.306380183565535837e-09 1.123112392919073832e+00 8.524876250405228912e-04
6.606202808264446555e-09 1.193855973843823692e+00 8.816480293052005859e-04
6.924811771261577015e-09 1.258591635518121477e+00 9.367674943512103829e-04
7.200646165230030371e-09 1.321084663619100485e+00 9.290769277690533482e-04
7.535016310385106552e-09 1.405811787245818456e+00 8.683313923128076380e-04
7.823658854393812078e-09 1.443193789204026301e+00 1.213720549031875031e-03
8.151379392380912010e-09 1.511702288444918940e+00 1.204015840115564692e-03
8.430179491540883152e-09 1.559423100297895548e+00 1.260028701523676015e-03
8.740881673469396811e-09 1.555018594040262991e+00 1.554823304437535827e-03
9.059103532285316071e-09 1.594439775982150920e+00 1.048372307610191765e-03
9.311360416107971495e-09 1.640426868800192617e+00 8.690372121146808758e-04
