# t	msd	err
4.570150470219434256e-07 1.098068740517960324e-03 3.787769281372812982e-05
1.307455479452055708e-06 2.213897264948308779e-03 6.186812854235212110e-05
2.172904482758617042e-06 3.205268631831223892e-03 7.146171311485511582e-05
3.039952123552114477e-06 4.173523956408931382e-03 7.919842734993889335e-05
3.901905574912912592e-06 5.144269613302400110e-03 7.221653237573285450e-05
4.766591289198616817e-06 6.611004657649951176e-03 7.863155090069065252e-05
5.648290588235302303e-06 7.840743187444118231e-03 9.579776756684523875e-05
6.504051957295378403e-06 9.005382285860247943e-03 9.059033967089408473e-05
7.376160344827625655e-06 1.038850899504759930e-02 1.057822317019962646e-04
8.251260698689972327e-06 1.136972358006604206e-02 1.036779552417675258e-04
9.093872500000039875e-06 1.278677742344139397e-02 9.318608189588978069e-05
9.978920574162685980e-06 1.413075129511866430e-02 1.104019788527627093e-04
1.084195365853662581e-05 1.538022020368920786e-02 1.020514371238657932e-04
1.172193149171269219e-05 1.668716955018528444e-02 1.181709208918190471e-04
1.257530180722893861e-05 1.763305930091304055e-02 1.274991080123854604e-04
1.344062962962959908e-05 1.874987546833573049e-02 1.098840303275476634e-04
1.431473766233769590e-05 2.001897238100117452e-02 1.210122959287361595e-04
1.521467785234907404e-05 2.124628819832560106e-02 1.098211756620856984e-04
1.604052352941163440e-05 2.264561585090283519e-02 1.444351112569334031e-04
1.693991851851859746e-05 2.352922962512705302e-02 1.472099459732872039e-04
1.779965399999965020e-05 2.473662257594874334e-02 1.333284513929542054e-04
1.863764563106804227e-05 2.583158163223755674e-02 1.240541692556696622e-04
1.951539139784987939e-05 2.712675207093310364e-02 9.227345019204076667e-05
2.037951000000039740e-05 2.852329902092023278e-02 1.094142757050217668e-04
2.122534772727282921e-05 2.909432866673582196e-02 1.571705103135283472e-04
2.214787543859650962e-05 2.987237220060721954e-02 1.253573934275876674e-04
2.300940408163252372e-05 3.097118726424546303e-02 1.245236496189769382e-04
2.391435121951236459e-05 3.209332412666385942e-02 1.066010281456292511e-04
2.468771290322586205e-05 3.338363836615503705e-02 1.315172448686650799e-04
2.564794999999897573e-05 3.411744852870616379e-02 2.402660699785444636e-04
2.635938571428650894e-05 3.477900654248396867e-02 2.175205044441671739e-04
