# AtomId eventId barrier
3.010000000000000000e+02 1.116829000000000000e+06 8.188760000000000483e-01
6.280000000000000000e+02 2.631100000000000000e+05 5.498429999999999707e-01
6.920000000000000000e+02 3.906040000000000000e+05 8.761640000000000539e-01
1.112000000000000000e+03 1.089794000000000000e+06 9.085689999999999600e-01
1.352000000000000000e+03 6.760130000000000000e+05 8.864840000000000497e-01
1.323000000000000000e+03 1.523100000000000000e+05 9.576799999999999757e-01
3.870000000000000000e+02 1.030927000000000000e+06 5.459500000000000464e-01
1.323000000000000000e+03 1.523100000000000000e+05 9.576719999999999677e-01
4.100000000000000000e+02 6.554420000000000000e+05 8.731269999999999865e-01
1.323000000000000000e+03 6.611750000000000000e+05 6.289169999999999483e-01
2.150000000000000000e+02 1.570500000000000000e+05 6.202990000000000448e-01
8.850000000000000000e+02 3.283950000000000000e+05 5.602669999999999595e-01
1.131000000000000000e+03 8.315910000000000000e+05 6.589420000000000277e-01
1.323000000000000000e+03 6.371470000000000000e+05 4.636480000000000046e-01
4.100000000000000000e+02 6.554420000000000000e+05 8.731250000000000400e-01
1.323000000000000000e+03 6.611750000000000000e+05 6.289200000000000346e-01
1.323000000000000000e+03 1.523100000000000000e+05 9.573430000000000550e-01
4.100000000000000000e+02 6.554420000000000000e+05 8.731259999999999577e-01
1.323000000000000000e+03 6.611750000000000000e+05 6.289179999999999771e-01
1.323000000000000000e+03 1.523100000000000000e+05 9.573519999999999808e-01
9.900000000000000000e+01 5.129570000000000000e+05 7.513360000000000039e-01
3.290000000000000000e+02 9.589350000000000000e+05 6.727459999999999551e-01
3.290000000000000000e+02 4.185410000000000000e+05 7.536899999999999711e-01
3.870000000000000000e+02 6.234940000000000000e+05 9.046429999999999749e-01
1.131000000000000000e+03 7.006260000000000000e+05 7.311269999999999714e-01
2.150000000000000000e+02 1.062061000000000000e+06 7.494469999999999743e-01
3.290000000000000000e+02 6.296050000000000000e+05 5.036950000000000038e-01
3.290000000000000000e+02 2.403730000000000000e+05 5.474909999999999499e-01
5.440000000000000000e+02 7.170000000000000000e+03 3.044306000000000179e+00
8.850000000000000000e+02 9.527100000000000000e+05 6.219409999999999661e-01
1.131000000000000000e+03 3.480860000000000000e+05 6.090280000000000138e-01
9.900000000000000000e+01 5.129570000000000000e+05 7.513410000000000366e-01
3.290000000000000000e+02 9.589350000000000000e+05 6.727619999999999711e-01
3.290000000000000000e+02 4.185410000000000000e+05 7.536880000000000246e-01
3.870000000000000000e+02 6.234940000000000000e+05 9.046429999999999749e-01
1.131000000000000000e+03 6.615130000000000000e+05 7.311269999999999714e-01
4.800000000000000000e+02 1.163894000000000000e+06 6.866120000000000001e-01
5.440000000000000000e+02 6.590790000000000000e+05 5.561770000000000325e-01
4.800000000000000000e+02 1.163894000000000000e+06 6.866139999999999466e-01
3.870000000000000000e+02 3.394220000000000000e+05 6.847330000000000361e-01
4.800000000000000000e+02 1.163894000000000000e+06 6.866330000000000489e-01
4.800000000000000000e+02 8.170600000000000000e+04 5.482479999999999576e-01
4.800000000000000000e+02 8.170700000000000000e+04 5.480310000000000459e-01
4.800000000000000000e+02 8.170700000000000000e+04 5.480350000000000499e-01
4.800000000000000000e+02 8.170700000000000000e+04 5.480329999999999924e-01
4.800000000000000000e+02 8.170700000000000000e+04 5.480380000000000251e-01
4.800000000000000000e+02 1.163894000000000000e+06 6.866499999999999826e-01
4.570000000000000000e+02 1.265650000000000000e+05 4.673329999999999984e-01
4.570000000000000000e+02 9.680820000000000000e+05 4.675900000000000056e-01
1.256000000000000000e+03 1.080199000000000000e+06 4.153000000000000025e-01
6.150000000000000000e+02 1.172469000000000000e+06 2.973560000000000092e-01
1.234000000000000000e+03 7.784170000000000000e+05 4.527129999999999765e-01
4.570000000000000000e+02 9.007400000000000000e+05 6.138449999999999740e-01
4.570000000000000000e+02 1.284060000000000000e+06 6.192100000000000382e-01
1.234000000000000000e+03 8.303280000000000000e+05 3.920080000000000231e-01
4.570000000000000000e+02 9.007400000000000000e+05 6.138529999999999820e-01
4.570000000000000000e+02 1.284060000000000000e+06 6.192050000000000054e-01
6.150000000000000000e+02 7.046590000000000000e+05 1.612600000000000144e-02
6.150000000000000000e+02 3.380000000000000000e+03 7.079800000000000537e-01
1.234000000000000000e+03 8.303280000000000000e+05 3.920060000000000211e-01
4.570000000000000000e+02 9.007400000000000000e+05 6.138700000000000268e-01
4.570000000000000000e+02 1.284060000000000000e+06 6.192180000000000462e-01
6.150000000000000000e+02 7.046590000000000000e+05 1.616000000000000075e-02
6.150000000000000000e+02 3.380000000000000000e+03 7.079800000000000537e-01
1.234000000000000000e+03 8.303280000000000000e+05 3.920060000000000211e-01
4.570000000000000000e+02 9.007400000000000000e+05 6.138719999999999732e-01
4.570000000000000000e+02 1.284060000000000000e+06 6.192159999999999886e-01
6.150000000000000000e+02 7.046590000000000000e+05 1.608899999999999914e-02
6.150000000000000000e+02 3.380000000000000000e+03 7.079699999999999882e-01
4.570000000000000000e+02 3.448800000000000000e+04 7.299600000000000533e-01
1.171000000000000000e+03 3.194510000000000000e+05 9.560910000000000242e-01
4.570000000000000000e+02 3.448800000000000000e+04 7.299609999999999710e-01
1.171000000000000000e+03 3.194510000000000000e+05 9.560950000000000282e-01
1.040000000000000000e+03 1.099764000000000000e+06 9.652269999999999461e-01
9.600000000000000000e+02 1.159312000000000000e+06 9.914979999999999905e-01
1.040000000000000000e+03 1.099764000000000000e+06 9.652269999999999461e-01
9.600000000000000000e+02 1.159312000000000000e+06 9.914969999999999617e-01
9.600000000000000000e+02 1.159312000000000000e+06 9.914969999999999617e-01
1.040000000000000000e+03 1.099764000000000000e+06 9.656559999999999588e-01
1.171000000000000000e+03 3.194510000000000000e+05 9.565500000000000114e-01
1.040000000000000000e+03 1.099764000000000000e+06 9.656519999999999548e-01
1.010000000000000000e+03 1.093570000000000000e+06 7.510580000000000034e-01
1.010000000000000000e+03 1.000336000000000000e+06 4.149740000000000095e-01
1.010000000000000000e+03 1.135682000000000000e+06 7.525640000000000107e-01
1.148000000000000000e+03 4.679930000000000000e+05 8.247740000000000071e-01
1.256000000000000000e+03 3.404960000000000000e+05 8.219180000000000375e-01
1.256000000000000000e+03 1.251564000000000000e+06 1.377385000000000081e+00
1.256000000000000000e+03 2.180370000000000000e+05 9.296740000000000004e-01
1.256000000000000000e+03 1.037761000000000000e+06 7.992010000000000502e-01
1.010000000000000000e+03 2.430700000000000000e+05 8.433359999999999745e-01
4.570000000000000000e+02 1.164903000000000000e+06 7.902289999999999592e-01
4.570000000000000000e+02 1.122586000000000000e+06 8.839069999999999983e-01
8.000000000000000000e+00 1.186494000000000000e+06 1.175424999999999942e+00
1.275000000000000000e+03 1.119962000000000000e+06 8.597399999999999487e-01
4.570000000000000000e+02 1.164903000000000000e+06 7.902289999999999592e-01
4.570000000000000000e+02 1.122586000000000000e+06 8.839160000000000350e-01
4.570000000000000000e+02 1.164903000000000000e+06 7.902310000000000167e-01
4.570000000000000000e+02 1.122586000000000000e+06 8.839150000000000063e-01
8.000000000000000000e+00 1.186494000000000000e+06 1.175426000000000082e+00
1.275000000000000000e+03 1.119962000000000000e+06 8.597399999999999487e-01
4.570000000000000000e+02 1.164903000000000000e+06 7.902360000000000495e-01
4.570000000000000000e+02 1.122586000000000000e+06 8.839179999999999815e-01
8.000000000000000000e+00 1.186494000000000000e+06 1.175427000000000000e+00
1.275000000000000000e+03 1.119962000000000000e+06 8.597409999999999775e-01
4.570000000000000000e+02 1.164903000000000000e+06 7.902320000000000455e-01
4.570000000000000000e+02 1.122586000000000000e+06 8.839080000000000270e-01
1.040000000000000000e+03 6.432920000000000000e+05 7.934320000000000261e-01
4.570000000000000000e+02 1.164903000000000000e+06 7.902949999999999697e-01
4.570000000000000000e+02 1.122586000000000000e+06 8.839740000000000375e-01
1.010000000000000000e+03 1.093570000000000000e+06 4.891710000000000225e-01
1.010000000000000000e+03 1.000336000000000000e+06 7.079280000000000017e-01
1.148000000000000000e+03 1.488600000000000000e+05 8.780949999999999589e-01
1.010000000000000000e+03 1.093570000000000000e+06 4.896079999999999877e-01
1.148000000000000000e+03 1.488600000000000000e+05 8.782699999999999951e-01
1.010000000000000000e+03 1.093570000000000000e+06 4.893810000000000104e-01
1.010000000000000000e+03 1.000336000000000000e+06 7.089349999999999818e-01
1.010000000000000000e+03 1.009743000000000000e+06 2.203710000000000113e-01
1.010000000000000000e+03 2.561410000000000000e+05 8.100460000000000438e-01
1.148000000000000000e+03 1.232879000000000000e+06 6.056709999999999594e-01
4.570000000000000000e+02 1.164903000000000000e+06 8.276280000000000303e-01
4.570000000000000000e+02 1.122586000000000000e+06 9.040620000000000323e-01
8.000000000000000000e+00 1.186494000000000000e+06 1.173453000000000079e+00
1.275000000000000000e+03 1.119962000000000000e+06 8.624969999999999581e-01
4.570000000000000000e+02 1.164903000000000000e+06 8.276259999999999728e-01
4.570000000000000000e+02 1.122586000000000000e+06 9.039859999999999562e-01
4.570000000000000000e+02 3.352850000000000000e+05 7.508599999999999719e-01
4.570000000000000000e+02 1.160242000000000000e+06 7.505770000000000497e-01
1.256000000000000000e+03 1.152163000000000000e+06 5.400300000000000100e-01
1.148000000000000000e+03 4.679930000000000000e+05 8.828310000000000324e-01
1.148000000000000000e+03 1.087161000000000000e+06 9.953980000000000050e-01
1.256000000000000000e+03 3.404960000000000000e+05 8.405660000000000354e-01
1.256000000000000000e+03 1.251564000000000000e+06 1.376738000000000017e+00
1.256000000000000000e+03 2.180370000000000000e+05 9.650609999999999467e-01
1.256000000000000000e+03 1.037761000000000000e+06 8.087560000000000304e-01
4.570000000000000000e+02 3.352850000000000000e+05 7.508639999999999759e-01
4.570000000000000000e+02 1.160242000000000000e+06 7.505779999999999674e-01
1.256000000000000000e+03 1.152163000000000000e+06 5.400369999999999893e-01
1.010000000000000000e+03 2.561410000000000000e+05 8.108549999999999924e-01
1.148000000000000000e+03 7.798360000000000000e+05 6.053990000000000204e-01
1.148000000000000000e+03 6.278710000000000000e+05 5.645700000000000163e-01
1.256000000000000000e+03 1.885200000000000000e+05 4.927460000000000173e-01
1.256000000000000000e+03 1.604970000000000000e+05 1.248285000000000089e+00
1.256000000000000000e+03 4.613710000000000000e+05 6.347829999999999862e-01
1.256000000000000000e+03 8.922740000000000000e+05 1.113650000000000057e-01
1.256000000000000000e+03 9.665840000000000000e+05 2.454200000000000131e-02
1.256000000000000000e+03 6.937560000000000000e+05 2.100799999999999890e-02
1.256000000000000000e+03 3.481700000000000000e+05 3.363800000000000123e-02
1.256000000000000000e+03 4.478820000000000000e+05 1.776669999999999916e-01
1.256000000000000000e+03 4.478820000000000000e+05 1.776770000000000016e-01
1.148000000000000000e+03 1.213250000000000000e+05 2.709699999999999886e-01
1.148000000000000000e+03 1.257738000000000000e+06 4.933079000000000214e+00
4.570000000000000000e+02 1.160243000000000000e+06 7.542360000000000175e-01
1.148000000000000000e+03 4.317580000000000000e+05 4.033400000000000180e-02
1.002000000000000000e+03 3.341340000000000000e+05 1.028871000000000091e+00
1.002000000000000000e+03 3.341340000000000000e+05 1.029867000000000088e+00
4.570000000000000000e+02 1.129723000000000000e+06 4.846280000000000032e-01
4.570000000000000000e+02 1.508810000000000000e+05 5.514959999999999862e-01
1.040000000000000000e+03 7.425180000000000000e+05 7.980369999999999964e-01
4.570000000000000000e+02 1.129723000000000000e+06 4.846230000000000260e-01
4.570000000000000000e+02 1.508810000000000000e+05 5.515010000000000190e-01
8.000000000000000000e+00 1.186494000000000000e+06 1.169964999999999922e+00
1.275000000000000000e+03 1.017780000000000000e+05 8.659480000000000510e-01
7.470000000000000000e+02 1.223690000000000000e+05 7.102920000000000345e-01
1.275000000000000000e+03 1.901950000000000000e+05 8.745730000000000448e-01
8.000000000000000000e+00 1.186494000000000000e+06 1.169113000000000069e+00
1.275000000000000000e+03 1.017780000000000000e+05 8.667519999999999669e-01
7.470000000000000000e+02 1.223690000000000000e+05 7.102910000000000057e-01
1.275000000000000000e+03 1.901950000000000000e+05 8.745739999999999625e-01
7.470000000000000000e+02 3.602450000000000000e+05 5.836050000000000404e-01
1.002000000000000000e+03 8.282830000000000000e+05 5.550070000000000281e-01
7.470000000000000000e+02 1.223690000000000000e+05 7.102950000000000097e-01
1.275000000000000000e+03 1.901950000000000000e+05 8.745779999999999665e-01
8.000000000000000000e+00 1.186494000000000000e+06 1.169116999999999962e+00
1.275000000000000000e+03 1.017780000000000000e+05 8.667529999999999957e-01
4.570000000000000000e+02 1.129723000000000000e+06 4.847460000000000102e-01
4.570000000000000000e+02 1.508810000000000000e+05 5.513860000000000428e-01
8.000000000000000000e+00 1.186494000000000000e+06 1.169110000000000094e+00
1.275000000000000000e+03 1.017780000000000000e+05 8.667510000000000492e-01
7.630000000000000000e+02 9.142320000000000000e+05 7.244979999999999754e-01
7.630000000000000000e+02 9.142320000000000000e+05 7.244960000000000289e-01
7.630000000000000000e+02 9.142320000000000000e+05 7.244950000000000001e-01
7.630000000000000000e+02 9.142320000000000000e+05 7.244950000000000001e-01
7.630000000000000000e+02 9.142320000000000000e+05 7.244960000000000289e-01
7.630000000000000000e+02 9.142320000000000000e+05 7.244930000000000536e-01
7.630000000000000000e+02 9.142320000000000000e+05 7.244939999999999714e-01
7.630000000000000000e+02 9.142320000000000000e+05 7.244969999999999466e-01
7.630000000000000000e+02 9.142320000000000000e+05 7.244939999999999714e-01
7.470000000000000000e+02 1.223690000000000000e+05 7.103000000000000425e-01
1.275000000000000000e+03 1.901950000000000000e+05 8.745690000000000408e-01
7.470000000000000000e+02 3.602450000000000000e+05 5.836050000000000404e-01
1.002000000000000000e+03 8.282830000000000000e+05 5.550070000000000281e-01
8.050000000000000000e+02 3.379850000000000000e+05 5.646529999999999605e-01
8.050000000000000000e+02 1.255745000000000000e+06 7.098649999999999682e-01
1.000000000000000000e+03 1.833190000000000000e+05 5.987580000000000124e-01
1.000000000000000000e+03 5.567040000000000000e+05 7.487380000000000146e-01
1.000000000000000000e+03 9.070510000000000000e+05 5.965960000000000152e-01
1.198000000000000000e+03 7.292200000000000000e+05 5.752019999999999911e-01
8.050000000000000000e+02 1.166910000000000000e+05 2.681400000000000103e-02
8.050000000000000000e+02 3.379850000000000000e+05 5.645379999999999843e-01
8.050000000000000000e+02 1.255745000000000000e+06 7.097550000000000248e-01
1.000000000000000000e+03 1.833190000000000000e+05 5.986930000000000307e-01
1.000000000000000000e+03 5.567040000000000000e+05 7.486289999999999889e-01
1.000000000000000000e+03 9.070510000000000000e+05 5.965500000000000247e-01
1.198000000000000000e+03 3.698860000000000000e+05 5.753310000000000368e-01
8.050000000000000000e+02 5.819260000000000000e+05 3.465630000000000099e-01
1.000000000000000000e+03 2.659260000000000000e+05 4.438540000000000263e-01
1.198000000000000000e+03 1.235231000000000000e+06 4.346400000000000263e-01
5.000000000000000000e+00 5.749930000000000000e+05 8.218769999999999687e-01
8.050000000000000000e+02 5.342460000000000000e+05 7.004369999999999763e-01
8.050000000000000000e+02 5.819260000000000000e+05 3.465630000000000099e-01
1.000000000000000000e+03 2.659260000000000000e+05 4.438599999999999768e-01
1.198000000000000000e+03 1.235231000000000000e+06 4.346389999999999976e-01
8.050000000000000000e+02 9.473900000000000000e+05 5.545139999999999514e-01
1.198000000000000000e+03 6.160500000000000000e+05 5.518910000000000204e-01
1.091000000000000000e+03 1.407760000000000000e+05 7.487070000000000114e-01
1.198000000000000000e+03 1.275050000000000000e+06 7.087329999999999464e-01
8.050000000000000000e+02 9.473910000000000000e+05 5.539230000000000542e-01
1.198000000000000000e+03 6.160500000000000000e+05 5.518899999999999917e-01
1.091000000000000000e+03 1.407760000000000000e+05 7.487070000000000114e-01
1.198000000000000000e+03 1.275050000000000000e+06 7.087329999999999464e-01
1.070000000000000000e+02 8.730780000000000000e+05 7.162640000000000118e-01
1.105000000000000000e+03 1.013347000000000000e+06 7.979779999999999651e-01
1.440000000000000000e+02 8.865010000000000000e+05 7.284319999999999684e-01
1.440000000000000000e+02 2.377490000000000000e+05 1.321798000000000028e+00
1.830000000000000000e+02 3.209220000000000000e+05 5.777430000000000065e-01
1.105000000000000000e+03 7.847000000000000000e+05 9.100610000000000088e-01
5.160000000000000000e+02 1.269824000000000000e+06 8.284329999999999750e-01
5.660000000000000000e+02 3.507440000000000000e+05 8.809230000000000116e-01
1.009000000000000000e+03 8.231070000000000000e+05 7.488989999999999814e-01
1.105000000000000000e+03 6.973290000000000000e+05 8.814539999999999598e-01
1.070000000000000000e+02 2.975820000000000000e+05 8.469600000000000461e-01
1.105000000000000000e+03 1.013347000000000000e+06 8.838749999999999662e-01
1.400000000000000000e+02 6.951960000000000000e+05 1.004223000000000088e+00
1.400000000000000000e+02 5.002100000000000000e+05 1.449168000000000012e+00
1.070000000000000000e+02 2.975820000000000000e+05 8.469600000000000461e-01
1.105000000000000000e+03 1.013347000000000000e+06 8.838960000000000150e-01
1.091000000000000000e+03 1.407760000000000000e+05 7.586779999999999635e-01
1.198000000000000000e+03 1.275050000000000000e+06 7.051469999999999683e-01
7.570000000000000000e+02 1.295334000000000000e+06 7.908650000000000402e-01
1.075000000000000000e+03 1.282309000000000000e+06 1.064416999999999947e+00
1.105000000000000000e+03 7.420580000000000000e+05 7.812729999999999952e-01
1.362000000000000000e+03 2.210120000000000000e+05 8.910240000000000382e-01
1.091000000000000000e+03 1.407760000000000000e+05 7.586680000000000090e-01
1.198000000000000000e+03 1.275050000000000000e+06 7.051380000000000425e-01
1.070000000000000000e+02 2.975820000000000000e+05 8.465709999999999624e-01
1.105000000000000000e+03 1.013347000000000000e+06 8.842489999999999517e-01
1.400000000000000000e+02 6.951960000000000000e+05 1.004223000000000088e+00
1.400000000000000000e+02 5.002100000000000000e+05 1.449171999999999905e+00
1.400000000000000000e+02 4.587240000000000000e+05 7.619690000000000074e-01
5.660000000000000000e+02 4.100640000000000000e+05 6.735309999999999908e-01
1.400000000000000000e+02 6.951960000000000000e+05 1.004221000000000030e+00
1.400000000000000000e+02 5.002100000000000000e+05 1.449170999999999987e+00
1.440000000000000000e+02 3.894610000000000000e+05 7.205500000000000238e-01
1.440000000000000000e+02 2.377490000000000000e+05 1.316526000000000085e+00
1.830000000000000000e+02 3.209220000000000000e+05 5.310190000000000188e-01
1.105000000000000000e+03 7.420580000000000000e+05 9.160049999999999581e-01
1.105000000000000000e+03 7.420580000000000000e+05 8.160389999999999588e-01
1.440000000000000000e+02 3.894610000000000000e+05 7.203310000000000546e-01
1.440000000000000000e+02 2.377490000000000000e+05 1.316470000000000029e+00
1.830000000000000000e+02 3.209220000000000000e+05 5.313020000000000520e-01
1.105000000000000000e+03 7.420580000000000000e+05 9.170939999999999648e-01
1.105000000000000000e+03 7.420580000000000000e+05 8.160269999999999468e-01
1.440000000000000000e+02 3.894610000000000000e+05 7.202389999999999626e-01
1.440000000000000000e+02 2.377490000000000000e+05 1.315514000000000072e+00
1.830000000000000000e+02 3.209220000000000000e+05 5.312449999999999672e-01
1.105000000000000000e+03 7.420580000000000000e+05 9.171500000000000208e-01
1.105000000000000000e+03 7.420580000000000000e+05 8.160589999999999788e-01
1.440000000000000000e+02 3.894610000000000000e+05 7.202450000000000241e-01
1.440000000000000000e+02 2.377490000000000000e+05 1.316664000000000057e+00
1.830000000000000000e+02 3.209220000000000000e+05 5.312789999999999457e-01
1.105000000000000000e+03 7.420580000000000000e+05 9.171169999999999600e-01
1.440000000000000000e+02 3.660920000000000000e+05 5.629410000000000247e-01
1.105000000000000000e+03 1.051831000000000000e+06 5.580519999999999925e-01
1.198000000000000000e+03 5.639630000000000000e+05 4.562200000000000144e-01
8.000000000000000000e+01 1.026654000000000000e+06 5.447940000000000005e-01
1.198000000000000000e+03 8.477560000000000000e+05 4.340200000000000169e-01
8.000000000000000000e+01 1.561900000000000000e+05 3.920939999999999981e-01
1.198000000000000000e+03 8.315480000000000000e+05 4.346720000000000028e-01
8.000000000000000000e+01 1.026654000000000000e+06 5.448009999999999797e-01
1.198000000000000000e+03 8.477560000000000000e+05 4.340209999999999901e-01
8.050000000000000000e+02 2.837920000000000000e+05 4.152819999999999845e-01
1.198000000000000000e+03 1.092950000000000000e+06 3.448979999999999824e-01
8.050000000000000000e+02 1.184590000000000000e+06 6.428019999999999845e-01
8.050000000000000000e+02 3.379110000000000000e+05 4.152290000000000147e-01
1.198000000000000000e+03 1.052287000000000000e+06 3.438809999999999922e-01
8.000000000000000000e+01 1.026654000000000000e+06 5.446950000000000403e-01
1.198000000000000000e+03 8.477560000000000000e+05 4.330470000000000153e-01
8.000000000000000000e+01 5.515100000000000000e+05 4.161659999999999804e-01
5.030000000000000000e+02 7.778530000000000000e+05 6.444210000000000216e-01
6.860000000000000000e+02 4.657250000000000000e+05 8.283209999999999740e-01
8.000000000000000000e+01 1.026654000000000000e+06 5.446940000000000115e-01
1.198000000000000000e+03 8.477560000000000000e+05 4.341149999999999731e-01
5.830000000000000000e+02 3.837150000000000000e+05 9.207009999999999916e-01
6.860000000000000000e+02 9.702870000000000000e+05 7.419480000000000519e-01
2.450000000000000000e+02 1.105725000000000000e+06 5.651230000000000420e-01
2.750000000000000000e+02 8.602220000000000000e+05 7.186909999999999688e-01
5.830000000000000000e+02 5.150070000000000000e+05 5.782929999999999460e-01
1.440000000000000000e+02 2.141790000000000000e+05 1.086675000000000058e+00
5.830000000000000000e+02 9.341240000000000000e+05 9.701990000000000336e-01
5.830000000000000000e+02 2.671560000000000000e+05 8.899160000000000403e-01
6.860000000000000000e+02 7.971500000000000000e+05 7.628200000000000536e-01
1.440000000000000000e+02 2.141790000000000000e+05 1.087930000000000064e+00
5.830000000000000000e+02 9.341240000000000000e+05 9.698099999999999499e-01
5.830000000000000000e+02 2.671560000000000000e+05 8.899160000000000403e-01
6.860000000000000000e+02 7.971500000000000000e+05 7.628190000000000248e-01
1.440000000000000000e+02 2.141790000000000000e+05 1.087936999999999932e+00
5.830000000000000000e+02 9.341240000000000000e+05 9.698090000000000321e-01
1.070000000000000000e+02 9.317370000000000000e+05 1.275473000000000079e+00
1.091000000000000000e+03 1.811960000000000000e+05 8.339659999999999851e-01
1.091000000000000000e+03 7.925770000000000000e+05 1.184512000000000009e+00
1.440000000000000000e+02 2.141790000000000000e+05 1.087935000000000096e+00
5.830000000000000000e+02 9.341240000000000000e+05 9.698090000000000321e-01
1.070000000000000000e+02 9.317370000000000000e+05 1.275471999999999939e+00
1.091000000000000000e+03 1.811960000000000000e+05 8.339659999999999851e-01
1.091000000000000000e+03 7.925770000000000000e+05 1.184352000000000071e+00
1.070000000000000000e+02 1.107911000000000000e+06 1.207241999999999926e+00
1.091000000000000000e+03 1.811960000000000000e+05 8.940240000000000409e-01
1.091000000000000000e+03 7.925770000000000000e+05 1.258356999999999948e+00
1.070000000000000000e+02 1.426650000000000000e+05 9.521950000000000136e-01
1.091000000000000000e+03 4.072710000000000000e+05 6.918560000000000265e-01
1.070000000000000000e+02 1.107911000000000000e+06 1.207244999999999902e+00
1.091000000000000000e+03 1.049860000000000000e+06 8.940259999999999874e-01
1.091000000000000000e+03 7.925770000000000000e+05 1.258321999999999941e+00
1.440000000000000000e+02 2.141790000000000000e+05 1.087914000000000048e+00
5.830000000000000000e+02 9.341240000000000000e+05 9.696879999999999944e-01
5.830000000000000000e+02 2.671560000000000000e+05 8.894189999999999596e-01
6.860000000000000000e+02 7.971500000000000000e+05 7.624769999999999603e-01
5.230000000000000000e+02 2.103470000000000000e+05 3.866330000000000044e-01
5.830000000000000000e+02 1.184590000000000000e+06 5.612840000000000051e-01
1.950000000000000000e+02 1.742650000000000000e+05 6.122570000000000512e-01
1.950000000000000000e+02 6.502550000000000000e+05 1.247301999999999911e+00
3.680000000000000000e+02 3.376700000000000000e+05 7.535659999999999581e-01
5.230000000000000000e+02 7.372920000000000000e+05 4.398639999999999772e-01
7.500000000000000000e+02 3.829250000000000000e+05 7.997680000000000344e-01
7.500000000000000000e+02 2.377490000000000000e+05 1.320529000000000064e+00
5.100000000000000000e+01 1.238726000000000000e+06 6.169240000000000279e-01
7.500000000000000000e+02 5.439100000000000000e+05 8.719609999999999861e-01
8.160000000000000000e+02 1.024184000000000000e+06 8.038669999999999982e-01
8.450000000000000000e+02 7.840940000000000000e+05 9.405700000000000172e-01
1.950000000000000000e+02 1.742650000000000000e+05 6.124190000000000467e-01
1.950000000000000000e+02 6.502550000000000000e+05 1.248170999999999919e+00
3.680000000000000000e+02 3.376700000000000000e+05 7.549010000000000442e-01
5.230000000000000000e+02 5.245860000000000000e+05 4.416619999999999990e-01
7.500000000000000000e+02 3.829250000000000000e+05 8.006579999999999808e-01
7.500000000000000000e+02 2.377490000000000000e+05 7.986490000000000533e-01
5.230000000000000000e+02 2.103470000000000000e+05 3.879319999999999991e-01
5.830000000000000000e+02 1.184590000000000000e+06 5.616250000000000409e-01
5.830000000000000000e+02 2.671560000000000000e+05 8.897110000000000296e-01
6.860000000000000000e+02 7.971500000000000000e+05 7.629610000000000003e-01
8.000000000000000000e+01 1.026654000000000000e+06 5.240040000000000253e-01
1.198000000000000000e+03 8.477560000000000000e+05 4.097109999999999919e-01
1.440000000000000000e+02 5.439100000000000000e+05 7.517779999999999463e-01
1.105000000000000000e+03 3.405070000000000000e+05 5.684190000000000076e-01
1.198000000000000000e+03 5.639630000000000000e+05 4.487110000000000265e-01
1.091000000000000000e+03 1.407760000000000000e+05 7.505549999999999722e-01
1.198000000000000000e+03 6.515800000000000000e+04 7.118949999999999445e-01
1.070000000000000000e+02 2.975820000000000000e+05 8.150889999999999525e-01
1.105000000000000000e+03 1.013347000000000000e+06 9.396010000000000195e-01
1.091000000000000000e+03 1.407760000000000000e+05 7.505460000000000464e-01
1.198000000000000000e+03 6.515800000000000000e+04 7.118290000000000450e-01
1.070000000000000000e+02 2.975820000000000000e+05 8.151319999999999677e-01
1.105000000000000000e+03 1.013347000000000000e+06 9.396609999999999685e-01
1.400000000000000000e+02 6.951960000000000000e+05 1.048797999999999897e+00
1.400000000000000000e+02 5.002100000000000000e+05 1.493613000000000079e+00
6.500000000000000000e+01 1.541650000000000000e+05 1.093220999999999998e+00
9.100000000000000000e+01 1.084639000000000000e+06 9.016150000000000553e-01
2.340000000000000000e+02 6.221420000000000000e+05 6.326699999999999546e-01
6.500000000000000000e+01 4.147000000000000000e+05 9.327640000000000375e-01
1.048000000000000000e+03 1.232879000000000000e+06 8.893499999999999739e-01
6.500000000000000000e+01 1.541650000000000000e+05 1.093220999999999998e+00
9.100000000000000000e+01 1.084639000000000000e+06 9.016220000000000345e-01
2.340000000000000000e+02 6.221420000000000000e+05 6.326810000000000489e-01
6.500000000000000000e+01 5.103000000000000000e+03 8.032989999999999853e-01
6.500000000000000000e+01 1.541650000000000000e+05 1.093220999999999998e+00
9.100000000000000000e+01 1.084639000000000000e+06 9.016180000000000305e-01
2.340000000000000000e+02 6.221420000000000000e+05 6.326800000000000201e-01
1.400000000000000000e+02 4.587240000000000000e+05 7.917779999999999818e-01
5.660000000000000000e+02 4.100640000000000000e+05 6.896879999999999677e-01
6.500000000000000000e+01 1.541650000000000000e+05 1.093258000000000063e+00
9.100000000000000000e+01 1.084639000000000000e+06 9.016509999999999803e-01
2.340000000000000000e+02 6.221420000000000000e+05 6.326969999999999539e-01
6.500000000000000000e+01 4.147000000000000000e+05 9.327640000000000375e-01
1.048000000000000000e+03 2.109260000000000000e+05 8.889789999999999637e-01
2.340000000000000000e+02 2.019310000000000000e+05 6.937379999999999658e-01
7.570000000000000000e+02 6.808700000000000000e+05 7.215629999999999544e-01
1.292000000000000000e+03 6.808700000000000000e+05 6.443029999999999591e-01
6.500000000000000000e+01 1.541650000000000000e+05 1.094467000000000079e+00
9.100000000000000000e+01 1.084639000000000000e+06 9.017610000000000348e-01
2.340000000000000000e+02 6.221420000000000000e+05 6.327279999999999571e-01
1.400000000000000000e+02 6.951960000000000000e+05 1.048187999999999898e+00
1.400000000000000000e+02 5.002100000000000000e+05 1.493543000000000065e+00
1.440000000000000000e+02 3.829250000000000000e+05 9.198709999999999942e-01
1.440000000000000000e+02 2.377490000000000000e+05 9.085720000000000462e-01
1.830000000000000000e+02 5.033000000000000000e+04 5.530890000000000528e-01
1.830000000000000000e+02 1.262308000000000000e+06 4.873027999999999693e+00
1.105000000000000000e+03 7.420580000000000000e+05 8.941210000000000546e-01
1.400000000000000000e+02 6.951960000000000000e+05 1.048202999999999996e+00
1.400000000000000000e+02 5.002100000000000000e+05 1.493509999999999893e+00
1.070000000000000000e+02 2.975820000000000000e+05 8.152420000000000222e-01
1.105000000000000000e+03 1.013347000000000000e+06 9.396670000000000300e-01
1.070000000000000000e+02 1.135505000000000000e+06 8.838880000000000070e-01
7.570000000000000000e+02 1.279962000000000000e+06 8.035039999999999960e-01
1.091000000000000000e+03 1.066047000000000000e+06 7.354920000000000346e-01
1.198000000000000000e+03 1.275050000000000000e+06 5.609560000000000102e-01
8.050000000000000000e+02 9.473910000000000000e+05 5.483050000000000423e-01
1.198000000000000000e+03 6.160500000000000000e+05 5.716869999999999452e-01
1.070000000000000000e+02 1.135505000000000000e+06 8.846979999999999844e-01
7.570000000000000000e+02 1.279962000000000000e+06 8.041789999999999772e-01
1.091000000000000000e+03 1.066047000000000000e+06 7.364190000000000458e-01
8.050000000000000000e+02 9.473910000000000000e+05 5.484609999999999763e-01
1.198000000000000000e+03 6.160500000000000000e+05 5.716459999999999875e-01
1.070000000000000000e+02 1.135505000000000000e+06 8.843509999999999982e-01
7.570000000000000000e+02 1.279962000000000000e+06 8.044729999999999936e-01
1.091000000000000000e+03 1.066047000000000000e+06 7.365199999999999525e-01
1.198000000000000000e+03 1.275050000000000000e+06 5.610119999999999552e-01
1.091000000000000000e+03 1.407760000000000000e+05 8.056550000000000100e-01
1.198000000000000000e+03 1.275050000000000000e+06 7.228360000000000340e-01
1.440000000000000000e+02 9.121420000000000000e+05 7.179560000000000386e-01
1.105000000000000000e+03 3.405070000000000000e+05 4.293959999999999999e-01
1.105000000000000000e+03 1.218812000000000000e+06 4.297779999999999934e-01
1.105000000000000000e+03 3.945720000000000000e+05 4.300080000000000013e-01
1.198000000000000000e+03 5.639630000000000000e+05 4.431350000000000011e-01
8.050000000000000000e+02 2.266030000000000000e+05 5.481139999999999901e-01
1.198000000000000000e+03 6.290540000000000000e+05 5.633629999999999471e-01
1.198000000000000000e+03 6.290560000000000000e+05 5.694369999999999710e-01
8.050000000000000000e+02 3.481300000000000000e+05 5.033590000000000009e-01
1.000000000000000000e+03 2.659260000000000000e+05 5.347979999999999956e-01
8.050000000000000000e+02 6.160500000000000000e+05 6.172330000000000316e-01
1.091000000000000000e+03 4.709200000000000000e+04 7.131999999999999451e-01
8.050000000000000000e+02 6.160500000000000000e+05 6.172649999999999526e-01
8.050000000000000000e+02 1.235231000000000000e+06 5.058829999999999716e-01
1.000000000000000000e+03 2.659260000000000000e+05 5.354430000000000023e-01
5.000000000000000000e+00 5.749930000000000000e+05 8.140749999999999931e-01
5.000000000000000000e+00 5.749930000000000000e+05 8.150830000000000020e-01
5.000000000000000000e+00 1.833380000000000000e+05 1.133731999999999962e+00
9.480000000000000000e+02 1.285956000000000000e+06 7.529730000000000034e-01
5.000000000000000000e+00 1.833380000000000000e+05 1.133744000000000085e+00
9.480000000000000000e+02 1.285956000000000000e+06 7.529839999999999867e-01
5.000000000000000000e+00 1.833380000000000000e+05 1.133742999999999945e+00
9.480000000000000000e+02 1.285956000000000000e+06 7.529860000000000442e-01
5.000000000000000000e+00 5.749930000000000000e+05 8.150859999999999772e-01
5.000000000000000000e+00 1.833380000000000000e+05 1.133736000000000077e+00
9.480000000000000000e+02 1.285956000000000000e+06 7.529789999999999539e-01
5.000000000000000000e+00 1.833380000000000000e+05 1.133734999999999937e+00
9.480000000000000000e+02 1.285956000000000000e+06 7.529780000000000362e-01
5.000000000000000000e+00 1.833380000000000000e+05 1.133736999999999995e+00
9.480000000000000000e+02 1.285956000000000000e+06 7.529770000000000074e-01
5.000000000000000000e+00 1.833380000000000000e+05 1.133734999999999937e+00
9.480000000000000000e+02 1.285956000000000000e+06 7.529799999999999827e-01
5.000000000000000000e+00 5.749930000000000000e+05 8.150830000000000020e-01
5.000000000000000000e+00 5.749930000000000000e+05 8.150800000000000267e-01
1.091000000000000000e+03 4.709200000000000000e+04 6.953789999999999694e-01
8.050000000000000000e+02 6.160500000000000000e+05 6.002269999999999550e-01
8.520000000000000000e+02 1.073318000000000000e+06 9.327490000000000503e-01
1.091000000000000000e+03 5.064330000000000000e+05 4.319100000000000161e-01
8.520000000000000000e+02 1.073318000000000000e+06 9.327530000000000543e-01
1.091000000000000000e+03 5.064330000000000000e+05 4.319089999999999874e-01
8.520000000000000000e+02 1.073318000000000000e+06 9.327619999999999800e-01
1.850000000000000000e+02 8.875850000000000000e+05 9.641039999999999610e-01
8.520000000000000000e+02 7.559530000000000000e+05 7.961510000000000531e-01
1.850000000000000000e+02 8.875850000000000000e+05 9.641180000000000305e-01
8.520000000000000000e+02 6.690350000000000000e+05 7.955470000000000041e-01
7.470000000000000000e+02 1.299602000000000000e+06 7.610209999999999475e-01
1.264000000000000000e+03 1.890490000000000000e+05 7.434030000000000360e-01
8.000000000000000000e+01 8.288010000000000000e+05 7.434500000000000552e-01
6.860000000000000000e+02 1.609630000000000000e+05 7.014209999999999612e-01
7.470000000000000000e+02 9.210680000000000000e+05 7.310780000000000056e-01
3.920000000000000000e+02 4.807790000000000000e+05 6.586849999999999650e-01
6.860000000000000000e+02 9.045640000000000000e+05 4.999859999999999860e-01
1.005000000000000000e+03 9.654500000000000000e+05 3.406379999999999963e-01
8.000000000000000000e+01 1.135809000000000000e+06 5.360979999999999634e-01
5.030000000000000000e+02 1.158511000000000000e+06 5.411420000000000119e-01
6.860000000000000000e+02 5.897450000000000000e+05 2.983129999999999948e-01
3.920000000000000000e+02 4.807790000000000000e+05 6.586870000000000225e-01
6.860000000000000000e+02 9.045640000000000000e+05 4.999879999999999880e-01
1.005000000000000000e+03 9.654500000000000000e+05 3.406420000000000003e-01
8.000000000000000000e+01 8.288010000000000000e+05 7.429919999999999858e-01
6.860000000000000000e+02 1.609630000000000000e+05 7.006609999999999783e-01
7.470000000000000000e+02 9.210680000000000000e+05 7.317200000000000371e-01
7.470000000000000000e+02 5.838630000000000000e+05 5.823310000000000430e-01
1.005000000000000000e+03 4.573310000000000000e+05 7.682309999999999972e-01
1.275000000000000000e+03 3.064600000000000000e+05 9.703100000000000058e-01
3.740000000000000000e+02 5.160050000000000000e+05 8.724699999999999678e-01
7.310000000000000000e+02 6.532380000000000000e+05 7.837910000000000155e-01
1.005000000000000000e+03 5.118600000000000000e+04 9.463230000000000253e-01
7.310000000000000000e+02 4.382770000000000000e+05 6.414919999999999511e-01
7.310000000000000000e+02 6.532380000000000000e+05 6.032629999999999937e-01
7.310000000000000000e+02 6.532380000000000000e+05 6.031990000000000407e-01
1.840000000000000000e+02 6.851230000000000000e+05 9.173019999999999508e-01
1.200000000000000000e+03 1.025359000000000000e+06 1.034467000000000025e+00
1.840000000000000000e+02 6.851230000000000000e+05 9.172970000000000290e-01
1.200000000000000000e+03 1.025359000000000000e+06 1.034467000000000025e+00
8.700000000000000000e+01 1.470830000000000000e+05 8.277499999999999858e-01
7.310000000000000000e+02 9.837510000000000000e+05 8.694939999999999891e-01
1.840000000000000000e+02 6.851230000000000000e+05 9.173139999999999628e-01
1.200000000000000000e+03 1.025359000000000000e+06 1.034470999999999918e+00
8.700000000000000000e+01 1.470830000000000000e+05 8.276970000000000161e-01
7.310000000000000000e+02 9.837510000000000000e+05 8.694929999999999604e-01
8.700000000000000000e+01 8.823000000000000000e+05 7.057940000000000325e-01
8.700000000000000000e+01 1.173379000000000000e+06 7.992249999999999632e-01
1.840000000000000000e+02 4.039020000000000000e+05 1.045393999999999934e+00
9.430000000000000000e+02 1.160478000000000000e+06 7.482940000000000147e-01
1.200000000000000000e+03 1.815800000000000000e+04 9.327889999999999793e-01
8.700000000000000000e+01 1.470830000000000000e+05 8.277809999999999890e-01
7.310000000000000000e+02 9.837510000000000000e+05 8.695549999999999669e-01
8.700000000000000000e+01 8.823000000000000000e+05 7.057949999999999502e-01
8.700000000000000000e+01 1.173379000000000000e+06 7.992249999999999632e-01
1.840000000000000000e+02 4.039020000000000000e+05 1.045395999999999992e+00
9.430000000000000000e+02 1.160478000000000000e+06 7.482950000000000434e-01
1.200000000000000000e+03 1.815800000000000000e+04 9.327900000000000080e-01
8.700000000000000000e+01 8.823000000000000000e+05 7.057940000000000325e-01
8.700000000000000000e+01 1.173379000000000000e+06 7.992249999999999632e-01
1.840000000000000000e+02 4.039020000000000000e+05 1.045395000000000074e+00
9.430000000000000000e+02 1.160478000000000000e+06 7.482940000000000147e-01
1.200000000000000000e+03 1.815800000000000000e+04 9.327889999999999793e-01
1.840000000000000000e+02 6.851230000000000000e+05 9.177739999999999787e-01
2.920000000000000000e+02 9.786970000000000000e+05 8.762450000000000516e-01
1.200000000000000000e+03 6.948600000000000000e+04 6.030299999999999550e-01
2.420000000000000000e+02 7.324820000000000000e+05 7.812050000000000383e-01
2.920000000000000000e+02 7.768230000000000000e+05 8.692590000000000039e-01
2.420000000000000000e+02 8.879450000000000000e+05 8.729029999999999845e-01
2.920000000000000000e+02 5.571940000000000000e+05 6.389799999999999924e-01
2.420000000000000000e+02 7.324820000000000000e+05 7.812040000000000095e-01
2.920000000000000000e+02 7.768230000000000000e+05 8.692590000000000039e-01
1.700000000000000000e+02 1.188225000000000000e+06 7.846020000000000216e-01
2.420000000000000000e+02 8.287430000000000000e+05 1.021052000000000071e+00
5.720000000000000000e+02 4.556830000000000000e+05 7.531499999999999861e-01
1.700000000000000000e+02 6.301060000000000000e+05 9.985479999999999912e-01
1.157000000000000000e+03 1.084207000000000000e+06 8.163460000000000161e-01
1.700000000000000000e+02 1.188225000000000000e+06 7.846049999999999969e-01
2.420000000000000000e+02 8.287430000000000000e+05 1.021053999999999906e+00
5.720000000000000000e+02 4.556830000000000000e+05 7.531499999999999861e-01
1.700000000000000000e+02 6.301060000000000000e+05 9.985490000000000199e-01
1.157000000000000000e+03 1.084207000000000000e+06 8.163500000000000201e-01
1.700000000000000000e+02 1.188225000000000000e+06 7.846100000000000296e-01
2.420000000000000000e+02 8.287430000000000000e+05 1.021055000000000046e+00
5.720000000000000000e+02 4.556830000000000000e+05 7.531499999999999861e-01
1.700000000000000000e+02 6.301060000000000000e+05 9.985570000000000279e-01
1.157000000000000000e+03 1.084207000000000000e+06 8.163519999999999666e-01
6.700000000000000000e+02 7.544300000000000000e+05 7.028860000000000108e-01
7.720000000000000000e+02 8.746400000000000000e+04 7.833839999999999693e-01
8.110000000000000000e+02 1.516120000000000000e+05 9.907949999999999813e-01
7.720000000000000000e+02 3.082930000000000000e+05 1.193124000000000073e+00
8.110000000000000000e+02 1.212595000000000000e+06 1.054459999999999953e+00
4.350000000000000000e+02 9.018600000000000000e+05 5.528189999999999493e-01
8.110000000000000000e+02 1.285152000000000000e+06 8.265320000000000444e-01
1.155000000000000000e+03 3.142190000000000000e+05 8.158910000000000329e-01
8.110000000000000000e+02 3.101040000000000000e+05 1.201214999999999922e+00
1.155000000000000000e+03 1.424740000000000000e+05 6.197289999999999743e-01
4.350000000000000000e+02 9.018600000000000000e+05 5.528279999999999861e-01
8.110000000000000000e+02 1.285152000000000000e+06 8.265299999999999869e-01
1.155000000000000000e+03 1.069251000000000000e+06 8.153150000000000119e-01
4.350000000000000000e+02 3.542530000000000000e+05 5.400160000000000515e-01
4.350000000000000000e+02 3.542540000000000000e+05 5.421869999999999745e-01
2.350000000000000000e+02 1.092020000000000000e+06 7.300010000000000110e-01
9.880000000000000000e+02 9.377980000000000000e+05 7.169429999999999970e-01
4.350000000000000000e+02 3.542540000000000000e+05 5.421829999999999705e-01
4.840000000000000000e+02 9.001030000000000000e+05 7.964259999999999673e-01
4.840000000000000000e+02 9.001030000000000000e+05 7.964310000000000000e-01
4.840000000000000000e+02 9.001030000000000000e+05 7.964480000000000448e-01
4.840000000000000000e+02 9.001030000000000000e+05 7.964539999999999953e-01
4.840000000000000000e+02 9.001030000000000000e+05 7.964639999999999498e-01
4.840000000000000000e+02 9.001030000000000000e+05 7.964710000000000401e-01
4.840000000000000000e+02 9.001030000000000000e+05 7.964710000000000401e-01
4.840000000000000000e+02 9.001030000000000000e+05 7.964860000000000273e-01
4.840000000000000000e+02 9.001030000000000000e+05 7.964930000000000065e-01
4.840000000000000000e+02 9.001030000000000000e+05 7.964949999999999530e-01
4.840000000000000000e+02 9.001030000000000000e+05 7.965029999999999610e-01
5.720000000000000000e+02 8.086510000000000000e+05 4.893250000000000099e-01
7.720000000000000000e+02 5.956930000000000000e+05 6.543360000000000287e-01
5.720000000000000000e+02 8.086510000000000000e+05 5.330399999999999583e-01
1.840000000000000000e+02 4.808820000000000000e+05 6.598999999999999831e-03
1.840000000000000000e+02 5.994200000000000000e+04 6.463410000000000544e-01
1.200000000000000000e+03 7.637650000000000000e+05 5.457400000000000029e-01
1.840000000000000000e+02 4.808820000000000000e+05 6.516000000000000091e-03
1.840000000000000000e+02 1.076190000000000000e+06 2.625649999999999928e-01
1.840000000000000000e+02 5.994200000000000000e+04 6.120679999999999454e-01
1.840000000000000000e+02 8.953550000000000000e+05 7.749509999999999454e-01
1.840000000000000000e+02 1.105695000000000000e+06 9.134290000000000465e-01
6.760000000000000000e+02 1.932520000000000000e+05 6.984329999999999705e-01
9.430000000000000000e+02 6.808700000000000000e+05 7.359310000000000018e-01
1.200000000000000000e+03 4.359730000000000000e+05 7.325439999999999729e-01
5.600000000000000000e+01 9.848000000000000000e+04 8.207119999999999971e-01
6.760000000000000000e+02 3.550560000000000000e+05 8.576570000000000027e-01
9.910000000000000000e+02 3.065040000000000000e+05 4.113879999999999759e-01
5.600000000000000000e+01 5.801050000000000000e+05 7.286390000000000366e-01
5.600000000000000000e+01 9.848000000000000000e+04 8.207109999999999683e-01
6.760000000000000000e+02 3.550560000000000000e+05 8.576510000000000522e-01
9.910000000000000000e+02 3.065040000000000000e+05 4.113950000000000107e-01
4.960000000000000000e+02 3.401310000000000000e+05 6.253450000000000397e-01
7.110000000000000000e+02 6.864800000000000000e+04 3.747670000000000168e-01
8.160000000000000000e+02 2.703090000000000000e+05 4.716270000000000184e-01
9.910000000000000000e+02 6.538630000000000000e+05 2.522389999999999910e-01
1.329000000000000000e+03 4.386500000000000000e+04 5.235290000000000221e-01
5.600000000000000000e+01 9.848000000000000000e+04 8.207119999999999971e-01
6.760000000000000000e+02 3.550560000000000000e+05 8.576570000000000027e-01
9.910000000000000000e+02 3.065040000000000000e+05 4.113950000000000107e-01
5.600000000000000000e+01 5.801050000000000000e+05 7.286770000000000191e-01
5.600000000000000000e+01 9.848000000000000000e+04 8.207149999999999723e-01
6.760000000000000000e+02 3.550560000000000000e+05 8.576559999999999739e-01
9.910000000000000000e+02 3.065040000000000000e+05 4.114010000000000167e-01
4.960000000000000000e+02 3.401310000000000000e+05 6.253450000000000397e-01
7.110000000000000000e+02 6.864800000000000000e+04 3.747739999999999960e-01
8.160000000000000000e+02 2.703090000000000000e+05 4.716259999999999897e-01
9.910000000000000000e+02 6.538630000000000000e+05 2.522409999999999930e-01
1.329000000000000000e+03 4.386500000000000000e+04 5.235309999999999686e-01
5.600000000000000000e+01 9.848000000000000000e+04 8.207149999999999723e-01
6.760000000000000000e+02 3.550560000000000000e+05 8.576580000000000314e-01
9.910000000000000000e+02 3.065040000000000000e+05 4.114010000000000167e-01
4.960000000000000000e+02 3.401310000000000000e+05 6.253450000000000397e-01
7.110000000000000000e+02 6.864800000000000000e+04 3.747780000000000000e-01
8.160000000000000000e+02 2.703090000000000000e+05 4.716259999999999897e-01
9.910000000000000000e+02 6.538630000000000000e+05 2.522409999999999930e-01
1.329000000000000000e+03 4.386500000000000000e+04 5.235300000000000509e-01
5.600000000000000000e+01 9.848000000000000000e+04 8.207160000000000011e-01
6.760000000000000000e+02 3.550560000000000000e+05 8.576610000000000067e-01
9.910000000000000000e+02 3.065040000000000000e+05 4.114010000000000167e-01
5.600000000000000000e+01 5.801050000000000000e+05 7.286569999999999991e-01
5.600000000000000000e+01 9.848000000000000000e+04 8.207240000000000091e-01
6.760000000000000000e+02 3.550560000000000000e+05 8.576759999999999939e-01
9.910000000000000000e+02 3.065040000000000000e+05 4.114050000000000207e-01
5.600000000000000000e+01 5.801050000000000000e+05 7.286799999999999944e-01
5.600000000000000000e+01 9.848000000000000000e+04 8.207259999999999556e-01
6.760000000000000000e+02 3.550560000000000000e+05 8.576690000000000147e-01
9.910000000000000000e+02 3.065040000000000000e+05 4.114030000000000187e-01
1.840000000000000000e+02 1.105695000000000000e+06 9.131850000000000245e-01
6.760000000000000000e+02 1.932520000000000000e+05 6.991509999999999669e-01
9.430000000000000000e+02 6.808700000000000000e+05 7.351769999999999694e-01
1.200000000000000000e+03 4.359730000000000000e+05 7.329259999999999664e-01
1.200000000000000000e+03 4.386500000000000000e+04 9.206060000000000354e-01
1.200000000000000000e+03 4.386500000000000000e+04 8.194379999999999997e-01
8.700000000000000000e+01 1.470830000000000000e+05 7.613640000000000407e-01
7.310000000000000000e+02 9.837510000000000000e+05 8.354570000000000052e-01
1.200000000000000000e+03 4.386500000000000000e+04 8.187769999999999770e-01
1.200000000000000000e+03 4.386500000000000000e+04 9.190739999999999466e-01
3.200000000000000000e+02 1.122223000000000000e+06 5.652399999999999786e-02
3.200000000000000000e+02 9.179130000000000000e+05 5.584200000000000275e-01
8.000000000000000000e+00 1.426820000000000000e+05 8.247280000000000166e-01
3.740000000000000000e+02 6.904730000000000000e+05 1.002526999999999946e+00
1.275000000000000000e+03 5.100890000000000000e+05 9.769640000000000546e-01
3.740000000000000000e+02 5.160050000000000000e+05 9.995450000000000168e-01
7.310000000000000000e+02 6.280170000000000000e+05 8.748810000000000198e-01
1.005000000000000000e+03 1.115738000000000000e+06 9.629959999999999631e-01
7.310000000000000000e+02 1.018639000000000000e+06 5.420770000000000310e-01
7.310000000000000000e+02 6.280170000000000000e+05 9.225780000000000092e-01
7.310000000000000000e+02 1.136452000000000000e+06 7.934539999999999926e-01
7.310000000000000000e+02 1.018639000000000000e+06 5.423000000000000043e-01
7.310000000000000000e+02 6.280170000000000000e+05 9.228439999999999976e-01
7.310000000000000000e+02 1.136452000000000000e+06 7.935849999999999849e-01
7.310000000000000000e+02 1.018639000000000000e+06 5.423639999999999572e-01
8.700000000000000000e+01 1.470830000000000000e+05 6.849199999999999733e-01
1.200000000000000000e+03 4.386500000000000000e+04 9.002200000000000202e-01
8.700000000000000000e+01 1.470830000000000000e+05 9.333329999999999682e-01
7.310000000000000000e+02 1.066470000000000000e+06 6.231240000000000112e-01
5.600000000000000000e+01 5.927200000000000000e+05 8.259870000000000267e-01
8.700000000000000000e+01 6.166520000000000000e+05 1.458361000000000018e+00
9.430000000000000000e+02 1.155375000000000000e+06 1.407823999999999964e+00
1.324000000000000000e+03 6.973290000000000000e+05 6.218350000000000266e-01
7.000000000000000000e+02 5.653100000000000000e+04 6.412440000000000362e-01
1.324000000000000000e+03 6.973290000000000000e+05 6.225960000000000383e-01
5.600000000000000000e+01 3.834480000000000000e+05 7.906140000000000390e-01
2.350000000000000000e+02 1.014783000000000000e+06 8.322960000000000358e-01
5.600000000000000000e+01 2.362730000000000000e+05 8.257489999999999553e-01
8.700000000000000000e+01 6.166520000000000000e+05 1.458161999999999958e+00
9.430000000000000000e+02 1.014209000000000000e+06 1.407060999999999895e+00
1.292000000000000000e+03 5.386040000000000000e+05 1.317156999999999911e+00
5.600000000000000000e+01 2.362730000000000000e+05 8.258699999999999930e-01
8.700000000000000000e+01 6.166520000000000000e+05 1.458412999999999959e+00
9.430000000000000000e+02 1.014209000000000000e+06 1.407229999999999981e+00
9.430000000000000000e+02 1.275207000000000000e+06 8.340020000000000211e-01
1.075000000000000000e+03 1.333550000000000000e+05 1.894220000000000070e-01
1.075000000000000000e+03 5.979070000000000000e+05 1.584135999999999989e+00
1.075000000000000000e+03 6.671440000000000000e+05 9.486430000000000140e-01
1.292000000000000000e+03 5.386040000000000000e+05 1.345385000000000053e+00
7.570000000000000000e+02 2.583420000000000000e+05 4.852999999999999675e-02
1.075000000000000000e+03 1.333550000000000000e+05 1.894250000000000100e-01
1.075000000000000000e+03 5.979070000000000000e+05 1.584133999999999931e+00
1.075000000000000000e+03 6.671440000000000000e+05 9.486449999999999605e-01
1.292000000000000000e+03 5.386040000000000000e+05 1.345339999999999980e+00
2.350000000000000000e+02 1.271072000000000000e+06 9.388279999999999959e-01
7.040000000000000000e+02 1.164643000000000000e+06 9.267809999999999659e-01
1.048000000000000000e+03 7.162120000000000000e+05 4.890100000000000002e-01
1.075000000000000000e+03 1.333550000000000000e+05 1.894260000000000110e-01
1.075000000000000000e+03 5.979070000000000000e+05 1.584116000000000080e+00
1.075000000000000000e+03 6.671440000000000000e+05 9.486459999999999892e-01
1.075000000000000000e+03 1.105039000000000000e+06 9.527830000000000465e-01
1.292000000000000000e+03 5.386040000000000000e+05 1.345371000000000095e+00
7.570000000000000000e+02 2.583420000000000000e+05 4.852999999999999675e-02
1.075000000000000000e+03 1.333550000000000000e+05 1.872240000000000015e-01
1.075000000000000000e+03 5.979070000000000000e+05 1.584068000000000032e+00
1.075000000000000000e+03 6.671440000000000000e+05 9.484369999999999745e-01
1.075000000000000000e+03 1.105039000000000000e+06 9.525540000000000118e-01
1.292000000000000000e+03 5.386040000000000000e+05 1.345180999999999960e+00
6.500000000000000000e+01 9.674870000000000000e+05 1.476772999999999891e+00
2.340000000000000000e+02 5.976820000000000000e+05 4.791830000000000256e-01
1.324000000000000000e+03 6.973290000000000000e+05 7.151140000000000274e-01
1.324000000000000000e+03 3.945720000000000000e+05 4.916749999999999732e-01
1.016000000000000000e+03 7.110070000000000000e+05 1.153081000000000023e+00
1.016000000000000000e+03 8.652800000000000000e+05 1.885853000000000002e+00
1.016000000000000000e+03 2.217740000000000000e+05 1.676919999999999966e+00
8.700000000000000000e+01 2.460500000000000000e+05 1.393250000000000099e+00
8.700000000000000000e+01 3.527950000000000000e+05 1.302089999999999970e+00
1.016000000000000000e+03 7.110070000000000000e+05 1.153197999999999945e+00
1.016000000000000000e+03 8.652800000000000000e+05 1.885910999999999893e+00
1.016000000000000000e+03 2.217740000000000000e+05 1.677025999999999906e+00
2.100000000000000000e+01 9.535000000000000000e+05 6.891829999999999901e-01
7.000000000000000000e+02 1.127241000000000000e+06 9.128680000000000128e-01
1.016000000000000000e+03 9.782340000000000000e+05 1.329954999999999998e+00
1.016000000000000000e+03 7.110070000000000000e+05 1.153199000000000085e+00
1.016000000000000000e+03 8.652800000000000000e+05 1.885933000000000082e+00
1.016000000000000000e+03 2.217740000000000000e+05 1.677022999999999930e+00
1.324000000000000000e+03 2.491870000000000000e+05 8.616009999999999502e-01
2.340000000000000000e+02 7.140530000000000000e+05 4.442570000000000130e-01
6.310000000000000000e+02 7.856450000000000000e+05 9.884659999999999558e-01
1.324000000000000000e+03 2.491870000000000000e+05 8.616139999999999910e-01
6.500000000000000000e+01 9.674870000000000000e+05 1.511724999999999985e+00
2.340000000000000000e+02 5.976820000000000000e+05 5.384079999999999977e-01
7.920000000000000000e+02 1.239354000000000000e+06 7.191359999999999975e-01
7.920000000000000000e+02 6.289920000000000000e+05 7.537709999999999688e-01
7.920000000000000000e+02 3.035880000000000000e+05 7.160099999999999798e-02
1.324000000000000000e+03 1.263420000000000000e+05 7.596150000000000402e-01
6.500000000000000000e+01 9.674870000000000000e+05 1.510758000000000045e+00
2.340000000000000000e+02 5.976820000000000000e+05 5.382099999999999662e-01
7.920000000000000000e+02 1.239354000000000000e+06 7.191140000000000310e-01
7.920000000000000000e+02 6.289920000000000000e+05 7.537589999999999568e-01
7.920000000000000000e+02 3.035880000000000000e+05 7.162799999999999723e-02
1.324000000000000000e+03 7.986820000000000000e+05 8.605420000000000291e-01
1.324000000000000000e+03 1.263420000000000000e+05 7.596110000000000362e-01
6.500000000000000000e+01 9.674870000000000000e+05 1.510828000000000060e+00
2.340000000000000000e+02 5.976820000000000000e+05 5.381879999999999997e-01
2.350000000000000000e+02 2.044260000000000000e+05 9.200209999999999777e-01
7.040000000000000000e+02 5.576300000000000000e+05 9.027260000000000284e-01
1.048000000000000000e+03 1.177760000000000000e+06 4.311780000000000057e-01
1.292000000000000000e+03 1.160478000000000000e+06 1.579506000000000077e+00
1.075000000000000000e+03 1.333550000000000000e+05 1.725569999999999882e-01
1.075000000000000000e+03 5.979070000000000000e+05 1.600573000000000023e+00
1.075000000000000000e+03 6.671440000000000000e+05 9.789160000000000084e-01
1.075000000000000000e+03 1.105039000000000000e+06 9.901339999999999586e-01
1.292000000000000000e+03 1.570500000000000000e+05 1.367061999999999999e+00
7.570000000000000000e+02 1.064915000000000000e+06 5.516900000000000276e-02
9.430000000000000000e+02 1.275207000000000000e+06 7.805010000000000003e-01
1.075000000000000000e+03 1.333550000000000000e+05 1.722809999999999897e-01
1.075000000000000000e+03 5.979070000000000000e+05 1.599782000000000037e+00
1.075000000000000000e+03 6.671440000000000000e+05 9.788750000000000506e-01
1.075000000000000000e+03 1.105039000000000000e+06 9.899999999999999911e-01
1.292000000000000000e+03 1.570500000000000000e+05 1.366683000000000092e+00
7.570000000000000000e+02 1.133603000000000000e+06 5.378600000000000048e-02
7.570000000000000000e+02 3.114390000000000000e+05 1.859699999999999964e-01
1.075000000000000000e+03 1.076785000000000000e+06 1.711330000000000073e-01
1.075000000000000000e+03 5.979070000000000000e+05 1.600384000000000029e+00
1.075000000000000000e+03 6.671440000000000000e+05 9.786280000000000534e-01
1.075000000000000000e+03 1.105039000000000000e+06 9.898820000000000396e-01
1.292000000000000000e+03 1.570500000000000000e+05 1.366892999999999914e+00
7.570000000000000000e+02 8.172380000000000000e+05 6.839800000000000046e-02
7.570000000000000000e+02 5.265830000000000000e+05 8.365080000000000293e-01
7.570000000000000000e+02 6.591900000000000000e+04 5.370199999999999974e-02
1.075000000000000000e+03 1.333550000000000000e+05 1.723500000000000032e-01
1.075000000000000000e+03 5.979070000000000000e+05 1.600740999999999969e+00
1.075000000000000000e+03 6.671440000000000000e+05 9.789710000000000356e-01
1.075000000000000000e+03 1.105039000000000000e+06 9.901320000000000121e-01
1.292000000000000000e+03 1.570500000000000000e+05 1.367132999999999932e+00
7.570000000000000000e+02 1.133603000000000000e+06 5.379599999999999660e-02
7.570000000000000000e+02 3.114390000000000000e+05 1.858170000000000099e-01
1.075000000000000000e+03 1.076785000000000000e+06 1.711419999999999886e-01
1.075000000000000000e+03 5.979070000000000000e+05 1.600317999999999907e+00
1.075000000000000000e+03 6.671440000000000000e+05 9.786359999999999504e-01
1.075000000000000000e+03 1.105039000000000000e+06 9.898810000000000109e-01
1.292000000000000000e+03 1.570500000000000000e+05 1.367483000000000004e+00
7.570000000000000000e+02 1.133603000000000000e+06 5.379599999999999660e-02
1.075000000000000000e+03 1.076785000000000000e+06 1.711429999999999896e-01
1.075000000000000000e+03 5.979070000000000000e+05 1.600378000000000078e+00
1.075000000000000000e+03 6.671440000000000000e+05 9.786409999999999831e-01
1.075000000000000000e+03 1.105039000000000000e+06 9.898550000000000404e-01
1.292000000000000000e+03 1.570500000000000000e+05 1.366867000000000054e+00
7.570000000000000000e+02 1.133603000000000000e+06 5.379599999999999660e-02
1.075000000000000000e+03 1.076785000000000000e+06 1.711439999999999906e-01
1.075000000000000000e+03 5.979070000000000000e+05 1.600397000000000070e+00
1.075000000000000000e+03 6.671440000000000000e+05 9.786289999999999711e-01
1.075000000000000000e+03 1.105039000000000000e+06 9.898789999999999534e-01
1.292000000000000000e+03 1.570500000000000000e+05 1.366813999999999973e+00
7.570000000000000000e+02 1.133603000000000000e+06 5.379599999999999660e-02
7.570000000000000000e+02 3.114390000000000000e+05 1.861430000000000029e-01
1.075000000000000000e+03 1.076785000000000000e+06 1.711459999999999926e-01
1.075000000000000000e+03 5.979070000000000000e+05 1.600309999999999899e+00
1.075000000000000000e+03 6.671440000000000000e+05 9.786329999999999751e-01
1.075000000000000000e+03 1.105039000000000000e+06 9.898670000000000524e-01
1.292000000000000000e+03 1.570500000000000000e+05 1.366880000000000095e+00
7.570000000000000000e+02 8.172380000000000000e+05 6.856500000000000095e-02
7.570000000000000000e+02 5.265830000000000000e+05 8.361490000000000311e-01
7.570000000000000000e+02 6.591900000000000000e+04 5.371200000000000280e-02
7.570000000000000000e+02 8.329530000000000000e+05 1.861450000000000049e-01
1.075000000000000000e+03 1.333550000000000000e+05 1.730250000000000121e-01
1.075000000000000000e+03 5.979070000000000000e+05 1.600386000000000086e+00
1.075000000000000000e+03 6.671440000000000000e+05 9.786399999999999544e-01
1.075000000000000000e+03 1.105039000000000000e+06 9.898749999999999494e-01
1.292000000000000000e+03 1.570500000000000000e+05 1.366290000000000004e+00
7.570000000000000000e+02 1.133603000000000000e+06 5.380700000000000066e-02
1.075000000000000000e+03 1.076785000000000000e+06 1.711550000000000016e-01
1.075000000000000000e+03 5.979070000000000000e+05 1.600322000000000022e+00
1.075000000000000000e+03 6.671440000000000000e+05 9.786289999999999711e-01
1.075000000000000000e+03 1.105039000000000000e+06 9.898700000000000276e-01
1.292000000000000000e+03 1.570500000000000000e+05 1.366322000000000036e+00
7.570000000000000000e+02 1.133603000000000000e+06 5.380700000000000066e-02
7.570000000000000000e+02 3.114390000000000000e+05 1.863650000000000029e-01
1.075000000000000000e+03 1.076785000000000000e+06 1.711560000000000026e-01
1.075000000000000000e+03 5.979070000000000000e+05 1.600363999999999898e+00
1.075000000000000000e+03 6.671440000000000000e+05 9.786319999999999464e-01
1.075000000000000000e+03 1.105039000000000000e+06 9.898590000000000444e-01
1.292000000000000000e+03 1.570500000000000000e+05 1.366333999999999937e+00
7.570000000000000000e+02 1.133603000000000000e+06 5.380800000000000166e-02
7.570000000000000000e+02 5.843780000000000000e+05 4.454799999999999871e-01
1.075000000000000000e+03 1.076785000000000000e+06 1.711570000000000036e-01
1.075000000000000000e+03 5.979070000000000000e+05 1.600363999999999898e+00
1.075000000000000000e+03 6.671440000000000000e+05 9.786399999999999544e-01
1.075000000000000000e+03 1.105039000000000000e+06 9.898339999999999916e-01
1.292000000000000000e+03 1.570500000000000000e+05 1.367194000000000020e+00
7.570000000000000000e+02 1.133603000000000000e+06 5.380800000000000166e-02
1.075000000000000000e+03 1.076785000000000000e+06 1.711580000000000046e-01
1.075000000000000000e+03 5.979070000000000000e+05 1.600376999999999938e+00
1.075000000000000000e+03 6.671440000000000000e+05 9.786329999999999751e-01
1.075000000000000000e+03 1.105039000000000000e+06 9.898400000000000531e-01
1.292000000000000000e+03 1.570500000000000000e+05 1.367002000000000050e+00
7.570000000000000000e+02 1.133603000000000000e+06 5.380800000000000166e-02
1.075000000000000000e+03 1.076785000000000000e+06 1.711600000000000066e-01
1.075000000000000000e+03 5.979070000000000000e+05 1.600384999999999946e+00
1.075000000000000000e+03 6.671440000000000000e+05 9.786489999999999911e-01
1.075000000000000000e+03 1.105039000000000000e+06 9.898500000000000076e-01
1.292000000000000000e+03 1.570500000000000000e+05 1.366308999999999996e+00
7.570000000000000000e+02 3.114390000000000000e+05 1.859770000000000034e-01
1.075000000000000000e+03 1.333550000000000000e+05 1.730260000000000131e-01
1.075000000000000000e+03 5.979070000000000000e+05 1.600397000000000070e+00
1.075000000000000000e+03 6.671440000000000000e+05 9.786359999999999504e-01
1.075000000000000000e+03 1.105039000000000000e+06 9.908970000000000278e-01
1.292000000000000000e+03 1.570500000000000000e+05 1.367833000000000077e+00
7.570000000000000000e+02 1.133603000000000000e+06 5.380100000000000160e-02
7.570000000000000000e+02 3.114390000000000000e+05 1.859689999999999954e-01
1.075000000000000000e+03 1.076785000000000000e+06 1.711489999999999956e-01
1.075000000000000000e+03 5.979070000000000000e+05 1.600368999999999930e+00
1.075000000000000000e+03 6.671440000000000000e+05 9.786289999999999711e-01
1.075000000000000000e+03 1.105039000000000000e+06 9.898810000000000109e-01
1.292000000000000000e+03 1.570500000000000000e+05 1.366867999999999972e+00
7.570000000000000000e+02 1.133603000000000000e+06 5.380100000000000160e-02
1.075000000000000000e+03 1.076785000000000000e+06 1.711499999999999966e-01
1.075000000000000000e+03 5.979070000000000000e+05 1.600355999999999890e+00
1.075000000000000000e+03 6.671440000000000000e+05 9.786390000000000366e-01
1.075000000000000000e+03 1.105039000000000000e+06 9.898419999999999996e-01
1.292000000000000000e+03 1.570500000000000000e+05 1.366430999999999951e+00
7.570000000000000000e+02 1.133603000000000000e+06 5.380100000000000160e-02
5.600000000000000000e+01 1.086050000000000000e+05 8.199670000000000014e-01
8.700000000000000000e+01 7.201460000000000000e+05 1.436585000000000001e+00
9.430000000000000000e+02 5.287530000000000000e+05 1.409234000000000098e+00
9.430000000000000000e+02 6.896780000000000000e+05 1.523654000000000064e+00
1.324000000000000000e+03 2.491870000000000000e+05 8.615620000000000500e-01
2.340000000000000000e+02 7.140530000000000000e+05 4.442579999999999862e-01
6.310000000000000000e+02 7.856450000000000000e+05 9.882560000000000233e-01
1.324000000000000000e+03 2.491870000000000000e+05 8.615599999999999925e-01
2.340000000000000000e+02 7.140530000000000000e+05 4.442610000000000170e-01
6.310000000000000000e+02 7.856450000000000000e+05 9.885779999999999568e-01
1.324000000000000000e+03 2.491870000000000000e+05 8.615690000000000293e-01
2.340000000000000000e+02 7.140530000000000000e+05 4.442579999999999862e-01
6.310000000000000000e+02 7.856450000000000000e+05 9.884739999999999638e-01
6.500000000000000000e+01 1.116267000000000000e+06 1.312924999999999898e+00
9.100000000000000000e+01 2.048190000000000000e+05 1.347514000000000101e+00
2.340000000000000000e+02 6.211660000000000000e+05 3.786180000000000101e-01
6.310000000000000000e+02 6.399830000000000000e+05 1.351131000000000082e+00
1.070000000000000000e+02 6.081740000000000000e+05 4.546100000000000141e-01
3.610000000000000000e+02 1.284967000000000000e+06 6.723270000000000080e-01
6.310000000000000000e+02 7.544300000000000000e+05 1.163845999999999936e+00
1.680000000000000000e+02 3.464790000000000000e+05 9.170160000000000533e-01
1.680000000000000000e+02 1.268370000000000000e+06 9.174619999999999997e-01
2.340000000000000000e+02 7.894920000000000000e+05 4.732210000000000027e-01
6.420000000000000000e+02 7.662900000000000000e+05 1.026072000000000095e+00
7.000000000000000000e+02 4.785910000000000000e+05 7.424560000000000048e-01
7.000000000000000000e+02 3.435500000000000000e+05 1.073831999999999898e+00
7.000000000000000000e+02 5.710100000000000000e+04 1.124112000000000000e+00
7.000000000000000000e+02 6.639070000000000000e+05 9.263249999999999540e-01
9.100000000000000000e+01 2.048190000000000000e+05 1.578983000000000025e+00
1.070000000000000000e+02 6.081740000000000000e+05 4.546129999999999893e-01
3.610000000000000000e+02 1.284967000000000000e+06 6.723270000000000080e-01
6.310000000000000000e+02 7.544300000000000000e+05 1.163888000000000034e+00
1.680000000000000000e+02 3.464790000000000000e+05 9.170030000000000125e-01
1.680000000000000000e+02 9.908810000000000000e+05 1.077587000000000073e+00
1.680000000000000000e+02 1.268370000000000000e+06 9.173879999999999812e-01
2.340000000000000000e+02 7.894920000000000000e+05 4.732419999999999960e-01
6.420000000000000000e+02 7.662900000000000000e+05 1.026068999999999898e+00
7.000000000000000000e+02 4.785910000000000000e+05 7.424610000000000376e-01
7.000000000000000000e+02 3.435500000000000000e+05 1.073831999999999898e+00
7.000000000000000000e+02 5.710100000000000000e+04 1.124103000000000074e+00
7.000000000000000000e+02 6.639070000000000000e+05 9.263230000000000075e-01
9.100000000000000000e+01 2.048190000000000000e+05 1.579010999999999942e+00
1.070000000000000000e+02 6.081740000000000000e+05 4.546109999999999873e-01
3.610000000000000000e+02 1.284967000000000000e+06 6.723270000000000080e-01
6.310000000000000000e+02 7.544300000000000000e+05 1.163861999999999952e+00
6.500000000000000000e+01 1.116267000000000000e+06 1.313596999999999904e+00
2.340000000000000000e+02 1.221129000000000000e+06 3.806680000000000064e-01
6.310000000000000000e+02 7.856450000000000000e+05 1.351774999999999949e+00
6.500000000000000000e+01 9.674870000000000000e+05 1.493703999999999921e+00
2.340000000000000000e+02 6.568480000000000000e+05 5.779300000000000548e-01
2.340000000000000000e+02 2.571600000000000000e+04 7.484870000000000134e-01
1.324000000000000000e+03 2.491870000000000000e+05 8.617749999999999577e-01
2.340000000000000000e+02 6.568480000000000000e+05 5.779320000000000013e-01
2.340000000000000000e+02 2.571600000000000000e+04 7.484859999999999847e-01
1.324000000000000000e+03 2.491870000000000000e+05 8.617759999999999865e-01
5.100000000000000000e+01 4.596620000000000000e+05 7.162260000000000293e-01
2.340000000000000000e+02 6.568480000000000000e+05 5.779339999999999478e-01
2.340000000000000000e+02 2.571600000000000000e+04 7.484840000000000382e-01
1.324000000000000000e+03 2.491870000000000000e+05 8.617770000000000152e-01
6.500000000000000000e+01 9.674870000000000000e+05 1.493203999999999976e+00
7.920000000000000000e+02 1.125420000000000000e+05 6.694759999999999600e-01
1.324000000000000000e+03 1.263420000000000000e+05 7.897859999999999880e-01
7.920000000000000000e+02 7.193220000000000000e+05 5.117260000000000142e-01
1.324000000000000000e+03 1.070770000000000000e+05 6.171539999999999804e-01
1.324000000000000000e+03 6.163990000000000000e+05 1.781357999999999997e+00
5.100000000000000000e+01 2.866950000000000000e+05 9.680689999999999573e-01
8.450000000000000000e+02 1.585250000000000000e+05 3.667750000000000177e-01
1.096000000000000000e+03 9.420440000000000000e+05 8.771959999999999757e-01
5.100000000000000000e+01 1.743310000000000000e+05 9.201460000000000194e-01
5.100000000000000000e+01 2.866950000000000000e+05 9.681319999999999926e-01
8.450000000000000000e+02 1.585250000000000000e+05 3.667750000000000177e-01
1.096000000000000000e+03 9.420440000000000000e+05 8.737319999999999531e-01
5.100000000000000000e+01 1.743310000000000000e+05 9.201610000000000067e-01
1.324000000000000000e+03 1.177760000000000000e+06 6.206150000000000277e-01
5.600000000000000000e+01 9.098980000000000000e+05 8.027940000000000076e-01
8.450000000000000000e+02 2.864950000000000000e+05 4.713800000000000212e-01
5.600000000000000000e+01 3.191000000000000000e+04 7.378249999999999531e-01
8.700000000000000000e+01 7.201460000000000000e+05 1.518157999999999896e+00
9.430000000000000000e+02 3.066100000000000000e+04 1.476242999999999972e+00
5.600000000000000000e+01 2.315330000000000000e+05 7.732649999999999801e-01
8.700000000000000000e+01 9.142320000000000000e+05 1.222455000000000069e+00
9.430000000000000000e+02 3.520660000000000000e+05 8.922799999999999621e-01
8.700000000000000000e+01 1.203784000000000000e+06 1.079461999999999922e+00
7.310000000000000000e+02 7.136750000000000000e+05 6.227200000000000513e-01
7.310000000000000000e+02 1.587220000000000000e+05 1.965770000000000017e-01
5.030000000000000000e+02 3.495610000000000000e+05 8.942839999999999678e-01
6.860000000000000000e+02 5.033000000000000000e+04 1.388511999999999968e+00
1.329000000000000000e+03 4.165570000000000000e+05 9.032219999999999693e-01
1.329000000000000000e+03 1.140159000000000000e+06 9.027619999999999534e-01
5.030000000000000000e+02 5.245860000000000000e+05 9.427959999999999674e-01
7.110000000000000000e+02 2.769470000000000000e+05 1.025819000000000036e+00
7.110000000000000000e+02 4.916000000000000000e+03 1.887804000000000038e+00
5.140000000000000000e+02 1.223219000000000000e+06 8.944100000000000383e-01
7.110000000000000000e+02 8.873830000000000000e+05 1.407793999999999990e+00
5.030000000000000000e+02 5.245860000000000000e+05 9.428199999999999914e-01
7.110000000000000000e+02 2.769470000000000000e+05 1.025830000000000020e+00
7.110000000000000000e+02 4.916000000000000000e+03 1.887814000000000103e+00
5.030000000000000000e+02 3.495610000000000000e+05 8.877810000000000423e-01
6.860000000000000000e+02 2.864950000000000000e+05 1.382934000000000108e+00
1.329000000000000000e+03 4.165570000000000000e+05 8.956819999999999782e-01
1.329000000000000000e+03 1.140159000000000000e+06 8.964320000000000066e-01
5.030000000000000000e+02 5.245860000000000000e+05 9.426860000000000239e-01
7.110000000000000000e+02 2.769470000000000000e+05 1.025830000000000020e+00
7.110000000000000000e+02 4.916000000000000000e+03 1.887791999999999915e+00
7.310000000000000000e+02 1.192424000000000000e+06 4.143800000000000261e-01
7.310000000000000000e+02 1.237481000000000000e+06 2.890039999999999831e-01
7.310000000000000000e+02 1.144146000000000000e+06 4.136219999999999897e-01
7.310000000000000000e+02 1.114657000000000000e+06 1.990379999999999927e-01
7.310000000000000000e+02 1.114657000000000000e+06 1.979239999999999888e-01
7.310000000000000000e+02 1.192424000000000000e+06 4.148220000000000240e-01
7.310000000000000000e+02 1.144146000000000000e+06 4.139769999999999839e-01
7.310000000000000000e+02 1.114657000000000000e+06 1.990909999999999902e-01
7.310000000000000000e+02 1.192424000000000000e+06 4.147730000000000028e-01
7.310000000000000000e+02 1.144146000000000000e+06 4.139740000000000086e-01
7.310000000000000000e+02 1.192424000000000000e+06 4.148279999999999745e-01
7.310000000000000000e+02 1.144146000000000000e+06 4.139709999999999779e-01
7.310000000000000000e+02 1.114657000000000000e+06 1.980169999999999986e-01
7.310000000000000000e+02 1.192424000000000000e+06 4.147890000000000188e-01
7.310000000000000000e+02 1.144146000000000000e+06 4.138629999999999809e-01
8.000000000000000000e+01 6.582530000000000000e+05 1.269443000000000099e+00
5.030000000000000000e+02 9.427600000000000000e+05 8.390119999999999800e-01
8.000000000000000000e+01 6.582530000000000000e+05 1.269436000000000009e+00
5.030000000000000000e+02 9.427600000000000000e+05 8.390130000000000088e-01
5.030000000000000000e+02 1.223690000000000000e+05 1.022364000000000051e+00
5.140000000000000000e+02 9.715120000000000000e+05 7.294089999999999741e-01
1.140000000000000000e+02 3.829250000000000000e+05 9.338790000000000147e-01
1.140000000000000000e+02 2.377490000000000000e+05 9.338419999999999499e-01
1.520000000000000000e+02 1.032270000000000000e+05 7.895419999999999661e-01
2.170000000000000000e+02 2.127070000000000000e+05 6.089560000000000528e-01
5.140000000000000000e+02 1.135809000000000000e+06 8.285240000000000382e-01
1.600000000000000000e+02 1.192424000000000000e+06 1.072402000000000077e+00
2.170000000000000000e+02 8.705610000000000000e+05 6.497070000000000345e-01
1.170000000000000000e+03 9.374260000000000000e+05 7.670919999999999961e-01
5.140000000000000000e+02 1.171161000000000000e+06 8.462359999999999882e-01
7.110000000000000000e+02 9.091980000000000000e+05 1.516426000000000052e+00
1.600000000000000000e+02 1.192424000000000000e+06 1.072216999999999976e+00
2.170000000000000000e+02 8.705610000000000000e+05 6.490930000000000311e-01
1.170000000000000000e+03 9.374260000000000000e+05 7.664309999999999734e-01
1.520000000000000000e+02 9.730000000000000000e+03 7.574699999999999767e-01
1.600000000000000000e+02 7.193220000000000000e+05 9.061649999999999983e-01
2.170000000000000000e+02 2.879300000000000000e+04 4.464170000000000083e-01
3.180000000000000000e+02 1.144146000000000000e+06 1.044885000000000064e+00
5.140000000000000000e+02 8.288010000000000000e+05 8.673699999999999743e-01
1.316000000000000000e+03 4.795610000000000000e+05 1.385070000000000023e+00
1.140000000000000000e+02 3.829250000000000000e+05 9.339600000000000124e-01
1.140000000000000000e+02 2.377490000000000000e+05 9.338530000000000442e-01
1.520000000000000000e+02 1.032270000000000000e+05 7.894229999999999858e-01
2.170000000000000000e+02 2.127070000000000000e+05 6.085209999999999786e-01
5.140000000000000000e+02 1.135809000000000000e+06 8.291049999999999809e-01
5.140000000000000000e+02 9.715120000000000000e+05 7.303330000000000100e-01
1.140000000000000000e+02 3.829250000000000000e+05 9.339210000000000012e-01
1.140000000000000000e+02 2.377490000000000000e+05 9.339619999999999589e-01
1.520000000000000000e+02 1.032270000000000000e+05 7.894299999999999651e-01
2.170000000000000000e+02 2.127070000000000000e+05 6.085429999999999451e-01
5.140000000000000000e+02 1.135809000000000000e+06 8.289609999999999479e-01
5.140000000000000000e+02 9.715120000000000000e+05 7.303330000000000100e-01
1.140000000000000000e+02 1.275207000000000000e+06 5.538579999999999615e-01
1.318000000000000000e+03 8.510900000000000000e+05 4.028199999999999836e-02
1.318000000000000000e+03 2.137880000000000000e+05 7.656819999999999737e-01
1.140000000000000000e+02 9.170760000000000000e+05 5.465900000000000203e-01
1.140000000000000000e+02 8.489170000000000000e+05 3.069799999999999959e-02
1.140000000000000000e+02 1.259709000000000000e+06 3.516099999999999781e-02
1.140000000000000000e+02 1.781490000000000000e+05 4.688080000000000025e-01
1.140000000000000000e+02 8.016200000000000000e+05 3.578800000000000037e-02
1.140000000000000000e+02 1.275207000000000000e+06 5.531669999999999643e-01
1.140000000000000000e+02 2.414330000000000000e+05 1.126479999999999981e-01
1.318000000000000000e+03 8.510900000000000000e+05 4.205799999999999816e-02
1.318000000000000000e+03 2.137880000000000000e+05 7.654739999999999878e-01
1.140000000000000000e+02 1.259709000000000000e+06 3.558800000000000158e-02
1.140000000000000000e+02 1.781490000000000000e+05 4.697830000000000061e-01
1.140000000000000000e+02 8.016200000000000000e+05 3.545700000000000240e-02
1.140000000000000000e+02 9.874590000000000000e+05 1.126479999999999981e-01
1.140000000000000000e+02 1.275207000000000000e+06 5.529880000000000351e-01
1.318000000000000000e+03 8.510900000000000000e+05 4.195999999999999730e-02
1.318000000000000000e+03 2.137880000000000000e+05 7.654630000000000045e-01
5.140000000000000000e+02 9.715120000000000000e+05 7.300339999999999607e-01
5.030000000000000000e+02 3.602450000000000000e+05 7.607930000000000526e-01
1.140000000000000000e+02 2.833560000000000000e+05 4.076599999999999668e-02
1.140000000000000000e+02 7.706070000000000000e+05 5.434679999999999511e-01
5.030000000000000000e+02 8.709720000000000000e+05 7.387989999999999835e-01
1.140000000000000000e+02 2.833560000000000000e+05 4.075199999999999656e-02
1.140000000000000000e+02 7.706070000000000000e+05 5.434649999999999759e-01
1.140000000000000000e+02 3.829250000000000000e+05 9.092710000000000514e-01
1.140000000000000000e+02 2.377490000000000000e+05 9.105020000000000335e-01
1.520000000000000000e+02 1.032270000000000000e+05 7.185110000000000108e-01
2.170000000000000000e+02 2.127070000000000000e+05 5.588079999999999714e-01
5.140000000000000000e+02 1.135809000000000000e+06 7.042450000000000099e-01
1.140000000000000000e+02 9.121420000000000000e+05 9.524160000000000403e-01
2.170000000000000000e+02 7.840770000000000000e+05 5.767520000000000424e-01
3.180000000000000000e+02 8.867100000000000000e+04 9.493169999999999664e-01
3.180000000000000000e+02 7.193220000000000000e+05 9.483139999999999903e-01
1.140000000000000000e+02 1.267353000000000000e+06 9.172439999999999483e-01
1.520000000000000000e+02 1.410300000000000000e+05 8.315470000000000361e-01
2.170000000000000000e+02 2.546530000000000000e+05 2.649790000000000201e-01
3.180000000000000000e+02 3.474300000000000000e+04 1.007012999999999936e+00
1.084000000000000000e+03 7.500350000000000000e+05 4.945649999999999769e-01
1.520000000000000000e+02 1.260682000000000000e+06 2.391300000000000023e-02
1.520000000000000000e+02 5.708660000000000000e+05 6.413820000000000077e-01
1.084000000000000000e+03 3.437940000000000000e+05 3.021760000000000002e-01
1.084000000000000000e+03 1.154085000000000000e+06 3.678899999999999948e-01
1.140000000000000000e+02 8.116030000000000000e+05 9.165520000000000334e-01
1.520000000000000000e+02 7.547710000000000000e+05 8.327949999999999520e-01
3.180000000000000000e+02 8.839790000000000000e+05 1.007611000000000034e+00
1.084000000000000000e+03 7.067600000000000000e+04 4.960319999999999729e-01
1.520000000000000000e+02 1.260500000000000000e+05 2.515600000000000128e-02
1.520000000000000000e+02 5.708660000000000000e+05 6.413870000000000404e-01
1.084000000000000000e+03 3.437940000000000000e+05 3.021699999999999942e-01
1.084000000000000000e+03 1.154085000000000000e+06 3.678750000000000075e-01
1.140000000000000000e+02 1.267353000000000000e+06 9.182409999999999739e-01
1.520000000000000000e+02 1.410300000000000000e+05 8.330379999999999452e-01
2.170000000000000000e+02 6.118200000000000000e+05 2.663309999999999844e-01
3.180000000000000000e+02 3.474300000000000000e+04 1.007595000000000018e+00
1.084000000000000000e+03 8.467020000000000000e+05 4.939709999999999934e-01
1.140000000000000000e+02 3.829250000000000000e+05 7.534370000000000234e-01
1.140000000000000000e+02 2.377490000000000000e+05 7.532839999999999536e-01
1.520000000000000000e+02 3.618060000000000000e+05 6.936090000000000311e-01
2.170000000000000000e+02 1.086124000000000000e+06 2.043349999999999889e-01
5.140000000000000000e+02 1.135809000000000000e+06 8.440020000000000300e-01
1.140000000000000000e+02 1.267353000000000000e+06 9.182360000000000522e-01
1.520000000000000000e+02 1.410300000000000000e+05 8.330929999999999724e-01
2.170000000000000000e+02 6.118200000000000000e+05 2.663320000000000132e-01
3.180000000000000000e+02 3.474300000000000000e+04 1.007649000000000017e+00
1.084000000000000000e+03 8.467020000000000000e+05 4.938040000000000207e-01
2.170000000000000000e+02 2.166480000000000000e+05 4.848953999999999986e+00
1.084000000000000000e+03 3.389060000000000000e+05 3.402700000000000169e-02
1.084000000000000000e+03 5.777570000000000000e+05 1.145390000000000019e-01
1.084000000000000000e+03 8.303210000000000000e+05 1.420679999999999998e-01
1.520000000000000000e+02 1.260500000000000000e+05 2.515600000000000128e-02
1.520000000000000000e+02 5.708660000000000000e+05 6.414250000000000229e-01
1.084000000000000000e+03 5.795150000000000000e+05 3.052059999999999773e-01
1.084000000000000000e+03 1.154085000000000000e+06 3.665430000000000077e-01
1.140000000000000000e+02 1.267353000000000000e+06 9.178549999999999764e-01
1.520000000000000000e+02 1.410300000000000000e+05 8.331330000000000124e-01
2.170000000000000000e+02 6.118200000000000000e+05 2.658940000000000192e-01
3.180000000000000000e+02 3.474300000000000000e+04 1.007128999999999941e+00
1.084000000000000000e+03 8.467020000000000000e+05 4.938339999999999952e-01
1.520000000000000000e+02 1.260682000000000000e+06 2.515600000000000128e-02
1.520000000000000000e+02 5.708660000000000000e+05 6.414130000000000109e-01
1.084000000000000000e+03 3.437940000000000000e+05 3.020740000000000092e-01
1.084000000000000000e+03 1.154085000000000000e+06 3.656010000000000093e-01
1.140000000000000000e+02 1.267353000000000000e+06 9.175349999999999895e-01
1.520000000000000000e+02 1.410300000000000000e+05 8.331699999999999662e-01
2.170000000000000000e+02 6.118200000000000000e+05 2.658980000000000232e-01
3.180000000000000000e+02 3.474300000000000000e+04 1.007142999999999899e+00
1.084000000000000000e+03 8.467020000000000000e+05 4.937469999999999914e-01
1.520000000000000000e+02 1.260682000000000000e+06 2.515600000000000128e-02
1.520000000000000000e+02 5.708660000000000000e+05 6.413959999999999662e-01
1.084000000000000000e+03 3.437940000000000000e+05 3.020820000000000172e-01
1.084000000000000000e+03 1.154085000000000000e+06 3.666079999999999894e-01
1.140000000000000000e+02 1.267353000000000000e+06 9.181939999999999547e-01
1.520000000000000000e+02 1.410300000000000000e+05 8.319499999999999673e-01
2.170000000000000000e+02 6.118200000000000000e+05 2.659380000000000077e-01
3.180000000000000000e+02 3.474300000000000000e+04 1.007087000000000065e+00
1.084000000000000000e+03 8.467020000000000000e+05 4.937849999999999739e-01
1.520000000000000000e+02 1.260682000000000000e+06 2.515600000000000128e-02
1.520000000000000000e+02 5.708660000000000000e+05 6.414309999999999734e-01
1.084000000000000000e+03 3.437940000000000000e+05 3.020769999999999844e-01
1.084000000000000000e+03 1.154085000000000000e+06 3.665649999999999742e-01
1.084000000000000000e+03 1.036429000000000000e+06 3.358220000000000094e-01
4.980000000000000000e+02 8.582770000000000000e+05 4.711560000000000192e-01
8.440000000000000000e+02 1.160059000000000000e+06 8.257569999999999633e-01
4.980000000000000000e+02 8.582770000000000000e+05 4.711509999999999865e-01
8.440000000000000000e+02 1.160059000000000000e+06 8.257569999999999633e-01
1.084000000000000000e+03 6.182070000000000000e+05 7.895860000000000101e-01
1.084000000000000000e+03 5.841750000000000000e+05 7.450039999999999996e-01
1.084000000000000000e+03 6.182070000000000000e+05 7.895860000000000101e-01
4.980000000000000000e+02 7.447560000000000000e+05 4.741420000000000079e-01
1.140000000000000000e+02 4.568540000000000000e+05 1.045002999999999904e+00
1.084000000000000000e+03 6.818260000000000000e+05 3.162479999999999736e-01
1.084000000000000000e+03 6.313290000000000000e+05 3.225270000000000081e-01
4.980000000000000000e+02 7.447560000000000000e+05 4.753919999999999813e-01
1.140000000000000000e+02 4.568540000000000000e+05 1.044985999999999970e+00
1.084000000000000000e+03 6.818260000000000000e+05 3.160850000000000048e-01
1.084000000000000000e+03 6.313290000000000000e+05 3.224690000000000056e-01
4.980000000000000000e+02 7.447560000000000000e+05 4.753709999999999880e-01
1.140000000000000000e+02 4.568540000000000000e+05 1.045088000000000017e+00
1.084000000000000000e+03 6.818260000000000000e+05 3.162619999999999876e-01
1.084000000000000000e+03 6.313290000000000000e+05 3.225480000000000014e-01
1.140000000000000000e+02 2.788160000000000000e+05 1.013279999999999959e+00
2.170000000000000000e+02 2.546530000000000000e+05 5.075969999999999649e-01
3.180000000000000000e+02 9.644980000000000000e+05 1.019601999999999897e+00
1.084000000000000000e+03 9.310100000000000000e+04 3.960279999999999911e-01
1.084000000000000000e+03 7.021650000000000000e+05 5.949579999999999869e-01
1.084000000000000000e+03 1.149942000000000000e+06 8.965399999999999758e-02
3.180000000000000000e+02 1.125420000000000000e+05 9.514299999999999979e-01
1.084000000000000000e+03 4.876750000000000000e+05 2.716839999999999811e-01
1.140000000000000000e+02 4.568540000000000000e+05 1.045136000000000065e+00
1.084000000000000000e+03 7.874820000000000000e+05 3.249790000000000179e-01
1.084000000000000000e+03 6.818260000000000000e+05 3.161490000000000133e-01
4.980000000000000000e+02 7.447560000000000000e+05 4.735179999999999945e-01
4.980000000000000000e+02 7.447560000000000000e+05 4.735770000000000257e-01
1.130000000000000000e+02 4.226290000000000000e+05 1.617949999999999999e+00
4.980000000000000000e+02 9.563100000000000000e+04 5.945660000000000389e-01
4.980000000000000000e+02 9.563200000000000000e+04 8.618999999999999995e-01
7.810000000000000000e+02 9.682100000000000000e+05 9.557010000000000227e-01
7.810000000000000000e+02 6.876830000000000000e+05 1.361666000000000043e+00
7.810000000000000000e+02 1.008965000000000000e+06 1.109528999999999987e+00
4.980000000000000000e+02 9.129610000000000000e+05 5.957780000000000298e-01
9.830000000000000000e+02 8.288010000000000000e+05 8.723490000000000411e-01
2.560000000000000000e+02 7.543990000000000000e+05 1.515200000000000102e+00
4.980000000000000000e+02 5.951600000000000000e+04 1.784479999999999955e-01
9.160000000000000000e+02 1.175970000000000000e+06 6.018620000000000081e-01
1.130000000000000000e+02 1.263420000000000000e+05 1.027444000000000024e+00
1.130000000000000000e+02 8.287630000000000000e+05 1.603914000000000062e+00
1.130000000000000000e+02 7.598580000000000000e+05 1.027803000000000022e+00
8.500000000000000000e+02 8.370020000000000000e+05 1.215543000000000040e+00
9.160000000000000000e+02 5.893300000000000000e+04 3.730419999999999847e-01
1.370000000000000000e+03 6.119700000000000000e+05 1.127159000000000022e+00
8.500000000000000000e+02 9.967090000000000000e+05 1.096951999999999927e+00
1.341000000000000000e+03 1.077856000000000000e+06 1.140578000000000092e+00
8.800000000000000000e+01 1.030927000000000000e+06 6.777549999999999963e-01
8.800000000000000000e+01 8.287630000000000000e+05 1.407229999999999870e-01
8.800000000000000000e+01 4.845450000000000000e+05 9.478360000000000118e-01
1.096000000000000000e+03 1.243702000000000000e+06 4.358429999999999804e-01
1.341000000000000000e+03 6.160500000000000000e+05 1.092440999999999995e+00
1.341000000000000000e+03 4.216790000000000000e+05 1.051223999999999936e+00
1.341000000000000000e+03 6.439250000000000000e+05 1.050662999999999903e+00
8.500000000000000000e+02 9.967090000000000000e+05 1.096894000000000036e+00
8.500000000000000000e+02 3.897600000000000000e+04 1.097097999999999907e+00
1.341000000000000000e+03 1.077856000000000000e+06 1.140589999999999993e+00
1.341000000000000000e+03 8.310950000000000000e+05 1.322990000000000110e+00
1.130000000000000000e+02 5.985020000000000000e+05 1.188811000000000062e+00
1.130000000000000000e+02 8.287630000000000000e+05 1.603819000000000106e+00
1.130000000000000000e+02 5.786440000000000000e+05 6.401799999999999713e-01
1.130000000000000000e+02 1.263420000000000000e+05 1.027428999999999926e+00
8.500000000000000000e+02 1.224994000000000000e+06 9.690429999999999877e-01
9.160000000000000000e+02 5.893400000000000000e+04 3.742489999999999983e-01
9.160000000000000000e+02 7.046780000000000000e+05 1.307725000000000026e+00
1.370000000000000000e+03 6.119700000000000000e+05 1.126363999999999921e+00
2.560000000000000000e+02 7.543990000000000000e+05 1.515406000000000031e+00
4.980000000000000000e+02 5.951600000000000000e+04 1.786929999999999907e-01
9.160000000000000000e+02 1.175970000000000000e+06 6.031469999999999887e-01
1.130000000000000000e+02 5.985020000000000000e+05 1.188719999999999999e+00
1.130000000000000000e+02 8.287630000000000000e+05 1.603820000000000023e+00
1.130000000000000000e+02 7.598580000000000000e+05 1.027700000000000058e+00
1.130000000000000000e+02 1.263420000000000000e+05 1.027390000000000025e+00
8.500000000000000000e+02 1.224994000000000000e+06 9.695390000000000397e-01
9.160000000000000000e+02 5.893300000000000000e+04 3.742489999999999983e-01
9.160000000000000000e+02 7.046780000000000000e+05 1.307725000000000026e+00
1.370000000000000000e+03 6.119700000000000000e+05 1.127261999999999986e+00
1.130000000000000000e+02 2.724930000000000000e+05 1.013257000000000074e+00
1.130000000000000000e+02 2.112640000000000000e+05 1.254736000000000073e+00
1.341000000000000000e+03 1.235231000000000000e+06 7.410830000000000473e-01
1.341000000000000000e+03 3.481300000000000000e+05 8.938589999999999591e-01
3.950000000000000000e+02 3.248960000000000000e+05 9.663939999999999753e-01
6.090000000000000000e+02 1.297391000000000000e+06 6.131050000000000111e-01
7.810000000000000000e+02 3.142190000000000000e+05 1.069992999999999972e+00
9.630000000000000000e+02 3.528850000000000000e+05 1.488196999999999992e+00
1.130000000000000000e+02 5.985020000000000000e+05 1.277214000000000071e+00
1.130000000000000000e+02 4.845450000000000000e+05 1.278203999999999896e+00
3.950000000000000000e+02 6.973290000000000000e+05 7.917239999999999833e-01
7.810000000000000000e+02 1.339950000000000000e+05 1.062564000000000064e+00
1.341000000000000000e+03 4.515480000000000000e+05 1.056259000000000059e+00
1.341000000000000000e+03 3.056700000000000000e+04 1.219616000000000033e+00
2.810000000000000000e+02 1.504220000000000000e+05 8.116769999999999818e-01
2.810000000000000000e+02 9.434590000000000000e+05 8.763670000000000071e-01
2.810000000000000000e+02 7.584250000000000000e+05 1.189912000000000081e+00
2.810000000000000000e+02 9.434590000000000000e+05 8.763950000000000351e-01
2.810000000000000000e+02 7.584250000000000000e+05 1.189951999999999899e+00
2.530000000000000000e+02 5.386040000000000000e+05 7.877439999999999998e-01
2.850000000000000000e+02 9.516720000000000000e+05 7.006400000000000405e-01
2.850000000000000000e+02 2.327330000000000000e+05 7.546289999999999942e-01
3.950000000000000000e+02 3.945720000000000000e+05 6.272759999999999447e-01
3.200000000000000000e+02 6.243630000000000000e+05 6.972739999999999494e-01
3.950000000000000000e+02 1.033440000000000000e+06 6.991610000000000325e-01
9.620000000000000000e+02 9.844040000000000000e+05 9.410030000000000339e-01
3.200000000000000000e+02 6.243630000000000000e+05 6.972589999999999621e-01
3.950000000000000000e+02 1.033440000000000000e+06 6.991669999999999829e-01
9.620000000000000000e+02 9.844040000000000000e+05 9.410060000000000091e-01
2.530000000000000000e+02 5.386040000000000000e+05 7.885790000000000299e-01
2.850000000000000000e+02 1.065808000000000000e+06 7.028950000000000475e-01
2.850000000000000000e+02 4.456740000000000000e+05 7.544140000000000290e-01
3.950000000000000000e+02 3.945720000000000000e+05 6.274079999999999657e-01
2.530000000000000000e+02 7.109780000000000000e+05 9.701030000000000486e-01
6.090000000000000000e+02 7.109780000000000000e+05 5.604240000000000332e-01
2.530000000000000000e+02 3.764020000000000000e+05 6.831380000000000230e-01
3.950000000000000000e+02 1.450500000000000000e+05 7.455349999999999477e-01
6.090000000000000000e+02 1.182031000000000000e+06 2.522980000000000222e-01
7.730000000000000000e+02 4.652190000000000000e+05 6.867569999999999508e-01
7.730000000000000000e+02 1.531990000000000000e+05 9.532559999999999922e-01
9.620000000000000000e+02 1.009717000000000000e+06 1.014801999999999982e+00
6.090000000000000000e+02 5.247430000000000000e+05 3.041739999999999999e-01
7.730000000000000000e+02 8.288010000000000000e+05 1.041919000000000040e+00
9.630000000000000000e+02 9.098980000000000000e+05 1.304329000000000072e+00
1.145000000000000000e+03 1.154689000000000000e+06 7.321910000000000363e-01
2.530000000000000000e+02 3.764020000000000000e+05 6.830699999999999550e-01
3.950000000000000000e+02 1.450500000000000000e+05 7.452969999999999873e-01
6.090000000000000000e+02 1.182031000000000000e+06 2.522980000000000222e-01
7.730000000000000000e+02 4.652190000000000000e+05 6.867539999999999756e-01
7.730000000000000000e+02 1.531990000000000000e+05 9.532509999999999595e-01
7.730000000000000000e+02 5.161970000000000000e+05 4.261139999999999928e-01
9.620000000000000000e+02 1.009717000000000000e+06 1.015949999999999909e+00
6.090000000000000000e+02 5.247430000000000000e+05 3.041789999999999772e-01
7.730000000000000000e+02 8.288010000000000000e+05 1.042054999999999954e+00
9.630000000000000000e+02 9.098980000000000000e+05 1.304133999999999904e+00
1.145000000000000000e+03 1.154689000000000000e+06 7.321980000000000155e-01
2.530000000000000000e+02 3.764020000000000000e+05 6.829669999999999908e-01
3.950000000000000000e+02 1.450500000000000000e+05 7.404209999999999958e-01
6.090000000000000000e+02 1.182031000000000000e+06 2.522980000000000222e-01
7.730000000000000000e+02 4.652190000000000000e+05 6.867560000000000331e-01
7.730000000000000000e+02 1.531990000000000000e+05 9.532530000000000170e-01
7.730000000000000000e+02 1.013347000000000000e+06 4.259709999999999885e-01
9.620000000000000000e+02 1.009717000000000000e+06 1.014750999999999959e+00
5.910000000000000000e+02 1.120356000000000000e+06 1.024704000000000059e+00
7.730000000000000000e+02 8.996350000000000000e+05 4.926369999999999916e-01
9.620000000000000000e+02 2.302910000000000000e+05 6.523120000000000029e-01
5.910000000000000000e+02 8.164860000000000000e+05 4.649299999999999961e-02
7.730000000000000000e+02 1.093347000000000000e+06 9.448159999999999892e-01
7.730000000000000000e+02 5.607950000000000000e+05 1.175148999999999999e+00
9.620000000000000000e+02 4.619760000000000000e+05 8.949780000000000513e-01
5.910000000000000000e+02 1.779860000000000000e+05 2.084290000000000032e-01
7.730000000000000000e+02 1.093347000000000000e+06 4.563110000000000221e-01
7.730000000000000000e+02 5.607950000000000000e+05 5.799959999999999560e-01
5.910000000000000000e+02 1.120356000000000000e+06 1.025117000000000056e+00
7.730000000000000000e+02 6.054570000000000000e+05 1.032079999999999942e-01
7.730000000000000000e+02 8.996350000000000000e+05 4.924439999999999928e-01
9.620000000000000000e+02 2.302910000000000000e+05 6.530540000000000234e-01
2.530000000000000000e+02 1.297391000000000000e+06 4.101909999999999723e-01
7.730000000000000000e+02 1.017363000000000000e+06 2.592000000000000120e-03
7.730000000000000000e+02 7.167420000000000000e+05 3.944239999999999968e-01
2.530000000000000000e+02 1.174519000000000000e+06 5.226119999999999655e-01
5.910000000000000000e+02 3.056700000000000000e+04 1.087604999999999933e+00
5.910000000000000000e+02 1.182676000000000000e+06 1.046777000000000069e+00
7.730000000000000000e+02 1.026654000000000000e+06 5.105370000000000186e-01
2.530000000000000000e+02 1.297391000000000000e+06 4.102290000000000103e-01
7.730000000000000000e+02 1.135809000000000000e+06 3.949179999999999913e-01
3.950000000000000000e+02 6.866200000000000000e+04 7.692139999999999533e-01
6.090000000000000000e+02 9.431690000000000000e+05 2.992049999999999987e-01
2.530000000000000000e+02 7.109780000000000000e+05 9.703359999999999763e-01
6.090000000000000000e+02 7.109780000000000000e+05 5.615320000000000311e-01
2.530000000000000000e+02 3.764020000000000000e+05 6.832840000000000025e-01
3.950000000000000000e+02 1.450500000000000000e+05 7.445300000000000251e-01
6.090000000000000000e+02 1.182031000000000000e+06 2.522929999999999895e-01
7.730000000000000000e+02 4.652190000000000000e+05 6.867140000000000466e-01
7.730000000000000000e+02 1.531990000000000000e+05 9.533040000000000402e-01
7.730000000000000000e+02 1.048432000000000000e+06 4.260320000000000218e-01
9.620000000000000000e+02 1.009717000000000000e+06 1.014798000000000089e+00
2.530000000000000000e+02 1.297391000000000000e+06 4.172350000000000225e-01
2.530000000000000000e+02 1.174519000000000000e+06 5.227169999999999872e-01
5.910000000000000000e+02 3.056700000000000000e+04 1.087520000000000042e+00
5.910000000000000000e+02 3.013720000000000000e+05 1.212402999999999897e+00
5.910000000000000000e+02 1.182676000000000000e+06 1.046767999999999921e+00
7.730000000000000000e+02 1.026654000000000000e+06 5.102320000000000189e-01
3.200000000000000000e+02 9.664180000000000000e+05 6.775339999999999696e-01
3.200000000000000000e+02 9.664190000000000000e+05 8.808810000000000251e-01
3.950000000000000000e+02 5.290590000000000000e+05 6.390980000000000549e-01
9.620000000000000000e+02 6.098330000000000000e+05 8.782729999999999704e-01
