# time dx dy dz
3.661999999999999946e-14 1.558638800000000213e+00 -5.227463457000001978e-02 1.498120632750000070e+00
9.548999999999998994e-13 1.483840700000000012e+00 1.654608006050000135e+00 -2.413653274999999487e-02
1.652999999999999924e-12 1.442144634450000407e+00 3.890409524000001951e-02 -1.504625834978999599e+00
1.780000000000000089e-12 1.474256565550000175e+00 1.150606462599999685e-01 -1.405894400000000211e+00
5.906999999999999771e-12 -1.335357200000000244e+00 1.424837253740000031e+00 -4.670573971399991781e-02
6.210000000000000398e-12 -1.376745458000001310e-01 1.246845141789999944e+00 -1.441096300000000108e+00
6.290000000000000057e-12 1.433567558320000046e+00 9.825897773749998620e-01 3.654480395000002380e-02
8.057999999999999794e-12 -1.375602797239999786e+00 1.547756580834999784e+00 1.000246960499999865e-01
1.094999999999999999e-11 8.634460940699999476e-01 6.936267000000001515e-01 1.720353414200000430e-01
1.102999999999999965e-11 5.550629000000001367e-01 9.215738000000001096e-01 6.761426491000004091e-02
1.188000000000000027e-11 -1.424437282000000415e+00 -4.327390000000011505e-02 1.494983647670000027e+00
2.418000000000000077e-11 1.421432500000000321e+00 7.150731148999994735e-02 -1.438060295430000135e+00
2.616000000000000001e-11 1.422131300000000653e+00 -1.373404698413000169e+00 -6.517211181599996683e-02
2.642999999999999946e-11 1.629187599999999847e+00 -1.513705999999999108e-01 -1.263310188183999871e+00
2.698999999999999869e-11 3.019200000000005213e-02 1.370467826319999860e+00 -1.347988799999999987e+00
2.788000000000000156e-11 1.518015300000000067e+00 -1.543726713359999891e+00 -1.679429999999992873e-02
2.833000000000000066e-11 1.518964100000000261e+00 -7.956888210000095940e-03 1.502106164209999761e+00
2.929000000000000303e-11 -1.513084000000000096e+00 -1.367918090499999351e-01 -1.515885464970000207e+00
3.170999999999999958e-11 1.519123400000000013e+00 -7.836381959999999536e-03 1.502437764209999749e+00
3.267000000000000195e-11 -1.513036499999999895e+00 -1.369101953300000396e-01 -1.515999264969999816e+00
3.476999999999999987e-11 1.531122450999997109e-02 1.436214495330000007e+00 1.209230099999999641e+00
3.635000000000000243e-11 1.428879234399999643e+00 1.424287500000000595e+00 5.282672146999997653e-02
3.838000000000000085e-11 1.523904700000000112e+00 1.411384009529999872e+00 6.691493978000004339e-02
4.177999999999999686e-11 2.862489530000011939e-03 -1.561111809529999839e+00 -1.527393812499999948e+00
4.344000000000000069e-11 -6.875626895300003261e-01 1.303145999999998916e-01 7.779754000000000946e-01
4.356999999999999792e-11 -1.005615499999999995e+00 -7.346970000000005441e-02 6.888694126800000150e-01
4.734000000000000144e-11 1.538917999999999786e+00 -1.496459491790000040e+00 1.363793881900000060e-01
4.804000000000000290e-11 -6.753450089000001544e-02 1.375667991790000322e+00 1.241095286999999825e+00
4.810000000000000063e-11 1.389056200000000185e+00 2.966759999999989128e-02 -1.302344403449999799e+00
4.850000000000000054e-11 -1.470493903149999948e+00 1.473950807160000043e+00 2.591833932999976220e-02
6.656999999999999604e-11 1.538232738779999664e+00 7.442000000000281723e-04 -1.601687100000000363e+00
6.849999999999999610e-11 -1.526885300000000001e+00 -9.863174844000004160e-02 -1.468536600000000414e+00
7.309000000000000299e-11 1.487664099999999934e+00 1.009324484399999888e-01 1.491460899999999867e+00
7.601999999999999960e-11 -1.527207600000000109e+00 -9.903105579000001657e-02 -1.468532699999999913e+00
1.099000000000000031e-10 -1.413982077609999610e+00 -1.491653344209999954e+00 -5.987155319399999759e-02
1.204999999999999975e-10 -1.288182400000000394e+00 -1.010056892399998629e-01 1.524990016283999772e+00
1.229000000000000099e-10 1.507903600000000122e+00 1.595227422950000307e+00 6.501600000000018476e-02
1.331999999999999898e-10 1.526543599999999667e+00 1.301046199999999597e+00 -4.346090000000006615e-02
1.352999999999999877e-10 1.624524974899999918e+00 3.254580000000012463e-02 1.511564980669999780e+00
1.364999999999999939e-10 -1.531262495720000061e+00 1.544161799999999918e+00 -3.341718067000000458e-02
1.429999999999999973e-10 -1.395398800000000161e+00 -1.486130599999999635e+00 1.255705000000001126e-01
1.475000000000000076e-10 -1.383813399999999305e+00 1.465953000000000284e+00 -2.369869070599999739e-01
1.477999999999999963e-10 1.513402399999999925e+00 -1.471792190479999762e+00 1.412795999999999497e-01
1.479000000000000011e-10 -1.383809899999999704e+00 1.465942799999999879e+00 -2.369989070599999581e-01
1.479000000000000011e-10 -1.547046300000000096e+00 1.515514000000000028e+00 1.259090000000002985e-02
1.481999999999999897e-10 -1.374689801749999996e+00 1.141334887059999748e+00 -5.439880000000001103e-02
1.531999999999999983e-10 -1.294748603349999527e+00 1.598557433180000098e+00 -1.738392338699999429e-01
1.545000000000000093e-10 1.258718399999999793e+00 1.410648479759999852e+00 -1.250608618000001449e-02
1.567000000000000121e-10 -1.329600399999999905e+00 -1.651857573299996551e-01 1.450819212460000118e+00
1.572999999999999893e-10 1.566154200000000163e+00 1.380733299999999941e+00 5.007998754000012043e-02
1.577999999999999876e-10 1.478283902670000094e+00 -1.477006000000000263e+00 -1.068732000000000570e-01
1.581000000000000021e-10 1.415275456809999888e+00 -6.920800000000060237e-03 1.421816100000000027e+00
1.582000000000000069e-10 1.357801432010000031e+00 -1.349409899999999940e+00 6.264564117000016863e-02
1.588999999999999889e-10 -1.617514362200002109e-01 -1.198754124110000152e+00 1.228804335069999976e+00
1.611999999999999965e-10 -1.226329263779999845e+00 -1.061343999999999066e-01 1.539605100000000171e+00
1.616999999999999948e-10 1.587835202199999962e+00 1.065492000000000244e-01 -1.284772850449999559e+00
1.624000000000000027e-10 -1.132636298270000008e+00 -1.222454200000000046e+00 1.606063999999999270e-01
1.638999999999999975e-10 1.453477265440000110e+00 -1.295177900000000104e+00 -2.947456227600001588e-01
1.642999999999999910e-10 -1.270484802379999945e+00 1.353569400000000034e+00 1.975930405640000109e-01
1.647000000000000103e-10 -2.077201054000007985e-02 1.088091657039999882e+00 1.472079537830000007e+00
1.668000000000000082e-10 -5.768268204999990600e-02 -1.229946999999999679e+00 -1.419836674080000138e+00
1.674000000000000113e-10 1.453545217999999917e+00 -1.295223700000000200e+00 -2.947749764299999464e-01
1.678000000000000047e-10 -1.270482025539999782e+00 1.353488199999999919e+00 1.975348405639998917e-01
1.706999999999999896e-10 -2.077151844799982050e-02 1.088272757039999927e+00 1.472045214119999779e+00
1.739999999999999937e-10 1.453734292418000340e+00 -1.793000000000015415e-02 1.487117161999999659e+00
1.748000000000000064e-10 1.396593788565000160e+00 -1.354799467899999166e-01 1.576221127330000193e+00
1.786000000000000088e-10 -1.414585524639999869e+00 -3.345210000000004014e-02 1.489040900000000445e+00
1.822000000000000015e-10 -1.114569999999998201e-01 -1.576325399999999988e+00 1.421265635390000170e+00
1.825999999999999950e-10 -1.628643999999999981e+00 1.393882842980000092e+00 1.472731646099998126e-01
1.828000000000000046e-10 1.541513300000000086e+00 -1.485764642979999994e+00 6.785579720000017856e-03
1.829999999999999884e-10 -1.628618200000000016e+00 1.393795942980000202e+00 1.472334646100000310e-01
1.881000000000000019e-10 1.389022899999999838e+00 1.569713057020000413e+00 -4.051216171000000810e-02
1.905999999999999932e-10 -1.560166699999999906e+00 9.827308459999600787e-03 -1.475481089770000143e+00
1.924000000000000025e-10 -6.757580000000013021e-02 -1.590019208459999778e+00 1.502978471608999778e+00
1.958999999999999904e-10 1.562564304119999914e+00 -1.491339399999999982e+00 6.770150500000154947e-03
1.973000000000000063e-10 -1.627661104119999980e+00 1.388699400000000139e+00 1.497829326899999536e-01
2.060000000000000124e-10 1.562570734630000180e+00 -1.491340500000000180e+00 6.776050500000158072e-03
2.060999999999999914e-10 -1.627650034630000020e+00 1.388608000000000287e+00 1.497506326899999685e-01
2.182000000000000065e-10 1.388454700000000486e+00 1.571336599999999750e+00 -3.470065596000006247e-02
2.183999999999999903e-10 -1.616547155919999756e+00 -1.632539899999999822e+00 1.013232000000001548e-01
2.248999999999999937e-10 1.562613434630000020e+00 -1.491234699999999913e+00 6.769111530000065935e-03
2.253999999999999920e-10 1.386657065370000108e+00 -1.491601962399999592e-01 -1.312974133630000262e+00
2.258000000000000113e-10 -1.459103865370000142e+00 8.194610000000013272e-02 1.317925534429999601e+00
2.274999999999999899e-10 -3.314673463000014642e-02 1.373462899999999820e+00 1.474384349440000186e+00
2.355999999999999929e-10 1.080247000000001678e-01 1.402910099999999716e+00 -1.629963769720000233e+00
2.412999999999999836e-10 1.468670605639999849e+00 4.853060000000009033e-02 1.595676525400000045e+00
2.417000000000000029e-10 -1.540818100000000079e+00 1.889220000000005339e-02 -1.511959214460000034e+00
2.424999999999999898e-10 -1.666703133849999796e+00 -1.487583422693000035e+00 3.727793663000011914e-02
2.859999999999999947e-10 -4.859910000000000618e-02 1.567566200000000354e+00 -1.510587662149999399e+00
2.889999999999999843e-10 -1.466705299999999879e+00 -1.474291800000000041e+00 3.439535091999994937e-02
2.913000000000000177e-10 -3.961274870999997866e-02 -1.495321500000000192e+00 1.373575367659999991e+00
2.941999999999999767e-10 1.248821000000001069e-01 1.534977900000000117e+00 -1.504697815740000388e+00
2.978999999999999742e-10 -1.482783200000000079e+00 -4.185360000000010183e-02 -1.412693299999999930e+00
2.987000000000000128e-10 1.526619299999999679e+00 1.447059407500000949e-01 1.410403234379999926e+00
3.142999999999999900e-10 1.254996131989997710e-01 -1.482897799999999933e+00 -1.501269899999999824e+00
3.155999999999999752e-10 1.112718680100011071e-02 -1.435289199999999710e+00 -1.456399020810000167e+00
3.159000000000000155e-10 1.427052244420000227e+00 1.519085305629999993e+00 1.539089175899999440e-01
3.169999999999999910e-10 1.428931155579999945e+00 1.130030358000001511e-01 1.564374817099999593e+00
3.177999999999999779e-10 -1.414513999999998939e-01 -1.433116487199999955e+00 1.513623400000000174e+00
3.177999999999999779e-10 1.378894400000000076e+00 -1.251067030799999813e+00 -8.712169999999999637e-02
3.181999999999999972e-10 -1.544297045032000160e+00 -1.535514336570000138e+00 6.900410000000001265e-02
3.228000000000000123e-10 1.426524900000000429e+00 -1.434494841806000398e+00 -7.301889999999999770e-02
3.245000000000000168e-10 1.896634250500016383e-02 1.404419000000000084e+00 -1.414217199999999952e+00
3.273999999999999758e-10 1.291705499999999951e+00 -1.343027123219999952e+00 5.304230000000012546e-02
3.282000000000000144e-10 -1.548324353039999712e+00 8.396206426000021872e-02 1.489969499999999947e+00
3.284000000000000240e-10 1.460126053040000205e+00 -2.681925639000012906e-02 1.582025699999999979e+00
3.285999999999999820e-10 -1.485403549209999507e+00 7.253583340000022139e-02 -1.413924100000000017e+00
3.312999999999999830e-10 -5.483348507900002167e-01 4.903399666000000101e-01 3.221654677239999542e-01
3.314999999999999926e-10 -9.415478000000001568e-01 8.779959999999998876e-01 -2.810803511700000201e-01
3.336999999999999954e-10 -1.008494999999998698e-01 1.576838700000000149e+00 1.446703812650000032e+00
3.344999999999999823e-10 -9.110179999999996892e-02 1.596058964090000032e+00 1.464959499999999748e+00
3.503999999999999997e-10 1.296168699999999729e+00 -3.903570000000002038e-02 1.597049600000000291e+00
3.545000000000000166e-10 -1.548022899999999646e+00 7.026410000000013478e-02 -1.654750500000000013e+00
5.479000000000000415e-10 2.534780000000010081e-02 -1.440077275299999737e+00 -1.367152300000000320e+00
5.483999999999999881e-10 -1.546205800000000075e+00 7.318819999999985615e-02 -1.546073199999999925e+00
5.496999999999999733e-10 4.770199999999997359e-02 1.514036699999999680e+00 1.508190052440000040e+00
5.499999999999999619e-10 -5.844000000000003359e-02 -1.476707499999999840e+00 -1.498543799999999759e+00
5.503999999999999812e-10 4.770509999999997947e-02 1.514034699999999845e+00 1.508176652440000209e+00
5.543999999999999674e-10 -5.842980000000000396e-02 -1.476727299999999854e+00 -1.498536099999999927e+00
5.554999999999999946e-10 4.770839999999988007e-02 1.514035699999999762e+00 1.508175552440000455e+00
5.627999999999999590e-10 -5.841739999999998045e-02 -1.476748000000000172e+00 -1.498529400000000011e+00
5.651999999999999714e-10 4.770959999999997009e-02 1.514028799999999952e+00 1.508166952439999875e+00
5.671999999999999645e-10 -5.840419999999996170e-02 -1.476765100000000164e+00 -1.498519699999999677e+00
5.692999999999999883e-10 -6.414741192999996733e-02 -1.487164099999999767e+00 -1.497860581359999887e+00
5.726999999999999972e-10 1.459588564260000165e+00 -1.278613000000001776e-01 -1.413580000000000059e+00
5.732999999999999745e-10 1.056537076399999692e-01 1.350788700000000064e+00 -1.126618899999999535e+00
5.735000000000000358e-10 1.343062999999999896e+00 8.385594850999997241e-02 -1.389621105750000307e+00
5.746999999999999903e-10 -1.482193099999999930e+00 6.244585150000010049e-02 1.266760205749999812e+00
5.746999999999999903e-10 -1.780024673100000232e-01 -1.254319499999999810e+00 1.141105499999999884e+00
5.746999999999999903e-10 1.512564967310000119e+00 -2.243999999999984896e-02 -1.510507500000000336e+00
5.803999999999999810e-10 -1.258599400000000035e+00 -2.307657999999999099e-01 -1.348789900000000097e+00
5.843999999999999672e-10 1.228038000000000185e+00 1.652696999999999639e-01 1.333245400000000025e+00
5.846000000000000285e-10 1.616159800000000146e+00 -1.502923699999999974e+00 -5.194345601999994511e-02
5.847999999999999865e-10 1.327074799999999888e+00 -1.445400201999996748e-02 -1.386305000000000121e+00
5.860000000000000444e-10 5.521760000000022761e-02 -1.530649300000000101e+00 -1.462958181589999906e+00
5.860999999999999716e-10 -1.321802596890000459e+00 -3.671880499999999325e-02 -1.555640518410000173e+00
5.862000000000000023e-10 1.482183496890000285e+00 8.491826588999991376e-02 1.447132640460000008e+00
5.873999999999999568e-10 1.191589999999999872e-01 -1.170763899999999857e+00 1.538503059539999995e+00
5.876000000000000182e-10 -1.608012149560000159e+00 -7.683029754000020306e-02 -1.300131400000000159e+00
5.883000000000000261e-10 -1.158158142399999257e-01 -1.338407215579999754e+00 1.328693191860000011e+00
5.889000000000000033e-10 -1.427458351079999854e+00 -6.041010000000016089e-02 -1.429504391860000112e+00
5.913000000000000157e-10 1.438592100000000151e+00 -1.520053982299999884e+00 1.405171580999992065e-02
5.914999999999999737e-10 -9.034334000000001641e-01 4.425239999999992097e-02 -6.726625999999999994e-01
5.914999999999999737e-10 -5.117108999999999686e-01 -5.225399999999992551e-02 -9.586797863600000635e-01
5.964999999999999564e-10 4.998503000000000251e-01 -9.504200000000115334e-03 7.028893000000001612e-01
5.964999999999999564e-10 3.229772310939999613e+00 2.442596297609999745e+00 7.047059493900000859e-01
5.988000000000000415e-10 4.373461957999980748e-02 -1.584077312859999864e+00 -1.507980999999999794e+00
6.230000000000000200e-10 -7.141805172999993179e-02 -1.440272738330000024e+00 -1.410828399999999982e+00
6.231000000000000507e-10 1.112397438600001148e-01 1.635288400000000086e+00 1.433009800000000222e+00
6.231999999999999779e-10 1.517967856140000071e+00 -5.031748147000010551e-02 1.455120242798000341e+00
6.295000000000000492e-10 1.334808299999999948e+00 -1.655443912299999765e-01 1.262980541200000140e+00
6.328000000000000275e-10 -4.672980000000018230e-02 -1.479490873450000077e+00 -1.575576961239999907e+00
6.331000000000000161e-10 1.374299084180000019e+00 -1.458320339780000197e+00 5.657699999999976637e-02
6.342000000000000433e-10 8.659708696000001371e-02 1.470670699999999886e+00 1.392896635020000051e+00
6.362999999999999637e-10 1.286878799339999935e+00 -5.301849999999983659e-02 1.200135600000000080e+00
6.365999999999999523e-10 1.529754500000000350e+00 -1.455765999999999172e-01 -1.538569181900000249e+00
6.369999999999999716e-10 1.163865000000000594e-01 1.185353899999999960e+00 -1.429830856339999956e+00
6.423000000000000464e-10 -1.577506999999999771e+00 -1.078290400000000204e+00 -1.264116999999999602e-01
6.436999999999999588e-10 1.497976156369999812e+00 -3.126729999999992848e-02 1.633891199999999877e+00
6.511999999999999846e-10 1.578575107060000260e+00 -3.873649507000014730e-02 1.524317492850000066e+00
6.523000000000000119e-10 -6.000119999999994902e-02 1.242384973150000071e+00 1.461092400000000069e+00
6.634000000000000045e-10 -8.948111590999996423e-02 1.630551339500000196e+00 -1.471115299999999904e+00
6.638000000000000238e-10 -3.096581695000000245e-02 1.481258497699999843e+00 1.501842300000000296e+00
6.645000000000000318e-10 6.484430328600001570e-01 9.107349359400001010e-01 9.060521022999989960e-02
6.649000000000000511e-10 7.555805444199999998e-01 5.324518000000000306e-01 -1.521393027499999828e-01
6.661000000000000056e-10 -5.672744444200000791e-01 -4.322069999999998968e-01 -1.036578977000007784e-02
6.662000000000000362e-10 -7.567461807099999938e-01 -1.021113835940000047e+00 -1.114111102300000544e-01
6.682999999999999566e-10 -1.417939932190000363e+00 1.524884609219999909e+00 -2.921539999999989146e-02
6.683999999999999873e-10 1.502521700000000404e+00 -1.414151092199999182e-01 -1.472552293470000162e+00
6.700999999999999918e-10 1.118289999999974582e-02 -1.568680322420000106e+00 1.482889099999999960e+00
6.713999999999999769e-10 1.428658300000000159e+00 1.525390299999999755e+00 -9.694770000000002552e-02
6.763999999999999597e-10 1.472256599999999915e+00 9.087580000000003433e-02 1.493206100000000092e+00
6.880000000000000023e-10 -6.342096799998864221e-04 1.465957300000000130e+00 -1.540882499999999933e+00
6.995000000000000143e-10 1.330607109679999844e+00 7.344329999999996139e-02 -1.547402217509999733e+00
7.003999999999999802e-10 -1.471633709680000068e+00 -7.457052510000006240e-02 1.596642610910000259e+00
7.145999999999999932e-10 1.197779609679999968e+00 1.433249211469999729e+00 -3.204700000000126198e-03
7.174000000000000249e-10 -5.005041748000010893e-02 -1.446016211469999702e+00 1.662377599999999678e+00
7.188999999999999680e-10 -7.117966912400002233e-01 -8.852093000000005318e-01 7.094750000000038526e-02
7.188999999999999680e-10 -7.620565567900001724e-01 -5.988883999999995433e-01 -5.069730000000004233e-02
7.336999999999999582e-10 6.581575000000000619e-01 5.364801999999995186e-01 1.032379999999998715e-01
7.337999999999999889e-10 8.430021693700001650e-01 9.628935000000002908e-01 -7.031317150000010452e-02
7.344999999999999968e-10 -1.479571569369999784e+00 -1.359530000000003236e-02 -1.476558209819999412e+00
7.535999999999999619e-10 1.404380942760999673e+00 -1.185427766000027305e-02 1.409837209819999604e+00
7.572999999999999595e-10 -1.478460969369999933e+00 -1.289319999999995192e-02 -1.475966150679999700e+00
7.673999999999999556e-10 1.403868142761000026e+00 -1.203437766000009512e-02 1.409776750679999413e+00
7.683000000000000249e-10 1.441426930630000047e+00 -1.061462300000000081e+00 -1.488125999999997395e-01
7.704999999999999759e-10 2.262219400000000213e+00 6.842330000000003409e-02 -2.318070912390000515e+00
7.710000000000000259e-10 1.513454100000000135e+00 1.505821549609999810e+00 6.603848219000005293e-02
7.713000000000000145e-10 6.433984000000002590e-01 1.072953282199999303e-01 6.552561845400000085e-01
7.714000000000000452e-10 -8.046781000000000628e-01 -9.376135003000016233e-02 -7.148147383299998658e-01
7.723000000000000111e-10 -8.705410000000013415e-02 -1.373453443857000078e+00 1.440609084779999716e+00
7.748999999999999814e-10 1.510004999999999598e+00 1.529137788007000287e+00 -5.418169999999999931e-02
7.792999999999999869e-10 1.534523700000000268e+00 7.279589999999985794e-02 -1.424196342669999726e+00
7.792999999999999869e-10 -2.134884000000001891e-01 -1.597927499999999945e+00 -1.408249557329999790e+00
7.794000000000000176e-10 1.373474100000000142e+00 1.519781181109999935e+00 5.299837212999998493e-02
7.795999999999999755e-10 -1.550316000000001027e-01 -1.409745600000000376e+00 -1.341197100000000031e+00
7.799999999999999948e-10 1.422442599999999890e+00 -1.501588599999999829e+00 -7.381360000000009025e-02
7.805999999999999721e-10 1.369128987009999854e+00 1.657891999999999977e-01 1.155769699999999789e+00
7.822000000000000493e-10 -1.324409599999999854e+00 -1.770940032999984703e-02 1.332378400000000074e+00
7.826999999999999958e-10 1.552942299999999776e+00 3.731480946999998771e-02 -1.483168847809999802e+00
7.851000000000000082e-10 -1.324369500000000199e+00 -1.780922106000004668e-02 1.332647200000000254e+00
7.853999999999999968e-10 1.552803000000000155e+00 3.696081625999997344e-02 -1.482374577489999901e+00
7.892000000000000251e-10 -1.324203600000000147e+00 -1.777799986999989423e-02 1.332413900000000151e+00
7.899999999999999603e-10 1.552671499999999982e+00 3.667879506999993655e-02 -1.481630739459999901e+00
7.930999999999999806e-10 -1.324081400000000075e+00 -1.774280848999998383e-02 1.332143699999999820e+00
7.930999999999999806e-10 1.552659699999999754e+00 3.642130368999996204e-02 -1.481262631930000406e+00
7.963999999999999589e-10 -1.323982200000000331e+00 -1.770891710000005448e-02 1.331934100000000232e+00
7.966000000000000202e-10 1.552551300000000190e+00 3.620431229999993006e-02 -1.480759040859999986e+00
8.085999999999999788e-10 -1.323827800000000110e+00 -1.766060650999984327e-02 1.331699900000000047e+00
8.087000000000000094e-10 1.552448100000000109e+00 3.592480171000006495e-02 -1.480238629989999888e+00
8.162000000000000352e-10 -1.323696100000000042e+00 -1.761451513000006353e-02 1.331484499999999738e+00
8.162000000000000352e-10 1.552270700000000003e+00 3.576901033000018382e-02 -1.479737119759999997e+00
8.171000000000000011e-10 -1.323555000000000037e+00 -1.755969394000006512e-02 1.331254599999999622e+00
8.172000000000000318e-10 1.551839599999999875e+00 3.554698914000009591e-02 -1.478995853619999856e+00
8.172000000000000318e-10 -1.323307000000000233e+00 -1.748891315000011826e-02 1.330925999999999831e+00
8.173999999999999897e-10 1.551868099999999862e+00 3.550040835000012329e-02 -1.479503754740000065e+00
8.213999999999999759e-10 2.228491999999999140e-01 -1.455250400000000166e+00 1.503207199999999855e+00
8.216999999999999646e-10 -1.323211799999999716e+00 9.254491360000123568e-03 -1.320627199999999890e+00
8.217999999999999952e-10 1.459831100000000159e+00 1.330422699999999958e+00 2.886200000000047061e-03
8.233999999999999690e-10 9.562480000000002367e-02 1.479755699999999674e+00 1.292671100000000184e+00
8.244999999999999962e-10 -1.437165999999999944e+00 1.338749297710000175e+00 -9.757090000000007146e-02
8.250999999999999735e-10 -1.144674399999999981e+00 6.849615173299974935e-02 -1.390694624990000072e+00
8.253999999999999621e-10 -1.427346999999999921e+00 -2.303325787699980406e-02 -1.211919499999999816e+00
8.283999999999999518e-10 1.402278799999999714e+00 -9.392073068999994001e-02 -1.417103399999999791e+00
8.287999999999999711e-10 -3.053009999999983792e-02 1.460284918700000212e+00 1.326693801320000254e+00
8.290000000000000324e-10 1.607837599999999867e+00 1.460501937629999913e+00 7.447594835000001523e-02
8.664999999999999546e-10 -6.514339999999987918e-02 -1.475787700000000147e+00 1.479469177249999934e+00
8.715999999999999680e-10 2.376350000000002419e-02 1.500565087599999847e+00 -1.462146793770000119e+00
9.388999999999999321e-10 1.463676400710000269e+00 2.388868230999996456e-02 -1.541476233149999819e+00
9.417999999999999944e-10 1.501462850609999844e+00 -2.049709912000000078e-02 -1.626118700000000139e+00
9.461000000000000726e-10 -1.439111858710000025e+00 1.653055399999999953e+00 7.529440000000005295e-02
9.486000000000000123e-10 -4.421820000000026285e-02 1.528259499999999882e+00 1.266739012700000000e+00
9.487000000000000430e-10 1.505602899999999966e+00 1.496394099999999838e+00 1.790499999999992098e-02
9.488000000000000737e-10 1.660800000000003940e-02 -1.440123763719999728e+00 -1.476324800000000437e+00
9.488000000000000737e-10 -5.540810000000020996e-02 1.362941963719999761e+00 1.590297500000000142e+00
9.621000000000000174e-10 -1.480144700000000313e+00 -1.409989505349999561e+00 6.040680000000015620e-02
9.622000000000000481e-10 3.589819999999996347e-02 -1.334851121690000308e+00 1.513684400000000041e+00
9.661000000000000036e-10 -4.936969999999982206e-02 -1.574274962840000125e+00 1.494138737259999683e+00
9.740999999999999759e-10 1.586652751319999943e+00 -2.978400000000006043e-03 -1.463230872650000070e+00
9.770000000000000383e-10 -1.664054751320000136e+00 2.654732630000031235e-03 1.520761229959999961e+00
9.862999999999999959e-10 1.507346899999999934e+00 -7.283916159999972995e-03 1.355175777460000397e+00
9.865000000000000572e-10 1.342494599999999982e+00 -6.784111018000008042e-02 1.241702200000000200e+00
9.871000000000000345e-10 1.543750199999999850e+00 -1.379095441500000629e-01 -1.496177378660000112e+00
9.879000000000000730e-10 -7.579739999999998701e-02 -1.351094740789999804e+00 -1.442624399999999918e+00
9.889999999999999969e-10 1.379482199999999992e+00 1.377327940790000316e+00 7.314859999999995255e-02
9.922999999999999751e-10 -1.476092699999999924e+00 -1.404510240790000086e+00 -1.000936000000000603e-01
1.004999999999999942e-09 3.863449999999948870e-02 -1.440498159209999907e+00 1.353430999999999607e+00
1.006000000000000042e-09 -7.707339999999981983e-02 1.512098266560000237e+00 -1.435710600000000170e+00
1.006000000000000042e-09 3.871819999999959183e-02 -1.440446666559999978e+00 1.353428699999999818e+00
1.008000000000000035e-09 -7.718269999999974318e-02 1.511954381259999813e+00 -1.435776099999999778e+00
1.010999999999999921e-09 -1.483234600000000070e+00 1.439335018740000027e+00 -3.022066694999975267e-02
1.012000000000000021e-09 1.538681600000000094e+00 -1.552233886980000310e+00 7.545079999999981801e-02
1.016999999999999900e-09 3.879729999999995127e-02 -1.440312281260000216e+00 1.353490800000000105e+00
1.018000000000000000e-09 -7.726619999999984056e-02 1.511823295959999758e+00 -1.435784700000000358e+00
1.019000000000000100e-09 3.886959999999992088e-02 -1.440193395960000400e+00 1.353510600000000119e+00
1.019999999999999993e-09 -1.451970000000001038e-01 7.572771000000002584e-01 6.615838999999998915e-01
1.019999999999999993e-09 1.336216000000000070e-01 6.923685000000000533e-01 8.230127902499999593e-01
1.023999999999999979e-09 1.404161800000000460e+00 -2.997097737000040812e-02 1.491226509749999707e+00
1.033000000000000052e-09 -1.500830000000025199e-02 1.467325600000000119e+00 1.357181199999999643e+00
1.035000000000000045e-09 -1.317235162787000036e+00 -3.454600000000034032e-02 -1.270361816099999652e+00
1.035000000000000045e-09 -1.431774400000000114e+00 -1.542091799999999902e+00 -5.307499999999895635e-03
1.037000000000000038e-09 1.408257000000001369e-01 -1.408446545441000008e+00 1.226078600000000129e+00
1.039999999999999924e-09 -1.769399999999810014e-03 -1.369052573539999873e+00 -1.253748700000000049e+00
1.045000000000000010e-09 -1.376848659369999783e+00 -9.170180000000001386e-02 1.410092310709999630e+00
1.045000000000000010e-09 1.469437059369999909e+00 -1.385729999999998907e-02 -1.435232059729999676e+00
1.045999999999999903e-09 -2.056509999999985711e-02 -1.597194000000000003e+00 1.438385200000000141e+00
1.050999999999999990e-09 7.240499999999892855e-03 1.540805399999999770e+00 -1.393447711459999905e+00
1.054999999999999976e-09 -1.376806359370000177e+00 -9.171289999999988896e-02 1.410122910709999955e+00
1.056000000000000076e-09 -1.324918540630000141e+00 1.470115656680000216e+00 8.466816077000022256e-02
1.058000000000000069e-09 -1.571452999999999989e+00 1.602297115519999871e+00 1.120417389199999392e-01
1.058999999999999962e-09 1.857296999999999976e-01 1.523063399999999845e+00 -1.411846510399999977e+00
1.060999999999999955e-09 1.442686300000000088e+00 -1.533346612399999920e+00 4.642951716000015550e-02
1.060999999999999955e-09 1.417771699999999635e+00 1.477146999999999766e+00 3.538289999999991858e-02
1.062000000000000055e-09 -1.380044821920000109e+00 -1.495112500000000288e+00 2.986849999999993677e-02
1.062000000000000055e-09 1.036167219199998490e-01 -1.451198820399999923e+00 1.249550399999999950e+00
1.064999999999999941e-09 1.557121100000000036e+00 -1.501210400000000389e+00 -5.907690000000009878e-02
1.064999999999999941e-09 1.491807100000000164e+00 -2.101769999999998639e-02 -1.454112681839999865e+00
1.066000000000000041e-09 -1.380512599999999868e+00 -6.113248730999980285e-02 1.393415943979999572e+00
1.072999999999999914e-09 1.491801100000000213e+00 -2.099820000000013343e-02 -1.454138145739999777e+00
1.074000000000000014e-09 -1.380520600000000098e+00 -6.115308730999981235e-02 1.393424785859999737e+00
1.074999999999999907e-09 1.578085000000001292e-01 1.195123999999999853e+00 1.266457505039999987e+00
1.074999999999999907e-09 3.511996788999996455e-02 1.469390100000000032e+00 1.290950936970000074e+00
1.081999999999999986e-09 -1.438944000000000001e+00 -1.103720221584000072e+00 1.779266302999981536e-02
1.081999999999999986e-09 1.356874899999999995e+00 1.195575800000000077e+00 -1.067161630299998665e-01
1.083000000000000086e-09 -1.423824200000000095e+00 1.513541818290000007e+00 -7.247530440200006252e-02
1.099000000000000031e-09 1.487954999999999917e+00 -1.471495125570000173e+00 5.408137653199990291e-02
1.099999999999999924e-09 -5.261599999999999611e-02 -1.376498399999999567e+00 1.543211739580000241e+00
1.101000000000000024e-09 -1.261373799999999878e+00 1.350001400000000018e+00 9.668530000000004343e-02
1.101000000000000024e-09 -2.061999999999064581e-04 -1.257629160850000094e+00 -1.425195781650000049e+00
1.101999999999999917e-09 3.849205350000030335e-03 -4.222916763669998796e-01 3.541842000000000046e-01
1.101999999999999917e-09 -1.710125205350000011e+00 -1.014741200000000454e+00 2.734431952088000273e+00
1.178000000000000068e-09 1.538721004340000142e+00 -9.793620000000005654e-02 1.324718300000000237e+00
1.182000000000000054e-09 1.387216599999999911e+00 6.268798790000003340e-02 -1.463321831980000098e+00
1.188000000000000033e-09 5.844489999999988306e-02 -1.632950805749999734e+00 1.573415799999999809e+00
1.188000000000000033e-09 -1.864999999999963909e-02 1.683521385269999948e+00 -1.640413231979999997e+00
1.207000000000000071e-09 1.590920699999999854e+00 1.590897199999999678e+00 7.821470000000019240e-02
1.211000000000000057e-09 1.419711700000000132e+00 1.427625746729999978e+00 1.396389999999998049e-02
1.213000000000000051e-09 1.608996199999999988e+00 -1.287902803000016971e-02 -1.561066204930000145e+00
1.215000000000000044e-09 1.399321199999999932e+00 3.077513111000004797e-02 1.427355799999999952e+00
1.215000000000000044e-09 -1.453380599999999800e+00 -2.022720000000002849e-02 -1.451082499999999831e+00
1.215000000000000044e-09 -1.451088999999999851e+00 5.064255637799983112e-02 1.475655599999999845e+00
1.217000000000000037e-09 1.598906100000000219e+00 -1.900407965799995325e-02 -1.553834850609999929e+00
1.217999999999999930e-09 -1.407060400000000211e+00 1.557011399999999934e+00 4.135020000000003138e-02
1.223000000000000016e-09 1.541183999999999610e-01 -6.745729999999998672e-01 6.943490999999999413e-01
1.223000000000000016e-09 -1.381015000000001824e-01 -8.861958465029998733e-01 8.869878999999999403e-01
1.223999999999999909e-09 -1.602282900000000065e+00 1.677297824692999928e+00 2.727137336000000009e-02
1.263000000000000085e-09 -1.487443400000000082e+00 -4.417224661000004882e-02 1.532241776539999822e+00
1.263000000000000085e-09 -1.143325999999999842e+00 1.186635065080000162e+00 -1.118848066999983404e-02
1.267999999999999964e-09 -1.346656495240000417e+00 5.764959999999991203e-02 1.278198599999999852e+00
1.269999999999999957e-09 -1.518884904760000154e+00 -1.139240999999999726e-01 1.360931297410000296e+00
1.271000000000000057e-09 -1.215492299999999748e+00 8.797454999999999581e-01 -4.674331399999842596e-03
1.271999999999999950e-09 1.122746699999999986e+00 -1.156749934000001201e-01 -1.090984399999999965e+00
1.271999999999999950e-09 -1.089238999999999347e-01 -1.406309406599999923e+00 -1.264208100000000279e+00
1.273999999999999943e-09 2.726973000000001424e-01 1.520416406600000325e+00 1.137752500000000389e+00
1.275000000000000043e-09 1.276906900000000178e+00 -6.026090659999976118e-02 1.616994199999999937e+00
1.275999999999999936e-09 -1.157453800000000310e+00 -4.463000598999991575e-02 1.303531292539999997e+00
1.277000000000000036e-09 -4.265899999999971798e-02 -1.467145819229000336e+00 1.406140128420000135e+00
1.277999999999999929e-09 -1.398477575490000069e+00 -1.443188999999999167e-01 1.423967441509999876e+00
1.279999999999999923e-09 1.495534764059999633e+00 -1.491107057202000430e+00 2.835801521400001524e-01
1.281999999999999916e-09 -1.497199864060000163e+00 3.314211780000028695e-02 1.472622147859999897e+00
1.281999999999999916e-09 1.569436854660000158e+00 8.358483081999981690e-02 -1.412166329039999724e+00
1.281999999999999916e-09 -1.519857164060000043e+00 -1.541061811349999866e+00 -6.773095214000016129e-02
1.285999999999999902e-09 1.452073050319999892e+00 8.007330000000004167e-02 -1.376229500000000217e+00
1.285999999999999902e-09 -1.447244799999999998e+00 -8.947290000000003574e-02 -1.420900800000000075e+00
1.287000000000000002e-09 -1.580836300000000083e+00 2.129768000000000772e-01 -1.449737199999999726e+00
1.288000000000000102e-09 -1.099970000000008788e-02 -1.274699599999999933e+00 -1.294544200000000034e+00
1.288000000000000102e-09 -1.477878599999999931e+00 1.522913799999999762e+00 -3.086059999999996029e-02
1.290000000000000095e-09 -2.869809999999997085e-01 7.510826999999998810e-01 6.136724997100000412e-01
1.290000000000000095e-09 2.411264999999999104e-01 6.862462000000002504e-01 8.618530002899998932e-01
1.290999999999999988e-09 9.558079999999996579e-02 1.506057899999999838e+00 1.556454165170000126e+00
1.292000000000000088e-09 -5.437939999999991114e-02 -1.478295353380000288e+00 -1.515347465170000296e+00
1.294000000000000081e-09 9.557989999999999542e-02 1.506062200000000129e+00 1.556454565170000137e+00
1.298000000000000067e-09 -5.439669999999996453e-02 -1.478277446030000331e+00 -1.515342365170000205e+00
1.302000000000000053e-09 9.558100000000002705e-02 1.506064299999999800e+00 1.556457103590000113e+00
1.304999999999999940e-09 -5.440440000000007492e-02 -1.478258885010000245e+00 -1.515323503589999898e+00
1.308999999999999926e-09 1.363167799999999819e+00 -6.609154319999979710e-02 -1.544514499999999790e+00
1.308999999999999926e-09 -1.490123799999999887e+00 1.321938900000013684e-02 1.643375387599999682e+00
1.310999999999999919e-09 9.552779999999988503e-02 1.505976600000000332e+00 1.556557388339999903e+00
1.312999999999999912e-09 1.328953599999999735e+00 -1.419492091199999972e+00 4.899481166000022730e-02
1.327000000000000070e-09 1.683536800000000166e+00 -3.959183992000025326e-02 1.530907099999999410e+00
1.327000000000000070e-09 1.491720300000000110e+00 1.515014268999999913e+00 -2.751589999999976000e-02
1.329000000000000064e-09 -1.492264000000000479e+00 -1.633567629079999861e+00 6.079520000000021573e-02
1.335000000000000043e-09 -1.595962799999999460e+00 -4.811339999999974387e-02 1.402274600000000371e+00
1.362000000000000053e-09 1.479648599999999981e+00 -1.572718664655000431e+00 3.560270000000010510e-02
1.364000000000000046e-09 -3.622900000000185694e-03 1.548310326555000227e+00 -1.223929599999999729e+00
1.368000000000000032e-09 -1.594094200000000017e+00 -4.703230475000005212e-02 1.402338899999999722e+00
1.372000000000000018e-09 1.907199999999775741e-03 1.413425200000000492e+00 1.437014899999999873e+00
1.372000000000000018e-09 -1.575928545150000248e+00 -1.620089060000107217e-03 -1.505520099999999806e+00
1.374000000000000012e-09 1.513711745150000176e+00 -5.773159999999986913e-02 1.404961399999999916e+00
1.374999999999999905e-09 -1.575950567200000263e+00 -1.615474359999868881e-03 -1.505509099999999822e+00
1.401000000000000022e-09 1.555457467200000110e+00 1.559595999999999538e+00 5.116965496800009172e-02
1.405999999999999901e-09 1.114138999999999408e-01 -1.330558000000000352e+00 -1.417412700000000081e+00
1.410000000000000094e-09 1.389923799999999598e+00 -8.672230000000022421e-02 1.440547976489999771e+00
1.410999999999999987e-09 -1.435308196599999642e+00 -2.617099999999761284e-03 -1.397534976490000247e+00
1.418999999999999960e-09 1.389921799999999763e+00 -8.671760000000028334e-02 1.440565076490000207e+00
1.418999999999999960e-09 -1.435296996599999764e+00 -2.615899999999837799e-03 -1.397519976489999927e+00
1.420999999999999953e-09 1.360715900000000200e+00 1.392977600000000038e+00 1.016858999999999125e-01
1.420999999999999953e-09 7.649509999999992704e-02 1.535950800000000394e+00 1.407897529349999788e+00
1.424000000000000046e-09 -1.522385400000000111e+00 -1.617806475780000142e+00 1.354737126600000785e-01
1.426000000000000039e-09 -1.572868299999999664e+00 3.046483157000021147e-02 -1.518424712510000107e+00
1.426000000000000039e-09 -1.333110999999999879e-01 7.161200000000003119e-01 -8.126858311600000384e-01
1.426000000000000039e-09 4.613280000000005016e-02 8.087413999999999437e-01 -6.417869563300000468e-01
1.426999999999999932e-09 2.217915750440000000e+00 -4.683082578499998538e-01 -1.115618710440000161e+00
1.428000000000000032e-09 1.611272078489999870e+00 -1.577587999999999768e-01 1.488606300000000049e+00
1.434000000000000011e-09 1.414930399999999810e+00 1.476113086300000710e+00 2.196390074000019454e-02
1.434999999999999904e-09 -1.592849553440000010e+00 1.602862513699999880e+00 1.715729925999993216e-02
1.436000000000000004e-09 6.026269999999994686e-02 1.494779535280000182e+00 -1.346926999999999985e+00
1.436000000000000004e-09 1.337655800000000061e+00 -1.500342349729999913e+00 -1.988400000000008216e-02
1.447000000000000070e-09 -1.395679200000000009e+00 1.501003299999999818e+00 -6.812421027999997214e-02
1.451000000000000056e-09 1.450540048899999213e-01 1.335637900000000045e+00 1.279701596350000026e+00
1.451000000000000056e-09 -8.785175172999995508e-02 1.561229899119999764e+00 -1.382890296349999826e+00
1.453000000000000049e-09 -1.400347848270000251e+00 -1.788545359999987872e-02 1.455639796249999840e+00
1.459000000000000028e-09 -1.532120700000000113e+00 1.469597753599999779e+00 3.272460375000019878e-02
1.459999999999999921e-09 -1.432904199999999850e+00 1.478009799999999707e+00 -8.756368353900015333e-02
1.461000000000000021e-09 -1.266353200000000179e+00 -1.433058199999999616e+00 8.476800000000166146e-03
1.463999999999999908e-09 -1.293822800000000051e+00 1.257050599999999685e+00 -1.854670000000022134e-02
1.467000000000000001e-09 -7.483787000000000633e-01 -7.443924999999996794e-01 -1.040696733599999202e-01
1.467000000000000001e-09 -8.052909968800000540e-01 -7.636667175780004202e-01 1.282624000000000541e-01
1.480999999999999952e-09 -1.418754103119999943e+00 1.846562207799998245e-02 1.604091600000000284e+00
1.480999999999999952e-09 1.540871539989999928e+00 6.138019580000118880e-03 -1.546656146879999527e+00
1.486999999999999932e-09 -1.416775917530000095e+00 1.645678491999975901e-02 1.607148407599999995e+00
1.490000000000000025e-09 1.540527903890000161e+00 7.088916700000329196e-03 -1.549327663039999692e+00
1.494999999999999904e-09 -1.106518143000011223e-02 -1.435085116700000274e+00 -1.552454535790000367e+00
1.496000000000000004e-09 -1.508008359839999812e+00 5.270939999999998959e-02 -1.478523998739999623e+00
1.497999999999999997e-09 1.497370630220000054e+00 -2.911760000000007675e-02 1.463365488899999844e+00
1.497999999999999997e-09 -8.244290300003231931e-04 1.499915664843999963e+00 1.507843905550000141e+00
1.501000000000000090e-09 -1.419535370969999821e+00 2.446804517600011109e-02 1.612936205550000057e+00
1.501999999999999983e-09 1.540887531700000368e+00 5.954099400001314213e-04 -1.554768901719999930e+00
1.503000000000000083e-09 -1.416828094900000057e+00 2.184170007999999830e-02 1.615158101720000072e+00
1.503999999999999976e-09 1.540334808349999918e+00 2.959649854000059865e-03 -1.555728701820000115e+00
1.509000000000000062e-09 -1.412448571549999699e+00 7.498675014600002242e-02 -1.520051898179999750e+00
1.509000000000000062e-09 -1.433878014749999874e+00 -1.589763800000000060e+00 -1.244894000000004441e-01
1.513000000000000049e-09 1.256020147500002127e-01 -1.608177100000000248e+00 -1.561962599999999979e+00
1.513000000000000049e-09 1.415559647439999846e+00 1.564970000000004413e-02 1.359049100000000010e+00
1.513999999999999942e-09 1.525135522420000278e+00 -1.355567600000000095e+00 -1.955260000000008658e-02
1.515999999999999935e-09 1.490744400000000303e+00 -1.648910963999977719e-02 -1.479429764379999845e+00
1.517000000000000035e-09 1.378455158199999586e-01 1.269554109640000039e+00 1.524451800000000024e+00
1.517999999999999928e-09 -1.113721581999996268e-02 -1.307256531700000224e+00 -1.521428499999999628e+00
1.536999999999999966e-09 -1.390429399999999927e+00 -1.405717135200000301e-01 -1.609371152150000039e+00
1.536999999999999966e-09 1.494593200000000177e+00 4.251854179000000289e-02 1.522682400000000325e+00
1.604999999999999938e-09 1.378432158199999757e-01 1.269557858210000223e+00 1.524458899999999950e+00
1.606000000000000038e-09 -1.117051581999997656e-02 -1.307262180250000183e+00 -1.521439899999999845e+00
1.606000000000000038e-09 -1.368724060379999941e+00 -1.513177119750000132e+00 4.335599999999997789e-02
1.616000000000000003e-09 -1.402982765249999986e+00 -1.224135553199999782e-01 1.575824094479999937e+00
1.616000000000000003e-09 1.496825339619999973e+00 -9.067599999999986435e-03 -1.534720477779999870e+00
1.635999999999999934e-09 1.423054260380000269e+00 1.425962188059999747e+00 -5.960849999999989768e-02
1.639000000000000027e-09 -1.430953897699999811e+00 1.412992711940000312e+00 -4.820270100000004221e-02
1.639000000000000027e-09 -3.841159999999949060e-02 1.513488699999999687e+00 1.481379009199999874e+00
1.643000000000000013e-09 1.059434062399998294e-01 -1.363374699999999828e+00 -1.466136800000000129e+00
1.643000000000000013e-09 -3.928139999999988308e-02 1.514309099999999964e+00 1.482421309200000259e+00
1.654000000000000079e-09 1.043049999999989819e-02 1.456291735224599648e+00 1.499071372191999929e+00
1.656999999999999965e-09 -1.426821399999999684e+00 1.622257919539990545e-02 1.627679808145999996e+00
1.658000000000000065e-09 8.535599999999997634e-01 3.021560000000005769e-02 -6.284275033159998358e-01
1.658000000000000065e-09 6.866403000000000922e-01 -2.932316705000011237e-02 -9.409585780399998267e-01
1.658999999999999958e-09 -1.427463599999999833e+00 1.728655029999970338e-02 1.623770389040000151e+00
1.660000000000000058e-09 8.525452000000001140e-01 2.998249999999973853e-02 -6.293221209499999524e-01
1.660000000000000058e-09 6.866729999999999778e-01 -2.935947028999986996e-02 -9.408642102299998866e-01
1.668000000000000030e-09 -5.210605999999998739e-01 8.568118469999991271e-02 7.797475065100000213e-01
1.668000000000000030e-09 -9.739371000000000000e-01 -5.381239999999980900e-02 7.278156646100000238e-01
1.668999999999999923e-09 1.346551517900001493e-01 1.568369799999999925e+00 -1.528487637720000070e+00
1.679999999999999989e-09 -1.175604762079999865e+00 1.124148000000000508e-01 1.553453199999999867e+00
1.679999999999999989e-09 1.451024214600000084e+00 1.477248599999999801e+00 -6.678599999999978998e-03
1.681000000000000089e-09 1.422877785400000317e+00 3.215430674999997240e-02 -1.645059906640000458e+00
1.687000000000000068e-09 -1.469597085400000669e+00 -2.959830000000021610e-02 1.595790206640000042e+00
1.691000000000000054e-09 1.073768854000000383e-01 -1.559941900000000103e+00 1.353561985930000100e+00
1.691999999999999947e-09 -1.066840152599996816e-01 1.517532500000000617e+00 -1.468490000000000295e+00
1.695999999999999934e-09 -1.562635370699999804e+00 4.991429999999999478e-02 1.444030399999999936e+00
1.703000000000000013e-09 -1.598469606071999838e+00 1.476724301059999966e+00 -4.867184390000006688e-02
1.703000000000000013e-09 1.563841500000000106e+00 7.913255680000022552e-03 -1.532681190540000182e+00
1.703000000000000013e-09 1.445160200000000117e+00 6.761629999999999030e-02 -1.514296599999999993e+00
1.703999999999999906e-09 -1.483368699999999762e+00 -1.349165199199998111e-01 1.502029999999999976e+00
1.705000000000000006e-09 -5.614890000000014036e-02 1.428195599999999565e+00 1.456064487359999937e+00
1.712000000000000085e-09 4.269320000000011855e-02 -1.551739900000000061e+00 1.441407500000000175e+00
1.716999999999999964e-09 -1.437300000000000022e+00 -4.307339999999988678e-02 1.581941199999999714e+00
1.716999999999999964e-09 1.461897800000000469e+00 -1.523866599998091598e-04 -1.576250700000000116e+00
1.722000000000000051e-09 -1.436949400000000487e+00 -4.284829999999992256e-02 1.581535399999999481e+00
1.726000000000000037e-09 1.461419299999999755e+00 -9.953866599998473230e-04 -1.575607999999999675e+00
1.728999999999999923e-09 -1.436612500000000292e+00 -4.256669999999984633e-02 1.581073599999999413e+00
1.734999999999999902e-09 9.241109000000002904e-01 -6.531620999999998567e-01 1.350289999999984558e-02
1.734999999999999902e-09 -1.039371599999999951e+00 7.268707000000002028e-01 -1.460229999999969157e-02
1.739000000000000095e-09 1.445803000000000171e+00 -8.186395680000069230e-03 -1.566137499999999738e+00
1.741000000000000088e-09 -1.426749400000000279e+00 -4.822979999999968403e-02 1.571740399999999926e+00
1.747000000000000068e-09 1.445748299999999986e+00 -8.192095679999900071e-03 -1.566116999999999981e+00
1.747999999999999961e-09 -1.426730399999999843e+00 -4.823409999999977993e-02 1.571719200000000205e+00
1.755999999999999933e-09 9.241542999999998731e-01 -6.531840000000004309e-01 1.348609999999978576e-02
1.755999999999999933e-09 4.792229000000000627e-01 -8.602035000000000098e-01 -6.145199999999829965e-03
1.757000000000000033e-09 8.771800000000077799e-03 1.451115200000000716e+00 -1.600170897943000270e+00
1.765000000000000005e-09 -1.210381999999998182e-01 1.538471200000000039e+00 -1.463295019164999822e+00
1.772000000000000085e-09 4.395598080000004404e-02 -1.566265800000000041e+00 1.461710699999999807e+00
1.774999999999999971e-09 -1.610578999999999539e+00 1.547537789999997582e-02 -1.493183699999999892e+00
1.776999999999999964e-09 -1.483380500000000435e+00 5.108422429000020193e-02 1.428332499999999783e+00
1.784999999999999936e-09 -1.463851066720000205e+00 2.416349999999991421e-02 -1.291328299999999984e+00
1.788999999999999923e-09 1.517715566720000187e+00 1.439828899999999745e+00 -1.923117106999955306e-02
1.790999999999999916e-09 1.492489700000000141e+00 1.535219899999999527e+00 -4.736485633000056539e-02
1.792000000000000016e-09 1.442508600000000030e+00 1.389750000000000041e+00 3.728527399999917447e-03
1.792999999999999909e-09 -1.548395786899999793e+00 -1.458305599999999647e+00 -1.048192742800000687e-01
1.796000000000000002e-09 -1.423548800000000281e+00 -1.513229800000000180e+00 -7.727084748000014047e-02
1.803999999999999974e-09 1.497250900000000273e+00 1.532094199999999962e+00 -3.942137512999954740e-02
1.803999999999999974e-09 1.442484899999999737e+00 1.389760900000000188e+00 3.711296889999868287e-03
1.805999999999999967e-09 1.106133799999999612e+00 3.563120000000025156e-02 1.506426800000000288e+00
1.811999999999999947e-09 -5.280259999999975529e-02 1.142209199999999480e+00 -1.515982600000000069e+00
1.813000000000000047e-09 -1.293214899999999723e+00 -3.589349999999980750e-02 -1.224925999999999959e+00
1.813000000000000047e-09 1.394775799999999677e+00 1.352582227999979403e-02 -1.437388720740000236e+00
1.813999999999999940e-09 1.220382699999999598e+00 9.364510000000003664e-02 1.169558700000000284e+00
1.813999999999999940e-09 1.671299082730000052e+00 -1.012765999999999389e-01 -1.521442100000000242e+00
1.834999999999999971e-09 5.575963601999994745e-02 -1.493327700000000480e+00 -1.594493042650000136e+00
1.834999999999999971e-09 1.542488985360000342e+00 1.424257299999999837e+00 6.999180349999967188e-03
1.834999999999999971e-09 -5.706210000000006000e-02 -1.454416699999999452e+00 -1.405490772019999612e+00
1.836999999999999964e-09 1.190599999999958358e-03 1.340469299999999864e+00 1.491207689019999671e+00
1.836999999999999964e-09 1.658183199999999635e+00 1.163862400000000186e+00 -1.302598890199999915e-01
1.838999999999999957e-09 -1.701707299999999590e+00 -1.369711200000000240e+00 2.309390000000002829e-01
1.840000000000000057e-09 -5.730730000000028301e-02 -1.454403399999999458e+00 -1.406886649140000056e+00
1.844000000000000043e-09 1.703500000000135461e-03 1.340635299999999752e+00 1.492214699999999894e+00
1.844000000000000043e-09 -5.783540000000023107e-02 -1.455639699999999870e+00 -1.406532849140000430e+00
1.850000000000000022e-09 8.619689999999996521e-02 -1.591969999999999885e+00 -1.527490200000000131e+00
1.850000000000000022e-09 1.259390300000000185e+00 -5.281779999999980379e-02 -1.369434487349999952e+00
1.850000000000000022e-09 -1.156796200000000052e+00 -2.403460999999999514e-01 -1.485956941209999993e+00
1.854000000000000008e-09 1.350328399999999984e+00 1.461094899999999974e+00 -1.693794057620001126e-01
1.854999999999999901e-09 -1.367032800000000048e+00 -1.669406600000000074e+00 5.681219999999999326e-02
1.854999999999999901e-09 1.421976983840000042e+00 -7.757739999999999081e-02 -1.637040299999999560e+00
1.857000000000000101e-09 1.578698176659999675e+00 1.601761900000000072e+00 4.716483315000002952e-02
1.882999999999999805e-09 1.449606999999999868e+00 1.443686000000000025e+00 1.035740177999999595e-01
1.882999999999999805e-09 -1.607623999999999942e+00 -1.408798899999999854e+00 2.254739871300000253e-02
1.904999999999999936e-09 -5.750900000000225276e-03 1.513793900000000026e+00 1.531054800000000160e+00
1.911000000000000122e-09 2.089609999999998691e-02 -1.646239299999999961e+00 -1.497962230108000226e+00
1.927000000000000066e-09 8.106407400900000892e-02 -1.633788384889999890e+00 -1.267787100000000056e+00
1.930000000000000159e-09 -1.032351054689999714e-01 -1.489472300000000082e+00 -1.379358000000000084e+00
1.930000000000000159e-09 -1.603236229509999777e+00 -5.441209999999999103e-02 1.439385069189999866e+00
1.930000000000000159e-09 1.281707783949999735e+00 -1.364222387299999895e+00 4.894927000000000028e-01
1.932999999999999839e-09 9.457379999999995790e-02 -1.189292908870000165e+00 -1.452890234219999854e+00
1.934000000000000146e-09 9.157439999999984759e-02 1.065388206100000179e+00 -1.661120146740000081e+00
1.935999999999999932e-09 1.925610000000017863e-02 1.299772400000000161e+00 -1.574425599999999870e+00
1.935999999999999932e-09 7.120828999999999631e-01 2.434735000000000094e-01 -5.892721999999995797e-01
1.935999999999999932e-09 8.714045999999999736e-01 -2.125326000000000715e-01 -8.840581590600005146e-01
1.936999999999999825e-09 1.364910000000000068e+00 -3.541492981000024520e-02 1.186441659060000209e+00
1.936999999999999825e-09 -6.222630877000001615e-02 1.681130829810000060e+00 -1.502693499999999904e+00
1.940999999999999811e-09 -1.486256399999999811e+00 1.521898900000000721e+00 5.775899999999667411e-03
1.950999999999999984e-09 -2.503789999999984917e-02 -1.517361800000000205e+00 -1.452613376780000243e+00
1.951999999999999877e-09 1.471077799999999547e+00 3.009540000000014703e-02 -1.539358699999999969e+00
1.957000000000000170e-09 1.453949417410000056e+00 -9.270399999999845431e-03 1.423128295719999326e+00
1.957000000000000170e-09 1.385723099999999652e+00 -1.219130700000000456e+00 3.035800000000007937e-02
1.958000000000000063e-09 1.529578300000000279e+00 1.467233700000000640e+00 2.551476809999991824e-02
1.958000000000000063e-09 -1.651708699999999919e+00 1.638290700000000211e+00 -1.233680999999997863e-01
1.958999999999999956e-09 1.551618399999999509e+00 -1.526198000000000166e+00 1.039349999999961138e-02
1.962999999999999942e-09 7.569534000000004426e-01 -7.146364999999998968e-01 -6.572693399998219554e-04
1.962999999999999942e-09 -8.320477000000001677e-01 7.685715681299996049e-01 3.601669340000279718e-03
1.963999999999999835e-09 1.645577300000000687e+00 -1.665919900000000009e+00 -2.584799999999982251e-02
1.967999999999999821e-09 1.530461599999999756e+00 7.328228760000027320e-02 -1.571740000000000137e+00
1.969000000000000128e-09 6.241870000000009772e-02 -1.560908474108000599e+00 -1.382950503639999607e+00
1.970999999999999915e-09 -1.434072000000001512e-01 1.529866302858000182e+00 1.572333603640000188e+00
1.977999999999999994e-09 -1.486671899999999713e+00 1.487630783649999788e+00 5.426069999999992566e-02
1.985000000000000073e-09 -3.213170000000020732e-02 -1.686275100000000249e+00 -1.406657510487000051e+00
1.985000000000000073e-09 3.094969999999991339e-02 1.549625400000000042e+00 1.500648910486999776e+00
1.985999999999999966e-09 -3.212950000000025508e-02 -1.686317000000000288e+00 -1.406691799893999839e+00
1.989000000000000059e-09 3.096119999999963346e-02 1.549656200000000039e+00 1.500605699894000056e+00
1.992000000000000152e-09 -1.528814199999999568e+00 1.440390900000000141e+00 5.307079999999994580e-02
1.993000000000000045e-09 1.486250799999999872e+00 -1.557111178019999986e+00 5.936879999999999935e-02
1.994999999999999832e-09 -2.784439999999993587e-02 -1.687506799999999973e+00 -1.409061893750000127e+00
1.996000000000000138e-09 2.484640000000018500e-02 1.552440400000000054e+00 1.498217693749999802e+00
1.998999999999999818e-09 1.520402248699999959e+00 -1.486445656309999919e+00 5.915140000000013165e-02
2.009999999999999883e-09 -1.448417200000000626e+00 -2.150749596000008090e-02 1.473113700000000081e+00
2.017999999999999856e-09 1.482020685179999964e+00 1.505620446620000052e+00 -3.037060000000046944e-02
2.023000000000000149e-09 7.516414819999643615e-03 1.123664053379999750e+00 1.307153500000000079e+00
2.024999999999999935e-09 -9.803899999999973747e-02 1.443895299999999882e+00 1.349083400000000044e+00
2.025999999999999828e-09 -6.539600000000006519e-02 -1.510280300000000242e+00 1.387957299999999616e+00
2.027000000000000135e-09 1.428499499999999589e+00 1.431099400000000132e+00 9.123009217000060955e-02
2.028000000000000028e-09 -3.772445999999997079e-01 1.776900000000334462e-03 2.956445999999998131e-01
2.028000000000000028e-09 5.571053000000002475e-01 2.278879999999966488e-02 -4.487144004799999419e-01
2.028999999999999921e-09 -3.772475000000002354e-01 1.801700000000377999e-03 2.956316999999998862e-01
2.028999999999999921e-09 5.571421000000001955e-01 2.277449999999975327e-02 -4.487144541500000527e-01
2.028999999999999921e-09 -5.531799999999809092e-03 1.634446378139999823e+00 1.274047999999999847e+00
2.031000000000000121e-09 -5.845730000000015636e-02 -1.396277499999999616e+00 1.552784900000000246e+00
2.032000000000000014e-09 -1.175907800000000059e+00 -1.490177600000000435e+00 2.057270082000019207e-02
2.032000000000000014e-09 1.292889601460000204e+00 1.456437700000000390e+00 7.309630000000005845e-02
2.032999999999999907e-09 -1.175928700000000049e+00 -1.490185300000000490e+00 2.058890081999993626e-02
2.032999999999999907e-09 1.292912101460000240e+00 1.456440000000000623e+00 7.307350000000004120e-02
2.033999999999999800e-09 1.303247999999998241e-01 -1.519281400000000115e+00 1.495648300000000042e+00
2.035000000000000107e-09 -1.371650600000000164e+00 -1.530831300000000006e+00 1.038868000000001540e-01
2.040999999999999880e-09 1.482451157770000139e+00 -1.550066611347000078e+00 -1.055785541510000647e-01
2.043000000000000079e-09 -1.209200000000326680e-03 1.434869314516999950e+00 1.396400300000000039e+00
2.043000000000000079e-09 -5.337586034799997048e-01 1.547507999999998829e-01 7.818909936499999214e-01
2.043000000000000079e-09 6.788382999999997836e-01 -9.543627629999978934e-02 -8.510732936499999512e-01
2.043000000000000079e-09 -5.333492034799998116e-01 1.542183999999996724e-01 7.805871936499999553e-01
2.043000000000000079e-09 6.784441000000001054e-01 -9.488382262999983663e-02 -8.504811936500000780e-01
2.043999999999999973e-09 -5.334003034799998932e-01 1.538157999999997805e-01 7.799453936499999296e-01
2.043999999999999973e-09 6.781522999999995971e-01 -9.449192485999957647e-02 -8.500050936499999876e-01
2.047000000000000066e-09 -5.334234034799993918e-01 1.535328999999996946e-01 7.794511936500001514e-01
2.047000000000000066e-09 6.778560999999997394e-01 -9.415567341999964146e-02 -8.495646936500002022e-01
2.047999999999999959e-09 1.392037200000000086e+00 1.400525599999999926e+00 -2.190793949999988999e-02
2.047999999999999959e-09 -1.582854699999999948e+00 2.485009999999995833e-02 1.506301000000000112e+00
2.054000000000000145e-09 1.225997927450000136e+00 5.015309999999995050e-02 -1.525703357159999829e+00
2.055000000000000038e-09 -1.582897099999999835e+00 2.486309999999977705e-02 1.506280899999999923e+00
2.055000000000000038e-09 2.675030700000000206e+00 1.537509900000000096e+00 -1.542894100000000046e+00
2.055999999999999931e-09 1.149617500410000215e+00 1.052248000000000766e-01 1.442768100000000775e+00
2.056999999999999824e-09 1.643065099999999834e+00 1.633210140629999696e+00 -2.314370000000015581e-02
2.058000000000000131e-09 -1.658541999999999739e+00 1.034822790099999001e-01 -1.497681699999999561e+00
2.059000000000000024e-09 1.519585629219999845e+00 1.507547580359999806e+00 2.455340000000008627e-02
2.059999999999999917e-09 -5.004229999999989381e-02 1.547244099999999900e+00 1.343861218870000096e+00
2.071999999999999876e-09 -1.444088199999999933e+00 -1.433043299999999798e+00 6.121287236699999440e-02
2.071999999999999876e-09 1.540143100000000320e+00 1.480361985010000048e+00 4.169633357000004925e-02
2.075999999999999862e-09 -1.077400000000006131e-02 1.543215499999999629e+00 1.506244866430000107e+00
2.083999999999999834e-09 -1.550209999999993538e-02 -1.493533999999999473e+00 -1.555090344379999934e+00
2.085000000000000141e-09 -1.444032699999999281e+00 -1.433004200000000283e+00 6.122033561699994492e-02
2.086000000000000034e-09 1.540142099999999736e+00 1.480303029100000334e+00 4.167735562000010607e-02
2.096000000000000207e-09 -1.457193399999999972e+00 1.139036999999999411e-01 1.569788144379999917e+00
2.097999999999999993e-09 1.414347799999999822e+00 5.670850000000007829e-02 1.441431000000000129e+00
2.098999999999999886e-09 1.480835700000000088e+00 1.356820299999999868e+00 9.790045508000005947e-02
2.098999999999999886e-09 -2.370900064800018914e-02 -1.109727200000000025e+00 1.190607599999999877e+00
2.098999999999999886e-09 -1.129713993519999571e-01 1.185970500000000039e+00 -1.241918000000000077e+00
2.100000000000000193e-09 -2.367981023000020890e-02 -1.109699400000000225e+00 1.190594599999999836e+00
2.101999999999999979e-09 -7.231608977000000826e-02 -1.424898100000000056e+00 -1.258375565719999978e+00
2.101999999999999979e-09 1.359765700000000077e+00 -1.356257599999999730e+00 -2.900670851999957722e-02
2.101999999999999979e-09 1.284684300000000334e+00 -1.323990600002183937e-04 -1.390577049148000732e+00
2.105000000000000072e-09 -1.536082299999999679e+00 -2.577489999999995479e-02 -1.615139195531999805e+00
2.109999999999999952e-09 -5.437079999999987201e-02 -6.866866999999999832e-01 -6.665172559079998171e-01
2.109999999999999952e-09 3.885159999999991676e-02 7.418508000000000324e-01 7.583665089349997945e-01
2.116000000000000138e-09 1.593477000000000254e+00 1.469629999999996772e-02 -1.328600799999999804e+00
2.120000000000000124e-09 -1.612417200000000328e+00 2.533799999999947206e-03 1.352306309939999895e+00
2.121999999999999910e-09 1.593479100000000148e+00 1.470300000000007712e-02 -1.328618000000000077e+00
2.122999999999999803e-09 1.419391698000000090e+00 -1.463715700000000064e+00 -2.013293544800001666e-02
2.125999999999999896e-09 1.523373702000000218e+00 1.524652499999999966e+00 -5.873737909999982021e-03
2.125999999999999896e-09 -1.499962053026999698e+00 -9.796209999999999640e-02 -1.600829100000000116e+00
2.137999999999999855e-09 -1.475091037622999979e+00 -1.609133647440000203e+00 1.163142427980001226e-01
2.175000000000000037e-09 1.397559159510000093e+00 1.022243735499997475e-01 1.318378457201999421e+00
2.175999999999999930e-09 -1.459439127809999626e+00 1.431536299999999873e+00 -9.391801569999996824e-02
2.176999999999999824e-09 -1.583887300000000442e+00 1.563719999999985122e-02 1.359832699999999894e+00
2.182000000000000116e-09 -3.636569999999977182e-02 -6.897600475599999781e-01 -6.817417345999998712e-01
2.182000000000000116e-09 2.872000000000020370e-02 7.485344000000002662e-01 7.763204804500000167e-01
2.183000000000000010e-09 1.576262600000000180e+00 8.819500000000174422e-03 -1.341457199999999794e+00
2.183999999999999903e-09 -1.554018199999999350e+00 -1.408056242610000286e+00 -1.733700000000115704e-03
2.187999999999999889e-09 -1.444885300000000150e+00 7.310504261000033699e-02 1.346238297540000017e+00
2.187999999999999889e-09 -1.407646600000000081e+00 1.432342486470000065e+00 -4.295559753999986241e-02
2.189000000000000196e-09 -1.670310699999999482e+00 1.175691999999999293e-01 -1.486701400000000284e+00
2.190000000000000089e-09 -1.373695502000000346e+00 -3.576500000000149004e-03 1.329884399999999856e+00
2.194000000000000075e-09 -1.460699900000000051e+00 -4.416359999999998343e-02 1.424941819210000071e+00
2.194999999999999968e-09 -1.513538499999999676e+00 -5.705860000000003568e-02 -1.265002662130000122e+00
2.194999999999999968e-09 1.502652299999999608e+00 -1.242929999999993484e-02 1.453214787720000567e+00
2.195999999999999861e-09 1.188509160400000875e-01 1.539743491649999907e+00 1.596473482879999795e+00
2.195999999999999861e-09 -1.339539516039999878e+00 1.539265800000000128e+00 -1.617369841799998209e-01
2.195999999999999861e-09 -1.697661000000000864e-01 1.560756699999999775e+00 -1.552877412520000000e+00
2.198999999999999954e-09 -1.584039864559999788e+00 1.408780999999999839e+00 -7.038892463999998905e-02
2.199999999999999848e-09 -7.348713000000002271e-01 7.667961000000000915e-01 7.417869999999990305e-02
2.199999999999999848e-09 9.622375000000000789e-01 -9.716511000000003229e-01 4.209529999999989114e-02
2.202000000000000047e-09 -7.355817000000000050e-01 7.667294000000002274e-01 7.409470000000015211e-02
2.202000000000000047e-09 -7.773612000000000855e-01 7.164710000000000800e-01 -2.061065749499998642e-02
2.206000000000000034e-09 6.018416000000000876e-01 -6.102143999999998236e-01 1.090258999999998701e-01
2.206000000000000034e-09 -7.773707000000000811e-01 7.164595000000000269e-01 -2.063735908000005267e-02
2.209000000000000127e-09 6.018553999999999293e-01 -6.101761999999998354e-01 1.090677999999998815e-01
2.209000000000000127e-09 -7.773402000000000367e-01 7.164479999999998627e-01 -2.070442680000006072e-02
2.210999999999999913e-09 6.018452000000000801e-01 -6.101570999999997857e-01 1.091136999999998969e-01
2.210999999999999913e-09 9.676510999999998752e-01 -9.763031000000002013e-01 4.544452450999995896e-02
2.210999999999999913e-09 -6.536980000000001123e-01 7.563323000000001795e-01 6.295010000000007822e-02
2.210999999999999913e-09 -7.773620000000001085e-01 7.164690999999999699e-01 -2.060875749500002199e-02
2.211999999999999806e-09 6.018528000000000766e-01 -6.102201999999998794e-01 1.090162999999998716e-01
2.211999999999999806e-09 -7.773714000000000457e-01 7.164576999999998641e-01 -2.062785908000009175e-02
2.213000000000000113e-09 6.018663999999999126e-01 -6.101838999999997792e-01 1.090619999999998813e-01
2.213000000000000113e-09 -7.773406000000001592e-01 7.164443000000000339e-01 -2.069872680000007029e-02
2.214000000000000006e-09 -1.318665900000000057e+00 -9.004790446799990078e-02 -1.253160199999999946e+00
2.214999999999999899e-09 -1.651729400000000236e+00 1.286544022298000023e+00 5.773899999999990151e-02
2.221000000000000085e-09 1.186638099999999918e+00 -8.572881782999983158e-02 1.591148299999999960e+00
2.222999999999999871e-09 -1.128923600000000027e+00 1.141706099999999946e+00 -2.472657494999978833e-02
2.225999999999999965e-09 -7.861287000000003466e-01 7.635682012600000235e-01 1.592678100000000319e+00
2.233000000000000044e-09 -1.402642999999999862e+00 5.909209999999996688e-02 1.451406075199999979e+00
2.233000000000000044e-09 -1.467394000000000309e+00 1.499656999999999796e+00 2.592208000000000845e-01
2.234999999999999830e-09 -1.103496999999999950e-01 -1.445483599999999758e+00 -1.153250991356999933e+00
2.236000000000000137e-09 8.045804999999999207e-01 -3.412628999999999246e-01 6.056344999999999645e-01
2.236000000000000137e-09 8.507164999999999866e-01 3.857673882599997883e-01 8.418617999999998824e-01
2.237000000000000030e-09 -1.480564700000000178e+00 -1.565954899999999705e+00 1.685986804200001465e-01
2.244000000000000109e-09 1.531858699999999907e+00 1.578429504379999848e+00 -1.377828042000001085e-02
2.253999999999999868e-09 5.459774000000000571e-01 7.214004000000000527e-01 6.492009017000002769e-02
2.253999999999999868e-09 9.315434000000000214e-01 6.714660999999996216e-01 3.600490000000006185e-02
2.260000000000000054e-09 -7.453441000000000649e-01 -6.483059999999998269e-01 -2.301839999999997360e-02
2.260000000000000054e-09 -7.072067999999999133e-01 -8.385129000000002275e-01 -1.139148000000000660e-01
2.264999999999999933e-09 5.495652999999999233e-01 6.937996000000000718e-01 7.328519999999999479e-02
2.264999999999999933e-09 -7.072171000000000429e-01 -8.384807999999999151e-01 -1.138982999999999662e-01
2.279000000000000092e-09 1.202899200000000057e+00 2.987330129399998896e-02 -1.345302285469999859e+00
2.279000000000000092e-09 -1.336803599999999870e+00 6.281629999999992220e-02 -1.162454331400000207e+00
2.284999999999999864e-09 1.443535800000000258e+00 3.545779999999990051e-02 -1.404123568769999775e+00
2.286000000000000171e-09 -4.311380000000025747e-02 -1.595915999999999890e+00 1.342866715580000037e+00
2.287999999999999957e-09 1.493728799999999524e+00 -8.092590000000016159e-02 -1.371480700000000219e+00
2.287999999999999957e-09 1.150283602299999819e+00 -5.806509999999986960e-02 1.443303900000000084e+00
2.288999999999999850e-09 -1.466876902299999452e+00 -1.474888300000000152e+00 3.294770905999989952e-02
2.291999999999999943e-09 1.548400000000010879e-02 1.575725910110000072e+00 -1.293405608479999858e+00
2.292999999999999837e-09 8.474749999999989236e-02 -1.673576310109999854e+00 -1.514796200580000196e+00
2.292999999999999837e-09 1.344766599999999812e+00 -1.601428900000000377e+00 4.227952121000005947e-02
2.294000000000000143e-09 -1.510587799999999925e+00 1.595455199999999962e+00 4.077028283000003889e-02
2.295000000000000036e-09 -1.547975800000000124e+00 -5.357350000000021817e-02 -1.493967700000000010e+00
2.329000000000000126e-09 5.931851686999998347e-02 1.448242999999999725e+00 -1.514934000000000225e+00
2.330999999999999912e-09 1.566886683129999902e+00 8.291440000000016575e-02 -1.183762410290000178e+00
2.331999999999999805e-09 -1.621378056619999786e+00 -1.048353999999999536e-01 1.455881774960000152e+00
2.334000000000000005e-09 1.388946656619999942e+00 1.375476200000000038e+00 9.352399999999982949e-02
2.334999999999999898e-09 -3.190648230000012187e-02 1.410520500000000066e+00 -1.481639799999999951e+00
2.336000000000000205e-09 -1.450185799999999858e+00 -1.010410000000001030e-01 1.483962900000000529e+00
2.337999999999999991e-09 1.311054300000000117e+00 -1.152706000000000564e-01 -1.612283956680000241e+00
2.337999999999999991e-09 1.447345499999999952e+00 1.262606700000000082e+00 1.738170000000027748e-02
2.338999999999999884e-09 -1.404311799999999888e+00 1.563267999999999880e+00 1.043651509599995281e-01
2.340000000000000191e-09 -3.490499579999917223e-03 1.605147700000000288e+00 -1.416252300000000020e+00
2.345999999999999964e-09 -1.380245312240000022e+00 -1.359049199999999846e+00 4.511334027099980076e-02
2.354999999999999829e-09 5.539150000000003793e-02 -1.185749100000000222e+00 1.484968499999999914e+00
2.356000000000000136e-09 1.487020399999999576e+00 -1.424044599999999994e+00 1.860398305100002259e-01
2.362999999999999802e-09 -5.310099999999984277e-03 -1.406115499999999852e+00 1.448840169489999941e+00
2.365999999999999895e-09 -1.302381800000000034e+00 -4.717999999999805683e-03 -1.360614927039999866e+00
2.367000000000000201e-09 -1.589551610979999641e+00 -5.280719999999995695e-02 -1.428240799999999755e+00
2.368999999999999988e-09 -1.576993889020000150e+00 -3.940390000000001947e-02 -1.240957846380000174e+00
2.368999999999999988e-09 -1.451111800000000063e+00 -6.446579999999997590e-02 -1.421448700000000009e+00
2.372999999999999974e-09 -1.153445000000000054e+00 1.443271900000000274e+00 9.611942233000003721e-02
2.375000000000000174e-09 1.178830123860000079e+00 -1.557787668660000291e+00 5.280380000000007429e-02
2.384000000000000039e-09 -1.514340000000011233e-02 1.392458599999999880e+00 1.319244400000000095e+00
2.388000000000000025e-09 -1.657583200000000367e+00 1.384375799999999934e+00 -2.204170000000002516e-02
2.388999999999999919e-09 -2.537123263000017059e-02 -1.134984499999999397e+00 1.238616500000000009e+00
2.389999999999999812e-09 -9.937100000000108346e-03 -1.403942000000000689e+00 -1.432756761660000322e+00
2.392000000000000012e-09 -1.574676500000000035e+00 1.471328699999999490e+00 6.950229999999990582e-02
2.399999999999999984e-09 2.221058299999999708e+00 -8.386194580599998227e-01 -1.676270676120999781e+00
2.402000000000000184e-09 1.527871100000000260e+00 1.748919999999956620e-02 1.262292993009999975e+00
2.407000000000000063e-09 -1.509120000000000239e+00 1.436830799999999853e+00 1.174342099300001441e-01
2.410000000000000156e-09 1.358403100000000308e+00 -1.486213899999999200e+00 2.100819007000036959e-02
2.419000000000000022e-09 7.509309999999982943e-02 1.531852700000000178e+00 -1.524779900000000410e+00
2.420999999999999808e-09 -1.672264999999999668e+00 -1.597943200000000008e+00 1.343088035280000647e-01
2.427999999999999887e-09 -1.097719860190000452e+00 1.433206199999999875e+00 -9.433179358999990716e-02
2.430000000000000087e-09 -1.918310000000003623e-02 1.505328742989999746e+00 -1.550225300000000139e+00
2.430999999999999980e-09 -1.450798500000000102e+00 1.416850271889999791e+00 -6.680395749999977484e-03
2.433000000000000180e-09 1.254696100000000314e+00 2.857441904000031230e-02 1.247058007629999743e+00
2.433000000000000180e-09 -1.453373999999999944e+00 -1.479648800000000319e+00 -5.450190762999934657e-02
2.434000000000000073e-09 1.447221600000000441e+00 1.561396900000000088e+00 7.121186205999979757e-02
2.435999999999999860e-09 6.564455000000003482e-01 9.580339999999974709e-02 7.418449923699999005e-01
2.435999999999999860e-09 7.262477999999996658e-01 -4.670030000000001402e-02 7.844266000000008621e-01
2.438000000000000060e-09 1.500305999999999917e+00 1.450031503469999983e+00 -1.383196000000000980e-01
2.464000000000000177e-09 1.424766399999999988e+00 -9.099613309999970978e-02 1.436236700000000255e+00
2.465999999999999963e-09 -1.527667800000000353e+00 6.456509988000008748e-02 -1.547527199999999326e+00
2.484000000000000108e-09 1.425765688060000258e+00 -1.403747470250000129e+00 -1.966166000000005853e-01
2.484000000000000108e-09 -8.868800000000509609e-03 -1.443099200000000026e+00 1.185617500000000435e+00
2.485000000000000001e-09 8.827699999999984171e-02 4.546166999999998737e-01 7.056716999999997908e-01
2.485000000000000001e-09 1.323390000000020106e-02 -6.909992999999994279e-01 -8.043618999999999630e-01
2.485999999999999894e-09 8.827429999999984733e-02 4.545688999999996094e-01 7.056194000000000077e-01
2.485999999999999894e-09 -2.684619999999970225e-02 7.318840247600002513e-01 7.563927999999997542e-01
2.492000000000000080e-09 3.520589999999997055e-02 1.370006400000000069e+00 -1.381970299999999874e+00
2.492000000000000080e-09 -1.549516699999999858e+00 -5.390219999999995570e-02 -1.548285000000000133e+00
2.493999999999999866e-09 1.181462499999999860e+00 -1.342245600000000483e+00 2.060430000000040840e-02
2.496000000000000066e-09 -1.515909399999999740e+00 1.501503800000000277e+00 -1.732299306000020800e-02
2.500999999999999945e-09 1.409504799999999891e+00 1.035962915400002737e-01 1.427230799999999800e+00
2.501999999999999839e-09 -1.534574400000000338e+00 -4.916939153999999590e-02 -1.562434100000000381e+00
2.512999999999999904e-09 1.409520100000000387e+00 1.036008452199999597e-01 1.427242600000000250e+00
2.513999999999999797e-09 -1.534576499999999788e+00 -4.915224521999977947e-02 -1.562438500000000285e+00
2.515999999999999997e-09 1.607846200000000003e+00 1.527409500000000087e+00 -2.745523479999963795e-02
2.515999999999999997e-09 -5.404529999999985179e-02 1.166701300000000163e+00 1.403249434800000195e+00
2.516999999999999890e-09 1.282887400000000122e+00 1.299606199999999934e+00 -1.204823000000001393e-01
2.520999999999999876e-09 -1.366849999999999898e+00 3.267500000000020388e-03 1.587405799999999978e+00
2.520999999999999876e-09 -1.403396400000000099e+00 -3.536799999999985095e-02 1.489686300000000019e+00
2.522000000000000183e-09 1.349366199999999960e+00 -4.526989999999987691e-02 -1.355551100000000009e+00
2.522000000000000183e-09 -1.403264899999999926e+00 -3.536709999999980425e-02 1.489650800000000164e+00
2.523999999999999969e-09 1.349329999999999696e+00 -4.527080000000001381e-02 -1.355559500000000028e+00
2.523999999999999969e-09 -1.817776814000005015e-02 1.362685200000000041e+00 -1.373597100000000015e+00
2.524999999999999863e-09 -1.439421600000000190e+00 -9.334999999999205045e-04 -1.509920419222000376e+00
2.524999999999999863e-09 1.439069600000000282e+00 6.979899999999927829e-03 1.416471700000000222e+00
2.524999999999999863e-09 -1.438948700000000303e+00 -8.026999999999617774e-04 -1.509255677658400074e+00
2.526000000000000169e-09 1.438884600000000402e+00 6.743099999999974115e-03 1.416250000000000231e+00
2.527000000000000062e-09 -1.438507900000000284e+00 -6.492000000000719417e-04 -1.508719329395000308e+00
2.527000000000000062e-09 -1.268307000000000073e+00 4.627220000000006883e-02 1.235190470250000505e+00
2.527999999999999956e-09 -1.032848000000000377e-01 -1.252850699999999762e+00 -1.305231381670000079e+00
2.527999999999999956e-09 -5.851189999999981128e-02 -1.226393899999999926e+00 1.399319881670000321e+00
2.528999999999999849e-09 1.379245900000000136e+00 1.225313099999999933e+00 -1.306021856600001474e-01
2.528999999999999849e-09 -1.169219899999999868e+00 1.496406699999999645e+00 6.120647859000011293e-02
2.536999999999999821e-09 1.236575099999999816e+00 9.810530000000006190e-02 -1.287553100000000450e+00
2.539999999999999914e-09 1.575393499999999891e+00 1.690929999999984945e-02 -1.668560900000000569e+00
2.543999999999999900e-09 4.305729999999993729e-02 1.534112400000000154e+00 -1.349594699999999925e+00
2.546000000000000100e-09 -1.460102800000000034e+00 6.602760000000000573e-02 1.453089699999999596e+00
2.550999999999999980e-09 -1.408729499999999746e+00 -2.935220000000002272e-02 -1.496334457270000140e+00
2.551999999999999873e-09 1.365116099999999832e+00 -2.722549999999990256e-02 1.493006296750000406e+00
2.554999999999999966e-09 -1.408748499999999737e+00 -2.931880000000003372e-02 -1.496299257270000016e+00
2.555999999999999859e-09 -1.495552875950000526e+00 -1.563970699999999603e+00 -1.574489999999989509e-02
2.562000000000000045e-09 -5.614979999999988175e-02 -1.610676600000000125e+00 -1.367836200000000169e+00
2.562999999999999938e-09 6.442860000000005805e-02 1.585350899999999674e+00 1.554725100000000415e+00
2.565000000000000138e-09 -1.285163000000001110e-01 1.397231000000000112e+00 1.514798499999999937e+00
2.570999999999999911e-09 -1.372443000000000690e-01 1.491785199999999811e+00 1.285438500000000150e+00
2.574000000000000004e-09 9.125520000000011955e-02 9.617769302299999934e-01 -1.248077196001999845e+00
2.576000000000000203e-09 1.452698799999999624e+00 -1.495075299999999885e+00 4.110148211999990753e-02
2.576000000000000203e-09 1.431086399999999870e+00 -1.511703200000000358e+00 6.591730671000020636e-02
2.577999999999999990e-09 -4.227327212999951178e-02 1.548133699999999724e+00 -1.346671300000000127e+00
2.580000000000000190e-09 -1.375311099999999787e+00 1.130201999999998902e-01 1.433409999999999851e+00
2.580000000000000190e-09 1.433108300000000002e+00 -6.910919999999980134e-02 -1.547120300000000004e+00
2.585000000000000069e-09 -5.153109999999999635e-02 1.580976700000000346e+00 -1.589709599999999723e+00
2.597999999999999921e-09 2.036674500000000165e+00 -5.870264999999998956e-01 -2.009866300000000106e+00
2.601999999999999907e-09 -5.841989999999996908e-02 -1.380821199999999971e+00 -1.402983945559999945e+00
2.605000000000000000e-09 1.414459099999999969e+00 4.246529999999951177e-02 1.511844845560000206e+00
2.607000000000000200e-09 6.633930000000019811e-02 1.406842099999999984e+00 -1.535672399999999937e+00
2.608999999999999986e-09 -1.514660000000000117e+00 -1.428381699999999865e+00 -4.705229394600024539e-03
2.612000000000000079e-09 -1.330021799999999921e+00 1.289763199999999888e+00 -1.446800999999999227e-01
2.612999999999999972e-09 1.487397199999999753e+00 6.472799999999964693e-02 -1.426667099999999744e+00
2.616000000000000065e-09 1.446340399999999971e+00 1.427173300000000644e+00 -5.578798425999993704e-02
2.623000000000000145e-09 8.551793115000017043e-02 1.369597100000000900e+00 -1.361691666720000082e+00
2.628999999999999917e-09 1.478275568850000221e+00 9.051049999999963291e-02 1.406821999999999795e+00
2.628999999999999917e-09 -1.407228668849999975e+00 -3.355740000000045214e-02 -1.451223199999999824e+00
2.632999999999999903e-09 -3.534123114999951354e-02 2.933597100000000069e+00 -2.848489799999999850e+00
2.633999999999999796e-09 9.704699999999732984e-03 -1.657079400000000202e+00 -1.325466161900000106e+00
2.633999999999999796e-09 -1.483186399999999905e+00 -1.495698999999999668e+00 -2.660370000000034096e-02
2.638000000000000196e-09 1.317222699999999858e+00 1.432445399999999758e+00 -6.602780000000002536e-02
2.639000000000000089e-09 -1.483209500000000070e+00 -1.495668399999999565e+00 -2.658000000000027008e-02
2.639000000000000089e-09 -1.571605700000000105e+00 1.495686500000000141e+00 -4.576479963999979805e-02
2.647000000000000062e-09 -4.152324459999981454e-03 -1.428064071740000163e+00 -1.398756899999999970e+00
2.652999999999999834e-09 -1.546310382660000204e+00 1.408764671740000196e+00 2.289299999999994117e-02
2.655999999999999927e-09 -1.488862099999999966e+00 1.448779999999999735e+00 1.388998000000000177e-01
2.655999999999999927e-09 -1.180238646599999358e-01 1.350691999999999782e+00 -1.455851376490000293e+00
2.656999999999999820e-09 1.444649699999999815e+00 -3.760130000000018458e-02 1.290892173839999435e+00
2.659999999999999913e-09 -1.490166499999999949e+00 3.632000000003965390e-04 -1.352566200000000052e+00
2.660999999999999807e-09 -1.587296599999999946e+00 1.044449999999987055e-02 -1.388039000000000023e+00
2.663000000000000006e-09 1.555743200000000215e+00 -3.092459999999991327e-02 1.561327799999999932e+00
2.663999999999999900e-09 1.444624000000000130e+00 -3.756539999999970736e-02 1.290815573840000230e+00
2.666000000000000099e-09 1.412232558659999970e+00 1.381203799999999537e+00 3.036579999999999835e-02
2.682000000000000044e-09 -1.486568600000000462e+00 -1.362830099999999600e+00 -3.383520000000023176e-02
2.694999999999999896e-09 -1.483833399999999525e+00 5.519000000005491735e-04 -1.366256800000000382e+00
2.694999999999999896e-09 1.453266302589999892e+00 -3.781590000000044360e-02 1.297573844450000013e+00
2.696000000000000203e-09 -1.181925999999998977e-01 1.377034599999999998e+00 -1.458201499999999040e+00
2.697000000000000096e-09 1.462997399999999892e+00 1.529940999999999773e+00 -3.368820000000030679e-02
2.713000000000000041e-09 1.440893200000000096e+00 -5.017109999999971870e-02 1.393363800000000374e+00
2.713999999999999934e-09 -1.291905407640000281e+00 -1.432088299999999981e+00 1.425373750999978095e-02
2.717999999999999920e-09 1.498163181540000277e+00 -1.594818299999999800e+00 1.051726248999999835e-02
2.717999999999999920e-09 -1.585920573899999964e+00 5.708769999999996347e-02 1.373015407220000261e+00
2.721999999999999906e-09 -1.290968688310000001e+00 1.015855000000002728e-01 -1.399366307220000216e+00
2.733999999999999865e-09 -1.517434077306999862e+00 1.704419999999966240e-02 -1.329093999999999998e+00
2.733999999999999865e-09 -7.091322692999835198e-03 -1.428646999999999556e+00 1.410418499999999797e+00
2.736000000000000065e-09 -1.350268599999999930e+00 3.088069999999984439e-02 -1.331452399999999647e+00
2.737999999999999851e-09 -1.342654692880000278e+00 1.997365895400000091e-01 1.390692899999999899e+00
2.737999999999999851e-09 -1.541602469310999757e+00 1.487812050270000075e+00 -4.513899999999848589e-03
2.739000000000000158e-09 -1.294081543738999862e+00 -1.478632539809999979e+00 1.654148634999999812e-01
2.739000000000000158e-09 -1.571727900000000178e+00 4.531810829999990964e-02 -1.578034533630000125e+00
2.740999999999999944e-09 -7.036290000000011702e-02 -1.506201885579999900e+00 -1.483018100000000228e+00
2.743000000000000144e-09 -1.474385000000000279e+00 -3.057039999999983104e-02 1.491115100000000027e+00
2.744000000000000037e-09 -4.746799999999998243e-02 1.394832199999999744e+00 1.517476000000000047e+00
2.747000000000000130e-09 1.432434199999999880e+00 1.133655000000001745e-01 1.501347558119999981e+00
2.748000000000000023e-09 -1.515921112579999619e+00 -1.603177700000000261e+00 7.434163174000016361e-02
2.756999999999999889e-09 -1.536739499999999925e+00 1.610335700000000037e+00 -6.758233051000014924e-02
2.768999999999999847e-09 -1.669604400000000100e+00 -9.765850000000009246e-02 -1.525859992530000042e+00
2.790999999999999978e-09 -1.474399599999999921e+00 2.352759999999998186e-02 -1.446262381130000385e+00
2.790999999999999978e-09 1.074620000000002240e-01 1.528830699999999876e+00 1.541723464552000156e+00
2.801000000000000150e-09 3.205699999999978012e-02 -1.338394099999999476e+00 1.440049200000000251e+00
2.806999999999999923e-09 -4.068599999999839012e-03 1.456022999999999845e+00 1.461534622280000306e+00
2.807999999999999816e-09 3.018969999999979170e-02 1.458063600000000237e+00 -1.411644058370000065e+00
2.807999999999999816e-09 -5.569611999999997121e-01 5.226493000000000944e-01 -7.314230000000006282e-02
2.807999999999999816e-09 -8.232648324400001494e-01 9.522641000000001688e-01 -5.323035901999995101e-02
2.807999999999999816e-09 -8.173350000000016713e-02 -4.276351000000002123e-01 -6.327222999999999598e-01
