# t
0.000000000000000000e+00
1.072939000000000100e-12
8.623176800000000189e-12
2.379831799999999957e-11
4.519680399999999972e-11
4.979320100000000292e-11
5.224390200000000233e-11
7.580120999999999988e-11
9.182072000000000136e-11
9.917889199999999397e-11
1.035486199999999987e-10
1.142400500000000009e-10
1.162594699999999988e-10
1.165672700000000052e-10
1.174952300000000072e-10
1.203602699999999992e-10
1.209448700000000046e-10
1.391977599999999943e-10
1.414309099999999919e-10
1.631273099999999947e-10
1.639232000000000001e-10
1.818976600000000063e-10
1.866346300000000032e-10
2.097347499999999979e-10
2.171448200000000029e-10
2.181037699999999937e-10
2.199556300000000063e-10
2.215561700000000075e-10
2.504196100000000201e-10
2.543500199999999914e-10
2.580148600000000100e-10
2.631700499999999974e-10
2.648221200000000053e-10
2.764734599999999838e-10
2.840882699999999947e-10
3.039579099999999985e-10
3.067977600000000153e-10
3.118896300000000013e-10
3.138690499999999792e-10
3.234205499999999746e-10
3.287195100000000177e-10
3.337037500000000017e-10
3.440046299999999985e-10
3.447949900000000040e-10
3.559496000000000237e-10
3.690940600000000062e-10
3.731139599999999770e-10
3.818298199999999879e-10
3.881785699999999863e-10
3.883581199999999911e-10
4.038811300000000243e-10
4.323591999999999973e-10
4.477575099999999844e-10
4.577790900000000254e-10
4.594989900000000145e-10
4.704802600000000340e-10
4.885559799999999969e-10
4.952937199999999790e-10
4.972704500000000196e-10
5.002988600000000079e-10
5.019413200000000130e-10
5.035703799999999859e-10
5.176765299999999641e-10
5.390501700000000487e-10
5.477450699999999542e-10
5.506635799999999614e-10
5.590341900000000349e-10
5.758615499999999924e-10
5.801304600000000241e-10
5.902130599999999537e-10
5.907734100000000096e-10
5.987312599999999874e-10
6.028815200000000405e-10
6.073346999999999583e-10
6.084804899999999616e-10
6.096979000000000272e-10
6.097711399999999648e-10
6.120599599999999809e-10
6.372565600000000095e-10
6.469123800000000478e-10
6.478394799999999670e-10
6.495288499999999743e-10
6.539173099999999615e-10
6.630809700000000295e-10
6.653879899999999536e-10
6.731053000000000165e-10
6.747530100000000408e-10
6.915992900000000117e-10
6.975428700000000178e-10
7.184737900000000309e-10
7.284376800000000247e-10
7.320861300000000299e-10
7.478403299999999960e-10
7.554476499999999871e-10
7.574903400000000020e-10
7.591426500000000451e-10
7.618447400000000506e-10
7.737458600000000047e-10
7.770340600000000471e-10
7.889706100000000456e-10
7.917879600000000245e-10
