# t
0.000000000000000000e+00
1.556891000000000015e-12
8.149969699999999278e-12
1.345857900000000002e-11
1.496180099999999848e-11
1.559137899999999917e-11
3.861781300000000235e-11
3.876462799999999984e-11
4.735747600000000200e-11
4.781442100000000032e-11
4.947437499999999698e-11
5.678977399999999732e-11
5.849613799999999843e-11
6.024374500000000040e-11
1.628983499999999920e-10
1.692074000000000014e-10
1.692581000000000072e-10
1.703212999999999875e-10
1.703413799999999985e-10
1.705593800000000075e-10
1.705978000000000072e-10
1.740832100000000127e-10
1.742055900000000120e-10
1.915850500000000063e-10
1.916669999999999958e-10
1.977864699999999877e-10
1.978115899999999871e-10
2.050199200000000120e-10
2.051754800000000106e-10
2.061368199999999981e-10
2.062366300000000096e-10
2.203610500000000008e-10
2.203849700000000054e-10
2.219791599999999986e-10
2.227707500000000033e-10
2.260074700000000033e-10
2.270346100000000021e-10
2.637394699999999770e-10
2.640081399999999874e-10
2.650756900000000103e-10
2.659278799999999972e-10
2.659335000000000102e-10
2.781266500000000179e-10
2.955058199999999870e-10
2.997495000000000204e-10
3.026365800000000175e-10
3.493393199999999748e-10
3.624952500000000258e-10
3.628065099999999745e-10
3.716898599999999819e-10
3.807407900000000248e-10
3.808303999999999901e-10
3.808525199999999896e-10
3.974959899999999960e-10
4.013395599999999855e-10
4.189955399999999851e-10
4.532299299999999935e-10
8.872560699999999619e-10
9.561683400000000681e-10
9.575803699999999069e-10
9.702887600000000250e-10
9.714566199999999085e-10
1.007084999999999940e-09
1.008248999999999999e-09
1.021757999999999978e-09
1.021765500000000094e-09
1.025057800000000100e-09
1.174109500000000039e-09
1.185742299999999991e-09
1.207947999999999932e-09
1.227439799999999991e-09
1.228238099999999901e-09
1.230845200000000067e-09
1.232310999999999965e-09
1.233193000000000086e-09
1.235409799999999912e-09
1.236510600000000091e-09
1.238870899999999960e-09
1.246802000000000096e-09
1.249980999999999967e-09
1.253811099999999974e-09
1.260891199999999944e-09
1.268081099999999967e-09
1.269630299999999981e-09
1.270002800000000022e-09
1.270028200000000054e-09
1.314773900000000002e-09
1.314874799999999906e-09
1.315521799999999977e-09
1.315567600000000101e-09
1.335831000000000037e-09
1.339901599999999988e-09
1.475438900000000088e-09
1.480606500000000040e-09
1.485220800000000013e-09
1.490407500000000056e-09
1.492226400000000016e-09
1.496522900000000012e-09
1.497673399999999904e-09
1.498167099999999910e-09
1.498210799999999985e-09
1.498836099999999963e-09
1.500080700000000072e-09
1.502646500000000101e-09
1.502672099999999990e-09
1.502710999999999982e-09
1.503725399999999916e-09
1.512547800000000036e-09
1.513750199999999929e-09
1.517560299999999971e-09
1.527699299999999992e-09
1.530373799999999929e-09
1.567226500000000099e-09
1.575816999999999915e-09
1.595930199999999949e-09
1.596386799999999916e-09
1.596694100000000060e-09
1.597909800000000057e-09
1.599742099999999945e-09
1.600189500000000081e-09
1.601686399999999967e-09
1.608968600000000047e-09
1.609902499999999963e-09
1.613067200000000032e-09
1.613841800000000038e-09
1.625170500000000039e-09
1.625857500000000039e-09
1.628393199999999985e-09
1.630062399999999994e-09
1.635118299999999908e-09
1.637070100000000046e-09
1.652344900000000015e-09
1.661940499999999902e-09
1.670765899999999945e-09
1.672542600000000101e-09
1.698823600000000044e-09
1.725747299999999927e-09
1.726034500000000074e-09
1.726077200000000037e-09
1.729126300000000066e-09
1.729933499999999918e-09
1.729954800000000090e-09
1.733632300000000050e-09
1.744855300000000064e-09
1.798280799999999964e-09
1.808274700000000053e-09
1.820709199999999964e-09
1.820850100000000005e-09
1.821055800000000022e-09
1.823418000000000082e-09
1.826819800000000045e-09
1.828477400000000078e-09
1.836252200000000021e-09
1.849969399999999987e-09
1.852341599999999926e-09
1.852677799999999977e-09
1.854565300000000091e-09
1.859401799999999964e-09
1.861987499999999925e-09
1.862086500000000051e-09
1.873283300000000191e-09
1.874967300000000162e-09
1.879198599999999847e-09
1.884895699999999844e-09
1.905790299999999984e-09
1.907777899999999954e-09
1.909838099999999905e-09
1.910591699999999835e-09
1.910666400000000072e-09
1.911067899999999846e-09
2.037669900000000026e-09
2.038738399999999834e-09
2.039262200000000130e-09
2.041715900000000200e-09
2.046238099999999971e-09
2.056544300000000144e-09
2.192872999999999816e-09
2.193276599999999846e-09
2.193692099999999946e-09
2.194326099999999802e-09
2.194767200000000204e-09
2.195159499999999941e-09
2.197756000000000036e-09
2.198576799999999881e-09
2.199531499999999809e-09
2.200772700000000076e-09
2.203007200000000168e-09
2.203813199999999844e-09
2.203851400000000027e-09
2.204220599999999844e-09
2.205459000000000045e-09
2.206237199999999959e-09
2.214118300000000080e-09
2.214481400000000020e-09
2.224859000000000206e-09
2.225672999999999951e-09
2.244775299999999926e-09
2.251833000000000200e-09
2.261651199999999909e-09
2.271604800000000179e-09
2.273241599999999993e-09
2.278340199999999870e-09
2.280372399999999995e-09
2.281272199999999794e-09
2.283778199999999991e-09
2.286019699999999833e-09
2.302111300000000026e-09
2.476790499999999834e-09
2.480660400000000120e-09
2.484429899999999835e-09
2.489027800000000163e-09
2.490042599999999811e-09
2.491127499999999885e-09
2.491525899999999911e-09
2.496291000000000184e-09
2.508153799999999834e-09
2.514152299999999956e-09
2.514187199999999914e-09
2.516047499999999836e-09
2.521374400000000110e-09
2.560748899999999931e-09
2.564997100000000041e-09
2.601815699999999887e-09
2.602098900000000000e-09
2.608157399999999810e-09
2.609895300000000005e-09
2.609958100000000171e-09
2.611040200000000179e-09
2.611237799999999889e-09
2.612246700000000138e-09
2.653058799999999966e-09
2.653453099999999926e-09
2.658581699999999854e-09
2.659086699999999947e-09
2.698137399999999948e-09
2.711636199999999984e-09
2.771519599999999831e-09
2.795556299999999866e-09
2.823340700000000112e-09
2.829103700000000023e-09
2.829943500000000134e-09
2.872737999999999929e-09
2.907419799999999808e-09
2.916202900000000015e-09
2.925835700000000181e-09
2.926663000000000030e-09
2.926981499999999815e-09
2.928129799999999833e-09
2.933280300000000124e-09
2.938634800000000098e-09
2.946990700000000197e-09
2.956258300000000166e-09
2.957968300000000153e-09
2.958975599999999892e-09
2.962805100000000121e-09
2.971294100000000049e-09
3.006011099999999982e-09
3.009485399999999894e-09
3.023703700000000157e-09
3.039468199999999891e-09
3.040205700000000066e-09
3.047513000000000083e-09
3.069939899999999812e-09
3.071034899999999796e-09
3.075100600000000046e-09
3.076821799999999881e-09
3.109713100000000169e-09
3.119896400000000042e-09
3.120186900000000001e-09
3.122781299999999840e-09
3.122881299999999871e-09
3.128108999999999956e-09
3.347187000000000179e-09
3.350425699999999849e-09
3.354893900000000191e-09
3.355719900000000039e-09
3.378418099999999811e-09
3.381349499999999957e-09
3.385814200000000010e-09
3.391820999999999883e-09
3.392241599999999954e-09
3.463028899999999839e-09
3.483272800000000177e-09
3.758707100000000047e-09
3.761224700000000221e-09
3.769914400000000020e-09
3.790941900000000338e-09
3.810831300000000168e-09
3.842123600000000283e-09
3.909421199999999896e-09
