# t	msd	err
1.000000000000030959e-11 4.625164002448911593e-04 1.475463341872661042e-07
2.249999999999738906e-11 4.622190437570097214e-04 5.222906228251191528e-08
4.333333333333835357e-11 4.621862808331298725e-04 2.755236165101963357e-08
6.000000000000186076e-11 4.618777172715033373e-04 2.664505826217582357e-07
1.052631578947349929e-10 5.251566780602749587e-04 1.763192219582879278e-05
2.460466165413519749e-10 5.867898844001483800e-04 2.253030672683301215e-05
4.419298245614013759e-10 7.505828623224555926e-04 2.955566764903460008e-05
7.699690721649476324e-10 8.599325462525102314e-04 3.102104334041360794e-05
1.361783975346681994e-09 1.093889492545149647e-03 2.482146114678984356e-05
2.466511680911672184e-09 1.497111469009192565e-03 2.393692796174465588e-05
4.350999245283029996e-09 2.291288612414579384e-03 2.432711335403093739e-05
7.744063321799378951e-09 3.718454707289833416e-03 2.319906434810446732e-05
1.382150057575243705e-08 6.297956452001303093e-03 2.389274118225614833e-05
2.443390528718149658e-08 1.098617084363646794e-02 2.609833125828558579e-05
4.343108272544181759e-08 1.923654660568518970e-02 2.967686621239014108e-05
7.700940976664952015e-08 3.403014605699918038e-02 3.591547598673290224e-05
1.365227498414992814e-07 6.021165498713170611e-02 4.660596254175798712e-05
2.392976365922422401e-07 1.046813690757054105e-01 6.904726477950193122e-05
3.911795363421004580e-07 1.708705134164192896e-01 1.231901683914730656e-04
