# t	msd	err
2.778484013485769377e-10 9.851640468235964287e-02 3.362156298635628963e-04
8.353394886954428421e-10 2.849223604026070444e-01 4.714022293680416469e-04
1.395994883496077493e-09 4.698131452723881551e-01 6.035825490588137910e-04
1.951987796152075028e-09 6.531748201228815276e-01 7.596257881315199995e-04
2.513401578754864910e-09 8.336943005904513537e-01 9.433340068495859937e-04
3.072391557776820062e-09 1.017949536937546418e+00 1.117634164539362766e-03
3.628348029401300631e-09 1.193281106112013656e+00 1.317226216506355279e-03
4.187147252641689291e-09 1.369419417432873098e+00 1.474373021929815345e-03
4.743608080128340845e-09 1.555956205877219389e+00 1.567523131959361327e-03
5.302375774368460364e-09 1.738128383268791710e+00 1.713510733635361999e-03
5.859654296977635743e-09 1.929505141576094207e+00 1.781707945338935383e-03
6.417670202794880221e-09 2.118405991095313023e+00 1.844500462451149209e-03
6.978488421079017770e-09 2.308314826366003381e+00 1.922970726424471331e-03
7.535756981806403049e-09 2.506041260421864703e+00 2.016415025545175484e-03
8.092265169738792498e-09 2.695871930940294092e+00 2.187863351859942185e-03
8.651447694363069802e-09 2.883766431804489994e+00 2.305693822485856484e-03
9.208094665139812334e-09 3.077157804119004414e+00 2.502261876589326282e-03
9.769069874980988097e-09 3.259281399184061012e+00 2.818901900353013457e-03
1.032625059242714306e-08 3.444068904770287709e+00 3.193459219592440206e-03
1.088078830818044433e-08 3.618926949154596784e+00 3.573625261222531865e-03
1.143828342986213557e-08 3.777983796486473977e+00 4.196845874405370422e-03
1.199832448140873706e-08 3.901075091074684309e+00 4.720805293350579732e-03
1.255737568765373067e-08 4.017084774904329691e+00 4.980270444023000842e-03
1.311669827494431944e-08 4.125100805076611366e+00 4.852843478632910129e-03
1.367049770427994745e-08 4.225164919680648445e+00 4.272071215579307558e-03
1.423242773487389195e-08 4.373860927279834776e+00 4.056334790768748207e-03
1.478840613984957677e-08 4.511361645494929462e+00 3.778519204726679334e-03
1.534242767695174549e-08 4.636749579074995964e+00 3.454551041685489411e-03
1.589551984397109626e-08 4.762687448106692756e+00 3.303800870382548553e-03
1.645239987878983255e-08 4.872069114775706922e+00 2.607988452399402114e-03
1.688750139610510623e-08 4.970667021200907421e+00 3.210719152304369970e-03
