# t	msd	err
9.580406592085787939e-10 9.124029071231505583e-02 3.077350551143749851e-04
2.867498675542435127e-09 2.611264209118351887e-01 3.691566440468677449e-04
4.788200244863692861e-09 4.340037437891015037e-01 3.982396967230694218e-04
6.711672471442043284e-09 6.057331721771890276e-01 4.222772578325739040e-04
8.629549211923089294e-09 7.752868527996121806e-01 4.371990504049841006e-04
1.053680682615977541e-08 9.475442385682548707e-01 4.607842699407170757e-04
1.245547072222426768e-08 1.119571333848258909e+00 4.837033858382527732e-04
1.437207511524442289e-08 1.289626824333683253e+00 5.012059338671251332e-04
1.628981941804320562e-08 1.453796645560273326e+00 5.049284295625554222e-04
1.821212114000610571e-08 1.617883972397135439e+00 4.735722523037114639e-04
2.011890221124162767e-08 1.786083657978420502e+00 4.704679688114468314e-04
2.203722188087735473e-08 1.953904273711995820e+00 5.278023886694967193e-04
2.395176019809636095e-08 2.123034454259623782e+00 5.490303174332537752e-04
2.587610777360471713e-08 2.287694012708981095e+00 5.612959170422094886e-04
2.780450803268394599e-08 2.453968045526768282e+00 5.518977381866566360e-04
2.971402321219133003e-08 2.615856252506191915e+00 5.454541763821792741e-04
3.162267661661176282e-08 2.777436669026502436e+00 5.319801989532037777e-04
3.354598172269218856e-08 2.942229582421878487e+00 5.620424818797451014e-04
3.546798885579830873e-08 3.105965754164888626e+00 5.834243101734880527e-04
3.739441424437578501e-08 3.271181411743260714e+00 6.234693572772494283e-04
3.928934515889949258e-08 3.442716522136768376e+00 6.667400898678729933e-04
4.119968277777707465e-08 3.620837148477957790e+00 6.984904364047000991e-04
4.311931790032668764e-08 3.795248135616099194e+00 6.897844360018639881e-04
4.503296141633409195e-08 3.964486355812700591e+00 7.721655878669224631e-04
4.696223084840239549e-08 4.135948747331109843e+00 8.088872168234673794e-04
4.884782309782656962e-08 4.305764778704365803e+00 9.097175382514430817e-04
5.074669402615554307e-08 4.472631066834681590e+00 1.106817422042315549e-03
5.266483066015736950e-08 4.633411094719304124e+00 1.105749537022245954e-03
5.453781401660253596e-08 4.775020352577984184e+00 1.227427755444400730e-03
5.631771694581548855e-08 4.902912567416664480e+00 1.805812487907069086e-03
5.802668752577425177e-08 4.998342610581191892e+00 3.826975471858884686e-03
