# t	msd	err
1.000000000000075004e-13 1.351084540383573347e-05 2.538059161225699001e-06
2.007999999999980943e-13 1.490213022856444240e-05 2.903010715157525258e-06
2.937499999999980667e-13 1.117297120751633504e-05 1.995345995085147419e-06
5.104426229508218887e-13 1.401196039550077039e-05 1.611324834737867147e-06
9.439878787878662996e-13 1.474889725570357038e-05 1.201268334077475087e-06
1.549016393442621962e-12 1.568704438157815913e-05 1.192442445630951591e-06
2.554674922600618921e-12 1.926846480106337325e-05 1.016591355578284022e-06
4.458784653465328146e-12 2.509423335138249528e-05 1.195789839842209453e-06
7.501214188267407217e-12 3.054761308564138129e-05 9.803154561795556459e-07
1.253307565470414309e-11 4.128403110380014508e-05 1.140795055458532081e-06
2.090771020656150852e-11 5.292121009117129740e-05 1.047766569459697816e-06
3.576832977038780811e-11 7.866864593332940664e-05 1.223769874905100257e-06
6.117853832923924671e-11 1.330858499473016850e-04 1.746615813251947632e-06
1.032379778344758276e-10 2.110386198664435282e-04 2.220111145261757973e-06
1.735514633648467845e-10 4.238438723243136684e-04 3.446644618450181098e-06
2.954187840678496660e-10 8.733989207069056291e-04 5.214630771509418254e-06
5.028112956108156239e-10 1.906436025881158396e-03 8.608699318847053819e-06
8.238066465168925106e-10 4.324837168541598859e-03 1.954112388498869816e-05
1.392991170885532627e-09 9.236524189593867812e-03 2.600071719599517705e-05
