# t	msd	err
9.999999999995312577e-15 1.585987318629042520e+00 0.000000000000000000e+00
4.999999999999594993e-14 1.903351962567421118e+00 2.107342425544701733e-08
1.016666666666741557e-13 1.404802998432732819e+00 9.374733604185644942e-02
2.089285714285693338e-13 1.362629351773582131e+00 1.210981395434104907e-01
3.478378378378336826e-13 1.796103422874468114e+00 9.498955446392140511e-02
6.054776119403034614e-13 2.308271465591883675e+00 1.828256123400704425e-01
1.015694444444445011e-12 2.473702844702754255e+00 1.262415216952712804e-01
1.943059620596202488e-12 3.016988276776866762e+00 1.570013222698088129e-01
3.044127272727260195e-12 4.197253656980692860e+00 2.193231214191249945e-01
5.146021119324227688e-12 5.743838182756508814e+00 2.141355286057667895e-01
9.110538922155632691e-12 8.629887671828850415e+00 2.529091211278131635e-01
1.597168732164703777e-11 1.219939104866923785e+01 2.602264989085936731e-01
2.770366131621520767e-11 1.781795073423613474e+01 2.701967120861386018e-01
4.781995918021420657e-11 3.026541354859435273e+01 3.542877519373676676e-01
8.240554741860263090e-11 5.139668277711085409e+01 5.296154576433710348e-01
1.411878922141559786e-10 9.528569043413629913e+01 7.744734158201191931e-01
2.453066017225327523e-10 1.723375390450250677e+02 1.036588842366603647e+00
4.192511302611749818e-10 3.767868484511636780e+02 1.549712012482660883e+00
7.205577979698938048e-10 7.094879159881841133e+02 2.321778739800277602e+00
1.267771275795438642e-09 9.239999422966382099e+02 2.853870434721710758e+00
1.982209426874046071e-09 1.137501585934034665e+03 2.459912611990086706e+00
