# t	msd	err
9.999999999999621335e-15 2.846456194360739989e-03 7.439429205301684080e-04
2.333333333333316554e-14 3.233470436034124179e-03 7.512936204877451599e-04
9.932203389830135185e-14 3.064383071026757343e-03 2.471557678773879645e-04
1.749999999999971339e-13 4.439850174680459727e-03 2.117072299614035412e-04
2.507500000000075396e-13 3.643843085448461583e-03 2.673285918447805402e-04
4.888709677419327689e-13 4.166211104891480443e-03 2.972135988054598089e-04
8.451048951048925623e-13 4.973317518917073042e-03 2.682545152433898883e-04
1.488036809815948320e-12 6.482391182182764208e-03 2.498448139418446849e-04
2.761501760563386114e-12 9.880472677484031935e-03 2.634041941293912333e-04
4.877782929399377773e-12 1.438916344698335306e-02 2.676061684583509325e-04
8.850819254658387189e-12 2.244815083525145832e-02 2.775513073275465083e-04
1.597265986661431987e-11 3.545771100827975475e-02 2.887034794238480234e-04
2.882286372485418514e-11 5.875735178545031523e-02 3.243446316448242374e-04
5.125496362898920372e-11 9.935950119520577106e-02 3.965549043009078357e-04
9.273149535747406613e-11 1.711632209098046531e-01 4.437918850691738954e-04
1.649067883084941753e-10 3.118297684715167772e-01 5.389640917524044601e-04
2.959920157841362631e-10 5.612610513792242184e-01 6.588600023345939343e-04
4.817068331802859375e-10 9.056637381600032288e-01 8.746910663340941739e-04
