# t	msd	err
8.357142857142563327e-14 2.069603500777454828e-05 3.225929921983505956e-06
1.999999999999967244e-13 2.283334227089861451e-05 6.950088714552838175e-06
5.142777777777830978e-13 1.010101671423514800e-05 1.739609163504456962e-06
9.684050000000259018e-13 1.207738252274815847e-05 1.366762229647264968e-06
1.402812499999997967e-12 8.974490927835193990e-06 1.613487224910153756e-06
2.075261682242943635e-12 1.224852882195873199e-05 1.207239349000584211e-06
3.945431818181784799e-12 1.568726881289676445e-05 1.106969338592744021e-06
6.936966804979253528e-12 1.848627033512699396e-05 1.291650865040229423e-06
1.150081162790696619e-11 2.132825554507138412e-05 9.960603767552373672e-07
1.991115445859872157e-11 2.588245475157512163e-05 1.078908482538587187e-06
3.496281510710248399e-11 3.241069870967462093e-05 9.901568343058904610e-07
6.059252644398075903e-11 4.878747991600762882e-05 1.156392257553340183e-06
1.029639627389775281e-10 6.997327377435973877e-05 1.136561435273513316e-06
1.739583526124624308e-10 9.413796643609722962e-05 1.213162555044847108e-06
2.966822009160036611e-10 1.233641997602839368e-04 1.394570497158352362e-06
5.149460738363722089e-10 1.558906631034902757e-04 1.088920107069498475e-06
8.907712043879148922e-10 2.551241048247423300e-04 1.337573181239614110e-06
1.528109711815197148e-09 3.855702843301399003e-04 1.305942357693879947e-06
2.566844955970787074e-09 6.696838876132915879e-04 1.806515714369118982e-06
4.219700798985167328e-09 1.711418885101347390e-03 5.193449561319661562e-06
