# t
0.000000000000000000e+00
8.390186500000000218e-13
1.480781099999999905e-12
1.872828199999999979e-12
4.956653400000000234e-12
7.406062900000000512e-12
1.192062300000000027e-11
1.321699900000000016e-11
1.383121400000000028e-11
1.393798299999999966e-11
1.539657500000000016e-11
2.492085200000000033e-11
2.653124100000000012e-11
2.670054200000000160e-11
2.854179300000000022e-11
2.983908199999999723e-11
2.997568299999999866e-11
3.047568699999999925e-11
3.560404299999999953e-11
3.829561099999999920e-11
3.870157499999999749e-11
4.111873200000000077e-11
4.125326000000000107e-11
4.262477099999999849e-11
4.262595899999999928e-11
4.452152800000000170e-11
4.458247699999999795e-11
4.751244999999999835e-11
4.753526299999999724e-11
4.762294499999999989e-11
4.883509300000000059e-11
5.160764500000000087e-11
5.175012100000000100e-11
5.802736000000000004e-11
5.802845299999999768e-11
6.074558200000000574e-11
6.815866200000000347e-11
7.852997199999999596e-11
8.485560899999999675e-11
8.607530099999999672e-11
9.194877400000000614e-11
9.206042299999999530e-11
9.438871499999999803e-11
9.532229500000000020e-11
1.026037999999999962e-10
1.049899599999999938e-10
1.066904699999999954e-10
1.094262499999999973e-10
1.097765500000000064e-10
1.134693200000000051e-10
1.134969400000000001e-10
1.231114899999999961e-10
1.301185499999999890e-10
1.329085799999999910e-10
1.347316399999999996e-10
1.378898200000000010e-10
1.855550800000000067e-10
1.875576199999999926e-10
1.877284999999999944e-10
1.940732500000000101e-10
1.974947000000000066e-10
1.995751899999999995e-10
2.013043299999999975e-10
2.013376599999999929e-10
2.021468499999999987e-10
2.021897199999999953e-10
2.038632799999999880e-10
2.038711099999999972e-10
2.067629199999999976e-10
2.255104400000000005e-10
2.272396100000000029e-10
2.272692800000000052e-10
2.331245399999999763e-10
2.355254600000000028e-10
2.425885599999999823e-10
2.467170699999999780e-10
2.493342199999999869e-10
2.494617800000000038e-10
2.496463100000000141e-10
2.504289199999999790e-10
2.541962300000000194e-10
2.548367799999999981e-10
2.678197200000000054e-10
2.687719599999999872e-10
2.694712200000000074e-10
2.715016400000000092e-10
2.716139399999999799e-10
2.723013699999999824e-10
2.745423300000000035e-10
2.766105300000000234e-10
2.770219100000000203e-10
2.865593200000000117e-10
2.920778199999999963e-10
2.931484700000000251e-10
2.990358899999999754e-10
2.992767899999999947e-10
2.992805499999999938e-10
2.997306199999999784e-10
3.352672999999999885e-10
3.392650700000000186e-10
3.619852100000000220e-10
