# AtomId eventId barrier
5.460000000000000000e+02 1.100116000000000000e+06 1.081649000000000083e+00
5.460000000000000000e+02 8.168300000000000000e+05 1.186037999999999926e+00
2.410000000000000000e+02 1.230289000000000000e+06 5.445999999999999730e-01
2.410000000000000000e+02 7.888680000000000000e+05 1.833757999999999999e+00
2.590000000000000000e+02 1.069285000000000000e+06 1.021991000000000094e+00
1.127000000000000000e+03 5.405670000000000000e+05 1.285795000000000021e+00
1.127000000000000000e+03 2.030810000000000000e+05 1.342643000000000031e+00
2.410000000000000000e+02 6.247000000000000000e+05 4.647680000000000144e-01
2.410000000000000000e+02 6.247010000000000000e+05 3.901580000000000048e-01
2.410000000000000000e+02 2.312060000000000000e+05 2.147209999999999952e-01
5.230000000000000000e+02 1.431800000000000000e+05 1.323696999999999901e+00
1.127000000000000000e+03 4.095820000000000000e+05 5.237619999999999498e-01
1.127000000000000000e+03 5.684430000000000000e+05 6.458000000000000407e-01
1.127000000000000000e+03 1.062450000000000000e+05 6.456020000000000092e-01
2.410000000000000000e+02 4.101930000000000000e+05 3.721200000000000063e-01
2.410000000000000000e+02 6.247010000000000000e+05 3.901589999999999780e-01
2.410000000000000000e+02 2.312060000000000000e+05 2.137850000000000028e-01
5.230000000000000000e+02 1.431800000000000000e+05 1.323863000000000012e+00
1.127000000000000000e+03 4.095820000000000000e+05 5.238530000000000131e-01
1.127000000000000000e+03 5.684430000000000000e+05 6.459040000000000337e-01
1.127000000000000000e+03 1.062450000000000000e+05 6.457140000000000102e-01
2.410000000000000000e+02 4.101930000000000000e+05 3.721180000000000043e-01
2.410000000000000000e+02 6.247010000000000000e+05 3.901339999999999808e-01
2.410000000000000000e+02 2.312060000000000000e+05 2.138110000000000011e-01
5.230000000000000000e+02 1.431800000000000000e+05 1.323868999999999962e+00
1.127000000000000000e+03 4.095820000000000000e+05 5.238540000000000418e-01
1.127000000000000000e+03 5.684430000000000000e+05 6.459070000000000089e-01
1.127000000000000000e+03 1.062450000000000000e+05 6.457089999999999774e-01
2.410000000000000000e+02 4.101930000000000000e+05 3.721169999999999756e-01
2.410000000000000000e+02 6.247010000000000000e+05 3.901439999999999908e-01
2.410000000000000000e+02 2.312060000000000000e+05 2.138019999999999921e-01
5.230000000000000000e+02 1.431800000000000000e+05 1.323892999999999986e+00
1.127000000000000000e+03 4.095820000000000000e+05 5.238610000000000211e-01
1.127000000000000000e+03 5.684430000000000000e+05 6.459150000000000169e-01
1.127000000000000000e+03 1.062450000000000000e+05 6.457270000000000509e-01
2.410000000000000000e+02 4.101930000000000000e+05 3.721189999999999776e-01
2.410000000000000000e+02 6.247010000000000000e+05 3.901549999999999740e-01
2.410000000000000000e+02 2.312060000000000000e+05 2.137969999999999871e-01
5.230000000000000000e+02 1.431800000000000000e+05 1.323882999999999921e+00
1.127000000000000000e+03 4.095820000000000000e+05 5.238490000000000091e-01
1.127000000000000000e+03 5.684430000000000000e+05 6.459080000000000377e-01
1.127000000000000000e+03 1.062450000000000000e+05 6.457070000000000309e-01
2.410000000000000000e+02 4.101930000000000000e+05 3.721780000000000088e-01
2.410000000000000000e+02 6.247010000000000000e+05 3.903570000000000095e-01
2.410000000000000000e+02 2.312060000000000000e+05 2.138079999999999981e-01
5.230000000000000000e+02 1.431800000000000000e+05 1.323868000000000045e+00
1.127000000000000000e+03 4.095820000000000000e+05 5.238490000000000091e-01
1.127000000000000000e+03 5.684430000000000000e+05 6.459040000000000337e-01
1.127000000000000000e+03 1.062450000000000000e+05 6.457049999999999734e-01
5.000000000000000000e+00 2.730590000000000000e+05 3.008219999999999783e-01
5.000000000000000000e+00 1.021246000000000000e+06 2.979930000000000079e-01
7.000000000000000000e+01 4.412560000000000000e+05 1.094899999999999984e+00
5.000000000000000000e+00 1.043683000000000000e+06 6.226779999999999538e-01
1.127000000000000000e+03 4.593520000000000000e+05 5.093830000000000302e-01
7.000000000000000000e+01 2.866290000000000000e+05 6.928279999999999994e-01
5.230000000000000000e+02 8.300850000000000000e+05 8.215740000000000265e-01
7.820000000000000000e+02 2.157540000000000000e+05 6.793010000000000437e-01
5.000000000000000000e+00 7.152300000000000000e+05 6.242940000000000156e-01
1.127000000000000000e+03 4.593520000000000000e+05 5.093870000000000342e-01
5.000000000000000000e+00 2.093260000000000000e+05 2.994680000000000120e-01
7.000000000000000000e+01 4.412560000000000000e+05 1.095016999999999907e+00
7.000000000000000000e+01 1.071024000000000000e+06 6.584240000000000093e-01
6.990000000000000000e+02 1.213970000000000000e+06 4.798189999999999955e-01
5.000000000000000000e+00 1.021246000000000000e+06 2.982400000000000051e-01
7.000000000000000000e+01 4.412560000000000000e+05 1.094915000000000083e+00
6.990000000000000000e+02 1.213970000000000000e+06 4.798209999999999975e-01
5.000000000000000000e+00 1.021246000000000000e+06 2.982360000000000011e-01
7.000000000000000000e+01 4.412560000000000000e+05 1.094913999999999943e+00
5.000000000000000000e+00 1.021246000000000000e+06 2.982380000000000031e-01
7.000000000000000000e+01 4.412560000000000000e+05 1.094918999999999976e+00
5.000000000000000000e+00 1.043683000000000000e+06 6.230670000000000375e-01
1.127000000000000000e+03 4.593520000000000000e+05 5.093739999999999934e-01
7.000000000000000000e+01 2.866290000000000000e+05 6.928269999999999706e-01
5.230000000000000000e+02 8.300850000000000000e+05 8.215729999999999977e-01
7.820000000000000000e+02 2.157540000000000000e+05 6.793019999999999614e-01
5.000000000000000000e+00 7.152300000000000000e+05 6.243039999999999701e-01
1.127000000000000000e+03 4.593520000000000000e+05 5.093820000000000014e-01
7.000000000000000000e+01 2.866290000000000000e+05 6.928440000000000154e-01
5.230000000000000000e+02 8.300850000000000000e+05 8.215729999999999977e-01
7.820000000000000000e+02 2.157540000000000000e+05 6.793019999999999614e-01
5.000000000000000000e+00 7.152300000000000000e+05 6.243039999999999701e-01
1.127000000000000000e+03 4.593520000000000000e+05 5.093769999999999687e-01
5.000000000000000000e+00 2.093260000000000000e+05 2.994800000000000240e-01
7.000000000000000000e+01 4.412560000000000000e+05 1.095015000000000072e+00
5.000000000000000000e+00 1.043683000000000000e+06 6.243069999999999453e-01
1.127000000000000000e+03 4.593520000000000000e+05 5.093800000000000550e-01
7.000000000000000000e+01 2.866290000000000000e+05 6.928269999999999706e-01
5.230000000000000000e+02 8.300850000000000000e+05 8.215729999999999977e-01
7.820000000000000000e+02 2.157540000000000000e+05 6.793019999999999614e-01
5.000000000000000000e+00 7.152300000000000000e+05 6.243069999999999453e-01
1.127000000000000000e+03 4.593520000000000000e+05 5.093820000000000014e-01
7.000000000000000000e+01 2.866290000000000000e+05 6.928320000000000034e-01
5.230000000000000000e+02 8.300850000000000000e+05 8.215719999999999690e-01
7.820000000000000000e+02 2.157540000000000000e+05 6.793029999999999902e-01
5.000000000000000000e+00 7.152300000000000000e+05 6.243069999999999453e-01
1.127000000000000000e+03 4.593520000000000000e+05 5.093849999999999767e-01
7.000000000000000000e+01 2.866290000000000000e+05 6.928440000000000154e-01
5.230000000000000000e+02 8.300850000000000000e+05 8.215729999999999977e-01
7.820000000000000000e+02 2.157540000000000000e+05 6.793029999999999902e-01
5.000000000000000000e+00 7.152300000000000000e+05 6.243090000000000028e-01
1.127000000000000000e+03 4.593520000000000000e+05 5.093879999999999519e-01
7.000000000000000000e+01 2.866290000000000000e+05 6.928370000000000362e-01
5.230000000000000000e+02 8.300850000000000000e+05 8.215740000000000265e-01
7.820000000000000000e+02 2.157540000000000000e+05 6.793029999999999902e-01
5.000000000000000000e+00 7.152300000000000000e+05 6.243100000000000316e-01
1.127000000000000000e+03 4.593520000000000000e+05 5.093889999999999807e-01
5.000000000000000000e+00 2.093260000000000000e+05 2.994789999999999952e-01
7.000000000000000000e+01 4.412560000000000000e+05 1.095015999999999989e+00
5.000000000000000000e+00 1.043683000000000000e+06 6.243119999999999781e-01
1.127000000000000000e+03 4.593520000000000000e+05 5.093889999999999807e-01
7.000000000000000000e+01 2.866290000000000000e+05 6.928309999999999746e-01
5.230000000000000000e+02 8.300850000000000000e+05 8.215729999999999977e-01
7.820000000000000000e+02 2.157540000000000000e+05 6.793019999999999614e-01
5.000000000000000000e+00 7.152300000000000000e+05 6.243109999999999493e-01
1.127000000000000000e+03 4.593520000000000000e+05 5.093889999999999807e-01
7.000000000000000000e+01 2.866290000000000000e+05 6.928330000000000322e-01
5.230000000000000000e+02 8.300850000000000000e+05 8.215729999999999977e-01
7.820000000000000000e+02 2.157540000000000000e+05 6.793019999999999614e-01
5.000000000000000000e+00 7.152300000000000000e+05 6.243119999999999781e-01
1.127000000000000000e+03 4.593520000000000000e+05 5.093940000000000135e-01
7.000000000000000000e+01 2.866290000000000000e+05 6.928419999999999579e-01
5.230000000000000000e+02 8.300850000000000000e+05 8.215729999999999977e-01
7.820000000000000000e+02 2.157540000000000000e+05 6.793010000000000437e-01
7.820000000000000000e+02 2.365740000000000000e+05 1.639804000000000039e+00
5.000000000000000000e+00 7.152300000000000000e+05 6.243130000000000068e-01
1.127000000000000000e+03 4.593520000000000000e+05 5.093900000000000095e-01
2.410000000000000000e+02 3.141190000000000000e+05 9.100620000000000376e-01
1.127000000000000000e+03 5.250360000000000000e+05 2.629360000000000031e-01
5.000000000000000000e+00 7.152300000000000000e+05 6.243149999999999533e-01
1.127000000000000000e+03 4.593520000000000000e+05 5.093919999999999559e-01
7.000000000000000000e+01 2.866290000000000000e+05 6.928299999999999459e-01
5.230000000000000000e+02 8.300850000000000000e+05 8.215729999999999977e-01
7.820000000000000000e+02 2.157540000000000000e+05 6.793019999999999614e-01
7.820000000000000000e+02 2.365740000000000000e+05 1.639815999999999940e+00
5.000000000000000000e+00 7.152300000000000000e+05 6.243149999999999533e-01
1.127000000000000000e+03 4.593520000000000000e+05 5.093950000000000422e-01
2.410000000000000000e+02 3.141190000000000000e+05 9.100610000000000088e-01
1.127000000000000000e+03 5.250360000000000000e+05 2.629400000000000071e-01
5.000000000000000000e+00 7.152300000000000000e+05 6.243180000000000396e-01
1.127000000000000000e+03 4.593520000000000000e+05 5.093990000000000462e-01
7.000000000000000000e+01 2.866290000000000000e+05 6.928370000000000362e-01
5.230000000000000000e+02 8.300850000000000000e+05 8.215729999999999977e-01
7.820000000000000000e+02 2.157540000000000000e+05 6.793029999999999902e-01
7.820000000000000000e+02 2.365740000000000000e+05 1.639809000000000072e+00
5.000000000000000000e+00 7.152300000000000000e+05 6.243180000000000396e-01
1.127000000000000000e+03 4.593520000000000000e+05 5.093980000000000175e-01
2.410000000000000000e+02 3.141190000000000000e+05 9.100510000000000543e-01
1.127000000000000000e+03 5.250360000000000000e+05 2.629389999999999783e-01
5.000000000000000000e+00 7.152300000000000000e+05 6.243220000000000436e-01
1.127000000000000000e+03 4.593520000000000000e+05 5.094030000000000502e-01
7.000000000000000000e+01 2.866290000000000000e+05 6.928360000000000074e-01
5.230000000000000000e+02 8.300850000000000000e+05 8.215750000000000552e-01
7.820000000000000000e+02 2.157540000000000000e+05 6.793010000000000437e-01
7.820000000000000000e+02 2.365740000000000000e+05 1.639821999999999891e+00
5.000000000000000000e+00 7.152300000000000000e+05 6.243199999999999861e-01
1.127000000000000000e+03 4.593520000000000000e+05 5.093990000000000462e-01
2.410000000000000000e+02 3.141190000000000000e+05 9.100289999999999768e-01
1.127000000000000000e+03 5.250360000000000000e+05 2.629380000000000051e-01
5.000000000000000000e+00 7.152300000000000000e+05 6.243210000000000148e-01
1.127000000000000000e+03 4.593520000000000000e+05 5.093990000000000462e-01
2.410000000000000000e+02 3.141190000000000000e+05 9.100369999999999848e-01
1.127000000000000000e+03 5.250360000000000000e+05 2.629380000000000051e-01
5.000000000000000000e+00 7.152300000000000000e+05 6.243239999999999901e-01
1.127000000000000000e+03 4.593520000000000000e+05 5.094030000000000502e-01
7.000000000000000000e+01 2.866290000000000000e+05 6.928349999999999786e-01
5.230000000000000000e+02 8.300850000000000000e+05 8.215719999999999690e-01
7.820000000000000000e+02 2.157540000000000000e+05 6.793019999999999614e-01
7.820000000000000000e+02 2.365740000000000000e+05 1.639817999999999998e+00
5.000000000000000000e+00 7.152300000000000000e+05 6.243220000000000436e-01
1.127000000000000000e+03 4.593520000000000000e+05 5.094039999999999679e-01
7.000000000000000000e+01 2.866290000000000000e+05 6.928279999999999994e-01
5.230000000000000000e+02 8.300850000000000000e+05 8.215729999999999977e-01
7.820000000000000000e+02 2.157540000000000000e+05 6.793019999999999614e-01
7.820000000000000000e+02 2.365740000000000000e+05 1.639820000000000055e+00
5.000000000000000000e+00 7.152300000000000000e+05 6.243210000000000148e-01
1.127000000000000000e+03 4.593520000000000000e+05 5.094049999999999967e-01
2.410000000000000000e+02 3.141190000000000000e+05 9.100620000000000376e-01
1.127000000000000000e+03 5.250360000000000000e+05 2.629420000000000091e-01
5.000000000000000000e+00 7.152300000000000000e+05 6.243250000000000188e-01
1.127000000000000000e+03 4.593520000000000000e+05 5.094090000000000007e-01
2.410000000000000000e+02 3.141190000000000000e+05 9.100460000000000216e-01
1.127000000000000000e+03 5.250360000000000000e+05 2.629420000000000091e-01
5.000000000000000000e+00 7.152300000000000000e+05 6.243250000000000188e-01
1.127000000000000000e+03 4.593520000000000000e+05 5.094090000000000007e-01
7.000000000000000000e+01 2.866290000000000000e+05 6.928269999999999706e-01
5.230000000000000000e+02 8.300850000000000000e+05 8.215740000000000265e-01
7.820000000000000000e+02 2.157540000000000000e+05 6.793019999999999614e-01
7.820000000000000000e+02 2.365740000000000000e+05 1.639799000000000007e+00
5.000000000000000000e+00 7.152300000000000000e+05 6.243229999999999613e-01
1.127000000000000000e+03 4.593520000000000000e+05 5.094109999999999472e-01
7.000000000000000000e+01 2.866290000000000000e+05 6.928410000000000402e-01
5.230000000000000000e+02 8.300850000000000000e+05 8.215740000000000265e-01
7.820000000000000000e+02 2.157540000000000000e+05 6.793019999999999614e-01
7.820000000000000000e+02 2.365740000000000000e+05 1.639817999999999998e+00
5.000000000000000000e+00 7.152300000000000000e+05 6.243229999999999613e-01
1.127000000000000000e+03 4.593520000000000000e+05 5.094100000000000295e-01
2.410000000000000000e+02 3.141190000000000000e+05 9.100460000000000216e-01
1.127000000000000000e+03 5.250360000000000000e+05 2.629440000000000111e-01
5.000000000000000000e+00 7.152300000000000000e+05 6.243260000000000476e-01
1.127000000000000000e+03 4.593520000000000000e+05 5.094130000000000047e-01
2.410000000000000000e+02 3.141190000000000000e+05 9.100679999999999881e-01
1.127000000000000000e+03 5.250360000000000000e+05 2.629440000000000111e-01
5.000000000000000000e+00 7.152300000000000000e+05 6.243260000000000476e-01
1.127000000000000000e+03 4.593520000000000000e+05 5.094140000000000335e-01
2.410000000000000000e+02 3.141190000000000000e+05 9.100439999999999641e-01
1.127000000000000000e+03 5.250360000000000000e+05 2.629440000000000111e-01
5.000000000000000000e+00 7.152300000000000000e+05 6.243250000000000188e-01
1.127000000000000000e+03 4.593520000000000000e+05 5.094140000000000335e-01
7.000000000000000000e+01 2.866290000000000000e+05 6.928360000000000074e-01
5.230000000000000000e+02 8.300850000000000000e+05 8.215740000000000265e-01
7.820000000000000000e+02 2.157540000000000000e+05 6.793019999999999614e-01
7.820000000000000000e+02 2.365740000000000000e+05 1.639812000000000047e+00
5.000000000000000000e+00 7.152300000000000000e+05 6.243250000000000188e-01
1.127000000000000000e+03 4.593520000000000000e+05 5.094130000000000047e-01
7.000000000000000000e+01 2.866290000000000000e+05 6.928360000000000074e-01
5.230000000000000000e+02 8.300850000000000000e+05 8.215740000000000265e-01
7.820000000000000000e+02 2.157540000000000000e+05 6.793029999999999902e-01
7.820000000000000000e+02 2.365740000000000000e+05 1.639802999999999900e+00
5.000000000000000000e+00 7.152300000000000000e+05 6.243239999999999901e-01
1.127000000000000000e+03 4.593520000000000000e+05 5.094130000000000047e-01
7.000000000000000000e+01 2.866290000000000000e+05 6.928290000000000282e-01
5.230000000000000000e+02 8.300850000000000000e+05 8.215740000000000265e-01
7.820000000000000000e+02 2.157540000000000000e+05 6.793029999999999902e-01
7.820000000000000000e+02 2.365740000000000000e+05 1.639807000000000015e+00
5.000000000000000000e+00 7.152300000000000000e+05 6.243239999999999901e-01
1.127000000000000000e+03 4.593520000000000000e+05 5.094130000000000047e-01
5.000000000000000000e+00 7.152300000000000000e+05 6.243229999999999613e-01
1.127000000000000000e+03 4.593520000000000000e+05 5.094149999999999512e-01
7.000000000000000000e+01 2.866290000000000000e+05 6.928450000000000442e-01
5.230000000000000000e+02 8.300850000000000000e+05 8.215740000000000265e-01
7.820000000000000000e+02 2.157540000000000000e+05 6.793010000000000437e-01
7.820000000000000000e+02 2.365740000000000000e+05 1.639801000000000064e+00
5.000000000000000000e+00 7.152300000000000000e+05 6.243250000000000188e-01
1.127000000000000000e+03 4.593520000000000000e+05 5.094130000000000047e-01
5.000000000000000000e+00 2.093260000000000000e+05 2.994749999999999912e-01
7.000000000000000000e+01 4.412560000000000000e+05 1.095016999999999907e+00
5.000000000000000000e+00 1.021246000000000000e+06 2.979080000000000061e-01
7.000000000000000000e+01 4.412560000000000000e+05 1.095015999999999989e+00
5.000000000000000000e+00 1.021246000000000000e+06 2.979089999999999794e-01
7.000000000000000000e+01 4.412560000000000000e+05 1.095015999999999989e+00
5.000000000000000000e+00 1.021246000000000000e+06 2.979100000000000081e-01
7.000000000000000000e+01 4.412560000000000000e+05 1.095018999999999965e+00
5.000000000000000000e+00 1.043683000000000000e+06 6.227300000000000058e-01
1.127000000000000000e+03 4.593520000000000000e+05 5.093999999999999639e-01
2.410000000000000000e+02 3.141190000000000000e+05 9.100610000000000088e-01
1.127000000000000000e+03 5.250360000000000000e+05 2.629569999999999963e-01
2.410000000000000000e+02 2.312060000000000000e+05 1.201490000000000058e-01
5.230000000000000000e+02 8.629290000000000000e+05 9.706439999999999513e-01
1.127000000000000000e+03 5.231660000000000000e+05 7.258989999999999609e-01
2.410000000000000000e+02 3.065830000000000000e+05 3.122969999999999913e-01
2.410000000000000000e+02 1.215630000000000000e+06 3.601570000000000049e-01
2.590000000000000000e+02 1.069285000000000000e+06 9.156069999999999487e-01
2.590000000000000000e+02 5.702510000000000000e+05 1.066799000000000053e+00
5.280000000000000000e+02 4.216670000000000000e+05 9.403409999999999824e-01
9.120000000000000000e+02 1.118345000000000000e+06 1.294721000000000011e+00
1.140000000000000000e+03 1.249700000000000000e+04 5.847020000000000550e-01
1.140000000000000000e+03 5.905590000000000000e+05 5.850750000000000117e-01
2.410000000000000000e+02 1.166821000000000000e+06 5.697849999999999859e-01
2.590000000000000000e+02 1.069285000000000000e+06 9.760079999999999867e-01
2.590000000000000000e+02 2.707680000000000000e+05 1.473198000000000008e+00
6.420000000000000000e+02 1.025530000000000000e+06 7.295150000000000245e-01
1.291000000000000000e+03 2.597050000000000000e+05 6.154610000000000358e-01
2.590000000000000000e+02 2.597050000000000000e+05 1.066435000000000022e+00
2.590000000000000000e+02 2.380720000000000000e+05 1.066119000000000039e+00
5.280000000000000000e+02 4.216670000000000000e+05 9.393730000000000135e-01
9.120000000000000000e+02 1.118345000000000000e+06 1.293552999999999953e+00
1.140000000000000000e+03 1.249700000000000000e+04 5.839870000000000339e-01
1.140000000000000000e+03 5.905590000000000000e+05 5.843329999999999913e-01
5.230000000000000000e+02 2.205370000000000000e+05 9.549649999999999528e-01
9.120000000000000000e+02 1.529650000000000000e+05 8.607500000000000151e-01
2.410000000000000000e+02 1.166821000000000000e+06 5.697569999999999579e-01
2.410000000000000000e+02 1.233988000000000000e+06 1.803833999999999937e+00
2.590000000000000000e+02 1.069285000000000000e+06 9.759079999999999977e-01
5.230000000000000000e+02 2.940570000000000000e+05 6.768089999999999939e-01
7.300000000000000000e+01 1.277100000000000000e+06 7.017809999999999881e-01
2.590000000000000000e+02 2.597050000000000000e+05 1.066327000000000025e+00
2.590000000000000000e+02 2.380720000000000000e+05 1.067106000000000110e+00
5.280000000000000000e+02 4.216670000000000000e+05 9.403420000000000112e-01
9.120000000000000000e+02 1.118345000000000000e+06 1.294737000000000027e+00
1.140000000000000000e+03 1.223661000000000000e+06 5.837820000000000231e-01
1.140000000000000000e+03 5.905590000000000000e+05 5.850549999999999917e-01
2.410000000000000000e+02 1.166821000000000000e+06 5.697539999999999827e-01
2.410000000000000000e+02 1.233988000000000000e+06 1.803830999999999962e+00
2.590000000000000000e+02 1.069285000000000000e+06 9.759240000000000137e-01
5.230000000000000000e+02 2.940570000000000000e+05 6.767879999999999452e-01
2.410000000000000000e+02 3.254040000000000000e+05 3.773529999999999940e-01
2.410000000000000000e+02 3.065830000000000000e+05 3.124810000000000088e-01
1.127000000000000000e+03 6.431740000000000000e+05 6.217639999999999834e-01
2.410000000000000000e+02 1.215630000000000000e+06 3.603160000000000251e-01
2.590000000000000000e+02 1.069285000000000000e+06 9.156130000000000102e-01
5.230000000000000000e+02 2.940570000000000000e+05 5.329129999999999701e-01
2.410000000000000000e+02 8.486190000000000000e+05 9.618229999999999835e-01
5.230000000000000000e+02 6.231790000000000000e+05 5.438579999999999526e-01
5.230000000000000000e+02 2.597050000000000000e+05 5.417290000000000161e-01
5.230000000000000000e+02 2.707680000000000000e+05 1.040194999999999981e+00
1.127000000000000000e+03 3.990460000000000000e+05 4.114450000000000052e-01
5.230000000000000000e+02 1.019696000000000000e+06 8.214650000000000007e-01
1.140000000000000000e+03 1.019696000000000000e+06 4.934089999999999865e-01
5.230000000000000000e+02 2.707680000000000000e+05 1.040488999999999997e+00
1.127000000000000000e+03 3.990460000000000000e+05 4.114430000000000032e-01
5.000000000000000000e+00 7.152300000000000000e+05 6.137249999999999650e-01
2.410000000000000000e+02 7.085590000000000000e+05 1.180453999999999892e+00
2.410000000000000000e+02 7.242080000000000000e+05 1.273746999999999963e+00
1.127000000000000000e+03 1.325420000000000000e+05 5.703700000000000436e-01
5.000000000000000000e+00 7.152300000000000000e+05 6.137169999999999570e-01
2.410000000000000000e+02 7.085590000000000000e+05 1.180390000000000050e+00
2.410000000000000000e+02 7.242080000000000000e+05 1.273762000000000061e+00
1.127000000000000000e+03 1.190205000000000000e+06 5.706909999999999483e-01
5.230000000000000000e+02 2.707680000000000000e+05 1.040003999999999929e+00
1.127000000000000000e+03 6.540070000000000000e+05 4.116159999999999819e-01
2.410000000000000000e+02 8.486190000000000000e+05 9.616219999999999768e-01
5.230000000000000000e+02 1.019696000000000000e+06 5.421139999999999848e-01
2.410000000000000000e+02 8.486190000000000000e+05 9.616230000000000055e-01
5.230000000000000000e+02 1.019696000000000000e+06 5.421439999999999593e-01
5.230000000000000000e+02 2.707680000000000000e+05 8.838599999999999790e-01
1.127000000000000000e+03 3.990460000000000000e+05 4.113879999999999759e-01
1.127000000000000000e+03 6.676400000000000000e+05 5.982779999999999765e-01
2.410000000000000000e+02 1.327690000000000000e+05 8.348039999999999905e-01
2.410000000000000000e+02 2.366500000000000000e+05 8.322840000000000238e-01
7.820000000000000000e+02 1.206464000000000000e+06 9.514639999999999764e-01
1.127000000000000000e+03 8.224490000000000000e+05 5.465799999999999825e-02
1.127000000000000000e+03 1.190205000000000000e+06 6.552630000000000399e-01
7.000000000000000000e+01 7.158000000000000000e+05 2.248400000000000051e-02
1.127000000000000000e+03 9.153000000000000000e+05 6.039989999999999526e-01
1.127000000000000000e+03 6.676400000000000000e+05 5.979640000000000510e-01
5.230000000000000000e+02 2.707680000000000000e+05 1.040037000000000100e+00
1.127000000000000000e+03 3.990460000000000000e+05 4.111500000000000155e-01
5.230000000000000000e+02 2.597050000000000000e+05 8.277539999999999898e-01
1.140000000000000000e+03 1.019696000000000000e+06 4.933819999999999872e-01
7.300000000000000000e+01 1.277100000000000000e+06 5.534799999999999720e-01
2.590000000000000000e+02 1.019696000000000000e+06 9.055990000000000428e-01
5.280000000000000000e+02 9.983740000000000000e+05 7.793339999999999712e-01
5.280000000000000000e+02 4.216670000000000000e+05 9.276170000000000249e-01
9.120000000000000000e+02 1.118345000000000000e+06 1.136930999999999914e+00
2.590000000000000000e+02 2.707680000000000000e+05 1.405758999999999981e+00
5.230000000000000000e+02 2.672250000000000000e+05 8.952470000000000150e-01
5.230000000000000000e+02 5.828200000000000000e+05 1.202526999999999902e+00
6.420000000000000000e+02 5.159860000000000000e+05 7.164190000000000280e-01
1.291000000000000000e+03 6.235800000000000000e+05 5.693869999999999765e-01
7.300000000000000000e+01 5.723000000000000000e+05 8.281900000000000373e-02
5.280000000000000000e+02 6.156790000000000000e+05 1.113989999999999980e-01
7.300000000000000000e+01 1.277100000000000000e+06 5.537950000000000372e-01
2.590000000000000000e+02 1.019696000000000000e+06 9.050249999999999684e-01
5.230000000000000000e+02 1.019696000000000000e+06 7.380989999999999496e-01
5.280000000000000000e+02 9.983740000000000000e+05 7.791860000000000452e-01
5.280000000000000000e+02 4.216670000000000000e+05 9.279180000000000206e-01
9.120000000000000000e+02 1.118345000000000000e+06 1.136006000000000071e+00
1.140000000000000000e+03 9.945210000000000000e+05 1.610679999999999890e-01
7.300000000000000000e+01 5.723000000000000000e+05 8.281900000000000373e-02
5.280000000000000000e+02 6.156790000000000000e+05 1.113790000000000058e-01
2.590000000000000000e+02 2.707680000000000000e+05 1.404309999999999947e+00
5.230000000000000000e+02 2.672250000000000000e+05 8.952480000000000437e-01
5.230000000000000000e+02 5.828200000000000000e+05 1.202523000000000009e+00
6.420000000000000000e+02 5.159860000000000000e+05 7.164329999999999865e-01
1.291000000000000000e+03 6.235800000000000000e+05 5.693340000000000067e-01
7.300000000000000000e+01 1.277100000000000000e+06 5.539539999999999464e-01
2.590000000000000000e+02 1.019696000000000000e+06 9.059540000000000370e-01
5.230000000000000000e+02 1.019696000000000000e+06 7.390820000000000167e-01
5.280000000000000000e+02 9.983740000000000000e+05 7.796659999999999702e-01
5.280000000000000000e+02 4.216670000000000000e+05 9.276870000000000394e-01
9.120000000000000000e+02 1.118345000000000000e+06 1.136813000000000073e+00
1.140000000000000000e+03 9.945210000000000000e+05 1.613269999999999982e-01
7.300000000000000000e+01 1.277100000000000000e+06 4.011569999999999858e-01
2.590000000000000000e+02 6.235800000000000000e+05 9.273190000000000044e-01
5.230000000000000000e+02 5.724900000000000000e+05 7.068499999999999783e-01
5.230000000000000000e+02 5.876540000000000000e+05 8.338649999999999674e-01
5.280000000000000000e+02 4.216670000000000000e+05 7.766290000000000138e-01
9.120000000000000000e+02 1.118345000000000000e+06 9.846439999999999637e-01
1.140000000000000000e+03 1.168462000000000000e+06 9.027000000000000302e-03
1.140000000000000000e+03 2.037260000000000000e+05 3.004359999999999808e-01
7.300000000000000000e+01 1.277100000000000000e+06 5.539300000000000335e-01
2.590000000000000000e+02 1.019696000000000000e+06 9.062390000000000168e-01
5.230000000000000000e+02 5.724900000000000000e+05 7.389919999999999822e-01
5.280000000000000000e+02 4.216670000000000000e+05 9.282580000000000275e-01
9.120000000000000000e+02 1.118345000000000000e+06 1.136978999999999962e+00
1.140000000000000000e+03 9.945210000000000000e+05 1.613249999999999962e-01
5.230000000000000000e+02 1.277100000000000000e+06 8.629839999999999733e-01
5.230000000000000000e+02 1.106989000000000000e+06 1.299590000000000023e+00
9.120000000000000000e+02 1.529650000000000000e+05 8.433890000000000553e-01
7.300000000000000000e+01 1.277100000000000000e+06 5.538629999999999942e-01
7.300000000000000000e+01 1.106989000000000000e+06 3.978430000000000022e-01
2.590000000000000000e+02 1.019696000000000000e+06 9.062569999999999792e-01
5.230000000000000000e+02 5.724900000000000000e+05 7.391419999999999657e-01
5.280000000000000000e+02 9.983740000000000000e+05 7.790380000000000082e-01
5.280000000000000000e+02 4.216670000000000000e+05 9.282719999999999860e-01
9.120000000000000000e+02 1.118345000000000000e+06 1.136864000000000097e+00
1.140000000000000000e+03 9.945210000000000000e+05 1.613320000000000032e-01
7.300000000000000000e+01 1.277100000000000000e+06 4.012140000000000151e-01
2.590000000000000000e+02 6.235800000000000000e+05 9.273559999999999581e-01
5.230000000000000000e+02 5.724900000000000000e+05 7.066130000000000466e-01
5.230000000000000000e+02 5.876540000000000000e+05 8.338590000000000169e-01
5.280000000000000000e+02 9.983740000000000000e+05 6.269270000000000120e-01
5.280000000000000000e+02 4.216670000000000000e+05 7.761419999999999986e-01
9.120000000000000000e+02 1.118345000000000000e+06 9.845000000000000417e-01
9.120000000000000000e+02 6.679040000000000000e+05 2.156375000000000153e+00
1.140000000000000000e+03 1.168462000000000000e+06 9.032999999999999363e-03
1.140000000000000000e+03 2.037260000000000000e+05 3.004290000000000016e-01
7.300000000000000000e+01 1.277100000000000000e+06 5.538370000000000237e-01
7.300000000000000000e+01 1.106989000000000000e+06 3.977680000000000105e-01
2.590000000000000000e+02 1.019696000000000000e+06 9.063390000000000057e-01
5.230000000000000000e+02 5.724900000000000000e+05 7.385169999999999790e-01
5.280000000000000000e+02 9.983740000000000000e+05 7.793799999999999617e-01
5.280000000000000000e+02 4.216670000000000000e+05 9.276710000000000234e-01
9.120000000000000000e+02 1.118345000000000000e+06 1.136770000000000058e+00
9.120000000000000000e+02 6.679040000000000000e+05 2.308863000000000110e+00
1.140000000000000000e+03 9.945210000000000000e+05 1.613420000000000132e-01
2.590000000000000000e+02 2.707680000000000000e+05 1.405726999999999949e+00
5.230000000000000000e+02 2.672250000000000000e+05 8.951649999999999885e-01
5.230000000000000000e+02 5.828200000000000000e+05 1.202469000000000010e+00
6.420000000000000000e+02 5.159860000000000000e+05 7.163279999999999648e-01
1.291000000000000000e+03 6.235800000000000000e+05 5.693169999999999620e-01
5.230000000000000000e+02 1.019696000000000000e+06 7.237249999999999517e-01
5.230000000000000000e+02 1.120248000000000000e+06 7.234920000000000240e-01
5.230000000000000000e+02 5.702510000000000000e+05 7.233910000000000062e-01
2.590000000000000000e+02 2.707680000000000000e+05 1.252933999999999992e+00
2.590000000000000000e+02 1.425820000000000000e+05 1.393523999999999985e+00
5.230000000000000000e+02 2.672250000000000000e+05 8.951750000000000540e-01
5.230000000000000000e+02 5.828200000000000000e+05 1.202463999999999977e+00
6.420000000000000000e+02 5.159860000000000000e+05 7.163350000000000550e-01
1.291000000000000000e+03 6.235800000000000000e+05 5.694029999999999925e-01
7.300000000000000000e+01 5.723000000000000000e+05 8.281900000000000373e-02
5.280000000000000000e+02 6.156790000000000000e+05 1.114040000000000030e-01
7.300000000000000000e+01 1.277100000000000000e+06 5.538279999999999870e-01
7.300000000000000000e+01 1.106989000000000000e+06 3.973189999999999777e-01
2.590000000000000000e+02 1.019696000000000000e+06 9.062879999999999825e-01
5.230000000000000000e+02 1.019696000000000000e+06 7.389740000000000197e-01
5.280000000000000000e+02 9.983740000000000000e+05 7.777349999999999541e-01
5.280000000000000000e+02 4.216670000000000000e+05 9.275569999999999649e-01
9.120000000000000000e+02 1.118345000000000000e+06 1.136076000000000086e+00
1.140000000000000000e+03 9.945210000000000000e+05 1.610459999999999947e-01
7.300000000000000000e+01 1.277100000000000000e+06 4.029690000000000216e-01
2.590000000000000000e+02 5.724900000000000000e+05 9.289199999999999680e-01
2.590000000000000000e+02 5.702510000000000000e+05 1.031670000000000087e+00
5.230000000000000000e+02 6.235800000000000000e+05 7.079640000000000377e-01
5.280000000000000000e+02 9.983740000000000000e+05 6.433290000000000397e-01
5.280000000000000000e+02 4.216670000000000000e+05 7.774259999999999504e-01
9.120000000000000000e+02 1.118345000000000000e+06 9.858419999999999961e-01
1.140000000000000000e+03 1.035515000000000000e+06 1.067000000000000066e-02
1.140000000000000000e+03 1.223661000000000000e+06 3.012909999999999755e-01
2.590000000000000000e+02 2.707680000000000000e+05 1.249138999999999999e+00
2.590000000000000000e+02 1.425820000000000000e+05 1.393380999999999981e+00
5.230000000000000000e+02 2.672250000000000000e+05 8.951869999999999550e-01
5.230000000000000000e+02 5.828200000000000000e+05 1.202458999999999945e+00
6.420000000000000000e+02 5.159860000000000000e+05 7.163669999999999760e-01
1.291000000000000000e+03 6.235800000000000000e+05 5.693540000000000267e-01
7.300000000000000000e+01 5.723000000000000000e+05 8.281900000000000373e-02
5.280000000000000000e+02 6.156790000000000000e+05 1.113999999999999990e-01
2.590000000000000000e+02 1.425820000000000000e+05 1.393375000000000030e+00
5.230000000000000000e+02 2.672250000000000000e+05 8.951839999999999797e-01
5.230000000000000000e+02 5.828200000000000000e+05 1.202461000000000002e+00
6.420000000000000000e+02 5.159860000000000000e+05 7.163659999999999473e-01
1.291000000000000000e+03 6.235800000000000000e+05 5.693300000000000027e-01
7.300000000000000000e+01 1.277100000000000000e+06 5.539239999999999720e-01
7.300000000000000000e+01 1.106989000000000000e+06 3.977209999999999912e-01
2.590000000000000000e+02 1.019696000000000000e+06 9.058289999999999953e-01
5.230000000000000000e+02 5.724900000000000000e+05 7.388719999999999732e-01
5.280000000000000000e+02 9.983740000000000000e+05 7.795720000000000427e-01
5.280000000000000000e+02 4.216670000000000000e+05 9.281340000000000146e-01
9.120000000000000000e+02 1.118345000000000000e+06 1.136986000000000052e+00
1.140000000000000000e+03 9.945210000000000000e+05 1.613120000000000109e-01
7.300000000000000000e+01 1.277100000000000000e+06 4.012120000000000131e-01
2.590000000000000000e+02 6.235800000000000000e+05 9.273620000000000196e-01
5.230000000000000000e+02 1.019696000000000000e+06 7.068029999999999591e-01
5.230000000000000000e+02 5.876540000000000000e+05 8.336999999999999966e-01
5.280000000000000000e+02 4.216670000000000000e+05 7.768570000000000197e-01
9.120000000000000000e+02 1.118345000000000000e+06 9.846510000000000540e-01
1.140000000000000000e+03 1.168462000000000000e+06 9.025000000000000036e-03
1.140000000000000000e+03 2.037260000000000000e+05 3.004169999999999896e-01
7.300000000000000000e+01 1.277100000000000000e+06 5.538870000000000182e-01
7.300000000000000000e+01 1.106989000000000000e+06 3.973470000000000057e-01
2.590000000000000000e+02 1.019696000000000000e+06 9.064849999999999852e-01
5.230000000000000000e+02 5.724900000000000000e+05 7.383180000000000298e-01
5.280000000000000000e+02 9.983740000000000000e+05 7.797330000000000094e-01
9.120000000000000000e+02 1.118345000000000000e+06 1.137059999999999960e+00
1.140000000000000000e+03 9.945210000000000000e+05 1.613189999999999902e-01
7.300000000000000000e+01 1.277100000000000000e+06 4.023180000000000089e-01
2.590000000000000000e+02 6.235800000000000000e+05 9.273109999999999964e-01
5.230000000000000000e+02 2.597050000000000000e+05 7.062429999999999541e-01
5.230000000000000000e+02 5.876540000000000000e+05 8.338100000000000511e-01
5.280000000000000000e+02 4.216670000000000000e+05 7.762440000000000451e-01
9.120000000000000000e+02 1.118345000000000000e+06 9.845970000000000555e-01
1.140000000000000000e+03 1.168462000000000000e+06 9.025999999999999301e-03
1.140000000000000000e+03 2.037260000000000000e+05 3.004240000000000244e-01
2.590000000000000000e+02 2.707680000000000000e+05 1.252396000000000065e+00
2.590000000000000000e+02 1.425820000000000000e+05 1.393408999999999898e+00
5.230000000000000000e+02 2.672250000000000000e+05 8.951780000000000292e-01
5.230000000000000000e+02 5.828200000000000000e+05 1.202449000000000101e+00
6.420000000000000000e+02 5.159860000000000000e+05 7.163450000000000095e-01
1.291000000000000000e+03 6.235800000000000000e+05 5.692490000000000050e-01
7.300000000000000000e+01 5.723000000000000000e+05 8.281800000000000272e-02
5.280000000000000000e+02 6.156790000000000000e+05 1.114139999999999991e-01
7.300000000000000000e+01 1.277100000000000000e+06 5.538039999999999630e-01
7.300000000000000000e+01 1.106989000000000000e+06 3.975509999999999877e-01
2.590000000000000000e+02 1.019696000000000000e+06 9.063600000000000545e-01
5.230000000000000000e+02 1.019696000000000000e+06 7.381159999999999943e-01
5.280000000000000000e+02 4.216670000000000000e+05 9.275189999999999824e-01
9.120000000000000000e+02 1.118345000000000000e+06 1.137219999999999898e+00
1.140000000000000000e+03 9.945210000000000000e+05 1.610679999999999890e-01
7.300000000000000000e+01 1.277100000000000000e+06 4.029130000000000211e-01
2.590000000000000000e+02 5.724900000000000000e+05 9.296100000000000474e-01
2.590000000000000000e+02 5.702510000000000000e+05 1.031652999999999931e+00
5.230000000000000000e+02 6.235800000000000000e+05 7.080410000000000315e-01
5.280000000000000000e+02 4.216670000000000000e+05 7.770709999999999562e-01
9.120000000000000000e+02 1.118345000000000000e+06 9.865230000000000388e-01
1.140000000000000000e+03 1.035515000000000000e+06 1.066399999999999987e-02
1.140000000000000000e+03 1.970390000000000000e+05 3.011340000000000128e-01
1.140000000000000000e+03 1.747360000000000000e+05 4.221249999999999725e-01
1.140000000000000000e+03 8.563930000000000000e+05 2.355000000000000149e-02
7.300000000000000000e+01 1.019696000000000000e+06 8.056950000000000500e-01
7.300000000000000000e+01 2.597050000000000000e+05 8.838819999999999455e-01
1.670000000000000000e+02 2.365630000000000000e+05 9.982529999999999459e-01
9.120000000000000000e+02 1.372060000000000000e+05 9.831929999999999836e-01
9.120000000000000000e+02 1.107661000000000000e+06 9.974410000000000220e-01
1.110000000000000000e+03 1.019696000000000000e+06 7.192349999999999577e-01
1.140000000000000000e+03 5.758160000000000000e+05 1.981169999999999876e-01
1.140000000000000000e+03 2.588540000000000000e+05 5.987350000000000172e-01
7.300000000000000000e+01 5.310150000000000000e+05 6.319749999999999535e-01
5.280000000000000000e+02 7.925880000000000000e+05 3.596200000000000091e-02
1.670000000000000000e+02 1.283017000000000000e+06 1.247651000000000066e+00
1.353000000000000000e+03 8.071100000000000000e+05 3.791499999999999732e-02
1.353000000000000000e+03 8.409500000000000000e+05 7.549940000000000540e-01
7.300000000000000000e+01 5.702510000000000000e+05 8.841660000000000075e-01
7.300000000000000000e+01 5.818300000000000000e+04 8.048039999999999639e-01
1.670000000000000000e+02 2.365630000000000000e+05 9.982569999999999499e-01
9.120000000000000000e+02 1.372060000000000000e+05 9.831919999999999549e-01
9.120000000000000000e+02 1.107661000000000000e+06 9.974399999999999933e-01
1.110000000000000000e+03 1.019696000000000000e+06 7.191100000000000270e-01
1.140000000000000000e+03 1.190205000000000000e+06 5.980750000000000233e-01
7.300000000000000000e+01 4.909950000000000000e+05 5.729560000000000208e-01
1.670000000000000000e+02 8.408380000000000000e+05 6.425619999999999665e-01
1.110000000000000000e+03 1.232849000000000000e+06 5.530000000000000471e-01
1.110000000000000000e+03 3.304830000000000000e+05 5.523299999999999876e-01
1.670000000000000000e+02 8.491610000000000000e+05 9.527560000000000473e-01
8.030000000000000000e+02 1.140658000000000000e+06 7.431750000000000300e-01
1.353000000000000000e+03 5.551830000000000000e+05 8.310739999999999794e-01
8.030000000000000000e+02 3.047210000000000000e+05 8.434660000000000490e-01
5.700000000000000000e+01 1.015731000000000000e+06 6.585769999999999680e-01
5.700000000000000000e+01 1.222123000000000000e+06 1.824653000000000080e+00
5.700000000000000000e+01 7.953300000000000000e+04 8.061319999999999597e-01
1.670000000000000000e+02 1.061339000000000000e+06 1.126193999999999917e+00
8.030000000000000000e+02 7.701490000000000000e+05 7.437970000000000415e-01
5.480000000000000000e+02 1.008954000000000000e+06 4.494330000000000269e-01
8.030000000000000000e+02 5.978400000000000000e+05 1.025271000000000043e+00
1.353000000000000000e+03 1.705680000000000000e+05 1.379769999999999885e-01
1.353000000000000000e+03 3.433580000000000000e+05 1.393960000000000088e+00
1.353000000000000000e+03 5.905910000000000000e+05 8.797669999999999657e-01
5.480000000000000000e+02 7.528010000000000000e+05 5.349270000000000413e-01
5.480000000000000000e+02 5.905910000000000000e+05 5.349110000000000253e-01
8.450000000000000000e+02 9.597760000000000000e+05 1.252313999999999927e+00
1.296000000000000000e+03 6.473990000000000000e+05 1.034367000000000036e+00
1.296000000000000000e+03 5.454550000000000000e+05 1.363043000000000005e+00
5.480000000000000000e+02 1.109118000000000000e+06 3.042270000000000252e-01
5.480000000000000000e+02 7.899100000000000000e+05 1.681999999999999901e-03
8.030000000000000000e+02 5.978400000000000000e+05 1.023825999999999903e+00
1.353000000000000000e+03 8.408380000000000000e+05 1.117549999999999932e-01
1.353000000000000000e+03 3.433580000000000000e+05 1.368192000000000075e+00
1.353000000000000000e+03 9.857340000000000000e+05 7.312920000000000531e-01
1.353000000000000000e+03 5.905910000000000000e+05 1.115870000000000056e-01
8.030000000000000000e+02 5.978400000000000000e+05 8.919089999999999518e-01
8.030000000000000000e+02 4.107150000000000000e+05 8.924119999999999830e-01
1.353000000000000000e+03 1.705680000000000000e+05 1.227869999999999934e-01
1.353000000000000000e+03 5.905910000000000000e+05 7.483079999999999732e-01
5.480000000000000000e+02 1.000412000000000000e+06 5.159930000000000350e-01
8.030000000000000000e+02 2.096710000000000000e+05 7.769850000000000367e-01
1.318000000000000000e+03 1.253819000000000000e+06 4.394359999999999933e-01
1.318000000000000000e+03 1.277100000000000000e+06 7.308810000000000029e-01
1.353000000000000000e+03 4.281200000000000000e+04 8.832290000000000418e-01
8.030000000000000000e+02 2.039230000000000000e+05 6.629359999999999697e-01
1.318000000000000000e+03 1.267663000000000000e+06 7.632899999999999407e-02
1.318000000000000000e+03 2.729900000000000000e+05 6.155220000000000136e-01
1.318000000000000000e+03 1.166504000000000000e+06 3.670370000000000021e-01
1.318000000000000000e+03 6.602350000000000000e+05 1.760700000000000112e-02
1.318000000000000000e+03 1.429870000000000000e+05 4.995000000000000134e-02
1.318000000000000000e+03 2.679030000000000000e+05 4.842099999999999876e-02
3.400000000000000000e+02 9.930210000000000000e+05 4.551529999999999743e-01
4.320000000000000000e+02 6.919550000000000000e+05 9.242219999999999880e-01
1.318000000000000000e+03 2.639000000000000000e+03 6.800169999999999826e-01
1.318000000000000000e+03 4.633700000000000000e+04 1.007406000000000024e+00
1.318000000000000000e+03 4.107150000000000000e+05 8.068450000000000344e-01
1.318000000000000000e+03 5.978400000000000000e+05 1.007214999999999971e+00
3.400000000000000000e+02 1.142958000000000000e+06 3.908269999999999800e-01
3.700000000000000000e+02 8.338500000000000000e+05 8.663960000000000550e-01
3.700000000000000000e+02 8.338510000000000000e+05 9.908430000000000293e-01
8.450000000000000000e+02 7.680000000000000000e+02 8.928110000000000213e-01
3.430000000000000000e+02 4.333160000000000000e+05 4.572740000000000138e-01
3.430000000000000000e+02 6.095890000000000000e+05 4.585409999999999764e-01
3.400000000000000000e+02 1.142959000000000000e+06 3.914409999999999834e-01
3.700000000000000000e+02 8.338500000000000000e+05 8.663969999999999727e-01
3.700000000000000000e+02 8.338510000000000000e+05 9.908430000000000293e-01
8.450000000000000000e+02 7.680000000000000000e+02 8.928110000000000213e-01
7.880000000000000000e+02 1.007431000000000000e+06 7.057649999999999757e-01
2.670000000000000000e+02 8.613000000000000000e+03 2.536899999999999919e-02
2.670000000000000000e+02 5.939040000000000000e+05 4.137779999999999792e-01
7.330000000000000000e+02 3.522390000000000000e+05 4.455740000000000256e-01
2.670000000000000000e+02 1.097279000000000000e+06 2.586749999999999883e-01
2.670000000000000000e+02 1.136207000000000000e+06 6.474569999999999492e-01
3.430000000000000000e+02 8.923760000000000000e+05 6.085850000000000426e-01
8.670000000000000000e+02 2.366500000000000000e+05 6.761530000000000040e-01
