# t	msd	err
3.999999999999417500e-14 2.363239685096064913e-01 0.000000000000000000e+00
9.750000000000276524e-14 2.586842940661441825e-01 4.105868522325920034e-02
1.299999999999907623e-13 1.028192803890911833e+00 2.107342425544701733e-08
2.549999999999967930e-13 2.558846526865046211e-01 4.529970036055087218e-02
4.666666666666547154e-13 3.488585703445801212e-01 3.592575953944502493e-02
9.963691823899591463e-13 1.322867073237960822e+00 1.144512916986653722e-01
1.297660000000004388e-12 3.912478589983606758e-01 1.181214835555282200e-01
2.420102766798438133e-12 2.968742257874615209e+00 2.008906949856008040e-01
4.447766233766200408e-12 3.659831358576472127e+00 2.579427156322739445e-01
7.466572700296730147e-12 4.539748918270909428e+00 1.978390677954639243e-01
1.231293763157886234e-11 4.882540287494765430e+00 2.398173409739613737e-01
2.116029774319072041e-11 4.674205991014210859e+00 1.713722739768883674e-01
3.706462829504191050e-11 5.432272575811318838e+00 1.624307055439709047e-01
6.326068809423659609e-11 6.323285616048065272e+00 1.491449353431112124e-01
1.080195922857151396e-10 8.221129213913345168e+00 1.522039513371777619e-01
1.919747015032556023e-10 1.338098055548446297e+01 1.347699194243779652e-01
3.226237313599668577e-10 1.599887983143464787e+01 1.495521138946333262e-01
5.613096331063375183e-10 1.931580597433071134e+01 1.138223443674941104e-01
9.600349169463827799e-10 2.765311643200189806e+01 1.219662396322562375e-01
1.645718634063367261e-09 3.544905635756309437e+01 1.168215422045265073e-01
2.790580273982611045e-09 6.980708948067362485e+01 1.757789344813693311e-01
4.740985658223752352e-09 1.085910834371917559e+02 2.553791025991295482e-01
7.857417616111762351e-09 2.087123019076494472e+02 4.376626463484541429e-01
