# time dx dy dz
7.353999999999999764e-13 1.252021999999999857e-01 -1.186939184549999915e+00 1.275876594862999980e+00
2.072000000000000057e-12 -1.321779400000000049e+00 1.418096484550000147e+00 -5.747849999999982140e-02
1.301000000000000050e-11 -6.739409999999998457e-02 1.290616999999999903e+00 -1.209733600000000298e+00
2.216000000000000090e-11 5.079074070000001717e-03 1.239528877239999716e+00 -1.436853700000000122e+00
4.195000000000000119e-11 1.199068026929999808e+00 -1.777573772399999585e-01 1.270876008850000183e+00
4.684000000000000317e-11 -1.199083168139999822e+00 1.777496772399999314e-01 -1.270898508849999997e+00
5.401000000000000271e-11 1.258684068139999779e+00 1.249526719289999921e+00 -8.224194138000003040e-02
7.703999999999999969e-11 6.981297449699999103e-01 -1.600949965299998667e-01 -7.135610871799999977e-01
7.725000000000000466e-11 5.550746550300001969e-01 1.658170999999998840e-01 -5.678069999999998396e-01
7.813000000000000575e-11 -5.550746550300001969e-01 -1.658170999999998840e-01 5.678065999999998281e-01
7.816999999999999993e-11 -6.990203449699999849e-01 1.525189616699998418e-01 7.007069940800001451e-01
7.825999999999999652e-11 -1.155725299999999844e+00 1.192281985500001640e-01 1.413472305920000061e+00
1.048000000000000026e-10 -6.190503903999983876e-02 -1.122081674360000392e+00 -1.292018300000000064e+00
1.077000000000000003e-10 1.428421078790000021e+00 -1.376205725639999766e+00 9.475579999999955705e-02
1.086999999999999969e-10 -1.428419078790000185e+00 1.376194225639999935e+00 -9.475489999999980872e-02
1.279999999999999974e-10 1.428419078790000185e+00 -1.376190425639999937e+00 9.475409999999995225e-02
1.336999999999999881e-10 -1.428432478790000015e+00 1.376194325639999771e+00 -9.475199999999983635e-02
1.405000000000000060e-10 1.428430578790000016e+00 -1.376186525639999880e+00 9.475109999999969945e-02
1.432000000000000070e-10 5.426206025000002153e-02 -1.392662068599999747e+00 1.295008682590000015e+00
1.528000000000000048e-10 8.845911410999986180e-02 1.402931468600000064e+00 1.230300718880000144e+00
1.642999999999999910e-10 -1.330730099999999805e+00 1.379215195699999841e+00 -6.160764090000020454e-03
1.653999999999999924e-10 1.442953160083000341e+00 -1.165582957000002584e-01 1.233489000000000058e+00
1.785000000000000040e-10 2.896800000000102071e-03 -1.313632799999999712e+00 1.357715999999999923e+00
1.825999999999999950e-10 1.254608399999999957e+00 -2.637119999999998354e-02 -1.268493700000000057e+00
1.826999999999999998e-10 1.306974100000000139e+00 -1.256591699999999978e+00 -3.182727095199994194e-02
1.906999999999999980e-10 -1.306974100000000139e+00 1.256591699999999978e+00 3.182727095199994194e-02
1.924000000000000025e-10 -1.252563599999999777e+00 2.466590000000021266e-02 1.264216900000000088e+00
2.263999999999999885e-10 1.254131300000000060e+00 -2.440269999999999939e-02 -1.264627099999999782e+00
2.355000000000000139e-10 -1.134803600000000134e+00 -1.734916855000013386e-02 -1.282139899999999777e+00
2.407999999999999853e-10 -8.280720000000037218e-02 1.189979500000000190e+00 -1.255937899999999718e+00
2.417999999999999818e-10 1.337486066309999666e+00 3.412620434999985575e-02 -1.279304599999999903e+00
2.872000000000000008e-10 1.244138985880000270e+00 -5.218525913000027217e-02 -1.093474800000000080e+00
2.994000000000000208e-10 1.416812703429999765e+00 -1.136379086430000074e+00 -7.645576600000536516e-04
2.999000000000000190e-10 -8.652114778299998532e-01 -1.040632313859999769e+00 8.446849999999989089e-02
3.043000000000000245e-10 2.330790000000003068e-02 -1.240963099710000073e+00 1.350004959619999667e+00
3.243000000000000071e-10 5.241000000000001213e-02 1.436218287010000205e+00 1.297375300000000120e+00
3.295999999999999785e-10 1.138469699999999918e+00 -7.843950312999997676e-02 1.154479104330000006e+00
3.400000000000000150e-10 -6.249261869999991892e-02 -1.310056583879999792e+00 1.355877395669999874e+00
3.410999999999999905e-10 -1.287727025100000144e+00 1.366022999999998433e-01 1.355093300000000056e+00
3.415000000000000098e-10 1.287753925099999863e+00 -1.366137999999998409e-01 -1.355089800000000011e+00
3.555999999999999921e-10 -1.287753925099999863e+00 1.366137999999998409e-01 1.355088899999999930e+00
3.580999999999999835e-10 4.972825655000007172e-02 -1.178636599999999923e+00 1.111905099999999980e+00
3.582000000000000142e-10 -4.963311563000009918e-02 1.179683900000000119e+00 -1.111240400000000239e+00
3.607000000000000055e-10 4.963311563000009918e-02 -1.179683900000000119e+00 1.111239400000000099e+00
3.611000000000000248e-10 -8.823412314500000964e-01 3.892899999999997751e-02 1.124585100000000448e+00
3.614999999999999924e-10 1.117412299999999803e+00 -4.034039999999999848e-02 1.069776899999999920e+00
3.793000000000000240e-10 -7.863883999999998764e-01 9.374313000000000784e-01 1.128425302300000849e-01
3.794000000000000030e-10 7.864113999999999827e-01 -9.374446000000000723e-01 -1.128435302299999748e-01
3.867999999999999981e-10 1.133678414989999883e+00 1.366695400000000005e+00 -1.700910000000008249e-02
3.927999999999999774e-10 -3.633121498999999921e-02 1.280017700000000147e+00 1.331423633990000077e+00
3.975000000000000232e-10 -1.189414980369999819e+00 -1.197141499999999859e+00 1.026427677700000873e-01
3.978000000000000118e-10 -1.266956400000000205e+00 1.015433019740002857e-01 -1.401620140329999931e+00
3.985000000000000198e-10 1.266948699999999928e+00 -1.015529019740001176e-01 1.401639140329999922e+00
4.774999999999999537e-10 -1.266948699999999928e+00 1.015529019740001176e-01 -1.401641040329999921e+00
4.835000000000000364e-10 -1.136286000000000240e-01 1.294286542500000081e+00 -1.310529459670000119e+00
5.017999999999999629e-10 -1.205968837619999956e+00 -1.213409294189999876e+00 -5.428030000000027416e-02
5.142999999999999714e-10 1.308357337619999505e+00 -3.970333744999998693e-02 1.406369108519999855e+00
5.155999999999999566e-10 -1.281936599999999871e+00 -8.307079999999988917e-02 1.328197591480000161e+00
5.163999999999999952e-10 -1.015338899999999711e+00 -5.198858170999998141e-02 1.145403000000000171e+00
5.196000000000000462e-10 -1.106719999999998816e-01 1.174318141080000100e+00 1.077403799999999912e+00
5.202000000000000234e-10 1.106719999999998816e-01 -1.174318141080000100e+00 -1.077403799999999912e+00
5.321999999999999820e-10 1.027732899999999949e+00 4.851688170999997329e-02 -1.138240799999999942e+00
5.344999999999999637e-10 1.277256400000000180e+00 7.721540000000001736e-02 -1.316558832629999953e+00
6.339999999999999820e-10 -1.278818110690000065e+00 5.382352680539975731e-02 -1.412432867369999734e+00
6.560000000000000094e-10 -1.360344089310000060e+00 -9.646597060540007540e-02 -1.297595589649999770e+00
6.638000000000000238e-10 -1.325702799999999737e+00 -6.733046519999952295e-03 1.253123796830000192e+00
6.642999999999999704e-10 9.397714643500018616e-02 1.222080230810000057e+00 1.174555892819999947e+00
7.586999999999999753e-10 -9.397714643500018616e-02 -1.222080230810000057e+00 -1.174553992819999948e+00
7.660999999999999704e-10 9.397914643500018816e-02 1.222139274899999961e+00 1.174618992820000152e+00
8.196999999999999715e-10 -1.326217719992999866e+00 -8.234957749000000327e-01 9.115692921999996035e-02
8.327999999999999572e-10 1.204610911349999869e+00 1.398792253900000004e-01 -1.396750400289999750e+00
8.351999999999999696e-10 1.331148101120000149e+00 -2.261899999999941735e-03 -1.183684300000000134e+00
8.367000000000000161e-10 -1.390306300000000217e+00 -2.205301552999999748e-02 -1.241211800000000087e+00
8.802999999999999483e-10 1.358209699999999964e+00 4.352500000000120162e-03 -1.239165700000000037e+00
1.043000000000000017e-09 1.500419500000000017e+00 4.623399999999881771e-03 1.268300299999999936e+00
1.058000000000000069e-09 -1.128942613111000082e+00 -1.377101646972999749e+00 -1.092051438599999647e-01
1.058999999999999962e-09 -3.592310876900015049e-02 1.365388572900000153e+00 -1.367889499999999980e+00
1.110999999999999989e-09 3.592700876900015161e-02 -1.365390572899999988e+00 1.367888900000000074e+00
1.110999999999999989e-09 1.366951113111000149e+00 -3.211427320000004304e-02 1.281516899999999959e+00
1.110999999999999989e-09 1.392352800000000057e+00 4.937580563999993677e-02 9.908099000000000212e-01
1.112000000000000089e-09 -1.119808099999999751e+00 1.448442526513999962e+00 -8.796040000000016068e-02
1.139000000000000099e-09 1.297498599999999946e+00 -4.408449999999997093e-02 1.416850400000000176e+00
1.155000000000000044e-09 1.257234406350000055e+00 -1.536439927807999872e+00 -6.278000000000338865e-03
1.161999999999999916e-09 -1.257259406350000219e+00 1.536424527807999985e+00 6.317000000000239091e-03
1.225000000000000009e-09 1.257259406350000219e+00 -1.536424527807999985e+00 -6.317000000000239091e-03
1.265999999999999971e-09 1.205429198539999636e+00 1.264303124099999787e+00 1.801404838000011943e-02
1.267000000000000071e-09 -1.239490598539999766e+00 -9.108354689999997866e-02 1.264531100000000130e+00
1.445999999999999970e-09 1.408393999999999480e+00 -1.275232400000000155e+00 1.190284000000000897e-01
1.449000000000000063e-09 2.566513975000001002e-02 -1.380262599999999784e+00 1.315499299999999927e+00
1.451000000000000056e-09 -5.124258184000007182e-02 -1.262661000000000033e+00 -1.220585865909999956e+00
1.455999999999999935e-09 5.124258184000007182e-02 1.262655300000000036e+00 1.220585865909999956e+00
1.461000000000000021e-09 -5.127328183999998318e-02 -1.262632399999999766e+00 -1.220610441629999876e+00
1.463000000000000014e-09 1.404911136870000021e+00 -1.361476895990000324e+00 3.285304163000000999e-02
1.468000000000000101e-09 1.287262063130000023e+00 1.420999823669000017e+00 2.312768659700002033e-02
1.472000000000000087e-09 1.161827699999999908e+00 1.397702796831000072e+00 5.329511340300005506e-02
1.472999999999999980e-09 5.511710000000005771e-02 1.322393583549999807e+00 -1.328391299999999831e+00
1.476000000000000073e-09 3.263030000000005648e-02 1.252580898706000090e+00 -1.209754846100000059e+00
1.499000000000000097e-09 1.216049700000000344e+00 -1.579361289360000642e-01 -1.375862870129999749e+00
1.507999999999999962e-09 -1.056864000000000026e+00 7.293720142000004181e-02 -1.357169145619999906e+00
1.509000000000000062e-09 1.056867299999999732e+00 -7.293720142000004181e-02 1.357168245620000047e+00
1.509000000000000062e-09 -1.056916599999999651e+00 7.286860142000009533e-02 -1.357152945619999995e+00
1.513000000000000049e-09 1.129453696719999733e+00 -1.368772687889999951e+00 5.368220000000013814e-02
1.525000000000000007e-09 -1.262519671999984272e-02 1.211847253149999970e+00 -1.205303299999999966e+00
1.528999999999999993e-09 1.263701339999989681e-02 -1.211868282550000009e+00 1.205253699999999872e+00
1.534999999999999973e-09 1.289297886599999998e+00 1.248821217290000174e+00 9.166199999999846693e-03
1.540999999999999952e-09 -5.027765242399999668e-01 6.354602567900000665e-01 -1.510961000000000110e-01
1.540999999999999952e-09 5.027697242399999933e-01 -6.354506567900000125e-01 1.510810999999999127e-01
1.542000000000000052e-09 -1.292902902000000243e+00 -1.246465656619999862e+00 -1.438963971999989572e-02
1.548000000000000031e-09 -1.140803698000000033e+00 -5.798894555000008721e-02 -1.417417771900000067e+00
1.548999999999999924e-09 -1.264736151609999748e+00 9.283415190000007811e-02 -1.296566462479999959e+00
1.552000000000000017e-09 1.206654700000000080e+00 -1.285133300000000034e+00 -1.013403004999999246e-02
1.557999999999999997e-09 -8.807169999999973908e-02 -1.086450486469999976e+00 1.209776670859999959e+00
1.610000000000000024e-09 -1.305563799999999830e+00 -3.167545056000006798e-02 -1.302513894649999671e+00
1.612999999999999910e-09 -1.327274300000000018e+00 1.288557005499999963e+00 -3.870610535000013064e-02
1.734000000000000009e-09 -1.333663999999999961e+00 -6.941030204999995568e-02 1.407336896359999923e+00
1.734999999999999902e-09 -1.143295354199999947e+00 -7.478138558999991581e-02 -1.122120686659999755e+00
1.734999999999999902e-09 -1.135387500539999817e+00 -1.252857227350000269e+00 -9.163499999999935586e-03
1.759999999999999919e-09 -1.103553845260000221e+00 1.239579812940000192e+00 2.059002997100000121e-01
1.763000000000000012e-09 2.024861999999999496e-01 9.274599273399998234e-01 -1.100576899710000056e+00
1.763999999999999906e-09 1.292261199999999777e+00 8.924672660000215751e-03 -9.565938999999995529e-01
1.765000000000000005e-09 -1.144354000000000759e-01 -9.690190887700000921e-01 -1.178673700000000046e+00
1.765999999999999899e-09 -1.184423460840000386e+00 -1.203137112299998701e-01 -9.558382000000001932e-01
1.772000000000000085e-09 1.186601760840000352e+00 1.197050661379998882e-01 9.577795000000002279e-01
1.772999999999999978e-09 1.092111501119999772e+00 2.998933386199993667e-02 1.226948599999999834e+00
1.772999999999999978e-09 1.009857400000000238e+00 1.279555944549999769e+00 1.099148193400000945e-01
1.784000000000000043e-09 -4.932299999999972817e-03 1.248804399999999815e+00 -1.274607019339999869e+00
1.797999999999999995e-09 -3.308519511000003466e-02 -6.764700999999998521e-01 7.886032000000000597e-01
1.797999999999999995e-09 1.045879316800001346e-01 -5.772492999999997432e-01 4.997146042299999147e-01
1.803000000000000081e-09 -7.881296830000231179e-03 1.247759000000000285e+00 -1.273391504230000137e+00
1.811999999999999947e-09 -3.269219510999991224e-02 -6.763287000000001159e-01 7.885501999999999789e-01
1.811999999999999947e-09 3.267689510999991637e-02 6.762943000000003479e-01 -7.885346000000000855e-01
1.878999999999999819e-09 -3.268449510999991287e-02 -6.762943000000003479e-01 7.885346000000000855e-01
1.880000000000000125e-09 1.046296316799999182e-01 -5.772419999999996998e-01 4.997411094499998874e-01
1.882999999999999805e-09 -1.240112299999999834e+00 1.159106801999992831e-02 1.156292190550000321e+00
1.885999999999999898e-09 1.240143000000000217e+00 -1.159846801999986354e-02 -1.156225093230000223e+00
1.892999999999999977e-09 1.316825899999999994e+00 -3.924579929000013290e-02 1.368919854634000011e+00
1.896000000000000070e-09 -4.900740000000015917e-02 -7.626801517300000333e-01 7.365356385960002417e-01
1.896000000000000070e-09 4.901120000000015742e-02 7.626801517300000333e-01 -7.365309465030003278e-01
1.911000000000000122e-09 9.515377577999994951e-02 -1.371002200710000007e+00 -1.168204653496999867e+00
1.912000000000000015e-09 -9.516127577999994314e-02 1.371013600710000002e+00 1.168219997588999970e+00
1.919999999999999987e-09 9.516127577999994314e-02 -1.371009800710000004e+00 -1.168219497589000122e+00
1.923999999999999973e-09 -9.495927577999996316e-02 1.371071000709999987e+00 1.168380359817000169e+00
1.946999999999999997e-09 -1.380485500000000254e+00 3.225709928999981324e-02 1.408036640183000010e+00
1.989000000000000059e-09 -1.292957200000000029e+00 -1.015662000000001342e-01 -1.288719600000000076e+00
1.998999999999999818e-09 -5.244819999999962568e-02 -1.401074799999999954e+00 1.158999200000000007e+00
2.002999999999999804e-09 1.150234299999999710e+00 5.873100000000032461e-02 -1.178070200000000289e+00
2.248999999999999988e-09 -1.234939900000000090e+00 -1.404089200000000037e+00 -2.801319999999998811e-02
2.278000000000000199e-09 -1.358551300000000239e+00 -1.212484100000000176e+00 7.615775312500001892e-02
2.283000000000000078e-09 1.358551300000000239e+00 1.212484100000000176e+00 -7.615795312500001080e-02
2.290000000000000157e-09 -1.358570400000000067e+00 -1.212468800000000346e+00 7.617003954300000101e-02
2.291999999999999943e-09 1.699868951099998415e-01 -1.301843399999999651e+00 -1.054160245143000108e+00
2.295000000000000036e-09 -2.427196999999999827e-01 -1.274873799999999946e+00 9.761978700899998085e-01
2.296999999999999823e-09 2.427196999999999827e-01 1.274873799999999946e+00 -9.761980806299995761e-01
2.323999999999999833e-09 -1.239982699999999882e+00 -1.214082899540000149e+00 6.124116139999871700e-03
2.326000000000000033e-09 -1.198074406930000002e+00 -1.211885300459999648e+00 -2.497839999999992150e-02
2.329000000000000126e-09 -1.235908593069999784e+00 1.701465999999999257e-01 -1.382386399999999682e+00
2.330000000000000019e-09 1.235908593069999784e+00 -1.701446999999999266e-01 1.382386699999999857e+00
2.330999999999999912e-09 -1.077001593069999874e+00 1.205928782300000224e+00 -1.199913892600000809e-01
2.340000000000000191e-09 9.211463999999998098e-01 9.180509286799998225e-01 5.827050000000004448e-02
2.342999999999999871e-09 9.118119999999998448e-01 6.853660735000005610e-02 1.119960600000000417e+00
2.346999999999999857e-09 1.060491699999999593e+00 -9.706991343999999966e-01 1.116086212599999572e-01
2.357999999999999922e-09 -8.247179999999962319e-02 -1.301176244969999729e+00 -1.091027100000000027e+00
2.358999999999999815e-09 1.204868730564000012e+00 1.246986999999999401e-01 -1.234846500000000180e+00
2.368999999999999988e-09 -6.714273484000013448e-03 -1.455287999999999915e+00 -1.374770700000000234e+00
2.384000000000000039e-09 9.952584613999998497e-02 1.413213650860000392e+00 -1.362991599999999970e+00
2.395000000000000105e-09 -9.953724614000003523e-02 -1.413241250860000076e+00 1.363052399999999942e+00
2.416999999999999822e-09 1.252224399999999793e+00 2.915369352000002356e-02 1.486938600000000221e+00
2.441000000000000153e-09 1.358066399999999785e+00 5.067807479999880682e-03 1.328813100000000080e+00
2.443999999999999832e-09 1.226142899999999925e+00 -5.253691682000008467e-02 1.289399699999999926e+00
2.484000000000000108e-09 1.072353800000000135e+00 -1.304828484179999748e+00 7.197810000000012809e-02
2.489999999999999880e-09 -1.072353800000000135e+00 1.304828484179999748e+00 -7.197860000000017022e-02
2.515000000000000104e-09 1.325118499999999866e+00 2.055061581999996501e-02 -1.092695699999999714e+00
2.516999999999999890e-09 1.290213300000000007e+00 -1.261895100000000047e+00 -2.143290764999998890e-02
2.526000000000000169e-09 -3.271760000000009661e-02 1.505105100000000418e+00 -9.004681000000001045e-01
2.528999999999999849e-09 8.782698000000001004e-01 -7.792677520000017288e-02 1.010358196070000325e+00
2.543999999999999900e-09 -8.311080000000001800e-01 -9.049107999999999041e-01 9.710970392999990208e-02
2.546000000000000100e-09 1.596150000000021163e-02 1.079068300000000091e+00 1.253625899999999849e+00
2.546000000000000100e-09 4.374405749499971074e-02 2.575004825220000182e+00 -1.951133118739999839e+00
2.570999999999999911e-09 1.115152900000000002e+00 -1.168062231940000029e+00 -7.023168126000002565e-02
2.571999999999999804e-09 -1.115175299999999980e+00 1.168079331940000021e+00 7.022998125999997676e-02
2.574000000000000004e-09 -1.610805000000000153e-01 1.145843375240000128e+00 1.456248218740000322e+00
2.574999999999999897e-09 2.063522207000001440e-02 -9.903222000000000413e-01 1.301394832186800077e+00
2.576000000000000203e-09 -1.067231322070000044e+00 1.453031600000000090e+00 -7.366363218679999880e-02
2.581000000000000083e-09 -3.791773946000019657e-02 -1.371393499999999932e+00 1.086555999999999855e+00
2.581000000000000083e-09 -4.690991932999979963e-02 -3.481711999999999585e-01 -2.935300000000114554e-03
2.581000000000000083e-09 4.693896342999984150e-02 3.481694999999999651e-01 2.951400000000157717e-03
2.581000000000000083e-09 -4.693936342999985301e-02 -3.481713999999999642e-01 -2.950800000000182097e-03
2.581000000000000083e-09 4.695738993999989952e-02 3.481805999999999512e-01 2.969000000000087888e-03
2.581999999999999976e-09 -4.695368993999989721e-02 -3.481824999999999504e-01 -2.965700000000069322e-03
2.581999999999999976e-09 4.697346342999993846e-02 3.481845000000000079e-01 2.986600000000163777e-03
2.581999999999999976e-09 -4.697386342999994302e-02 -3.481845000000000079e-01 -2.987400000000152087e-03
2.581999999999999976e-09 4.698506342999994589e-02 3.481902000000001163e-01 3.005700000000039937e-03
2.582999999999999869e-09 -4.698536342999994064e-02 -3.481883000000001172e-01 -3.005200000000020355e-03
2.582999999999999869e-09 4.701086343000000778e-02 3.481923000000000101e-01 3.023400000000044108e-03
2.582999999999999869e-09 -4.701106342999998577e-02 -3.481961000000000084e-01 -3.023500000000040044e-03
2.582999999999999869e-09 4.699547524000001475e-02 3.482016000000000000e-01 3.070699999999978308e-03
2.582999999999999869e-09 -4.699577524000002338e-02 -3.481997000000000009e-01 -3.069499999999950740e-03
2.582999999999999869e-09 4.701988993999994815e-02 3.482094000000000023e-01 3.083100000000088547e-03
2.584000000000000176e-09 -4.702008993999995390e-02 -3.482094000000000023e-01 -3.082500000000015783e-03
2.584000000000000176e-09 4.704586342999982074e-02 3.482132999999997258e-01 3.096699999999980024e-03
2.585000000000000069e-09 -4.704626342999983224e-02 -3.482189999999997232e-01 -3.096199999999972585e-03
2.585000000000000069e-09 4.707456342999985499e-02 3.482168999999999404e-01 3.112599999999909883e-03
2.585000000000000069e-09 -4.707486342999984974e-02 -3.482148999999999384e-01 -3.110399999999874376e-03
2.585000000000000069e-09 4.709786342999984499e-02 3.482188999999997758e-01 3.120599999999848495e-03
2.585000000000000069e-09 1.245186113769999769e+00 2.497840635000025955e-02 -1.324160013021999482e+00
2.601000000000000014e-09 -5.376331840999986483e-02 -1.342132411980000217e+00 -1.295496186978000175e+00
2.605000000000000000e-09 3.813069999999996185e-02 1.243457984887999634e+00 -1.261135516159999526e+00
2.605999999999999893e-09 -1.463800000000042845e-03 1.090375657201999804e+00 1.412911407419999321e+00
2.651999999999999941e-09 1.468500000000066974e-03 -1.090373757201999805e+00 -1.412911207419999648e+00
2.655000000000000034e-09 -9.637000000000395250e-04 1.091428457201999880e+00 1.413484527593000362e+00
2.665000000000000206e-09 7.374599999999960354e-03 -1.143514499999999989e+00 1.337578588566999738e+00
2.674999999999999965e-09 -7.381899999999975981e-03 1.143524199999999880e+00 -1.337603713706000175e+00
2.694999999999999896e-09 1.175119587740000027e+00 -1.193521599999999960e+00 -1.930196674540001489e-01
2.697000000000000096e-09 -1.175150387740000024e+00 1.193645599999999529e+00 1.930540483989998946e-01
2.709999999999999948e-09 7.418499999999945971e-03 -1.143657799999999947e+00 1.337582232761000300e+00
2.710999999999999841e-09 -1.115146599999999877e+00 1.382087699999999586e+00 -9.527310000000033252e-02
2.710999999999999841e-09 -1.480991380369999777e-01 1.161817479370000017e+00 1.408930300000000635e+00
2.721000000000000013e-09 1.480990380369999748e-01 -1.161821279370000015e+00 -1.408930900000000541e+00
2.721000000000000013e-09 -4.042359999999986520e-02 1.338869100000000145e+00 -1.420111700000000088e+00
2.724000000000000106e-09 4.960144844000002884e-02 -1.256784499999999971e+00 -1.280090199999999623e+00
2.741999999999999837e-09 -1.289829080959999930e+00 2.056239623999978061e-03 1.217953800000000086e+00
2.752000000000000009e-09 -1.388298089649999678e+00 -1.360879999999999868e+00 4.697079116999980375e-02
2.756999999999999889e-09 1.823540562499997852e-01 -7.940424999999999844e-01 6.306756088299998453e-01
2.756999999999999889e-09 -2.640532672299999439e-01 -6.286907999999999941e-01 7.017192000000002094e-01
2.758000000000000195e-09 -1.286087018409999949e+00 -1.789079999999982490e-02 -1.201135100000000122e+00
2.766000000000000168e-09 -1.182559999999990147e-02 -1.165145800000000342e+00 1.395773299999999661e+00
2.771999999999999940e-09 1.163120395990000056e+00 -7.736353479999895366e-03 1.378882099999999777e+00
2.783999999999999899e-09 -1.359489507520000195e+00 -7.360246519999946724e-03 1.395298876079999806e+00
2.783999999999999899e-09 -2.164155034200000438e-01 -1.109057200000000076e+00 -1.267364376080000188e+00
2.785000000000000206e-09 1.169521539460000037e+00 -1.161643299999999934e+00 -1.587881999999999350e-01
2.801000000000000150e-09 -1.268325739459999824e+00 3.150639999999996221e-02 1.125793600000000172e+00
2.802000000000000043e-09 -1.208874683100001901e-01 -6.072872999999998633e-01 -6.439468000000000414e-01
2.802000000000000043e-09 3.623176830999998155e-02 -6.307695999999999303e-01 -5.796679000000000137e-01
2.802000000000000043e-09 1.817853688900002984e-01 -1.279987999999999904e+00 -1.207965900660000091e+00
2.803999999999999830e-09 1.042182799999999965e+00 -2.977667037099999692e-01 1.111653200659999952e+00
2.805000000000000136e-09 -1.042182799999999965e+00 2.977667037099999692e-01 -1.111653000659999835e+00
2.806999999999999923e-09 1.236656182999999798e+00 -1.035694999999999255e-01 -1.302882999339999959e+00
2.810999999999999909e-09 -1.269630482999999810e+00 -1.115828199999999937e+00 -1.372409999999996133e-02
2.813000000000000109e-09 -9.387595707999998873e-02 1.170257099999999939e+00 -9.140850000000004805e-01
2.817999999999999988e-09 1.224628594237999746e+00 -1.233833135969999883e+00 -6.565744609999996095e-02
2.820000000000000188e-09 1.219932600000000145e+00 2.009739646000004154e-02 1.381927900000000209e+00
2.820000000000000188e-09 9.733599999999992258e-02 1.130844341500000017e+00 -1.184012100000000123e+00
2.824000000000000174e-09 -1.160804700000000356e+00 -1.224211726100001285e-01 -1.304748599999999925e+00
2.914000000000000070e-09 -1.387954399999999922e+00 7.321617260999985222e-02 -1.402252493070000217e+00
2.925000000000000136e-09 1.348102400000000145e+00 1.150802353960000080e+00 -1.026764317200000026e-01
2.927999999999999815e-09 -1.354812624220000039e+00 1.422511008710000135e+00 2.257174955000014124e-02
2.930000000000000015e-09 1.199085424219999751e+00 1.349835300000000071e+00 -2.421201815999995260e-02
2.930999999999999908e-09 -1.199116038919999738e+00 -1.349842999999999904e+00 2.425373285999995326e-02
2.953000000000000039e-09 9.439083202999978828e-02 -1.293315648730000156e+00 -1.392444832859999870e+00
2.953000000000000039e-09 7.630581000000001834e-01 -6.766917999999998434e-01 4.031799999999897965e-03
2.953000000000000039e-09 6.673391000000001849e-01 -7.261057823000003353e-01 2.471940000000011697e-02
2.968999999999999984e-09 -6.673352000000001283e-01 7.261057823000003353e-01 -2.471940000000011697e-02
2.968999999999999984e-09 -7.455788000000000970e-01 6.505314999999995962e-01 -1.090610000000002272e-02
2.969999999999999877e-09 2.728270722000022269e-02 -1.253025199999999728e+00 -1.416740399999999900e+00
2.973999999999999863e-09 1.331521965299999333e-01 -1.009053399999999989e+00 1.177635199999999882e+00
2.975000000000000170e-09 -1.468545864299998782e-01 -1.374430166779999851e+00 7.937012999999999430e-01
2.976000000000000063e-09 3.017060978000001004e-02 -1.263571020409999912e+00 1.033374699999999979e+00
2.976999999999999956e-09 1.280925965430000035e+00 1.172627387189999926e+00 -3.671696626000012231e-02
2.989999999999999808e-09 -1.013439265430000180e+00 -1.557483023099997532e-01 -9.689866576199999137e-01
3.034000000000000069e-09 1.013091900000000045e+00 -6.521075922500003674e-01 -1.741943573700001080e-01
3.034000000000000069e-09 2.083893000000000550e-01 -6.830254360999998831e-01 9.301780000000020587e-02
3.035999999999999856e-09 -2.083893000000000550e-01 6.830245360999999127e-01 -9.302160000000020412e-02
3.037000000000000162e-09 -9.672166000000000929e-01 6.421129940100001043e-01 1.744195161600001764e-01
3.042999999999999935e-09 -4.714969999999996109e-02 1.572982105989999546e+00 8.920031838399997692e-01
3.061999999999999973e-09 -6.266799999999989046e-02 1.217339399999999738e+00 1.175431700000000079e+00
3.062999999999999866e-09 6.266799999999989046e-02 -1.217338999999999727e+00 -1.175431700000000079e+00
3.064000000000000173e-09 6.763915000000000344e-01 8.184071999999998903e-01 -8.284135156000003997e-02
3.064000000000000173e-09 7.299500999999997131e-01 4.596107999999999305e-01 1.489877000000002227e-01
3.069999999999999945e-09 1.254516599999999871e+00 -1.324611003528000097e+00 -2.269470000000001209e-02
3.076000000000000131e-09 1.001774000000001663e-01 -1.126333770131999978e+00 -1.135745500000000074e+00
3.077999999999999917e-09 1.228846558200000105e+00 -1.906091811000010933e-02 -1.291248515539999975e+00
3.139000000000000017e-09 -1.178237958200000213e+00 -1.245810176780000056e+00 -8.492269251999977342e-02
3.139000000000000017e-09 1.533799999999876928e-03 1.346022952239999793e+00 -1.116431800000000418e+00
3.139999999999999910e-09 -1.533799999999876928e-03 -1.346022652239999839e+00 1.116428000000000420e+00
3.139999999999999910e-09 1.533699999999915686e-03 1.346024552239999839e+00 -1.116435800000000089e+00
3.139999999999999910e-09 -1.156310911230000071e+00 1.045536302700000308e-01 -1.327121578959999715e+00
3.140999999999999803e-09 1.156307111230000073e+00 -1.045554302700000271e-01 1.327121578959999715e+00
3.140999999999999803e-09 -6.656599999999929240e-03 -1.369083400000000061e+00 1.115230399999999733e+00
3.142000000000000110e-09 6.668199999999912392e-03 1.369083600000000178e+00 -1.115245599999999726e+00
3.142000000000000110e-09 -1.156303411229999911e+00 1.045632302699999461e-01 -1.327110178959999720e+00
3.150999999999999976e-09 3.200504956000022050e-02 1.348315233690000170e+00 1.483642656490000267e+00
3.247000000000000058e-09 -1.243076138329999969e+00 -1.270838899999999549e+00 1.789278899399999734e-01
3.247999999999999951e-09 2.701449999999999130e-01 1.256723488479999817e+00 -1.155538310695999993e+00
3.251999999999999937e-09 -1.035576000000000052e+00 1.053220115199999113e-01 1.219410272076000057e+00
3.254000000000000137e-09 -9.334047999999997014e-01 -1.157352599999999843e+00 1.603505999999997045e-01
3.255999999999999923e-09 -1.174682799999999805e+00 1.232148569957999928e+00 -7.479475185999998055e-02
3.265000000000000202e-09 -7.447990000000015431e-02 -1.054384800000000233e+00 -1.222147048140000081e+00
3.270000000000000082e-09 1.130584800000000278e+00 -9.213456000000002089e-01 9.313579999999987979e-02
3.273000000000000175e-09 -1.130560000000000231e+00 9.213767000000001595e-01 -9.310339999999989180e-02
3.282000000000000040e-09 6.075660000000010497e-02 -1.128284327390000064e+00 -1.215337499999999959e+00
3.282000000000000040e-09 -6.071090000000012310e-02 1.128329727389999926e+00 1.215379500000000057e+00
3.286999999999999920e-09 -1.101785718039999917e+00 -1.326000799999999868e+00 8.556570964000007051e-02
3.293000000000000106e-09 1.031139518040000036e+00 -9.266871000000002079e-01 1.347275833000000089e-01
3.296000000000000199e-09 -1.188241855907999911e+00 -1.106171999999999933e+00 1.182479585472999695e-01
3.297999999999999985e-09 1.024191019998000218e+00 1.816990000000005823e-02 -1.016593819337300086e+00
3.297999999999999985e-09 1.099994635909999907e+00 -1.097510205199999089e-01 8.030053582099998533e-01
3.301999999999999971e-09 1.247465200000000163e+00 8.134624999999997552e-01 -1.282597046010000852e-01
3.314999999999999823e-09 -9.774016000000000925e-01 -6.933599999999845442e-03 1.386494008642999987e+00
3.324000000000000102e-09 1.241243099999999933e+00 9.894241999999997539e-01 -7.454330000000006229e-02
3.324999999999999995e-09 -1.241286899999999749e+00 -9.894259999999999167e-01 7.458120000000006966e-02
3.341999999999999833e-09 -1.333011299999999899e+00 -1.898050539999834863e-03 1.380283400000000160e+00
3.465999999999999818e-09 -1.383302899999999891e+00 -1.238189100000000487e+00 -5.657590000000004699e-02
3.469999999999999805e-09 1.228078700000000190e+00 1.846993900460000282e-01 1.290252799999999755e+00
3.471000000000000111e-09 1.759923945999980477e-02 6.568343000000000931e-01 -8.048098000000001306e-01
3.471000000000000111e-09 -5.536650776599973123e-02 7.023129999999999651e-01 -6.178167000000001075e-01
3.475000000000000098e-09 5.537030776599972948e-02 -7.023131000000000235e-01 6.178129000000001092e-01
3.475000000000000098e-09 -1.157800000000021312e-03 -6.352060999999999957e-01 8.011058751999999838e-01
3.476999999999999884e-09 1.157800000000021312e-03 6.352065000000000072e-01 -8.011058751999999838e-01
3.476999999999999884e-09 -5.536650776599971735e-02 7.023124999999998952e-01 -6.178129000000001092e-01
3.484999999999999856e-09 5.536650776599971735e-02 -7.023127999999999593e-01 6.178129000000001092e-01
3.484999999999999856e-09 -5.538946367599982545e-02 7.022998000000000296e-01 -6.178127000000001035e-01
3.491999999999999935e-09 5.538946367599982545e-02 -7.022998000000000296e-01 6.178127000000001035e-01
3.491999999999999935e-09 -5.541613427600000641e-02 7.022782000000000746e-01 -6.178126000000002671e-01
3.510000000000000080e-09 5.541613427600000641e-02 -7.022781000000000162e-01 6.178126000000002671e-01
3.510000000000000080e-09 -5.544670488600000891e-02 7.022546999999998985e-01 -6.178053000000003347e-01
3.517000000000000159e-09 5.544670488600000891e-02 -7.022554999999999215e-01 6.178053000000003347e-01
3.517000000000000159e-09 -1.169300000000011996e-03 -6.352133000000002028e-01 8.010980752000003147e-01
3.518000000000000052e-09 1.347334099999999868e+00 -1.123798120180000026e+00 1.045979999999993582e-02
3.521000000000000145e-09 -1.908187749500000752e-01 -1.056958599999999970e+00 -1.212623599999999691e+00
3.526000000000000025e-09 1.309339574950000085e+00 1.153437100000000104e+00 1.255913000000000168e-01
3.533999999999999997e-09 1.373527200000000281e+00 -1.281159574659999745e+00 -8.250440057999997023e-02
3.537000000000000090e-09 8.668444215800000796e-01 9.201704746599999041e-01 7.426840058000000466e-02
3.537999999999999983e-09 7.835309784199999683e-01 1.231173000000002071e-01 -1.092426300000000072e+00
3.541999999999999970e-09 1.301840999999998860e-01 -1.021821576950000310e+00 9.759485000000001076e-01
3.548000000000000156e-09 1.245954999999999924e+00 7.827073769500001443e-01 -6.047069999999986345e-02
3.549999999999999942e-09 -1.245993200000000023e+00 -7.826768769500001000e-01 6.042089999999980532e-02
3.549999999999999942e-09 -1.333739799999999809e+00 1.429976769500001799e-01 -8.947905999999998805e-01
3.553999999999999928e-09 -1.082088499999999787e+00 -1.029880960000312262e-03 -1.249624199999999963e+00
3.564000000000000100e-09 1.240699600000000125e+00 1.413785791650000290e+00 -1.668777999999999373e-01
3.564999999999999994e-09 -1.183425600000000077e+00 -1.446798674399998041e-01 -1.175638000000000183e+00
3.567000000000000193e-09 1.185180400000000134e+00 -1.471438099410000255e+00 -7.613960000000011275e-02
3.568000000000000087e-09 1.199054699999999807e+00 1.010818000000001937e-01 5.847951293900000014e-01
3.568999999999999980e-09 -1.251331600000000321e+00 -6.527863484399998306e-01 -2.013016489700001355e-01
3.572000000000000073e-09 -1.264171700000000342e+00 1.279752484399999946e-01 -1.344928600000000252e+00
3.572999999999999966e-09 1.368839800000000384e+00 1.232530000000001125e-02 -1.199300711689999854e+00
3.573999999999999859e-09 -1.368839800000000384e+00 -1.232910000000000950e-02 1.199300711689999854e+00
3.575000000000000166e-09 1.368580200000000247e+00 1.239380000000006588e-02 -1.199130811690000131e+00
3.580000000000000045e-09 -1.368584000000000245e+00 -1.239000000000006763e-02 1.199127011690000133e+00
3.581999999999999831e-09 1.368263400000000019e+00 1.235959999999999837e-02 -1.198873311690000110e+00
3.583000000000000138e-09 1.382972599999999996e+00 -1.293632468890000276e+00 -6.292749999999974753e-02
3.589999999999999804e-09 1.297932300000000261e+00 -1.361976699999999818e+00 -8.594514110000010115e-03
3.612999999999999828e-09 -1.297932300000000261e+00 1.361976699999999818e+00 8.594514110000010115e-03
3.630999999999999972e-09 -2.643438080000060086e-03 -1.345298699999999847e+00 1.239809050559999681e+00
3.630999999999999972e-09 2.647338080000116722e-03 1.345310000000000006e+00 -1.239845250559999723e+00
3.637000000000000158e-09 -2.651138080000114972e-03 -1.345310000000000006e+00 1.239841450559999725e+00
3.645000000000000131e-09 2.651238080000062336e-03 1.345329199999999892e+00 -1.239868150559999771e+00
3.665000000000000062e-09 -1.370044766259999935e+00 1.294093950146000038e+00 6.345531929000025606e-02
3.665000000000000062e-09 -1.362213200000000013e+00 4.333500000000017893e-03 1.192978089809999753e+00
3.665999999999999955e-09 1.362041599999999963e+00 -4.180999999999990280e-03 -1.193426116319999952e+00
3.665999999999999955e-09 -1.362041599999999963e+00 4.177199999999992031e-03 1.193426116319999952e+00
3.666999999999999848e-09 1.361724800000000180e+00 -3.959399999999974051e-03 -1.193718084049999906e+00
3.666999999999999848e-09 -1.361724900000000016e+00 3.959399999999974051e-03 1.193718084049999906e+00
3.669999999999999941e-09 1.361312899999999937e+00 -3.696399999999988584e-03 -1.193967900329999887e+00
3.676000000000000127e-09 -1.361312899999999937e+00 3.696399999999988584e-03 1.193967900329999887e+00
3.676000000000000127e-09 1.360996199999999767e+00 -3.486499999999975730e-03 -1.194112860710000001e+00
3.677000000000000020e-09 -1.360996199999999767e+00 3.486499999999975730e-03 1.194112860710000001e+00
3.680000000000000113e-09 1.360683599999999771e+00 -3.284399999999937370e-03 -1.194187213739999809e+00
3.680000000000000113e-09 -1.360683599999999771e+00 3.284399999999937370e-03 1.194181513739999811e+00
3.681000000000000007e-09 1.360378299999999818e+00 -3.108800000000022656e-03 -1.194217681459999847e+00
3.684000000000000100e-09 -1.360378299999999818e+00 3.108800000000022656e-03 1.194221581459999681e+00
3.689999999999999872e-09 1.360015999999999892e+00 -2.876199999999995427e-03 -1.194242534490000063e+00
3.691000000000000179e-09 -1.360015999999999892e+00 2.876199999999995427e-03 1.194246334490000061e+00
3.692000000000000072e-09 1.359768099999999924e+00 -2.697100000000035580e-03 -1.194242424260000046e+00
3.692999999999999965e-09 1.375655933989999857e+00 -1.289974086770000028e+00 -5.798168483999971423e-02
3.733999999999999720e-09 -3.269370359999967945e-03 -1.345420600000000411e+00 1.240327781549999786e+00
3.735000000000000027e-09 1.199135222800000289e+00 1.490759165000007935e-02 1.218080818450000269e+00
3.735000000000000027e-09 1.217262199999999517e+00 1.031845338630000164e+00 3.849906207519999679e-01
3.741999999999999692e-09 6.232776580529999499e-01 7.283554613700000679e-01 1.715048360399999972e-01
3.741999999999999692e-09 7.170799929969997599e-01 6.263999000000000095e-01 -2.417374931699999355e-02
3.750999999999999972e-09 -7.170805929969997772e-01 -6.263999000000000095e-01 2.417374931699999355e-02
3.750999999999999972e-09 -6.252272580530001678e-01 -7.092782633800001069e-01 -1.672285833499999874e-01
3.757999999999999637e-09 6.252271812160000719e-01 7.092821633800000525e-01 1.672285833499999874e-01
3.757999999999999637e-09 -6.251880812159998912e-01 -7.092936956600000009e-01 -1.672284833499999290e-01
3.757999999999999637e-09 6.251878812159998855e-01 7.092974956599999992e-01 1.672284833499999290e-01
3.757999999999999637e-09 7.170473850940000116e-01 6.263883000000001200e-01 -2.418116401399995202e-02
3.765999999999999610e-09 -7.170470850940000584e-01 -6.263883000000001200e-01 2.418306401399995115e-02
3.765999999999999610e-09 7.170053387640000775e-01 6.263654999999999085e-01 -2.419077871199996205e-02
3.776000000000000195e-09 -7.170064771820001681e-01 -6.263654999999999085e-01 2.419077871199996205e-02
3.776000000000000195e-09 7.169645924420001704e-01 6.263387999999999733e-01 -2.419267871199998893e-02
3.784000000000000168e-09 9.458850340000185541e-03 -1.215652599999999861e+00 1.289209320752000121e+00
3.784999999999999647e-09 1.214763907099999818e+00 1.201141600000000143e+00 6.147029999999990835e-02
3.790999999999999833e-09 1.325768200000000174e+00 1.373985400000000023e+00 7.287950000000013862e-02
3.792000000000000140e-09 -1.357276279580000189e+00 4.996464726599987582e-02 1.269905099999999898e+00
3.797000000000000020e-09 -2.629953353100007371e-02 1.308805052734000052e+00 1.355903540039999911e+00
3.798000000000000326e-09 2.629424823099998573e-02 -1.308812652734000048e+00 -1.355888240040000081e+00
3.806999999999999778e-09 1.864312879000010539e-02 1.224122852734000011e+00 -1.403114289600000175e+00
3.809000000000000392e-09 1.390256700000000123e+00 -1.319896609219999739e+00 1.049409999999993681e-02
3.824000000000000030e-09 -1.377130200000000304e+00 -8.294297466000008501e-02 -1.521505200000000224e+00
4.097000000000000224e-09 1.524010600000000215e+00 1.372112399999999788e+00 2.508002299999902152e-03
4.097999999999999704e-09 -1.524056999999999995e+00 -1.372104699999999955e+00 -2.456602299999922911e-03
4.283000000000000202e-09 1.524056799999999878e+00 1.372105200000000025e+00 2.456602299999922911e-03
4.289000000000000389e-09 -1.524100399999999800e+00 -1.372093700000000194e+00 -2.399402300000137711e-03
4.289999999999999868e-09 1.524099799999999894e+00 1.372094099999999983e+00 2.399402300000137711e-03
4.292999999999999961e-09 -1.524140399999999840e+00 -1.372078899999999990e+00 -2.342202299999825155e-03
4.302999999999999720e-09 2.404799999999988891e-02 -1.285984176366999687e+00 -1.365693900000000127e+00
4.305999999999999813e-09 -2.428359999999990526e-02 1.285461676366999706e+00 1.365249699999999899e+00
4.356999999999999740e-09 -1.281422099999999897e+00 3.746780000000005106e-02 -1.359644099999999467e+00
4.407000000000000188e-09 1.234554299999999882e+00 -1.314418600000000215e+00 5.013889999999984748e-02
4.412000000000000067e-09 1.237159900000000201e+00 -1.309104909520000026e+00 -1.479739999999990507e-02
4.413000000000000374e-09 1.290569099999999914e+00 -1.314178690480000355e+00 9.028609999999995250e-02
4.413000000000000374e-09 1.223927076430000094e+00 1.220901816999999889e+00 1.040936000000000916e-01
4.413000000000000374e-09 -1.110612164740000019e+00 3.592299999999992721e-02 1.211832199999999915e+00
4.413999999999999853e-09 1.110612164740000019e+00 -3.592299999999992721e-02 -1.211835999999999913e+00
4.415000000000000160e-09 8.490311643000001407e-01 1.307755999999999919e-01 -1.279064352310000041e+00
4.428000000000000012e-09 -1.107712407300000951e-01 1.222728599999999943e+00 -1.199417384890000049e+00
4.428000000000000012e-09 5.598099999999989196e-02 1.340206199999999681e+00 -1.195125671480000040e+00
4.434000000000000198e-09 1.204383664660000353e+00 -1.224239338919999920e+00 4.915209780999989231e-02
4.435999999999999984e-09 5.953949353399999866e-01 5.971032000000000561e-01 3.712750000000000772e-01
4.435999999999999984e-09 -5.953949743199999922e-01 -5.970957000000001180e-01 -3.712730000000000197e-01
4.437000000000000291e-09 -8.161544008999996325e-02 -1.104450245799999841e+00 -1.214910399999999946e+00
4.440000000000000384e-09 1.044160706520000037e+00 -9.408417541999998246e-01 1.245252000000000581e-01
4.442999999999999650e-09 -1.044160706520000037e+00 9.408417541999998246e-01 -1.245252000000000581e-01
4.442999999999999650e-09 1.121460899999999761e+00 1.454311545799999550e+00 -6.477559999999989160e-02
4.443999999999999957e-09 8.612942780800006415e-02 -1.396091201459999986e+00 -1.197187600169999921e+00
4.445000000000000263e-09 -1.169422500000000031e+00 -1.002771985399999732e-01 1.175989199999999624e+00
4.459999999999999901e-09 -9.537499999999976552e-03 -1.369571499999999942e+00 1.256778823920000177e+00
4.461999999999999688e-09 -1.344432144860000067e+00 -1.427624002299999972e+00 -2.584246871999996975e-02
4.482000000000000032e-09 1.152355437450000242e+00 -8.032390000000000363e-02 1.282169221750000254e+00
4.488000000000000218e-09 1.250414807409999884e+00 1.399480699999999800e+00 1.542493327999983066e-02
4.493000000000000098e-09 -1.293468400000000074e+00 2.561579999999996637e-02 -1.221177741340000011e+00
4.494000000000000404e-09 -1.245113499999999984e+00 1.227561699999999867e+00 -1.018048784100000770e-01
4.631999999999999721e-09 5.476406166000009207e-02 1.403694199999999670e+00 1.369913040210000155e+00
4.637999999999999907e-09 1.268382113879999995e+00 1.228409000000000306e+00 1.073655978999966953e-02
4.641000000000000000e-09 1.418835574720000103e+00 -1.257038300000000053e+00 6.465338130000009009e-02
4.642000000000000307e-09 6.335271081000024007e-02 -1.276794599999999447e+00 1.312265120040000177e+00
4.664999999999999917e-09 -1.297368085530000048e+00 -1.389083700000000476e+00 2.949727490799969321e-02
4.690999999999999621e-09 1.297403459020000316e+00 1.389072300000000260e+00 -2.944757490799976285e-02
4.785000000000000330e-09 -7.391385902000008334e-02 -1.267780200000000024e+00 1.324413499999999910e+00
4.787999999999999596e-09 -1.208155300000000043e+00 -1.070010000000004569e-02 1.227539134449999736e+00
4.817000000000000220e-09 3.752309999999983714e-02 -1.445167699999999833e+00 1.356063800000000041e+00
4.825000000000000192e-09 -1.710198413000008077e-02 -1.308574499999999752e+00 1.398021776950000072e+00
4.828000000000000285e-09 5.923661184099999755e-01 8.633327999999999003e-01 1.208496460500000924e-01
4.828000000000000285e-09 -5.923130331100000534e-01 -8.633193000000000117e-01 -1.208344607399998993e-01
4.828999999999999765e-09 1.310845649558599835e+00 -1.248724100000000004e+00 -3.541187090300010332e-02
4.831000000000000378e-09 2.304722566200000378e-01 8.315029000000000448e-01 1.449188208642999909e+00
4.839000000000000350e-09 7.519359999999991606e-02 7.636375999999996944e-01 1.225174129980000082e+00
4.839999999999999830e-09 -3.300876708400000137e-01 5.811555999999999944e-01 -6.134757299800001062e-01
4.839999999999999830e-09 4.780720708400000296e-01 4.731713000000001279e-01 -7.457198680199996765e-01
4.844999999999999709e-09 1.026382305040000054e+00 -8.658502000000001253e-01 -1.233712749400002889e-01
4.844999999999999709e-09 -7.401581050400000139e-01 -1.233045135300000761e-01 8.370855999999999852e-01
4.844999999999999709e-09 -3.850690000000001056e-01 5.719968184000032846e-02 3.707161000000001594e-01
4.846000000000000016e-09 3.850690000000001056e-01 -5.719968184000032846e-02 -3.707161000000001594e-01
4.846000000000000016e-09 7.414655929399998069e-01 1.232586507799999787e-01 -8.376384999999999525e-01
4.847000000000000323e-09 1.200161055740000204e+00 -1.387874300000000227e+00 7.297872276000003100e-02
4.847000000000000323e-09 -1.252274599999999793e+00 -8.877870999999999402e-01 9.822471499000007267e-02
4.847999999999999802e-09 1.174794100000000174e+00 -6.704329999999986134e-02 -1.350479114990000395e+00
4.866999999999999840e-09 9.449261790000051953e-03 -1.340353400000000139e+00 1.330165779541000015e+00
4.903000000000000129e-09 3.164289983000004303e-02 -1.331499100000000269e+00 -1.280632000000000437e+00
4.903000000000000129e-09 -9.044648999999999051e-01 -1.198652999999999663e-01 1.248588899999999891e+00
4.903000000000000129e-09 -1.254153396830000045e+00 1.230230000000018253e-02 1.239498200000000105e+00
4.906999999999999702e-09 1.313809599999999911e+00 1.235938867889999848e+00 9.439069999999996630e-02
4.952999999999999750e-09 -1.415698300000000076e+00 1.251257066849999822e+00 -2.510000000000178755e-03
4.960000000000000243e-09 -1.178188099999999849e+00 1.247165733150000122e+00 9.732433833000023182e-02
4.960999999999999722e-09 1.178187199999999768e+00 -1.247165733150000122e+00 -9.732433833000023182e-02
4.976999999999999667e-09 -3.405009999999986103e-02 -1.354944666850000035e+00 1.211467278700000261e+00
5.011999999999999650e-09 1.248740999999999879e+00 1.107583900000000288e+00 5.694219999999988735e-02
5.025999999999999808e-09 7.213900000000023072e-03 1.320083799999999918e+00 1.280563300000000071e+00
5.027999999999999594e-09 1.377826414279999856e+00 -1.089180000000000037e+00 -1.024879999999998847e-02
5.028999999999999901e-09 1.192705400000000138e+00 1.228203300000000109e+00 1.546540741000007602e-02
5.041000000000000273e-09 -1.192705400000000138e+00 -1.228203300000000109e+00 -1.546470741000006976e-02
5.043000000000000060e-09 -1.188732660219999904e+00 -6.290220000000013023e-02 -1.211801533140000053e+00
5.044000000000000366e-09 -7.861177397799998801e-01 5.943713999999999942e-01 -4.459539999999991011e-02
5.044000000000000366e-09 7.861253471399999304e-01 -5.943810000000000482e-01 4.459029999999992999e-02
5.044999999999999846e-09 -7.861272471399999295e-01 5.943810000000000482e-01 -4.459059999999993862e-02
5.044999999999999846e-09 7.861282544799998995e-01 -5.943905999999999912e-01 4.458939999999990411e-02
5.044999999999999846e-09 -7.861282544799998995e-01 5.943867999999999929e-01 -4.458979999999991561e-02
5.044999999999999846e-09 7.861272618399999246e-01 -5.943962999999999886e-01 4.459239999999990711e-02
5.046000000000000153e-09 -7.861272618399999246e-01 5.943962999999999886e-01 -4.459289999999990761e-02
5.046999999999999632e-09 7.861308691899998591e-01 -5.944020999999999333e-01 4.459179999999993149e-02
5.047999999999999939e-09 -7.861251691899998617e-01 5.944020999999999333e-01 -4.459199999999993724e-02
5.047999999999999939e-09 7.861261765399998325e-01 -5.944191999999999254e-01 4.458709999999996287e-02
5.047999999999999939e-09 -7.861242765399998333e-01 5.944191999999999254e-01 -4.458749999999993274e-02
5.047999999999999939e-09 7.861308838799998533e-01 -5.944248999999999228e-01 4.459019999999995487e-02
5.047999999999999939e-09 -7.861289838799998542e-01 5.944210999999999245e-01 -4.459059999999996637e-02
5.047999999999999939e-09 7.861252838799999143e-01 -5.944249999999999812e-01 4.458560000000018342e-02
5.049999999999999725e-09 -7.861252838799999143e-01 5.944287999999999794e-01 -4.458230000000018567e-02
5.049999999999999725e-09 7.861270985799997391e-01 -5.944324999999999193e-01 4.459250000000020142e-02
5.049999999999999725e-09 -7.861262985799997161e-01 5.944324999999999193e-01 -4.459270000000019329e-02
5.049999999999999725e-09 7.861282985799997736e-01 -5.944438999999999140e-01 4.458410000000016804e-02
5.051000000000000032e-09 -7.861301985799997727e-01 5.944438999999999140e-01 -4.458460000000018242e-02
5.051000000000000032e-09 7.861330059299997952e-01 -5.944495999999999114e-01 4.458730000000020455e-02
5.052000000000000339e-09 -7.861330059299997952e-01 5.944495999999999114e-01 -4.458760000000021317e-02
5.052000000000000339e-09 7.861379206299998756e-01 -5.944609999999999062e-01 4.458640000000003989e-02
5.052000000000000339e-09 -7.861379206299998756e-01 5.944533999999999097e-01 -4.458680000000002364e-02
5.052000000000000339e-09 7.861388206299998460e-01 -5.944685999999999026e-01 4.458579999999999488e-02
5.052999999999999818e-09 -7.861369206299998469e-01 5.944647999999999044e-01 -4.458609999999998963e-02
5.052999999999999818e-09 7.861414206299996987e-01 -5.944726000000000177e-01 4.458489999999998288e-02
5.054000000000000125e-09 -7.861394206299997522e-01 5.944726000000000177e-01 -4.458529999999999438e-02
5.054000000000000125e-09 7.861376206299997005e-01 -5.944898000000000682e-01 4.459200000000002051e-02
5.054999999999999604e-09 -7.861376206299997005e-01 5.944918000000001257e-01 -4.459240000000003201e-02
5.054999999999999604e-09 7.861508279799998000e-01 -5.945014000000000687e-01 4.459499999999999575e-02
5.054999999999999604e-09 -7.861518279799997178e-01 5.945014000000000687e-01 -4.459549999999999625e-02
5.055999999999999911e-09 7.861499279799997186e-01 -5.945033000000000678e-01 4.459839999999996862e-02
5.055999999999999911e-09 -7.861490279799997483e-01 5.945033000000000678e-01 -4.459869999999997725e-02
5.055999999999999911e-09 7.861471279799997491e-01 -5.945166000000000617e-01 4.460140000000002714e-02
5.057000000000000218e-09 -7.861480279799997195e-01 5.945204000000000599e-01 -4.460160000000003289e-02
5.057000000000000218e-09 7.861537279799997169e-01 -5.945242000000000582e-01 4.460070000000003476e-02
5.057000000000000218e-09 -7.861537279799997169e-01 5.945242000000000582e-01 -4.460129999999999650e-02
5.057000000000000218e-09 7.861595279799998837e-01 -5.945413000000000503e-01 4.460419999999994112e-02
5.059000000000000004e-09 -1.318425869070000367e+00 1.087374338000008517e-02 -1.049741000000000035e+00
5.063000000000000404e-09 1.111099000000000503e+00 1.333152656620000487e+00 -1.251596400999996361e-02
5.065000000000000190e-09 9.965345474000028569e-02 -1.311790499999999859e+00 1.277731415279999894e+00
5.066999999999999977e-09 -2.017154740000054458e-03 1.240976400000000535e+00 1.274743399999999971e+00
5.068999999999999763e-09 -1.284107199999999782e+00 -1.236025000000000151e+00 -3.920480490000005647e-02
5.070000000000000070e-09 -6.266299999999985770e-02 1.205528500000000225e+00 -1.217576600000000120e+00
5.070000000000000070e-09 6.266299999999985770e-02 -1.205532300000000223e+00 1.217576900000000295e+00
5.071999999999999856e-09 -6.263160000000012051e-02 1.205549500000000274e+00 -1.217573000000000016e+00
5.073999999999999642e-09 -1.314714299999999891e+00 1.243450100000000003e+00 -5.601839999999986414e-02
5.082999999999999921e-09 1.272556000000000020e+00 -3.142910781000013420e-02 1.257070599999999816e+00
5.089000000000000107e-09 3.194599999999994666e-02 1.064191801169999785e+00 -1.129798899999999939e+00
5.092000000000000201e-09 8.760046000000001332e-01 4.308286977000046897e-02 -1.218942456739999791e+00
5.092999999999999680e-09 4.212974000000000441e-01 -5.739612000000005043e-01 2.258659999999998447e-02
5.092999999999999680e-09 -4.212811000000000194e-01 5.739692000000002903e-01 -2.260210000000001385e-02
5.092999999999999680e-09 1.257973600000000136e+00 3.142139999999986333e-02 1.130453500000000000e+00
5.095000000000000294e-09 1.015565899999999910e+00 -2.512210000000000276e-01 -9.802630999999999428e-01
5.097000000000000080e-09 -2.788330000000008302e-02 9.495928167499998462e-01 -1.165943231400000002e+00
5.097000000000000080e-09 1.335021599999999919e+00 1.010227261330000070e+00 2.468862655699999298e-02
5.111000000000000238e-09 1.332645674069999897e+00 6.693650000000003764e-02 -1.250877651899999776e+00
5.125000000000000397e-09 -1.307951074069999997e+00 8.113802050000007426e-03 -1.223506593400000231e+00
5.130999999999999756e-09 -6.835550000000001347e-02 -1.045944202050000049e+00 -1.282707099999999878e+00
5.130999999999999756e-09 -1.252702699999999947e+00 -1.267147130809999966e+00 6.246599999999991049e-03
5.132000000000000062e-09 1.119222188000007848e-02 -1.382761027978999913e+00 8.459223999999998522e-01
5.135999999999999635e-09 -1.336206299999999958e+00 1.449150034279000465e+00 -6.481918759999985569e-02
5.227999999999999731e-09 1.216357999999999606e+00 1.322212124509999587e+00 -6.417860000000005782e-02
5.229000000000000038e-09 1.369054599999999677e+00 -7.659732275999933671e-03 1.138462099999999921e+00
5.229000000000000038e-09 1.217832799999999827e+00 1.233669392189999936e+00 1.823449482199993033e-02
5.232999999999999610e-09 1.383459199999999889e+00 -1.485607028560000042e+00 7.580550000000010891e-02
5.237000000000000010e-09 4.360556972099996487e-02 1.308857010350000127e+00 1.291149100000000161e+00
5.246000000000000289e-09 9.708585538000000237e-02 1.265625187060000378e+00 -1.416763325340000046e+00
5.268999999999999899e-09 1.327850529050000006e+00 1.037749585400000452e-01 -1.342147774660000348e+00
5.287999999999999937e-09 1.064200000000015134e-03 1.226624957619999901e+00 -1.314868799999999949e+00
5.292000000000000337e-09 -2.640711311100008007e-02 1.310328899999999797e+00 -1.343512099999999876e+00
5.319999999999999827e-09 -3.479782926900013007e-02 -1.474109900000000195e+00 -1.202871145630000083e+00
5.321999999999999613e-09 1.680563900599999216e-01 -1.145053699999999841e+00 -1.137881954370000059e+00
5.322999999999999920e-09 -1.291465600830000060e+00 1.166573000000000082e+00 5.042872449999930007e-03
5.327000000000000320e-09 1.179403200830000165e+00 1.401110582009999828e+00 8.423411774000005847e-02
5.346999999999999837e-09 1.203121240460000241e+00 1.382780817989999633e+00 -5.525210000000010946e-02
5.348999999999999623e-09 -1.202056840460000275e+00 -1.383349705460000134e+00 5.214720000000022671e-02
5.410000000000000136e-09 1.202056840460000275e+00 1.383350205460000204e+00 -5.214910000000025359e-02
5.418000000000000109e-09 -1.137558243511000100e+00 6.109782386000021936e-02 -1.414207600000000120e+00
5.418999999999999588e-09 7.771671268999996718e-02 1.328894900000000101e+00 -1.308028999999999886e+00
5.470000000000000343e-09 -1.325500480699999706e+00 2.680189999999995493e-02 -1.428499399999999975e+00
5.470999999999999822e-09 7.226764237999977469e-02 1.133238328810000084e+00 -1.155767141459999925e+00
5.475000000000000222e-09 -3.014566423799999173e-01 1.412650988760000059e+00 1.257553093479999884e+00
5.475999999999999702e-09 4.261984522100004114e-02 1.124658082429999872e+00 -1.101306899999999978e+00
5.475999999999999702e-09 -1.388986794610000297e+00 -9.539060000000001982e-02 1.060665162799999894e+00
5.486999999999999767e-09 8.790592037100002365e-01 1.934256300999999956e-01 1.022720249560000294e+00
5.488000000000000074e-09 1.171850400000000292e+00 1.077671052000001017e-02 1.314918362130000462e+00
5.491000000000000167e-09 1.104410016580000153e+00 -1.242411099999999990e+00 1.207792417499998772e-01
5.494000000000000260e-09 -1.100272165800000312e-01 1.426932224939999827e+00 -1.391506099999999968e+00
5.499000000000000139e-09 1.100328533300000133e-01 -1.426938424940000338e+00 1.391526999999999958e+00
5.516000000000000391e-09 -1.452157533300000303e-01 -1.411108899999999888e+00 -1.245460479410000376e+00
5.518999999999999657e-09 1.451718459699999908e-01 1.411137899999999945e+00 1.245430079410000168e+00
5.519999999999999963e-09 1.201673577082000177e+00 1.376649506350000163e+00 2.152497720200000630e-01
5.542000000000000094e-09 -1.253110725932999880e+00 5.899509364999978855e-02 1.338556199999999974e+00
5.548000000000000280e-09 -1.108838971190000411e-01 1.295778199999999991e+00 -1.384000899999999756e+00
5.550000000000000066e-09 -1.250699899999999642e+00 1.398419252799999735e-01 -1.265634400000000159e+00
5.556999999999999732e-09 -1.345184600000000508e+00 1.298774700000000060e+00 -1.331253000000000297e-01
5.626000000000000218e-09 8.855450000000017474e-02 1.203028799999999787e+00 1.278697827390000041e+00
5.628000000000000004e-09 -9.062555999999999390e-01 1.214959999999998819e-01 1.293729700000000093e+00
5.629000000000000311e-09 -1.229553999999999647e-01 7.024404000000001869e-01 1.207433517289999925e+00
5.629999999999999790e-09 1.245868952189999934e+00 5.255204104000008036e-02 1.163595265960000180e+00
5.640999999999999856e-09 -1.245868952189999934e+00 -5.255204104000008036e-02 -1.163595265960000180e+00
5.645000000000000255e-09 6.605379000000000111e-01 -6.747953999999999342e-01 2.565022827100000846e-01
5.645000000000000255e-09 6.139965000000000561e-01 -5.212972999999999635e-01 -3.090402999999998790e-01
5.645999999999999735e-09 -1.273058100000000081e+00 -1.069029699999999528e+00 -1.276665658400000791e-01
5.647000000000000042e-09 -1.245575100999997686e-01 -6.690159000000001077e-01 -7.013414000000002257e-01
5.647000000000000042e-09 -7.047767899000001446e-01 -8.190469999999985817e-02 7.934209997100000189e-01
5.656999999999999800e-09 -7.524891979499997996e-01 -5.864999999999898073e-04 5.826797000000000226e-01
5.658999999999999587e-09 1.074090719700000029e+00 -2.342214000000000240e-01 8.867605999999996769e-01
5.659999999999999893e-09 2.514457778249999720e+00 8.288300000000006773e-02 2.185572006930000200e+00
5.675999999999999838e-09 5.899049999999980698e-02 1.240391499999999869e+00 -1.367252399999999923e+00
5.691999999999999783e-09 -5.898479999999986512e-02 -1.240411699999999895e+00 1.367252399999999923e+00
5.736000000000000045e-09 -1.389154300000000175e+00 -1.429450600000000016e+00 2.022140000000022600e-02
5.739000000000000138e-09 -9.621200000000000863e-01 -7.852838602000020152e-02 1.272426699999999578e+00
5.740999999999999924e-09 9.059751999999999805e-01 3.634808602000000333e-02 1.206627100000000397e+00
5.745000000000000324e-09 -4.632169440999999582e-02 -1.276798611919999660e+00 -1.234699400000000225e+00
5.777999999999999693e-09 -1.380838305589999981e+00 -3.962463046000007372e-02 1.328102300000000069e+00
5.782000000000000093e-09 1.361389160539999921e+00 -1.284721400000000013e+00 -6.594090000000019103e-02
5.815000000000000289e-09 -1.361389160539999921e+00 1.284721400000000013e+00 6.594090000000019103e-02
5.820000000000000168e-09 -1.083877399999999991e+00 1.342783499999999908e+00 1.422006824219998744e-01
5.823999999999999741e-09 1.083848600000000051e+00 -1.342816999999999705e+00 -1.422235824219998668e-01
5.842999999999999778e-09 -2.564990000000003101e-02 -1.286218499999999931e+00 1.365607699999999980e+00
5.847999999999999658e-09 9.129751000000000394e-01 1.319397000000000153e+00 2.469684997099999557e-01
5.850000000000000271e-09 1.108024799999999921e+00 -2.842150000000009946e-02 -1.394674799709999968e+00
5.855999999999999630e-09 9.832170000000009513e-02 1.089891100000000002e+00 1.015850200000000036e+00
5.861000000000000337e-09 -9.832930000000009163e-02 -1.089869900000000058e+00 -1.015838800000000264e+00
5.872999999999999882e-09 1.311084499999999764e+00 -1.333407999999999927e+00 1.683450000000003000e-02
5.875999999999999975e-09 -1.347617210400000598e-01 1.192019099999999998e+00 -1.148044500000000134e+00
5.937999999999999967e-09 1.347617210400000598e-01 -1.192019500000000010e+00 1.148044500000000134e+00
5.944000000000000153e-09 1.211635499999999865e+00 -1.324569099999999722e+00 -4.450583170000007444e-02
5.947000000000000247e-09 -1.239372400000000152e+00 3.903969999999994112e-02 1.258133399999999957e+00
5.949000000000000033e-09 4.974179277999976612e-02 1.355426500000000090e+00 -1.400132739500000278e+00
5.960000000000000098e-09 -1.078395999999998134e-01 1.242553400000000252e+00 -1.177879466302999889e+00
5.963999999999999671e-09 1.300679899999999778e+00 -1.467127764309999804e+00 1.483344233829999026e-01
5.966999999999999764e-09 -1.300702899999999884e+00 1.467128064309999758e+00 -1.483421674759998199e-01
5.969000000000000377e-09 -1.319886944549999885e+00 -2.644030000000002767e-02 1.183159047016000054e+00
5.987000000000000108e-09 1.009576530250001214e-01 1.086120547080000165e+00 1.097939204600000274e+00
5.991999999999999988e-09 -1.265640368764999968e+00 -1.640049639999985320e-02 1.174995503699999944e+00
5.993999999999999774e-09 -1.335907120700000339e-01 -1.279652399999999801e+00 1.086739499999999747e+00
5.995000000000000081e-09 1.280019859369999846e+00 -1.251550000000008211e-02 1.273537400000000153e+00
6.031000000000000370e-09 -1.280017959369999847e+00 1.251410000000008349e-02 -1.273536600000000130e+00
6.031000000000000370e-09 -1.073265099999999972e+00 1.092940399999999812e+00 -9.904320000000002566e-02
6.033000000000000156e-09 1.337776249274999829e+00 -7.140166619999888109e-03 1.259163223140000065e+00
6.038000000000000036e-09 -1.337782049274999885e+00 7.140166619999888109e-03 -1.259163423139999960e+00
6.039999999999999822e-09 1.337759349274999954e+00 -7.138027639999933172e-03 1.259169623140000027e+00
6.041999999999999608e-09 -1.337759349274999954e+00 7.138927639999931296e-03 -1.259170023140000039e+00
6.044000000000000222e-09 -9.753587999999998592e-01 -1.035229999999999873e+00 6.641740000000000144e-02
6.053999999999999980e-09 9.753626999999998048e-01 1.035241399999999867e+00 -6.643269999999994180e-02
6.053999999999999980e-09 1.226261108469999916e+00 1.621448000000000333e-01 -1.223705099999999879e+00
6.061999999999999953e-09 -4.816060847000022682e-02 1.291221900000000034e+00 -1.092477500000000212e+00
6.063000000000000260e-09 -1.066091203469999860e+00 2.481279999999974617e-02 -1.118326200000000048e+00
6.068000000000000139e-09 -9.906598968099999958e-01 -1.140421200000000024e+00 -9.870523691000006317e-02
6.076000000000000111e-09 9.907265188599999606e-01 1.140405100000000171e+00 9.866343691000012406e-02
6.082000000000000297e-09 -1.466186618579999879e+00 -9.362001279999698777e-04 1.245999574949999911e+00
6.087999999999999656e-09 -7.417849999999998056e-02 1.495061508287999885e+00 1.290003439559999965e+00
6.088999999999999963e-09 7.418810000000000682e-02 -1.495085561962999687e+00 -1.290021068949999794e+00
6.187999999999999724e-09 -7.418810000000000682e-02 1.495085561962999687e+00 1.290017268949999796e+00
6.195999999999999697e-09 6.200789999999994917e-02 1.222025999999999835e+00 1.377007385489999791e+00
6.211000000000000162e-09 -1.144450999999999885e+00 1.243182299999999962e+00 1.756244000000000416e-01
6.217999999999999828e-09 1.144449099999999886e+00 -1.243205199999999788e+00 -1.756155999999999551e-01
6.238999999999999652e-09 1.508339999999994130e-02 1.203444600000000086e+00 -1.102605500000000127e+00
6.238999999999999652e-09 1.479013237149999993e+00 -6.299126008299976709e-02 -1.013983099999999915e+00
6.241000000000000265e-09 -1.125720825799999991e+00 1.190926460083000293e+00 -9.584508980000093492e-03
6.247999999999999931e-09 -1.909633719999978552e-02 1.423934899999999892e+00 -1.393236928219999893e+00
6.273000000000000155e-09 -1.354595362380000001e+00 -1.471006555500000257e+00 1.003669999999989848e-02
6.278000000000000034e-09 -1.348493600419999883e+00 -8.247953657000001160e-02 -1.414551029100000079e+00
6.281000000000000127e-09 1.348526029809999915e+00 8.244902921999996970e-02 1.414543329100000024e+00
6.308000000000000137e-09 -1.348526929809999997e+00 -8.244902921999996970e-02 -1.414543329100000024e+00
6.319999999999999682e-09 1.348559459209999867e+00 8.242632187999998639e-02 1.414547129100000022e+00
6.551000000000000229e-09 -1.348559459209999867e+00 -8.242822187999998551e-02 -1.414547129100000022e+00
6.556000000000000108e-09 1.348588088599999679e+00 8.239570717999994409e-02 1.414535729100000028e+00
6.902999999999999840e-09 -1.348588088599999679e+00 -8.239570717999994409e-02 -1.414539529100000026e+00
6.904999999999999627e-09 1.348626117999999874e+00 8.235928512999984852e-02 1.414543229099999966e+00
7.066999999999999688e-09 -1.144676179999997712e-01 -1.314950085130000224e+00 1.235289300000000257e+00
7.082000000000000153e-09 1.144866179999997763e-01 1.314954004300000090e+00 -1.235308300000000026e+00
7.133000000000000080e-09 -1.348663117999999717e+00 -8.234210429999994085e-02 -1.414501329099999927e+00
7.133000000000000080e-09 1.348691947389999868e+00 8.230198960000012498e-02 1.414505229099999983e+00
7.217999999999999683e-09 -1.348691947389999868e+00 -8.230008960000012586e-02 -1.414505229099999983e+00
7.220999999999999776e-09 1.348714576779999952e+00 8.227338226000013854e-02 1.414509229100000098e+00
7.420999999999999913e-09 -1.348712676779999953e+00 -8.227338226000013854e-02 -1.414509229100000098e+00
7.427000000000000099e-09 1.348739398829999825e+00 8.224286756000009913e-02 1.414497729100000045e+00
7.485000000000000519e-09 -1.348739398829999825e+00 -8.224096756000010000e-02 -1.414493929100000047e+00
7.495999999999999757e-09 1.348758620879999981e+00 8.220676022000014682e-02 1.414489929099999932e+00
7.890999999999999324e-09 -1.348758620879999981e+00 -8.220486022000014770e-02 -1.414486029099999875e+00
7.906999999999999268e-09 1.348775942919999693e+00 8.217624552000007965e-02 1.414497329100000034e+00
8.465999999999999509e-09 -1.218588142919999839e+00 1.404514435609999889e+00 -7.298660955999991540e-02
8.483000000000000588e-09 1.218605150269999937e+00 -1.404514535610000170e+00 7.298290955999997554e-02
8.579999999999999736e-09 -1.348764450270000026e+00 -8.218754551999984947e-02 -1.414566385010000094e+00
8.589000000000000015e-09 1.601267999999999858e-01 1.306240215869999943e+00 1.181102849610000449e+00
8.598000000000000294e-09 -1.601259000000001265e-01 -1.306238315869999944e+00 -1.181106664310000554e+00
8.599999999999999253e-09 1.306015799999999949e+00 9.278870677000000677e-02 1.410881117869999812e+00
9.040999999999999695e-09 -1.306015799999999949e+00 -9.278870677000000677e-02 -1.410881117869999812e+00
9.049999999999999974e-09 1.306048199999999992e+00 9.276030677000005054e-02 1.410881017869999976e+00
9.427000000000000637e-09 -1.306048199999999992e+00 -9.276030677000005054e-02 -1.410877217869999978e+00
9.444999999999999541e-09 1.306109300000000140e+00 9.269140677000017869e-02 1.410885117869999927e+00
9.641999999999999584e-09 -1.306107299999999860e+00 -9.269140677000017869e-02 -1.410885117869999927e+00
9.641999999999999584e-09 1.306173999999999946e+00 9.261330677000012557e-02 1.410900517870000037e+00
9.723000000000000442e-09 -9.028429999999990074e-02 -1.326740999999999948e+00 1.248692799999999936e+00
9.768000000000000183e-09 9.031299999999986561e-02 1.326721900000000121e+00 -1.248712099999999880e+00
9.901999999999999927e-09 -1.276589999999999392e-01 -1.348223675779999908e+00 -1.323448222760000181e+00
9.911000000000000206e-09 -7.368474045999998112e-02 -1.049002600000000118e+00 -1.152675677239999974e+00
9.911999999999999686e-09 -1.284955959539999970e+00 1.215524700000000013e+00 -2.862947871000012801e-02
9.911999999999999686e-09 -6.620974902200008061e-02 1.216515400000000025e+00 1.297508400000000117e+00
9.913000000000000820e-09 6.409894077619999742e-01 4.570084999999999842e-01 7.679404907700001504e-01
9.913000000000000820e-09 7.589683000000000401e-01 -4.257887870600000069e-01 6.399994092299999826e-01
9.969999999999999279e-09 -7.589664000000000410e-01 4.257849870600000086e-01 -6.399994092299999826e-01
9.971000000000000413e-09 -6.407852400400000370e-01 -4.400216000000000127e-01 -7.568321144029999115e-01
9.971999999999999892e-09 6.407852400400000370e-01 4.400216000000000127e-01 7.568321144029999115e-01
9.971999999999999892e-09 -6.407519371500000060e-01 -4.400329000000000601e-01 -7.568132144029998676e-01
9.974000000000000506e-09 6.407519371500000060e-01 4.400367000000000584e-01 7.568171144029998132e-01
9.974000000000000506e-09 -6.407212342700000507e-01 -4.400498999999999938e-01 -7.567942144029998763e-01
9.978999999999999558e-09 6.407193342700000516e-01 4.400536999999999921e-01 7.567942144029998763e-01
9.978999999999999558e-09 -6.406888460900000970e-01 -4.400651999999999342e-01 -7.567560144029998881e-01
9.981999999999999651e-09 6.406899460900001841e-01 4.400594999999999368e-01 7.567560144029998881e-01
9.981999999999999651e-09 7.589899999999999425e-01 -4.257814870600000745e-01 6.399687092300002655e-01
1.006000000000000042e-08 -7.589899999999999425e-01 4.257833870600001291e-01 -6.399649092300002673e-01
1.006000000000000042e-08 7.590128999999998793e-01 -4.257947017600000605e-01 6.399686092299999851e-01
1.021999999999999986e-08 -7.590109999999998802e-01 4.257947017600000605e-01 -6.399686092299999851e-01
1.021999999999999986e-08 -6.407844400400002360e-01 -4.400292000000000092e-01 -7.568360144029998571e-01
1.021999999999999986e-08 6.407863400400002352e-01 4.400292000000000092e-01 7.568360144029998571e-01
1.021999999999999986e-08 7.589842999999999451e-01 -4.257833870600000736e-01 6.399687092300002655e-01
1.030999999999999935e-08 -7.589823999999999460e-01 4.257833870600000736e-01 -6.399687092300002655e-01
1.030999999999999935e-08 7.590053000000001049e-01 -4.257947017600000050e-01 6.399724092299999834e-01
1.032000000000000076e-08 1.363544400000000101e+00 5.161871077999968804e-02 -1.254207414697299683e+00
1.033000000000000052e-08 -1.363553900000000318e+00 -5.161660342999968565e-02 1.254184614697300137e+00
1.049999999999999972e-08 -1.483460292199998976e-01 -1.219201405589999565e+00 1.314473135740000131e+00
1.054000000000000041e-08 -1.397638400000000169e+00 -1.290015862840000249e+00 -8.243877895000023548e-02
1.054000000000000041e-08 1.347579000000000082e+00 -1.467168037160000216e+00 -7.129850979999963201e-03
1.055000000000000017e-08 -1.347579000000000082e+00 1.467168037160000216e+00 7.122050979999960951e-03
1.055000000000000017e-08 1.374563300000000154e+00 1.296649770999999784e+00 7.638460693270013313e-02
1.058999999999999921e-08 8.474540000000008177e-02 1.163414220299999968e+00 1.279509078370000053e+00
1.058999999999999921e-08 1.202825658210000093e+00 -1.344665547689999574e+00 -9.521369194000030289e-02
1.058999999999999921e-08 5.341357417900003401e-01 -1.828977959900002226e-01 6.935219448700001843e-01
1.058999999999999921e-08 -5.341128417900002923e-01 1.829063959900002201e-01 -6.934952448700000271e-01
1.058999999999999921e-08 -1.165565573320000325e+00 -1.087990873670000136e+00 7.442297159999999856e-03
1.058999999999999921e-08 1.109475815109999708e+00 -1.991863040999999612e-01 1.121757542797999552e+00
1.060000000000000062e-08 -1.151638199999999390e+00 1.206432400000000182e+00 -4.617742798000052523e-03
1.060000000000000062e-08 1.664022600000000018e+00 2.126217999999998609e-01 -9.933442000000000105e-01
1.060000000000000062e-08 1.340181432100003289e-01 -6.490298000000001011e-01 3.163918322760002066e-01
1.061000000000000038e-08 -6.170692000000002064e-01 -5.056096240000036712e-03 5.637248999999999732e-01
