# t	msd	err
2.444250000001606914e-13 5.039660514901810485e-05 2.963349536610201986e-09
5.048666666665791653e-13 5.039990862154911100e-05 1.921680808719929333e-09
6.222000000000229356e-13 5.039459391652177634e-05 2.490128272112778836e-09
1.000666666666358807e-12 5.039499657095680539e-05 5.122694103533660034e-09
2.586699999999866587e-12 2.321940683257093683e-05 8.969270789643849710e-06
5.669300000000233943e-12 2.519650354675586766e-05 1.259824933504072096e-05
1.827071428571440408e-11 2.159864787819723968e-05 9.426421151973974637e-06
3.436083333333332790e-11 2.453742971604772408e-05 6.654316484984258263e-06
6.111838517241380092e-11 2.496365950084812943e-05 4.409628435376381645e-06
1.122187875609755696e-10 2.655275343025423351e-05 3.793104220096545033e-06
1.882170792857144111e-10 2.474205797084353685e-05 3.843747881973576792e-06
3.125221886516853729e-10 2.524804448061786810e-05 2.606414439140398794e-06
5.540619979310348251e-10 2.516595182713579290e-05 2.626856950792332094e-06
9.742373904040397757e-10 2.491803516051373287e-05 1.727803073577989690e-06
1.341385799999999134e-09 2.799765529087482226e-05 8.278594140833700807e-06
5.479260555914631025e-09 5.810665996608780379e-05 1.797932651831240588e-06
