# t	msd	err
2.444250000001606914e-13 4.656569292745765343e-05 2.111918693057346025e-09
5.048666666665791653e-13 4.656373543606044050e-05 1.051254313783008409e-09
6.222000000000229356e-13 4.656724160940404990e-05 1.546470816850775414e-09
1.000666666666358807e-12 4.656766299346882387e-05 3.469386783121847334e-09
2.586699999999866587e-12 1.922560982832899508e-05 8.488517241027456880e-06
5.669300000000233943e-12 2.328405983036059860e-05 1.164202826082934023e-05
1.827071428571440408e-11 1.995684386540235364e-05 8.709879315159308117e-06
3.436083333333332790e-11 2.193170387106633176e-05 6.199428556114226763e-06
6.111838517241380092e-11 2.330663415320073271e-05 4.318535915003772871e-06
1.122187875609755696e-10 2.554641635801005952e-05 3.752017423662496257e-06
1.882170792857144111e-10 2.262581384572022407e-05 3.549552524064095421e-06
3.125221886516853729e-10 2.341853852760075305e-05 2.456136432882383123e-06
5.540619979310348251e-10 2.362813703008200873e-05 2.514386317138807351e-06
9.742373904040397757e-10 2.270988769875866294e-05 1.602124684238069886e-06
1.341385799999999134e-09 2.530182679329954880e-05 7.721621906378538553e-06
5.479260555914631025e-09 7.202946454363303710e-05 2.243757426395982347e-06
