# t	msd	err
9.999999999998104311e-12 4.224327071386630057e-03 0.000000000000000000e+00
2.850000000000047027e-11 4.224697964417741328e-03 1.226473881764381001e-06
3.999999999999241725e-11 8.577799299015797033e-03 nan
7.499999999999901722e-11 4.224533985841002516e-03 1.297111028827606693e-06
1.005752212389381031e-10 7.718489078805206537e-03 2.645474017485974563e-04
2.021632653061213410e-10 9.071186301978608965e-03 3.398511708487757287e-04
4.010567484662597062e-10 1.150289580687875214e-02 2.674455509199615043e-04
7.442845824411398243e-10 1.615861524427712401e-02 3.205630302212692266e-04
1.290290719114954795e-09 2.317277217036604539e-02 3.465233078314122728e-04
2.253458080992347405e-09 3.472901306372984387e-02 3.433552047534814715e-04
3.942510081300704094e-09 5.436678279055927321e-02 3.450311666618242987e-04
6.934011014823714781e-09 9.042721318499778727e-02 3.706523097495251977e-04
1.224526323326513714e-08 1.513335621114650364e-01 4.180456127792143333e-04
2.157530040337910172e-08 2.575081318766645477e-01 4.700110774446575085e-04
3.801031183862296633e-08 4.410594811946292326e-01 5.504804369535873550e-04
6.674905461002464011e-08 7.642515055152446779e-01 6.653770605061427217e-04
1.168171082810486697e-07 1.314981857109336127e+00 8.097295378034241077e-04
2.022879793459407439e-07 2.268308461744911853e+00 1.060724790975943032e-03
3.227480153226778902e-07 3.545336030029899721e+00 1.782160139578838585e-03
