# time Ni NiV
0.000000000000000000e+00 3.070745214786932028e-13 1.598428831185045236e-13
7.593000000000000059e-13 1.760315928033576806e-05 1.291538297171733759e-06
1.299000000000000019e-12 3.070745214786932028e-13 1.598428831185045236e-13
1.329000000000000093e-12 1.633473220541594432e-05 3.944479952014605077e-07
1.450000000000000082e-12 8.823444832539945474e-06 2.626712630992311120e-07
2.843999999999999999e-12 2.051954656384576858e-05 1.404872309086516069e-06
2.884999999999999925e-12 2.757994277619763273e-03 2.180667264769473931e-06
2.979000000000000130e-12 5.560691120553599640e-03 2.061059378911274336e-06
5.766999999999999963e-12 5.464719151157565458e-03 2.474730069040974283e-06
6.545999999999999774e-12 5.418240780902112454e-03 2.726471769216175560e-06
6.703000000000000014e-12 5.461598838776763991e-03 2.446600054255622673e-06
6.899000000000000391e-12 5.429330088341276575e-03 3.696661541944003232e-06
9.848999999999999735e-12 5.461599486970762467e-03 2.445182780948175995e-06
1.033999999999999997e-11 5.419617627131658073e-03 2.969018866482837059e-06
1.048000000000000058e-11 5.466014357017929919e-03 2.496677626537772858e-06
1.061999999999999958e-11 5.499287979915713949e-03 3.090141614550758862e-06
1.073999999999999988e-11 5.466014389631627252e-03 2.496677626537772858e-06
1.108000000000000045e-11 5.568636496389381928e-03 3.267718041946230857e-06
1.229000000000000034e-11 5.644459288105418103e-03 5.003190237913936548e-06
1.349000000000000007e-11 5.487546942587579434e-03 6.960933041596112594e-06
1.379000000000000001e-11 5.644458710064162617e-03 5.003127149183683034e-06
1.519000000000000131e-11 5.501471286139805392e-03 4.460273642049871803e-06
1.553000000000000027e-11 8.033087788750338867e-03 2.410492272303602407e-06
1.666000000000000050e-11 7.944001593683113968e-03 9.491878239716125768e-07
1.704000000000000009e-11 7.979353376107787069e-03 2.139437174841650653e-06
1.728999999999999923e-11 7.983870262911141324e-03 6.113570627835651864e-06
1.766000000000000028e-11 7.962305605436068717e-03 4.621746158996098129e-06
2.156000000000000103e-11 7.983870227747219203e-03 6.113570627835651864e-06
2.316999999999999922e-11 7.962313901709823505e-03 4.621820256624217700e-06
2.325000000000000049e-11 7.963692538241140539e-03 1.906170868948990357e-06
2.369999999999999958e-11 8.004309726868085936e-03 6.333885520333937686e-07
2.409000000000000095e-11 8.147660595366324962e-03 1.724725535434730305e-06
2.451999999999999972e-11 8.028513324734070505e-03 1.284376409796937103e-06
2.564999999999999996e-11 7.942106045338567094e-03 7.602062494157324010e-07
2.689000000000000033e-11 7.978217854584072899e-03 2.224224011104179321e-06
2.868999999999999993e-11 7.997672419427590690e-03 6.215827604067408184e-06
3.044000000000000035e-11 7.999303007800755844e-03 1.190571875761374351e-05
3.068999999999999949e-11 7.986152330038317690e-03 1.019307740652971351e-05
3.111000000000000295e-11 7.962559982589876781e-03 5.860060256217314615e-06
3.118999999999999776e-11 7.985154040178075660e-03 8.288180824822064544e-06
3.216000000000000191e-11 7.979873777323110567e-03 5.141755752231170592e-06
3.266000000000000018e-11 7.941402729217929279e-03 1.936243257852828653e-06
3.359999999999999900e-11 7.979873644164520510e-03 5.141772284650406415e-06
3.584000000000000238e-11 7.998395579949401160e-03 8.010034982593615532e-06
3.605000000000000088e-11 8.000641181677096286e-03 1.256364929229422278e-05
3.882000000000000140e-11 8.004225473910397265e-03 1.841239862350027616e-05
3.960999999999999944e-11 8.007642682342365481e-03 2.325996371637042038e-05
4.196999999999999827e-11 8.005884034137725203e-03 2.191238464615254136e-05
4.480000000000000298e-11 8.007643317248049064e-03 2.325960543818290371e-05
4.579999999999999952e-11 8.011678894310793331e-03 2.723505461841236512e-05
4.589999999999999789e-11 8.015045530990753259e-03 2.971585466647366002e-05
4.723000000000000131e-11 8.016173472607242972e-03 3.061031549056012245e-05
4.983999999999999927e-11 8.017595211573786892e-03 2.984944195073313916e-05
5.026000000000000273e-11 1.062827807808707815e-02 2.680376901495647507e-05
5.032000000000000046e-11 1.071559342986555009e-02 2.916127361280780621e-05
5.254000000000000029e-11 1.063523978326738617e-02 2.775572625895815883e-05
5.305000000000000034e-11 1.062899060889493930e-02 2.485193051307893591e-05
5.364999999999999697e-11 1.063523974787596027e-02 2.775518304216282846e-05
5.369999999999999938e-11 1.323817742523014825e-02 2.090861908387522887e-05
5.390999999999999788e-11 1.320862556891944269e-02 2.771636703912724791e-05
5.396000000000000030e-11 1.581502878096619977e-02 2.296208770317626237e-05
5.474000000000000303e-11 1.588100658336283333e-02 2.863652660470624730e-05
5.476000000000000012e-11 2.362341489971505129e-02 2.000300055592970014e-05
5.638999999999999863e-11 2.377579440671128905e-02 2.813030212369925791e-05
6.085000000000000184e-11 2.362566226709359937e-02 2.896659366344512447e-05
6.253999999999999807e-11 2.377579433812884724e-02 2.813030212369925791e-05
6.491999999999999398e-11 2.362562860469755166e-02 2.895696469366769706e-05
6.678000000000000100e-11 2.369870363981306516e-02 2.720331237060860403e-05
6.774999999999999869e-11 2.362562835200384542e-02 2.895644642032252442e-05
6.818999999999999924e-11 2.359366925397215348e-02 2.729831550452501763e-05
6.885999999999999537e-11 2.362562812647459737e-02 2.895640190651721377e-05
6.964999999999999988e-11 2.362238230267357450e-02 2.964993903223406464e-05
7.003000000000000271e-11 2.623587385869471239e-02 2.733472602747822195e-05
7.207999999999999821e-11 2.621411981563192412e-02 2.823922357024197903e-05
7.320999999999999844e-11 2.618058152328605476e-02 2.492554080310363992e-05
7.518000000000000560e-11 2.619703608916229554e-02 2.061637498518943540e-05
7.587000000000000529e-11 2.883470193355426245e-02 1.666580753385631968e-05
7.734999999999999656e-11 2.892123182603227247e-02 1.682163083942236003e-05
7.794999999999999965e-11 2.883469083615430514e-02 1.666580860000854193e-05
7.987000000000000440e-11 2.878449636658014441e-02 2.289994250658624055e-05
8.112999999999999539e-11 3.147904845726434003e-02 1.450044072202290909e-05
8.202000000000000473e-11 3.152289031894827537e-02 2.229856340288666674e-05
8.305000000000000014e-11 3.406578906358467135e-02 1.954712711332276783e-05
8.677999999999999656e-11 3.412305831673473344e-02 1.766616081769716487e-05
8.760999999999999525e-11 3.403585840522035944e-02 1.371250949093351746e-05
8.789000000000000617e-11 3.403003282250411515e-02 1.005311193559571926e-05
8.825000000000000544e-11 3.402071606820966654e-02 7.850397016048106833e-06
8.826999999999999607e-11 3.403716530749043706e-02 7.241022728266440216e-06
8.828000000000000431e-11 3.401745896375855255e-02 7.759824517212993752e-06
8.837000000000000089e-11 3.403716537809071269e-02 7.241022728266440216e-06
8.839999999999999976e-11 3.401735368731008402e-02 7.747422558610037808e-06
8.884000000000000031e-11 3.398121701037552095e-02 7.934023208692575735e-06
8.952999999999999999e-11 3.405735434196056205e-02 6.865469250217201912e-06
8.975999999999999558e-11 3.398116746952761086e-02 7.929780557968424165e-06
9.027999999999999740e-11 3.401160592482978251e-02 9.195249632917484181e-06
9.099999999999999595e-11 3.401143036102415723e-02 4.714998898317704893e-06
9.101999999999999950e-11 3.401010292796174950e-02 7.344380312794366224e-06
9.160999999999999436e-11 3.400790805174036535e-02 7.595605414371989037e-06
9.209000000000000201e-11 3.401724468647521205e-02 8.039128429431027467e-06
9.275000000000000283e-11 3.400790791180497569e-02 7.595541283111147128e-06
9.325999999999999642e-11 3.401817462351856142e-02 8.869396028177703849e-06
9.327999999999999997e-11 3.403746359205255673e-02 8.918885415980679914e-06
9.369999999999999696e-11 3.401981983861363662e-02 8.652900760790989849e-06
9.424999999999999765e-11 3.398090832913751996e-02 8.331740790688091602e-06
9.433999999999999424e-11 3.400968004843540199e-02 9.191466878881381325e-06
9.509999999999999988e-11 3.400214872126751386e-02 9.871898306731571217e-06
9.543000000000000030e-11 3.400974165427361057e-02 9.182706478515692477e-06
9.597000000000000567e-11 3.403107651801676875e-02 9.915475317642964405e-06
9.612999999999999529e-11 3.401901264504208350e-02 9.767090837236658203e-06
9.614999999999999884e-11 3.403107656744117082e-02 9.915377734095400352e-06
9.642999999999999684e-11 3.401896837108009386e-02 9.760870896641227123e-06
9.793999999999999990e-11 3.399031454729754126e-02 9.295827711054840560e-06
9.887000000000000341e-11 3.406119924819072525e-02 8.963621301523850185e-06
9.921999999999999445e-11 3.400151594044086706e-02 1.001932820597913332e-05
9.957999999999999372e-11 3.403841741782373531e-02 8.612997944214830119e-06
1.005999999999999938e-10 3.399953394597382550e-02 9.942795175032298089e-06
1.008999999999999954e-10 3.403841732278487658e-02 8.612869156974756700e-06
1.016999999999999952e-10 3.399958318104487343e-02 9.936796710553017241e-06
1.030999999999999981e-10 3.403841743905658412e-02 8.612869156974756700e-06
1.032999999999999948e-10 3.416038500401127886e-02 5.837551535654234564e-06
1.038999999999999979e-10 3.401697429986075272e-02 2.760769233928772885e-06
1.041999999999999995e-10 3.397361804909733440e-02 1.073391830252539458e-06
1.043999999999999962e-10 3.401696368220935573e-02 2.760453250105071164e-06
1.048000000000000026e-10 3.415916206970837088e-02 4.034048043304588538e-06
1.054000000000000057e-10 3.403905268286971930e-02 2.334658664545304400e-06
1.056999999999999943e-10 3.397549940160980025e-02 1.124576839968380314e-06
1.057999999999999991e-10 3.403904644455143375e-02 2.331595179667989481e-06
1.080000000000000019e-10 3.137817229858844842e-02 2.060399001193218250e-06
1.086999999999999969e-10 3.132465719908534424e-02 5.165894123849132661e-06
1.088000000000000017e-10 3.134867735800471455e-02 3.898462257284391965e-06
1.091000000000000032e-10 3.133456824083975800e-02 1.784902012763082395e-06
1.091999999999999951e-10 3.131807624947226254e-02 1.083617273868877258e-06
1.093000000000000000e-10 3.131508192320604095e-02 2.737615151816990236e-06
1.097999999999999982e-10 3.404035063827053065e-02 1.882654127367163083e-06
1.100999999999999998e-10 3.402227563536870669e-02 5.714802826758582790e-07
1.105000000000000062e-10 3.673042452789620355e-02 5.919849333152149321e-07
1.105000000000000062e-10 3.689511273128545654e-02 1.788152284406081791e-06
1.105000000000000062e-10 3.673042450836437600e-02 5.919432017827226158e-07
1.105999999999999981e-10 3.689501092914011099e-02 1.786741908193818671e-06
1.108999999999999996e-10 3.684137505171269228e-02 3.185549116018993135e-06
1.110000000000000044e-10 3.689529751232339949e-02 1.235071685842283560e-06
1.113999999999999979e-10 3.684118105725597836e-02 3.184772579708145101e-06
1.137999999999999973e-10 3.678063509345202292e-02 6.369218492033387176e-06
1.137999999999999973e-10 3.675511577626439097e-02 1.163147728187518621e-05
1.145000000000000053e-10 3.678065546647787953e-02 6.369131733249682817e-06
1.150000000000000035e-10 3.684534829083402352e-02 3.895878734316774635e-06
1.163999999999999935e-10 3.678065553502098128e-02 6.369131733249682817e-06
1.186000000000000092e-10 3.684533042095042982e-02 3.892510430722751546e-06
1.187999999999999930e-10 3.678065528927740302e-02 6.368947529073108322e-06
1.191000000000000075e-10 3.680257708116774218e-02 4.093452594921405455e-06
1.211000000000000006e-10 3.678065509637242630e-02 6.368947529073108322e-06
1.215999999999999988e-10 3.684532604975585685e-02 3.896797004101425675e-06
1.218999999999999875e-10 3.683284110968190750e-02 6.845821987929129909e-06
1.224999999999999906e-10 3.683146642069721338e-02 4.196145725268113987e-06
1.228000000000000050e-10 3.680789139777940200e-02 6.684521065881796645e-06
1.229999999999999888e-10 3.679231344598712927e-02 1.178574028198017762e-05
1.235999999999999919e-10 3.675047467453368411e-02 1.619706861118191225e-05
1.236999999999999968e-10 3.676198530536519543e-02 1.269137058522853592e-05
1.241999999999999950e-10 3.681140304990520445e-02 8.091926394297058062e-06
1.254000000000000012e-10 3.676198530856657903e-02 1.269115806207363030e-05
1.256000000000000109e-10 3.954521453519509178e-02 9.002101484965263975e-06
1.258999999999999995e-10 3.956439415088707640e-02 5.342153862531937533e-06
1.274999999999999992e-10 3.959677406099090802e-02 3.571446358509209571e-06
1.274999999999999992e-10 3.956440264244845406e-02 5.337123766242906317e-06
1.277000000000000088e-10 3.959677403517215810e-02 3.571446358509209571e-06
1.282000000000000071e-10 3.956437773832204713e-02 5.330227863559878801e-06
1.282000000000000071e-10 3.959677411255546620e-02 3.571384776012550125e-06
1.294999999999999922e-10 3.953977023476567404e-02 2.285484798982964043e-06
1.295999999999999971e-10 3.956063863757058874e-02 2.575983215577165052e-06
1.310999999999999919e-10 3.951154384622703603e-02 2.135677492849812729e-06
1.325000000000000077e-10 3.956063443452801504e-02 2.575983215577165052e-06
1.331999999999999898e-10 3.953540579573756181e-02 2.121576447580505082e-06
1.347999999999999895e-10 3.956042237413485985e-02 2.574634866105090044e-06
1.352999999999999877e-10 3.956439154358516730e-02 4.615550178678389340e-06
1.357000000000000070e-10 3.957146646046540844e-02 8.559891576587969536e-06
1.363000000000000101e-10 3.966238095084711340e-02 1.515421905842279649e-05
1.374000000000000115e-10 3.957113579884515703e-02 9.408026202644196017e-06
1.378000000000000049e-10 3.954259582982024013e-02 5.772353916871034586e-06
1.379999999999999887e-10 3.957551581894047654e-02 9.109221785907014422e-06
1.383000000000000032e-10 3.966401680115091283e-02 1.528529587156222231e-05
1.391999999999999949e-10 4.238471674749561685e-02 5.542372185291351252e-06
1.411000000000000091e-10 4.223091870003928966e-02 1.493017666025126157e-05
1.423999999999999942e-10 4.238463639101273245e-02 5.544055669790896699e-06
1.423999999999999942e-10 4.231002640698659778e-02 6.666474053770103975e-06
1.424999999999999991e-10 4.498321132358421709e-02 7.167851098348062644e-06
1.474000000000000028e-10 4.522775470780657225e-02 5.535131330636349272e-06
1.476000000000000125e-10 4.499446356999735330e-02 2.518513847485460466e-06
1.481000000000000107e-10 4.522775469755315608e-02 5.535131330636349272e-06
1.485000000000000042e-10 4.500626399151948231e-02 2.482731614303994701e-06
1.486999999999999880e-10 4.522775463548008718e-02 5.535131330636349272e-06
1.487999999999999928e-10 4.498924325089225656e-02 8.616219946539771659e-06
1.503999999999999925e-10 4.518933492090997095e-02 5.827082523123906412e-06
1.513999999999999890e-10 4.498269342841749313e-02 1.064590001474116934e-06
1.523000000000000066e-10 4.518933492365019566e-02 5.827047950458428576e-06
1.523000000000000066e-10 4.771298764254661151e-02 2.172202612009504009e-06
1.547999999999999979e-10 4.775350978702842808e-02 4.204775013220632446e-06
1.549000000000000028e-10 5.045013462754488476e-02 3.787390073384005174e-06
1.556000000000000107e-10 5.043846945957323330e-02 2.904597898276034804e-06
1.556999999999999897e-10 5.048118193406968268e-02 4.789678832962214542e-06
1.562999999999999928e-10 5.035091249293506543e-02 8.385332067261615826e-06
1.566000000000000072e-10 5.059428689251066480e-02 1.503490092817725585e-05
1.567999999999999910e-10 5.035091150649787656e-02 8.385241358810589446e-06
1.573999999999999941e-10 5.313270966246334132e-02 7.327841727088512212e-06
1.574999999999999990e-10 5.322087323529572922e-02 7.611076140341807564e-06
1.579999999999999972e-10 5.313271087784927904e-02 7.327841727088512212e-06
1.588999999999999889e-10 5.289793477293105312e-02 1.599476547628611361e-05
1.589999999999999938e-10 5.291076677980235260e-02 2.607279384276928121e-05
1.590999999999999986e-10 5.289787420896957526e-02 1.598793843852733450e-05
1.602000000000000000e-10 5.311781507617383685e-02 1.251914963634531519e-05
1.605999999999999934e-10 5.314111562480522410e-02 8.048990639454707576e-06
1.610000000000000127e-10 5.301621844449034421e-02 4.290997338998061841e-06
1.613000000000000013e-10 5.330324652611361652e-02 6.719783408267766145e-06
1.641000000000000072e-10 5.301609203144366789e-02 4.286042492535378719e-06
1.645000000000000006e-10 5.313529946724132591e-02 6.759078918625101187e-06
1.647000000000000103e-10 5.296488078401857119e-02 4.040110638715770285e-06
1.648999999999999941e-10 5.293656304701522403e-02 2.166584305938494997e-06
1.659999999999999954e-10 5.289419363763496473e-02 1.541139313151141321e-06
1.659999999999999954e-10 5.293660089848705591e-02 2.165759944203287531e-06
1.675999999999999951e-10 5.550787885841317743e-02 2.387262645821240704e-06
1.686999999999999965e-10 5.566257386069824176e-02 7.316944141069459367e-06
1.700000000000000075e-10 5.550786874988836855e-02 2.387334412769840605e-06
1.713999999999999975e-10 5.560868879364807421e-02 2.852951940843105450e-06
1.727999999999999875e-10 5.547506354778066612e-02 2.161621363036823352e-06
1.744999999999999919e-10 5.564766367790425355e-02 3.078635672121469886e-06
1.744999999999999919e-10 5.545547217747975877e-02 2.257325418343474460e-06
1.749000000000000112e-10 5.556337224964688626e-02 3.178788336340179017e-06
1.758000000000000030e-10 5.559510769645571726e-02 5.132103125793343516e-06
1.758000000000000030e-10 5.567451561544461969e-02 8.709184150337339212e-06
1.765000000000000109e-10 5.569720104850491016e-02 1.518446819818470072e-05
1.767999999999999995e-10 5.567451558765454389e-02 8.709024765335848472e-06
1.769000000000000043e-10 5.554375147816330988e-02 5.745958887448950506e-06
1.777999999999999961e-10 5.562049299372557459e-02 3.624036046998218635e-06
1.790000000000000023e-10 5.554347153952318011e-02 5.744776514619689908e-06
1.804999999999999971e-10 5.548894226345227332e-02 8.744571625880342495e-06
1.807000000000000067e-10 5.554347144295116584e-02 5.744776514619689908e-06
1.808000000000000116e-10 5.831068394940668032e-02 5.291232247780639995e-06
1.808000000000000116e-10 5.829478042688512884e-02 3.925350814115212808e-06
1.808999999999999905e-10 5.816192582167008934e-02 2.155152809539700116e-06
1.811000000000000002e-10 6.089544907096441223e-02 2.001140127221239681e-06
1.823000000000000064e-10 6.086477002663282648e-02 3.726511207719396430e-06
1.834000000000000077e-10 6.089504886994498434e-02 2.000567112271906555e-06
1.854000000000000008e-10 6.086476999300952095e-02 3.726511207719396430e-06
1.855000000000000057e-10 6.063626998344223001e-02 8.217953021827020601e-06
1.867000000000000119e-10 6.086477753010091640e-02 3.725201258701374239e-06
1.872000000000000101e-10 6.078993682977065077e-02 2.110219876415870975e-06
1.879999999999999970e-10 6.068364948415599924e-02 8.308922549354032806e-07
1.893000000000000080e-10 6.066924099670245596e-02 1.288110599410924707e-06
1.894000000000000129e-10 6.082842721277600256e-02 1.180801651072921853e-06
1.897000000000000015e-10 6.081807883212092536e-02 1.520319253066227323e-06
1.900999999999999949e-10 6.082843020608229984e-02 1.180274270626816873e-06
1.905999999999999932e-10 6.339448029198332946e-02 7.866704227541302526e-07
1.908000000000000029e-10 6.361424043677708917e-02 1.877046756085757137e-07
1.915000000000000108e-10 6.341492837851170350e-02 1.319524317714150249e-06
1.919000000000000042e-10 6.334195890347957270e-02 3.829334051703008418e-06
1.936000000000000087e-10 6.335155888130414303e-02 3.050867007713238320e-06
1.947000000000000101e-10 6.343426419748730838e-02 3.568225304769776642e-06
1.948999999999999939e-10 6.335376985125636129e-02 8.186661504825465811e-06
1.948999999999999939e-10 6.334912638244938332e-02 4.718471026662800258e-06
1.951000000000000035e-10 6.337839236770173579e-02 7.766467856200531198e-06
1.957000000000000066e-10 6.339337922566108674e-02 8.796704583027720203e-06
1.964999999999999935e-10 6.338435559886390624e-02 1.048528677967792516e-05
1.973000000000000063e-10 6.339336166108418269e-02 8.794772557288997830e-06
1.978000000000000045e-10 6.337985042953744874e-02 8.317919889268868646e-06
1.983000000000000028e-10 6.335481039687661242e-02 8.280334784988890764e-06
1.984000000000000076e-10 6.339500880337511912e-02 9.320868762836267965e-06
1.989000000000000059e-10 6.338178979353011055e-02 9.370397576965271751e-06
1.996999999999999928e-10 6.338696620442332841e-02 1.074838868493221260e-05
2.000000000000000073e-10 6.338186714885395145e-02 9.365012844628553207e-06
2.005000000000000056e-10 6.340093874830207699e-02 8.748564561257909738e-06
2.008999999999999990e-10 6.338186708505845479e-02 9.365012844628553207e-06
2.017000000000000118e-10 6.338747109563884485e-02 1.103583899007277755e-05
2.024999999999999987e-10 6.338189935992490087e-02 9.355599687457946749e-06
2.040999999999999983e-10 6.338747029515445774e-02 1.103596563019177073e-05
2.044999999999999917e-10 6.339577897484197089e-02 9.313067095040456408e-06
2.045999999999999966e-10 6.340240168812588673e-02 8.311174656452434718e-06
2.049999999999999900e-10 6.338682023758836215e-02 7.959201829815714464e-06
2.051999999999999997e-10 6.337897838871232870e-02 9.074842934586185782e-06
2.071999999999999928e-10 6.338680306105982931e-02 7.958238139099706640e-06
2.076000000000000121e-10 6.337897828734144479e-02 9.074842934586185782e-06
2.079000000000000007e-10 6.338676895330493111e-02 7.953213521935436676e-06
2.079000000000000007e-10 6.324955822250272197e-02 7.461668778392809934e-06
2.081999999999999893e-10 6.338676869011390658e-02 7.953213521935436676e-06
2.086000000000000086e-10 6.335626816806833039e-02 7.378797264137123417e-06
2.098999999999999938e-10 6.334937151929942445e-02 8.738271047809803680e-06
2.098999999999999938e-10 6.337861400210861862e-02 9.132453187525058712e-06
2.102000000000000083e-10 6.338819498904953165e-02 8.931603670169700653e-06
2.102999999999999872e-10 6.337861416557606653e-02 9.132143649124830245e-06
2.108999999999999903e-10 6.608365008944722119e-02 6.899312637675045608e-06
2.111000000000000000e-10 6.603881281258403013e-02 7.909556574016268817e-06
2.117000000000000031e-10 6.608365018453395134e-02 6.899162879457726090e-06
2.128000000000000044e-10 6.620368278768817838e-02 8.822505676068157000e-06
2.129999999999999882e-10 6.608350204116932025e-02 6.896488266192342077e-06
2.135000000000000124e-10 6.877317307263652868e-02 6.540527624632724864e-06
2.140000000000000106e-10 6.887970863290464318e-02 9.295117575719383460e-06
2.161999999999999875e-10 6.880303957785303959e-02 9.522961547490379225e-06
2.162999999999999924e-10 7.142958489258108279e-02 6.690501391010691467e-06
2.163999999999999972e-10 7.164940882992626436e-02 8.138410365446700708e-06
2.170000000000000003e-10 7.142847197080749722e-02 6.657947945048446885e-06
2.172000000000000099e-10 7.164940887766743649e-02 8.138223358186259676e-06
2.172999999999999889e-10 7.146010229619495502e-02 7.450055833851950206e-06
2.173999999999999937e-10 7.136216371126255509e-02 6.599145592115222162e-06
2.183000000000000113e-10 7.142266824284163040e-02 4.908009783675808493e-06
2.187000000000000047e-10 7.142086864089830511e-02 5.682049026093612118e-06
2.187000000000000047e-10 7.142266836358623916e-02 4.907860513057274108e-06
2.201999999999999996e-10 7.136449060782899811e-02 5.931730429217565970e-06
2.204000000000000092e-10 7.145931911156672145e-02 7.099418808170133970e-06
2.210999999999999913e-10 7.136434546015325842e-02 5.928678371416427742e-06
2.215000000000000106e-10 7.137196230471125336e-02 4.816836384804407752e-06
2.219000000000000040e-10 7.142961701951341946e-02 3.177190876821417174e-06
2.222999999999999975e-10 7.163301864658010165e-02 1.768241720248989784e-06
2.231000000000000102e-10 7.156387603309428969e-02 1.536855944197636837e-06
2.236000000000000085e-10 7.145068934856610432e-02 9.976564025077839955e-07
2.242999999999999906e-10 7.143149230617382162e-02 1.634143039927217433e-06
2.258000000000000113e-10 7.137428405627772865e-02 3.127557330819707596e-06
2.263000000000000095e-10 7.136358172032739033e-02 4.856740236230209441e-06
2.273000000000000061e-10 7.137428406429169314e-02 3.127553989907265237e-06
2.274999999999999899e-10 7.405700585271306202e-02 3.720119008307625098e-06
2.274999999999999899e-10 7.428216421273883818e-02 4.690372707238171488e-06
2.275999999999999947e-10 7.418297795577274978e-02 3.246903515492400087e-06
2.280999999999999930e-10 7.426862137459787350e-02 4.941862107757183016e-06
2.281999999999999978e-10 7.405835021090007020e-02 7.174980438625456220e-06
2.292999999999999992e-10 7.699525802829736143e-02 3.598541474971975635e-06
2.305000000000000054e-10 7.405832939055413677e-02 7.174852573669703554e-06
2.307999999999999940e-10 7.428463765321392798e-02 6.397593644923243657e-06
2.327999999999999871e-10 7.694845154428782419e-02 1.942310380548488967e-06
2.331000000000000016e-10 7.689525143397661633e-02 1.541363077786008218e-06
2.333999999999999902e-10 7.694857334022510431e-02 1.941549250456350962e-06
2.335999999999999998e-10 7.712310009535437716e-02 5.009191697793835141e-06
2.335999999999999998e-10 7.691984335237210535e-02 7.612298040306342629e-06
2.341999999999999771e-10 7.682628873332573993e-02 9.810509752466621279e-06
2.346999999999999753e-10 7.699356083046815513e-02 9.266487112133202676e-06
2.348000000000000060e-10 7.713027205343404857e-02 8.188654933207556048e-06
2.357000000000000236e-10 7.699375422674557823e-02 9.263999471952694416e-06
2.357000000000000236e-10 7.993866523489136233e-02 4.985898721838292312e-06
2.362000000000000219e-10 7.985951512252961737e-02 7.638860045414396096e-06
2.363999999999999798e-10 7.993866508212402189e-02 4.986063314629134686e-06
2.367999999999999991e-10 7.985914091579246477e-02 7.630587865908331632e-06
2.375000000000000070e-10 7.945645798039469021e-02 8.631122829298492667e-06
2.377000000000000167e-10 7.943816736783178289e-02 8.495215003252419098e-06
2.380000000000000053e-10 7.951732762398541765e-02 8.538054422438783064e-06
2.380000000000000053e-10 7.955112998898467014e-02 8.487340855742990734e-06
2.380000000000000053e-10 7.951733022200790924e-02 8.538111574713322331e-06
2.385000000000000036e-10 7.970094606652233793e-02 8.428862677162706475e-06
2.385999999999999826e-10 7.974412954745867255e-02 7.760984812625112289e-06
2.387999999999999922e-10 7.968156823603884942e-02 5.722138797671300553e-06
2.387999999999999922e-10 7.974419845816999031e-02 7.754488312773126775e-06
2.389000000000000229e-10 7.965498487027115881e-02 5.707263106852350803e-06
2.397000000000000098e-10 7.974422356469894335e-02 7.747783344400442765e-06
2.397999999999999888e-10 7.985038568915098223e-02 8.499694232783130615e-06
2.409000000000000160e-10 7.951594157901167859e-02 8.920255014103500263e-06
2.412999999999999836e-10 7.955176141509881504e-02 8.720493087050771788e-06
2.414000000000000142e-10 7.951624882278883477e-02 8.912379358413526862e-06
2.424000000000000108e-10 7.945396692234370228e-02 9.205577622022284522e-06
2.431000000000000187e-10 7.951626097107965252e-02 8.912109577086872641e-06
2.431000000000000187e-10 7.955130939046411997e-02 8.521926253517194861e-06
2.431999999999999977e-10 7.961146554820808241e-02 8.538927111720206155e-06
2.441000000000000153e-10 7.970017598641941647e-02 8.410857518765735221e-06
2.446000000000000135e-10 7.984569932714863372e-02 7.481561560523940674e-06
2.454999999999999794e-10 7.968155924908279508e-02 5.644557847306842139e-06
2.454999999999999794e-10 7.984577569389600393e-02 7.480591797813093818e-06
2.464999999999999760e-10 7.986141535190247054e-02 8.370620862240338430e-06
2.468999999999999953e-10 7.984577584525852367e-02 7.480418362785162165e-06
2.475000000000000242e-10 7.970980437102645477e-02 5.693368034997874555e-06
2.481999999999999804e-10 7.955446230675421171e-02 3.864193999039803913e-06
2.488000000000000094e-10 8.242511363726093276e-02 3.921884685636224994e-06
2.508000000000000025e-10 8.228445048190792532e-02 3.980630636604442937e-06
2.513999999999999797e-10 8.250924798515578418e-02 4.702878929718750246e-06
2.517000000000000200e-10 8.228445151931497448e-02 3.980592465896897498e-06
2.520000000000000087e-10 8.242575567954155136e-02 4.852748645185900328e-06
2.528999999999999745e-10 8.243774178238294503e-02 4.453165551288246225e-06
2.545000000000000000e-10 8.242112357411073009e-02 5.037959250401335296e-06
2.547000000000000097e-10 8.225935269155978946e-02 4.529877155526994106e-06
2.547000000000000097e-10 8.244874187090175943e-02 4.927754076836161623e-06
2.557999999999999852e-10 8.225935266336827090e-02 4.529919644626105718e-06
2.557999999999999852e-10 8.229995905218957797e-02 5.030591912494637645e-06
2.559000000000000159e-10 8.227525946527258771e-02 6.114966299417634403e-06
2.579999999999999879e-10 8.490206346823916950e-02 2.459236634315242167e-06
2.589000000000000055e-10 8.494252872451663050e-02 3.077796458373730055e-06
2.589999999999999845e-10 8.488906002338132695e-02 1.536695258802212616e-06
2.589999999999999845e-10 8.484044222969218396e-02 2.770332398585910870e-06
2.608000000000000196e-10 8.492246428852932849e-02 2.440097722350469346e-06
2.608999999999999986e-10 8.496989016952530283e-02 1.771719448688091392e-06
2.611000000000000083e-10 8.490320921917211827e-02 2.433906714076906045e-06
2.618999999999999952e-10 8.496971592838385712e-02 1.771396824365351581e-06
2.620000000000000258e-10 8.503806162392954504e-02 4.295690030597413876e-06
2.621999999999999838e-10 8.501534407174089758e-02 6.589639635382226447e-06
2.626999999999999821e-10 8.516776662010375198e-02 6.313889605666510007e-06
2.633000000000000110e-10 8.518068493979115419e-02 7.722593161330396682e-06
2.633000000000000110e-10 8.477461435284117108e-02 8.595753541911375966e-06
2.645000000000000172e-10 8.481222839496010968e-02 8.441528818359996328e-06
2.648000000000000058e-10 8.482096955745201117e-02 8.290321588577746794e-06
2.648000000000000058e-10 8.487565903519780908e-02 7.858290684102070314e-06
2.648999999999999848e-10 8.480671874633928520e-02 8.242873636918381040e-06
2.650000000000000155e-10 8.476022558817598862e-02 7.883454224081716614e-06
2.653000000000000041e-10 8.480671925575748726e-02 8.242873636918381040e-06
2.658000000000000024e-10 8.476027618286645360e-02 7.881988666936143623e-06
2.658999999999999813e-10 8.480671873922011883e-02 8.242873636918381040e-06
2.660999999999999910e-10 8.487277401851534009e-02 8.249718994195293664e-06
2.673999999999999762e-10 8.483161596516790304e-02 8.464025671948805050e-06
2.695999999999999789e-10 8.487277391648401226e-02 8.249658413240691819e-06
2.702000000000000079e-10 8.482354972879291299e-02 8.107801560023332636e-06
2.704999999999999965e-10 8.488106872461184671e-02 8.636984681244755542e-06
2.709999999999999948e-10 8.482355287731205284e-02 8.107801560023332636e-06
2.714000000000000140e-10 8.487372980042780235e-02 7.668216757549777137e-06
2.724999999999999896e-10 8.480508602978849286e-02 7.849774798972864834e-06
2.726999999999999992e-10 8.487325976502796410e-02 7.648075457239586554e-06
2.729000000000000089e-10 8.480508568730647789e-02 7.849727187843436485e-06
2.729999999999999878e-10 8.763097690272428353e-02 3.956559077922641696e-06
2.734999999999999861e-10 8.755342838206513212e-02 7.089710517937401196e-06
2.736000000000000168e-10 8.754296700947621079e-02 6.210050208558484250e-06
2.744999999999999827e-10 8.757563102378268516e-02 8.202883279635346568e-06
2.744999999999999827e-10 8.759899820727438946e-02 1.158507958566606203e-05
2.749999999999999809e-10 8.757557369637249123e-02 8.198670940499070114e-06
2.751000000000000116e-10 8.754490417180005313e-02 6.448573579039625424e-06
2.773999999999999933e-10 8.757557412135615060e-02 8.198592389674444028e-06
2.788999999999999882e-10 8.766171682586906821e-02 6.438248716498166061e-06
2.805999999999999926e-10 9.032968166887352102e-02 3.139761256930887146e-06
2.805999999999999926e-10 9.027051604469413237e-02 3.204435831400503261e-06
2.812000000000000216e-10 9.033934759973481776e-02 3.443347397444749062e-06
2.812000000000000216e-10 9.027052346994202114e-02 3.204540335546524158e-06
2.820000000000000085e-10 9.033769897661693415e-02 3.561080992097075654e-06
2.822000000000000181e-10 9.032979280406855382e-02 5.051086699082262931e-06
2.827999999999999954e-10 9.033043962253207992e-02 8.147318827685295090e-06
2.832999999999999936e-10 9.048533401086671091e-02 5.634066945761397738e-06
2.844000000000000209e-10 9.035253560355878399e-02 3.963479987764993331e-06
2.854000000000000174e-10 8.768653167521914260e-02 4.869016178200066978e-06
2.857000000000000060e-10 8.757040841170803114e-02 4.159810676270647085e-06
2.861000000000000253e-10 8.768653074940085945e-02 4.869065671153511364e-06
2.874000000000000105e-10 8.760208401481804630e-02 9.077024232212590340e-06
2.884000000000000070e-10 8.755038738217892080e-02 6.704913865276622923e-06
2.891000000000000150e-10 8.756132398136602657e-02 8.232234871691494516e-06
2.901000000000000115e-10 8.758480700933979346e-02 9.438782281308348522e-06
2.935000000000000205e-10 8.757094104509545451e-02 8.293807735272883423e-06
2.945999999999999960e-10 8.765900140237384286e-02 6.194334575502488624e-06
2.948999999999999846e-10 8.751620516484806545e-02 5.199981679095507527e-06
2.955999999999999925e-10 8.754553466317452348e-02 6.345030894143456749e-06
2.970000000000000084e-10 8.756039039360180576e-02 8.176158998705643121e-06
2.977000000000000163e-10 8.759926095188873274e-02 1.159134938043905049e-05
2.977000000000000163e-10 8.761842956985468889e-02 1.577308434262110297e-05
2.987999999999999918e-10 8.759922666843251993e-02 1.158704744410365982e-05
2.989000000000000225e-10 8.755735216537537113e-02 9.059032866437625081e-06
3.000999999999999770e-10 8.759922688684451675e-02 1.158701803770594635e-05
3.007999999999999849e-10 8.755737772488582371e-02 9.055848490201378806e-06
3.009000000000000156e-10 8.759922634756583948e-02 1.158701803770594635e-05
3.017999999999999814e-10 8.758932119793817750e-02 1.521013820788376333e-05
3.058999999999999983e-10 8.761921076526645036e-02 1.926683739028009116e-05
3.063999999999999966e-10 8.755890205341815280e-02 2.320278171732820374e-05
3.068999999999999949e-10 8.758133842155624293e-02 2.613745883297899369e-05
3.075000000000000238e-10 8.750746187693367317e-02 2.817355796729670761e-05
3.091999999999999766e-10 8.752726247420815342e-02 2.866736319632724617e-05
3.093999999999999862e-10 8.758452131186796052e-02 2.893559636152901720e-05
3.095999999999999959e-10 8.754123547594146182e-02 2.750482812708692054e-05
3.125999999999999855e-10 9.022497308120283610e-02 1.411022626125058569e-05
3.135000000000000031e-10 9.016311056981954342e-02 1.917095011479931366e-05
3.147000000000000093e-10 9.022498374767458362e-02 1.411016220755741273e-05
3.167000000000000024e-10 9.018200109642528217e-02 1.937872971249585547e-05
3.184999999999999858e-10 9.027693216291787781e-02 2.449243402453725953e-05
3.193000000000000244e-10 9.018180823581183059e-02 1.937687361156520139e-05
3.220000000000000254e-10 9.014351108033995252e-02 1.797496229067187422e-05
3.231000000000000010e-10 9.018180836203820716e-02 1.937704279303464349e-05
3.235000000000000203e-10 9.014333914718222762e-02 1.796811075259505759e-05
3.240000000000000185e-10 9.010882638530171018e-02 1.330577501438624357e-05
3.240999999999999975e-10 9.009922238867101862e-02 8.196062784998699139e-06
3.258999999999999809e-10 9.010708600082061037e-02 4.295657986815155781e-06
3.262000000000000213e-10 9.006559184092348402e-02 5.780782348168132348e-06
3.270999999999999871e-10 9.010262273376980213e-02 9.561040493521894961e-06
3.272000000000000178e-10 9.006551132938865611e-02 5.780680934952036298e-06
3.275999999999999854e-10 9.008552001941352860e-02 9.263334575182543705e-06
3.282000000000000144e-10 9.014570492425456882e-02 1.401147697050986017e-05
3.282999999999999933e-10 9.010998292972058343e-02 1.225928287601379035e-05
3.289000000000000223e-10 9.014570451810749452e-02 1.401145974649045230e-05
3.292000000000000109e-10 9.018395713656894574e-02 1.957329307614454379e-05
3.302999999999999864e-10 9.014566765022363759e-02 1.401138117392408119e-05
3.311000000000000250e-10 9.277230418997028938e-02 9.091063194600771861e-06
3.334000000000000067e-10 9.274361960115949655e-02 5.445565611977002409e-06
3.336000000000000164e-10 9.283838796499993551e-02 2.082825663288000745e-06
3.336999999999999954e-10 9.296087984755896372e-02 6.184197020070196589e-07
3.339999999999999840e-10 9.551724228311143927e-02 5.613584425355938136e-07
3.354999999999999788e-10 9.584087096487023394e-02 2.636066020003079211e-07
3.361000000000000078e-10 9.539654626715507457e-02 1.596853402017758537e-06
3.361999999999999867e-10 9.538612942388211002e-02 4.292235816241764878e-06
3.366000000000000060e-10 9.539654673248215699e-02 1.596815392240669842e-06
3.390999999999999974e-10 9.538608994236781602e-02 4.289544549994576663e-06
3.390999999999999974e-10 9.545203507166287460e-02 6.682346507213460555e-06
3.393000000000000070e-10 9.558441003690369697e-02 8.346272577255399891e-06
3.398999999999999843e-10 9.539007738039922968e-02 9.039679586082011734e-06
3.403000000000000036e-10 9.558438305101586707e-02 8.346235199979459897e-06
3.405000000000000132e-10 9.544585618265687132e-02 9.095479208283857212e-06
3.405999999999999922e-10 9.553318189265293248e-02 8.953534758649681893e-06
3.408000000000000019e-10 9.543650749920611076e-02 9.762271386683502090e-06
3.410000000000000115e-10 9.536055454060472780e-02 1.054250339817988111e-05
3.415999999999999888e-10 9.543621796881500419e-02 9.757381156785136647e-06
3.422999999999999967e-10 9.539652193760361776e-02 9.172651632753437667e-06
3.425999999999999853e-10 9.544193787937538254e-02 8.389691026926004121e-06
3.444000000000000205e-10 9.539520234854274860e-02 7.113663154174346625e-06
3.454000000000000170e-10 9.830826931179798001e-02 1.916226661047846785e-06
3.457000000000000056e-10 9.837155802016166184e-02 1.528423459748684929e-06
3.459000000000000153e-10 1.009786441704902532e-01 5.089863554787445766e-07
3.459999999999999943e-10 1.008750909970320825e-01 1.568953854670487175e-06
3.462000000000000039e-10 1.008671911803303983e-01 5.544629466186453320e-06
3.462999999999999829e-10 1.007892821311160009e-01 4.237078473081671552e-06
3.477999999999999777e-10 1.008238861499762273e-01 1.450134539445785741e-06
3.486000000000000163e-10 1.034161531934355283e-01 3.177711696656916140e-06
3.496999999999999918e-10 1.034917548677120880e-01 1.505389438860994838e-06
3.509999999999999770e-10 1.034161532013900958e-01 3.177656605763651984e-06
3.533000000000000104e-10 1.034800985547542768e-01 6.976499826142346467e-06
3.538000000000000087e-10 1.036168010989683558e-01 1.233766660496591575e-05
3.560000000000000114e-10 1.035892524180793695e-01 1.785179825027674697e-05
3.572999999999999966e-10 1.035965727671865066e-01 2.334387727859543724e-05
3.580999999999999835e-10 1.035805559796938724e-01 2.153802339241439522e-05
3.580999999999999835e-10 1.036168814224686791e-01 1.754842020002099370e-05
3.604000000000000169e-10 1.034852938885637147e-01 1.187906882783525412e-05
3.604999999999999959e-10 1.036297623949345853e-01 1.481668999516993109e-05
3.614999999999999924e-10 1.034850263101498163e-01 1.187522948228611867e-05
3.626999999999999986e-10 1.008809360026065444e-01 1.149893539892910452e-05
3.648000000000000224e-10 1.009056329326665086e-01 1.876255979979948318e-05
3.656000000000000093e-10 1.009894450900166579e-01 2.397856892343349990e-05
3.661000000000000076e-10 1.008786347695364433e-01 2.693217077075032285e-05
3.671000000000000041e-10 1.008639005216548923e-01 2.915571119586847078e-05
3.676999999999999814e-10 1.008865238577332235e-01 2.946326048231760606e-05
3.680000000000000217e-10 1.009670904118802337e-01 2.754176240884743222e-05
3.688999999999999876e-10 1.008771046550416967e-01 2.407999771757755950e-05
3.693000000000000068e-10 1.008441610970463725e-01 1.938662030243728772e-05
3.698999999999999841e-10 1.008303179415984130e-01 1.382604667175271313e-05
3.703999999999999824e-10 1.008675043125292353e-01 8.488087361560074586e-06
3.707000000000000227e-10 1.008303167737590600e-01 1.382580766041924243e-05
3.712000000000000210e-10 1.008335343606136664e-01 8.470158385633862650e-06
3.717999999999999982e-10 1.034851104531156196e-01 8.625452453901150774e-06
3.720000000000000079e-10 1.036068101029579136e-01 9.349721022248720057e-06
3.727000000000000158e-10 1.034800624558361165e-01 1.370996918617942006e-05
3.752999999999999861e-10 1.035078712671190226e-01 1.090363392356816473e-05
3.755999999999999748e-10 1.034800612244492768e-01 1.370985341475179893e-05
3.757999999999999844e-10 1.036040948911411963e-01 1.111058354005225938e-05
3.759999999999999941e-10 1.034800490192796657e-01 1.370985341475179893e-05
3.759999999999999941e-10 1.034387091457146940e-01 2.138162402975282955e-05
3.784000000000000064e-10 1.034800506927992386e-01 1.370704346734018668e-05
3.789000000000000047e-10 1.034387090882726012e-01 2.138162402975282955e-05
3.796999999999999916e-10 1.034799247695245283e-01 1.369705124883383181e-05
3.803000000000000206e-10 1.034673744709321552e-01 1.799191683320981009e-05
3.808000000000000188e-10 1.034886244550081574e-01 1.560585081591072637e-05
3.808999999999999978e-10 1.034673639682079371e-01 1.799191683320981009e-05
3.811000000000000075e-10 1.034886488470413979e-01 1.560105048004953486e-05
3.821000000000000040e-10 1.036140447092079864e-01 1.160229665305576981e-05
3.821999999999999830e-10 1.035355327212484217e-01 7.482149163012996498e-06
3.821999999999999830e-10 1.034414699772074897e-01 4.860520430194123098e-06
3.823999999999999926e-10 1.035461826935001189e-01 4.245299405688243171e-06
3.826000000000000023e-10 1.037232279400206042e-01 4.499374453778593574e-06
3.843999999999999857e-10 1.035461939921534791e-01 4.245299405688243171e-06
3.857000000000000226e-10 1.036725938197193136e-01 4.529566178913835610e-06
3.860999999999999902e-10 1.035676904593430814e-01 5.169859865521098731e-06
3.868999999999999771e-10 1.034661050816040179e-01 5.817090929408490308e-06
3.870999999999999867e-10 1.036879226303381862e-01 5.899530371423436181e-06
3.870999999999999867e-10 1.036793418867172079e-01 5.594733309709105071e-06
3.890000000000000009e-10 1.035682431889677207e-01 5.724352324319081596e-06
3.890000000000000009e-10 1.034970276827364283e-01 5.762084601970028701e-06
3.900999999999999764e-10 1.034532382766688435e-01 5.785869113150588938e-06
3.902000000000000071e-10 1.035842680523709619e-01 6.389220006061667071e-06
3.924999999999999888e-10 1.034533390722059687e-01 5.773424689702160403e-06
3.946000000000000125e-10 1.034638629683921340e-01 5.781489091135498129e-06
3.956999999999999881e-10 1.036874726256851037e-01 5.924821057018212956e-06
3.961000000000000074e-10 1.034638624486199643e-01 5.781489091135498129e-06
3.968999999999999943e-10 1.034513399521870963e-01 6.074436037257952013e-06
3.973000000000000136e-10 1.034638589561505811e-01 5.778306178694763082e-06
3.976999999999999812e-10 1.035678368125308585e-01 5.983825948263703267e-06
3.976999999999999812e-10 1.037024515000320585e-01 6.012828444957458624e-06
3.990999999999999970e-10 1.036945211090234548e-01 6.364724316066049861e-06
3.995999999999999953e-10 1.037024518135475637e-01 6.012828444957458624e-06
4.005000000000000128e-10 1.036943741725803586e-01 6.362949656341511211e-06
4.013999999999999787e-10 1.036022375599988804e-01 6.268119507795646740e-06
4.025999999999999849e-10 1.062025983399732393e-01 4.772498438526184588e-06
4.029000000000000252e-10 1.061676015444584509e-01 6.580180927545923817e-06
4.035999999999999815e-10 1.061509804439399185e-01 7.547239155862449134e-06
4.044999999999999990e-10 1.061822379086453799e-01 9.778526297411874483e-06
4.052999999999999859e-10 1.061509586593789994e-01 7.547051953126681198e-06
4.054999999999999956e-10 1.061776788002514599e-01 9.676778531365512912e-06
4.057999999999999842e-10 1.062257578570297567e-01 1.502446874333856300e-05
4.067999999999999808e-10 1.061776413711766065e-01 9.676224730071056242e-06
4.072000000000000000e-10 1.062257566989507490e-01 1.502438235130195340e-05
4.079999999999999869e-10 1.061864886843053857e-01 1.761034138462307062e-05
4.091999999999999931e-10 1.061693619132108024e-01 1.635906801521471048e-05
4.094000000000000028e-10 1.062383693077691288e-01 1.977023197813666008e-05
4.096999999999999914e-10 1.062471173468657465e-01 1.731372624311501134e-05
4.128000000000000117e-10 1.062201588150207265e-01 1.326055901799348116e-05
4.143000000000000066e-10 1.061786198532636005e-01 9.380776756740166189e-06
4.147000000000000258e-10 1.088613090690412344e-01 1.064187347094601576e-05
4.148000000000000048e-10 1.089433701207683375e-01 9.322797578024089005e-06
4.162999999999999996e-10 1.086993469440347693e-01 7.672450931128776754e-06
4.182000000000000138e-10 1.089433694252295304e-01 9.322797578024089005e-06
4.192000000000000103e-10 1.088724264764991817e-01 1.099061808408792225e-05
4.192999999999999893e-10 1.115341083111578979e-01 1.018566888989890849e-05
4.202000000000000069e-10 1.116491376042086092e-01 1.267704767713187792e-05
4.212999999999999824e-10 1.115157787171101728e-01 1.109303486111224930e-05
4.219000000000000113e-10 1.115711075181955725e-01 1.314678029209962139e-05
4.221999999999999999e-10 1.115572189905733314e-01 1.650277091648647617e-05
4.224000000000000096e-10 1.115022779933892427e-01 2.044551281232568295e-05
4.238000000000000254e-10 1.115572095987749091e-01 1.650205720179506071e-05
4.241000000000000141e-10 1.115307313897280217e-01 2.057027610094547970e-05
4.259999999999999765e-10 1.115572875106134454e-01 1.649907384374770501e-05
4.271000000000000037e-10 1.115307305996654647e-01 2.057035388368117301e-05
4.278000000000000116e-10 1.115208926453198496e-01 1.930962094271025884e-05
4.285000000000000196e-10 1.141745289897153903e-01 1.440113314615449185e-05
4.295000000000000161e-10 1.142025230638177291e-01 7.271040102055585185e-06
4.300999999999999933e-10 1.141122250170401448e-01 7.288972911019904955e-06
4.302000000000000240e-10 1.142153606654685988e-01 8.450593619237401174e-06
4.315000000000000092e-10 1.141120336656610279e-01 7.285504041423884619e-06
4.315999999999999882e-10 1.142110449455419202e-01 8.435948772440933467e-06
4.317000000000000188e-10 1.139890584991395395e-01 7.781059294795728018e-06
4.325000000000000057e-10 1.142110453997496888e-01 8.435948772440933467e-06
4.332999999999999926e-10 1.141827468032466791e-01 1.037014824683899283e-05
4.342999999999999892e-10 1.142108626043857322e-01 8.431864311162872081e-06
4.344000000000000199e-10 1.141398908915045723e-01 1.040273369425249288e-05
4.344000000000000199e-10 1.168105457056436702e-01 1.242736663613196298e-05
4.357999999999999840e-10 1.167549606714105431e-01 1.898589095440707535e-05
4.359999999999999937e-10 1.167609074506296835e-01 1.893493013696885896e-05
4.364000000000000130e-10 1.169194768097405746e-01 1.544789567627912608e-05
4.366000000000000226e-10 1.168061422234533131e-01 1.792864756470740118e-05
4.388000000000000253e-10 1.142121421875808146e-01 1.353697566029251897e-05
4.393000000000000236e-10 1.140669428773860017e-01 1.580143670313783415e-05
4.396000000000000122e-10 1.141472562864186691e-01 1.920191117760335778e-05
4.423000000000000133e-10 1.141113644857908727e-01 2.310508857470068125e-05
4.428999999999999905e-10 1.141666442838810136e-01 2.667382355947030479e-05
4.453999999999999819e-10 1.141588157339541720e-01 3.006566029136505599e-05
4.472999999999999960e-10 1.141495015275721392e-01 2.418499173679683882e-05
4.477000000000000153e-10 1.167588776951761359e-01 2.105008755990187805e-05
4.484000000000000232e-10 1.168618398044176249e-01 2.275558979512847183e-05
4.494999999999999987e-10 1.167589978410515511e-01 2.104883905092641344e-05
4.497999999999999874e-10 1.168618399397154811e-01 2.275558979512847183e-05
4.504000000000000163e-10 1.195796120510908417e-01 1.657749877076955620e-05
4.505999999999999743e-10 1.193926105402347004e-01 2.058235451044600352e-05
4.512000000000000032e-10 1.220666289827209428e-01 1.807608363418108734e-05
4.517000000000000015e-10 1.222532275314800465e-01 2.669021115092543248e-05
4.524000000000000094e-10 1.221590408924491944e-01 3.193475740929680329e-05
4.532999999999999753e-10 1.221378424408114949e-01 3.223210716821529360e-05
4.543000000000000235e-10 1.221828439050706705e-01 3.011932678592290407e-05
4.556000000000000087e-10 1.222451786144252844e-01 2.672953481931222719e-05
4.563000000000000166e-10 1.221828437553017094e-01 3.011894953612789929e-05
4.566000000000000052e-10 1.221160871553445409e-01 2.707332750301292231e-05
4.566999999999999842e-10 1.221828422511785917e-01 3.011859432296926857e-05
4.568000000000000149e-10 1.221158631773492237e-01 3.310268611198072947e-05
4.620999999999999862e-10 1.246336244835414830e-01 4.516250990041603116e-05
4.627999999999999942e-10 1.247775277732902505e-01 3.977700444806658495e-05
4.640000000000000004e-10 1.246633141770439185e-01 3.824915704416406275e-05
4.659000000000000145e-10 1.272639361177996531e-01 2.857184242048262319e-05
4.681999999999999962e-10 1.246632885657780604e-01 3.825043340188801502e-05
4.681999999999999962e-10 1.247849866516437672e-01 3.884884769461425581e-05
4.700999999999999586e-10 1.246632898700936742e-01 3.825068656595881063e-05
4.720999999999999517e-10 1.247008586725716212e-01 3.929868191758360049e-05
4.724999999999999710e-10 1.246635041431168323e-01 3.805452082569215646e-05
4.724999999999999710e-10 1.247953523299609735e-01 3.880647707497589954e-05
4.754000000000000334e-10 1.246635262946235445e-01 3.805446436776217768e-05
4.768000000000000492e-10 1.246179501327234207e-01 3.380838188935305900e-05
4.782999999999999923e-10 1.246635419962211361e-01 3.805352850904917021e-05
4.785999999999999810e-10 1.272526695747396297e-01 2.904356305269681278e-05
4.787000000000000116e-10 1.272600477620711157e-01 2.827522956876699726e-05
4.792999999999999889e-10 1.272082135680426829e-01 2.653590236093498588e-05
4.798000000000000389e-10 1.271394756804557769e-01 2.115071059626834311e-05
4.798999999999999661e-10 1.272082134229771400e-01 2.653590236093498588e-05
4.807000000000000047e-10 1.272565925751638349e-01 3.228926387535598899e-05
4.818999999999999592e-10 1.272081844886371049e-01 2.652397219643942800e-05
4.822000000000000512e-10 1.271912045550573356e-01 2.121589734130856480e-05
4.825000000000000399e-10 1.272081952599637966e-01 2.652430855463183893e-05
4.826999999999999978e-10 1.271395927586124464e-01 2.110684562230752948e-05
4.831000000000000171e-10 1.271323051617545274e-01 1.491117396688674891e-05
4.834000000000000057e-10 1.271395926954383693e-01 2.110675562610819051e-05
4.844000000000000023e-10 1.271323474967992750e-01 1.488952769837595029e-05
4.848000000000000216e-10 1.271720812857884131e-01 1.046917240568763598e-05
4.849999999999999795e-10 1.271675631606455914e-01 7.073397958561253680e-06
4.852000000000000409e-10 1.271368593254380286e-01 4.997447603091888456e-06
4.852999999999999682e-10 1.271675771281315093e-01 7.072477185527187567e-06
4.856999999999999875e-10 1.271912769184090908e-01 9.382745041544513631e-06
4.872000000000000340e-10 1.272012849964600234e-01 6.969879128443118993e-06
4.875000000000000226e-10 1.271935762532057368e-01 9.326485507636013777e-06
4.882999999999999578e-10 1.272012856080420584e-01 6.969879128443118993e-06
4.889999999999999657e-10 1.300082317065649196e-01 4.790182353827853728e-06
4.889999999999999657e-10 1.296531597950895953e-01 4.746223587033281288e-06
4.912000000000000202e-10 1.297135087583588808e-01 7.018110692880358629e-06
4.915000000000000088e-10 1.296280637500644151e-01 5.814256411652117884e-06
4.920999999999999860e-10 1.295899784283017220e-01 4.395184589768833777e-06
4.923999999999999747e-10 1.296281510591510977e-01 5.808838075312884150e-06
4.936000000000000326e-10 1.293864189268779386e-01 4.406410118390936549e-06
4.936999999999999598e-10 1.298500650284408753e-01 2.757287733559390853e-06
4.943999999999999678e-10 1.293864135318324171e-01 4.402581204331117038e-06
4.947999999999999871e-10 1.296290748536474136e-01 5.424671363857825322e-06
4.949000000000000177e-10 1.379502614672041272e-01 2.278605198580506081e-06
4.970000000000000415e-10 1.382654969759035402e-01 3.628277485830046989e-06
4.973999999999999574e-10 1.380206764282763121e-01 7.299624914256639883e-06
4.977000000000000494e-10 1.379215893140492422e-01 8.831133302913353854e-06
4.979000000000000074e-10 1.378829778423997787e-01 9.255482078766554804e-06
4.990000000000000346e-10 1.379215826279068802e-01 8.830797443264462690e-06
4.990999999999999619e-10 1.380059613910968042e-01 9.224217144683492125e-06
4.990999999999999619e-10 1.379705748386033659e-01 8.719162224410854673e-06
5.001999999999999891e-10 1.379326752883607565e-01 9.670248339803513542e-06
5.004999999999999777e-10 1.379704885482565258e-01 8.716775023772641270e-06
5.007000000000000391e-10 1.380200832564370539e-01 8.496168844006756914e-06
5.007999999999999663e-10 1.406635800458179153e-01 6.082848081059430211e-06
5.011999999999999856e-10 1.409183622856065021e-01 7.846266273630754626e-06
5.017000000000000356e-10 1.409492733720006663e-01 8.181253120688604020e-06
5.030000000000000208e-10 1.409183618091081613e-01 7.846126137893091618e-06
5.044000000000000366e-10 1.409492591484873825e-01 8.181202427230058522e-06
5.053000000000000025e-10 1.409238982329234779e-01 6.958892292511463879e-06
5.057000000000000218e-10 1.407196083154272359e-01 4.493975744983662516e-06
5.074000000000000263e-10 1.408045889157636399e-01 2.418997359629375864e-06
5.084999999999999501e-10 1.405926635013562964e-01 1.204486279446798401e-06
5.084999999999999501e-10 1.406410848155219828e-01 1.331422663115107137e-06
5.098000000000000387e-10 1.406721747102125109e-01 1.037643182005449355e-06
5.102999999999999852e-10 1.406415749139278970e-01 1.318812940887998120e-06
5.119999999999999897e-10 1.407261986502658657e-01 2.548537326539159252e-06
5.121000000000000204e-10 1.408367691146658052e-01 5.097153209090862150e-06
5.158000000000000179e-10 1.411870022696415095e-01 7.654445609108889150e-06
5.165999999999999531e-10 1.409371059041664986e-01 9.633453904016731271e-06
5.169999999999999724e-10 1.406516505244052861e-01 9.947856770007326588e-06
5.169999999999999724e-10 1.405283004463536711e-01 9.978144026006888554e-06
5.169999999999999724e-10 1.433274745403561867e-01 8.521829162241679670e-06
5.175000000000000224e-10 1.433559412159515212e-01 1.201884348857302733e-05
5.182999999999999576e-10 1.432775059987370370e-01 1.549324542651745961e-05
5.189999999999999655e-10 1.433868522932194578e-01 2.011295064151969321e-05
5.213999999999999779e-10 1.431783313804998459e-01 1.934186245363063076e-05
5.222000000000000165e-10 1.433650990019676441e-01 1.539467389885341295e-05
5.230999999999999824e-10 1.432860727504340626e-01 1.159155945824649020e-05
5.240000000000000517e-10 1.433651002986661982e-01 1.539470590609302815e-05
5.244999999999999982e-10 1.431515611195429138e-01 1.781400562160269019e-05
5.250999999999999755e-10 1.432559836636711492e-01 2.088403438841194694e-05
5.256000000000000255e-10 1.431518137774749899e-01 1.780859293250971757e-05
5.256999999999999527e-10 1.433097554883201452e-01 2.111567795201908172e-05
5.263000000000000334e-10 1.432426304150688501e-01 2.545014780950761982e-05
5.294999999999999810e-10 1.431783857456729314e-01 2.814895816857195990e-05
5.347000000000000251e-10 1.432736448799213635e-01 1.708476247969199568e-05
5.354000000000000330e-10 1.433499554167717571e-01 2.235994858834926521e-05
5.360000000000000102e-10 1.433187951192539389e-01 2.607018182306747263e-05
5.388000000000000419e-10 1.458259828573225114e-01 1.964314405799884165e-05
5.414000000000000123e-10 1.456386320059453177e-01 1.785686195186454177e-05
5.419999999999999895e-10 1.457602664159257377e-01 2.025532263508248736e-05
5.422999999999999781e-10 1.456386250711656782e-01 1.785324155132241808e-05
5.428999999999999554e-10 1.458103441348952145e-01 2.369606051719729667e-05
5.432000000000000474e-10 1.457121102833191240e-01 1.834714437657222676e-05
5.438000000000000246e-10 1.458103439126921530e-01 2.369606051719729667e-05
5.441000000000000133e-10 1.456338173972530903e-01 1.827131327811241395e-05
5.445000000000000326e-10 1.458103436132923147e-01 2.369610748804178082e-05
5.493999999999999846e-10 1.461052478059893522e-01 2.423123414097651712e-05
5.502000000000000232e-10 1.458101264642961414e-01 2.369382797056639111e-05
5.513999999999999777e-10 1.460765022065263208e-01 2.458413067220492279e-05
5.515000000000000084e-10 1.458099158579045651e-01 2.367458480575958116e-05
5.520999999999999856e-10 1.460765118786813144e-01 2.458404544415509227e-05
5.522000000000000163e-10 1.459064603435301366e-01 2.699498708924969595e-05
5.527999999999999936e-10 1.459856513562120539e-01 2.978770544693890628e-05
5.532000000000000129e-10 1.458758510499593708e-01 2.881499880128521847e-05
5.547999999999999867e-10 1.459856511167542670e-01 2.978772250668122748e-05
5.553000000000000366e-10 1.458768535463042804e-01 2.856751065403462456e-05
5.566000000000000218e-10 1.460742458086599915e-01 2.733009316518358672e-05
5.570000000000000411e-10 1.433214991052126352e-01 1.465669366923430669e-05
5.571999999999999991e-10 1.432336839185431587e-01 1.948098664337256941e-05
5.587999999999999728e-10 1.431930183793542755e-01 1.714540257438599335e-05
5.601999999999999887e-10 1.431998954025384685e-01 1.983127080921215937e-05
5.604000000000000500e-10 1.431930486847391437e-01 1.714461820281945514e-05
5.618999999999999932e-10 1.432451004947900286e-01 1.322539806257819782e-05
5.626000000000000011e-10 1.431930484864134823e-01 1.714470354712194203e-05
5.645999999999999942e-10 1.432449969749942376e-01 1.321603168478021340e-05
5.648999999999999828e-10 1.458670890143020926e-01 1.285114163579359790e-05
5.651999999999999714e-10 1.484630875640000069e-01 1.115793786123579571e-05
5.653000000000000021e-10 1.485620089232370100e-01 2.019723593883229041e-05
5.654000000000000328e-10 1.483826324936874663e-01 2.088194376472613409e-05
5.655999999999999907e-10 1.483656235581454486e-01 1.760746137922078100e-05
5.662999999999999986e-10 1.482773599802316433e-01 1.338211495603754622e-05
5.664000000000000293e-10 1.484887786826051825e-01 1.855192332619367949e-05
5.665999999999999873e-10 1.485123919578777429e-01 1.314169725712074751e-05
5.665999999999999873e-10 1.484656192412729669e-01 9.329967197242997602e-06
5.681000000000000338e-10 1.483230175818988084e-01 6.918921733229499241e-06
5.681999999999999611e-10 1.486173215320673313e-01 6.345639203415675361e-06
5.684000000000000224e-10 1.489406539159772169e-01 6.844147320228248232e-06
5.692999999999999883e-10 1.486173212272252353e-01 6.345572896081602102e-06
5.702999999999999848e-10 1.486773649496352934e-01 6.863293204414119826e-06
5.705000000000000462e-10 1.486173206942371094e-01 6.345572896081602102e-06
5.711000000000000234e-10 1.483226912051707480e-01 7.124439093942790195e-06
5.718000000000000314e-10 1.485497312334171649e-01 7.077082417424806961e-06
5.722999999999999779e-10 1.485325863984238159e-01 7.259820814779395509e-06
5.728000000000000279e-10 1.512367324131305146e-01 6.912703402874942007e-06
5.732000000000000472e-10 1.513554143951352238e-01 8.211107399317193813e-06
5.745999999999999596e-10 1.512367436771491491e-01 6.912632083692425842e-06
5.745999999999999596e-10 1.516415289423561907e-01 8.155990800892505072e-06
5.753999999999999982e-10 1.515435686724147524e-01 8.192661710392560540e-06
5.755000000000000289e-10 1.513567945354672983e-01 7.208398320135693124e-06
5.755000000000000289e-10 1.515435654557142631e-01 8.190242963724280137e-06
5.759999999999999755e-10 1.513547664319297437e-01 9.222314393622149724e-06
5.761000000000000062e-10 1.515075731662077763e-01 9.018103627811612386e-06
5.768000000000000141e-10 1.515768555432083498e-01 9.880761705028331360e-06
5.768000000000000141e-10 1.512775392618003478e-01 1.012378924800648099e-05
5.769999999999999720e-10 1.516437260543260224e-01 9.954952527986052054e-06
5.772999999999999607e-10 1.512775382012610803e-01 1.012373203600253253e-05
5.772999999999999607e-10 1.516437690909168690e-01 9.954952527986052054e-06
5.778000000000000106e-10 1.515468678870776631e-01 9.091340974262943880e-06
5.780999999999999993e-10 1.513626274417314566e-01 1.023146981741034203e-05
5.786999999999999765e-10 1.512240321030788315e-01 1.019613458373427028e-05
5.799000000000000344e-10 1.516483271599075311e-01 1.013688310662405471e-05
5.813000000000000502e-10 1.512240321893596473e-01 1.019613458373427028e-05
5.826999999999999627e-10 1.513615596020491116e-01 1.020754528997511064e-05
5.829000000000000240e-10 1.512240199575506927e-01 1.019613458373427028e-05
5.833999999999999706e-10 1.513622087234382241e-01 1.020391356013561834e-05
5.835000000000000013e-10 1.541248304552137738e-01 8.371635398132710901e-06
5.840000000000000513e-10 1.513621666715202485e-01 1.020391356013561834e-05
5.853999999999999637e-10 1.512235644961237302e-01 1.026781380360237718e-05
5.862000000000000023e-10 1.513624468473123985e-01 1.019671096312428535e-05
5.867999999999999796e-10 1.515128088400171658e-01 1.018372187942425918e-05
5.869000000000000102e-10 1.515750377751037548e-01 6.264063167389635781e-06
5.870000000000000409e-10 1.543344101343401276e-01 4.740924990079397500e-06
5.870999999999999682e-10 1.542868929359330621e-01 5.701989724254963897e-06
5.880000000000000374e-10 1.537791429534477727e-01 4.584764254216270229e-06
5.880000000000000374e-10 1.621795919352595206e-01 2.416850737350598814e-06
5.880999999999999647e-10 1.649178210876454109e-01 1.889307061106852731e-06
5.891999999999999919e-10 1.647307483057514066e-01 4.071795746480870927e-06
5.904999999999999771e-10 1.649940770549957747e-01 3.096459563416591004e-06
5.913000000000000157e-10 1.647371420116355845e-01 1.254562939470905584e-06
5.917999999999999623e-10 1.726957970967526179e-01 5.403010534163652348e-07
5.920000000000000236e-10 1.730629821120378553e-01 8.520101726527965458e-07
5.921999999999999816e-10 1.752543420021916987e-01 7.598194814075539859e-07
5.931000000000000509e-10 1.757833395077241789e-01 4.510851119036484156e-07
5.944999999999999633e-10 1.752545981877240977e-01 7.594755614324395023e-07
5.947999999999999519e-10 1.753246638133434399e-01 3.492545187558664532e-06
5.947999999999999519e-10 1.751388868551246314e-01 6.307677871060411726e-06
5.954999999999999599e-10 1.753246624021650990e-01 3.492545187558664532e-06
5.961999999999999678e-10 1.755325093730306374e-01 6.272763651774093105e-06
5.961999999999999678e-10 1.753246627028720306e-01 3.492445147689893711e-06
5.975999999999999836e-10 1.755810461311786697e-01 2.883732222751432801e-06
5.978999999999999722e-10 1.753250516308704765e-01 3.483219455451792035e-06
5.978999999999999722e-10 1.755810472875326822e-01 2.883732222751432801e-06
5.998999999999999653e-10 1.753128374456321414e-01 4.775278332913954909e-06
6.002999999999999846e-10 1.751393654285659518e-01 7.034204851789585741e-06
6.004000000000000153e-10 1.753351683382280146e-01 6.328886126960977882e-06
6.005999999999999733e-10 1.752749436260571114e-01 4.053512511003689240e-06
6.021000000000000198e-10 1.754923657597751707e-01 1.688324624784201060e-06
6.025999999999999664e-10 1.753178123873840588e-01 6.578594083147813843e-07
6.032999999999999743e-10 1.757900993538946133e-01 6.555402789187918927e-07
6.038999999999999515e-10 1.779123939527278986e-01 5.441719385247943741e-07
6.039999999999999822e-10 1.807696858053819688e-01 7.257895940908763111e-07
6.055999999999999560e-10 1.805464733414739176e-01 2.729727810554327764e-06
6.062000000000000366e-10 1.806604272508388065e-01 1.121252145992475820e-06
6.062999999999999639e-10 1.805464726851815083e-01 2.729576369469492388e-06
6.069000000000000446e-10 1.805495451855982370e-01 6.852491348622540832e-06
6.082000000000000297e-10 1.805367908552007739e-01 4.560050631522177951e-06
6.086999999999999763e-10 1.832339252517708461e-01 5.242047987809891045e-06
6.086999999999999763e-10 1.832580553465162077e-01 1.161438437228674668e-05
6.092999999999999536e-10 1.832928358246699307e-01 2.218882465807248266e-05
6.096000000000000456e-10 1.832367288087968227e-01 2.376963280180708444e-05
6.130999999999999818e-10 1.831969614053328699e-01 2.175936047248539071e-05
6.142000000000000090e-10 1.832367294005786407e-01 2.376946147200734464e-05
6.146000000000000283e-10 1.832835288645568994e-01 2.233787166214771063e-05
6.153000000000000362e-10 1.832156192700173103e-01 1.778229594486351503e-05
6.160999999999999714e-10 1.832477729413104217e-01 1.189214075313721421e-05
6.166000000000000214e-10 1.831254802219433042e-01 6.422303772307204484e-06
6.166000000000000214e-10 1.832702880501028697e-01 8.359399618821429737e-06
6.169000000000000100e-10 1.831256204604045923e-01 6.420368138610159138e-06
6.170000000000000407e-10 1.831829895527370689e-01 2.173082921300609646e-06
6.180999999999999645e-10 1.835329807377718558e-01 6.321420847195042330e-07
6.183999999999999531e-10 1.967106198640833636e-01 4.898385328070676757e-07
6.187000000000000452e-10 1.966021706197261520e-01 3.518293560466333762e-06
6.194999999999999804e-10 1.969713199740223686e-01 2.917278861104217960e-06
6.197000000000000417e-10 1.972856729798952713e-01 1.259639861254143812e-06
6.197999999999999690e-10 1.968788285490304935e-01 5.708642877262480122e-07
6.200000000000000303e-10 1.965051575022777330e-01 1.939731649082232253e-06
6.207999999999999655e-10 1.968788369335078836e-01 5.708642877262480122e-07
6.217999999999999621e-10 1.965051894426817491e-01 1.939509906509314940e-06
6.223000000000000121e-10 1.965179358812773058e-01 5.625056090477679469e-06
6.247000000000000245e-10 1.965387183247327141e-01 4.272133526528804362e-06
6.247999999999999517e-10 1.996987112956313537e-01 2.614024031608576141e-06
6.260000000000000096e-10 1.996738475437573601e-01 3.935933391751754849e-06
6.260000000000000096e-10 1.997367321431506026e-01 2.167044079009934513e-06
6.268000000000000482e-10 1.998218829590925893e-01 8.680794958085721949e-07
6.277000000000000141e-10 1.992815917010920257e-01 1.348621422490765263e-06
6.280000000000000027e-10 1.991421817107757453e-01 2.997786189681754477e-06
6.289999999999999993e-10 1.989914915280993069e-01 4.791894117389289105e-06
6.291000000000000299e-10 2.073321822050073204e-01 4.371483658768106630e-06
6.305000000000000458e-10 2.076327732743013521e-01 6.077384936316937733e-06
6.319999999999999889e-10 2.075482426003751324e-01 5.569066997697097313e-06
6.319999999999999889e-10 2.075405722318889035e-01 7.990823867562633245e-06
6.325000000000000389e-10 2.074038222817498056e-01 6.579544332688321576e-06
6.331000000000000161e-10 2.075407362740100958e-01 7.986249602888319894e-06
6.338999999999999513e-10 2.074038326257931775e-01 6.579544332688321576e-06
6.338999999999999513e-10 2.071686473763104386e-01 8.133562085553652009e-06
6.344000000000000013e-10 2.075486059664902738e-01 6.722623429668601208e-06
6.345000000000000320e-10 2.102960732714768133e-01 6.680987686246352414e-06
6.356999999999999865e-10 2.100651380022705572e-01 9.515517192752451019e-06
6.372999999999999603e-10 2.101540648814225198e-01 4.666519128184920904e-06
6.396999999999999727e-10 2.104384217547858871e-01 5.454133241664215067e-06
6.398000000000000033e-10 2.104145181341756377e-01 7.800585031208198924e-06
6.402999999999999499e-10 2.102201442300830059e-01 9.025901552306846124e-06
6.403999999999999806e-10 2.099730961860296619e-01 9.742649644637500493e-06
6.413000000000000498e-10 2.097916804909867317e-01 9.668962503533244635e-06
6.419999999999999544e-10 2.099733001589287884e-01 9.732433523503666899e-06
6.420999999999999850e-10 2.102180246395287944e-01 9.740335848294949750e-06
6.426999999999999623e-10 2.101679177279187904e-01 8.962691825517820951e-06
6.429000000000000236e-10 2.100718941867057987e-01 1.027183945671132433e-05
6.429999999999999509e-10 2.103220670840579287e-01 1.001932052906561051e-05
6.432000000000000123e-10 2.104950156779385462e-01 8.596686645916334582e-06
6.433999999999999702e-10 2.106553021494848854e-01 5.875377807543915608e-06
6.437999999999999895e-10 2.101772972197727685e-01 2.778562987862207175e-06
6.437999999999999895e-10 2.107397979746404304e-01 3.791976654957079558e-06
6.439000000000000202e-10 2.101773074095287519e-01 2.778510355147305098e-06
6.439000000000000202e-10 2.099549547526405324e-01 1.080656548324769387e-06
6.440999999999999781e-10 2.097992884217073084e-01 1.924994683161761774e-06
6.462000000000000019e-10 2.100613284919016222e-01 5.709356468135761572e-06
6.464999999999999905e-10 2.179441601873909895e-01 5.073731196085065291e-06
6.476000000000000178e-10 2.181003005733124778e-01 6.973938835886123306e-06
6.497999999999999688e-10 2.178366618150371359e-01 4.541158974012766770e-06
6.518999999999999926e-10 2.181789871336670128e-01 1.571082411826632709e-06
6.527000000000000312e-10 2.184465023270089901e-01 1.636833544585478614e-07
6.530000000000000198e-10 2.185079091297249809e-01 1.148851785708936544e-06
6.543000000000000050e-10 2.184465032088029612e-01 1.636644771699493908e-07
6.543000000000000050e-10 2.182246618480861156e-01 5.081649119833135002e-07
6.550000000000000129e-10 2.184466500487411977e-01 1.630446089094526011e-07
6.551000000000000436e-10 2.182246629569338514e-01 5.081530130216974686e-07
6.553000000000000015e-10 2.178259557448246064e-01 2.200904142579260803e-06
6.568000000000000480e-10 2.179160756222261741e-01 6.027146742092779550e-06
6.570000000000000060e-10 2.205749553941788454e-01 7.902255323904652744e-06
6.578000000000000446e-10 2.207136179966690814e-01 8.791942828837496607e-06
6.581999999999999605e-10 2.205938171175156060e-01 5.608158194197427829e-06
6.588999999999999684e-10 2.207061124143426811e-01 8.160493962819215496e-06
6.594000000000000184e-10 2.205391877198204786e-01 5.171096211176117045e-06
6.608000000000000342e-10 2.205541105850711558e-01 2.002299585620651910e-06
6.615000000000000421e-10 2.206479454565800358e-01 3.341813592286572519e-06
6.618000000000000308e-10 2.206382675135871718e-01 1.452225666568837022e-06
6.619999999999999887e-10 2.205916992756465078e-01 3.064645334230865789e-06
6.638999999999999511e-10 2.207245720550609636e-01 6.851762396673753460e-06
6.645999999999999590e-10 2.206429105829584569e-01 4.902314526857764877e-06
6.662999999999999635e-10 2.233521739452571653e-01 5.973406741323539535e-06
6.669000000000000442e-10 2.233014715905265457e-01 1.313683956945220973e-05
6.675999999999999487e-10 2.233519764199149715e-01 5.973339442873048484e-06
6.690999999999999952e-10 2.233014703306940574e-01 1.313683956945220973e-05
6.725000000000000041e-10 2.260918454389687915e-01 7.666543424791566019e-06
6.729999999999999507e-10 2.257591503034486469e-01 4.261465314686178794e-06
6.729999999999999507e-10 2.259595488665048502e-01 7.491300454014728969e-06
6.732000000000000121e-10 2.258923043835026900e-01 1.240717833922399857e-05
6.740000000000000507e-10 2.258927029954750643e-01 1.796709519336047703e-05
6.747999999999999859e-10 2.259893565274270488e-01 1.636180916801008731e-05
6.756999999999999517e-10 2.257990327514177997e-01 1.950180020848974694e-05
6.759000000000000131e-10 2.258277095046654637e-01 2.341323529788477437e-05
6.762000000000000017e-10 2.258168173415760482e-01 2.931545160241543274e-05
6.767999999999999790e-10 2.258345883057757408e-01 3.020936851366573105e-05
6.770999999999999676e-10 2.258014397794481098e-01 3.076253152928625748e-05
6.777999999999999755e-10 2.258428860845616004e-01 2.953113595195151501e-05
6.779000000000000062e-10 2.259574767329750045e-01 2.745154419245186909e-05
6.780999999999999641e-10 2.258770119448873515e-01 2.830693663142264189e-05
6.781999999999999948e-10 2.259700717455554453e-01 3.021713221278287558e-05
6.789000000000000027e-10 2.258164915528508843e-01 3.000080915327128648e-05
6.831000000000000503e-10 2.258021802824538016e-01 2.955621592664152623e-05
6.840000000000000161e-10 2.284853713037637013e-01 1.763769290823765100e-05
6.851000000000000434e-10 2.282935844101115219e-01 2.605889313044665480e-05
6.867000000000000171e-10 2.284736406159477429e-01 2.835991927380578675e-05
6.874999999999999523e-10 2.285030256666389370e-01 2.723402260220976357e-05
6.907000000000000033e-10 2.284736402802177158e-01 2.835983640033074333e-05
6.915999999999999692e-10 2.282889351883602147e-01 2.989245257177613766e-05
6.918000000000000306e-10 2.284629224371212963e-01 2.884562826478804265e-05
6.918999999999999578e-10 2.283674373627963272e-01 2.947049505186101332e-05
6.925000000000000385e-10 2.259559190134566853e-01 2.175880771751402860e-05
6.928000000000000271e-10 2.258185867964702387e-01 2.742818892871280183e-05
6.958000000000000167e-10 2.260018028622457764e-01 2.681369094537989269e-05
6.972000000000000326e-10 2.258360502855087937e-01 2.807441294403979491e-05
7.007999999999999995e-10 2.260020317646181387e-01 2.681036427077460504e-05
7.019000000000000267e-10 2.283783822227826721e-01 2.015280564759880087e-05
7.022000000000000153e-10 2.310877962488839810e-01 1.238926537191520382e-05
7.029999999999999505e-10 2.311855680925588852e-01 1.466549655560393102e-05
7.029999999999999505e-10 2.311591671164179851e-01 2.301416802711314495e-05
7.030999999999999812e-10 2.311855758846558806e-01 1.466711188903089804e-05
7.033999999999999698e-10 2.311591676868354761e-01 2.301387076530236338e-05
7.043999999999999664e-10 2.311855943403454405e-01 1.467599865618010458e-05
7.054999999999999936e-10 2.309719010638701941e-01 1.637293865677335634e-05
7.063999999999999595e-10 2.336628404063386122e-01 1.426349927971572455e-05
7.070000000000000401e-10 2.338856090860556014e-01 1.970048960330800762e-05
7.074999999999999867e-10 2.337102170897969178e-01 1.432798817411478774e-05
7.086000000000000139e-10 2.364497589871097649e-01 1.559325556532603391e-05
7.093000000000000218e-10 2.364841391250938341e-01 1.233958077188324552e-05
7.104000000000000490e-10 2.364085935521966220e-01 7.796543041442808051e-06
7.118999999999999922e-10 2.363711308088869978e-01 4.505238765130940693e-06
7.127000000000000308e-10 2.363953723975187049e-01 7.444418474228873520e-06
7.131000000000000501e-10 2.363756683225836375e-01 4.527946040291699961e-06
7.144999999999999625e-10 2.363952913204228345e-01 7.442015132964155906e-06
7.148999999999999818e-10 2.363962779424073068e-01 1.286193674129272508e-05
7.171000000000000362e-10 2.364577058623217043e-01 2.213988294710015790e-05
7.205999999999999725e-10 2.363962778199139858e-01 1.286193600004681698e-05
7.207000000000000031e-10 2.363621585158169336e-01 2.223036778473284002e-05
7.208000000000000338e-10 2.364868357200712312e-01 1.376180328406657737e-05
7.231000000000000155e-10 2.364119105486284234e-01 8.163498789240434972e-06
7.235999999999999621e-10 2.363725131446022532e-01 4.577020313956311913e-06
7.238000000000000234e-10 2.363812980777628969e-01 2.731590902000318544e-06
7.239999999999999814e-10 2.363477876558400803e-01 2.146087646312923993e-06
7.241000000000000121e-10 2.363336942873977276e-01 2.419775437292449822e-06
7.242999999999999700e-10 2.363477483241250565e-01 2.145421959931280925e-06
7.252999999999999666e-10 2.363897701732818324e-01 2.171073324916428728e-06
7.262999999999999631e-10 2.363743593670520615e-01 2.094997067135827140e-06
7.286999999999999755e-10 2.363897580147859279e-01 2.168843885483662319e-06
7.292000000000000255e-10 2.363743593402152787e-01 2.094997067135827140e-06
7.295000000000000141e-10 2.363857302477948008e-01 2.165462613580076609e-06
7.312000000000000186e-10 2.363765432032282621e-01 3.648964172060439796e-06
7.323999999999999731e-10 2.363835331622586022e-01 2.583628708077480307e-06
7.329000000000000230e-10 2.363822547986228761e-01 3.882990592797387176e-06
7.336999999999999582e-10 2.363939593288696128e-01 7.048903003232089949e-06
7.339000000000000196e-10 2.390724768923233323e-01 2.132499552489519802e-06
7.340000000000000503e-10 2.392213929971089559e-01 5.395840896897998267e-06
7.346000000000000275e-10 2.390691196017290798e-01 3.257595820444031643e-06
7.350999999999999741e-10 2.417493293934331322e-01 4.845380919810589507e-06
7.353999999999999627e-10 2.417943260111839465e-01 3.358761469330850456e-06
7.354999999999999934e-10 2.417903860303897701e-01 8.199128427914921662e-06
7.356999999999999513e-10 2.418402802917095917e-01 4.195071883303837115e-06
