# time Ni NiV
0.000000000000000000e+00 1.593681545952028275e-14 7.659487485039233804e-15
7.593000000000000059e-13 2.009374758322073941e-03 1.646513920755871050e-08
1.299000000000000019e-12 1.593681545952028275e-14 7.659487485039233804e-15
1.329000000000000093e-12 2.022176627588231045e-03 1.406571160912691640e-08
1.450000000000000082e-12 4.471913061000871992e-03 1.894252128240956179e-08
2.843999999999999999e-12 6.706070846629787717e-03 2.168921648268901003e-08
2.884999999999999925e-12 6.963854405027601092e-03 1.819517801583603431e-09
2.979000000000000130e-12 7.020947146601496172e-03 6.761008081043321594e-10
5.766999999999999963e-12 9.165190501595281078e-03 1.191229616208662944e-08
6.545999999999999774e-12 1.140502150900195820e-02 1.878445471277752411e-08
6.703000000000000014e-12 1.391384412204174983e-02 2.351795510013973708e-08
6.899000000000000391e-12 1.639183843724115880e-02 7.276584829219063665e-09
9.848999999999999735e-12 1.391401404204131026e-02 2.337452158748642053e-08
1.033999999999999997e-11 1.141263432616525242e-02 8.280384117373077912e-09
1.048000000000000058e-11 9.171192480728684177e-03 1.640418387905606142e-08
1.061999999999999958e-11 1.156209723690470106e-02 9.893944745381139806e-09
1.073999999999999988e-11 9.171192466183929887e-03 1.640378174817576062e-08
1.108000000000000045e-11 7.023619811915038716e-03 2.291994545334573985e-08
1.229000000000000034e-11 9.194561865182884070e-03 1.966545405138954535e-08
1.349000000000000007e-11 1.157257088451462378e-02 7.017143983853446499e-09
1.379000000000000001e-11 9.194561914915562115e-03 1.966376940537183915e-08
1.519000000000000131e-11 1.161520667112309405e-02 1.625408539357242804e-08
1.553000000000000027e-11 1.175949985613304084e-02 3.744092067225588622e-09
1.666000000000000050e-11 1.397388420321466623e-02 5.921618431920510211e-09
1.704000000000000009e-11 1.619921821371538354e-02 9.552077907933553894e-09
1.728999999999999923e-11 1.864397252959629908e-02 1.218367843890699945e-08
1.766000000000000028e-11 2.136964612045751111e-02 1.271773314780314256e-08
2.156000000000000103e-11 1.864397285855760172e-02 1.218263164803601334e-08
2.316999999999999922e-11 2.136981487316518338e-02 1.269400506520726409e-08
2.325000000000000049e-11 2.356750179433999420e-02 1.265556969181803341e-08
2.369999999999999958e-11 2.581022789688707311e-02 6.666511765253836783e-09
2.409000000000000095e-11 2.810934939666316634e-02 8.267970479739174243e-09
2.451999999999999972e-11 3.080355919712471358e-02 5.690562744915391799e-09
2.564999999999999996e-11 2.854491317000299594e-02 8.165944670858560070e-09
2.689000000000000033e-11 3.112173227502159495e-02 1.037206790560472136e-08
2.868999999999999993e-11 3.343906173573841373e-02 7.499025024840866963e-09
3.044000000000000035e-11 3.559933002072816766e-02 1.057640040987423708e-08
3.068999999999999949e-11 3.800205439170361438e-02 1.197508814086409173e-08
3.111000000000000295e-11 3.548707264542546452e-02 1.135769169538272334e-08
3.118999999999999776e-11 3.311753977573957813e-02 1.248469105728923525e-08
3.216000000000000191e-11 3.115922905460742631e-02 1.379829221859959055e-08
3.266000000000000018e-11 3.721213195561074577e-02 1.166245468483155218e-08
3.359999999999999900e-11 3.115922792079185710e-02 1.379613390777829487e-08
3.584000000000000238e-11 3.775962023296808995e-02 1.241970596801738451e-08
3.605000000000000088e-11 4.024378599735270456e-02 9.837889656885581000e-09
3.882000000000000140e-11 4.284804628513483316e-02 9.168486499767118225e-09
3.960999999999999944e-11 4.500799901989485652e-02 7.797788473839465336e-09
4.196999999999999827e-11 4.734800206210574430e-02 6.400137612948306716e-09
4.480000000000000298e-11 4.500800233858188309e-02 7.796469766340629558e-09
4.579999999999999952e-11 4.748900366130339584e-02 6.661863546033232091e-09
4.589999999999999789e-11 4.984659798804379899e-02 5.826977386275424314e-09
4.723000000000000131e-11 5.216151266331787995e-02 6.455719109610310748e-09
4.983999999999999927e-11 5.462390336418920800e-02 4.679283273560002430e-09
5.026000000000000273e-11 5.474835811754737852e-02 5.194120579102625407e-10
5.032000000000000046e-11 5.703930136737565132e-02 1.504324598742431700e-08
5.254000000000000029e-11 5.946188210383078487e-02 1.293596299642913139e-08
5.305000000000000034e-11 6.174693647310455780e-02 1.872084009004812024e-08
5.364999999999999697e-11 5.946188721841425689e-02 1.293442285747554735e-08
5.369999999999999938e-11 5.967660741459683560e-02 1.587232609843191116e-09
5.390999999999999788e-11 6.193112209035742804e-02 7.524110684676289521e-09
5.396000000000000030e-11 6.185604249386517095e-02 1.014413483154787042e-09
5.474000000000000303e-11 6.417069931156239859e-02 1.190938550923769973e-08
5.476000000000000012e-11 6.414450158986906292e-02 2.597877382394037337e-09
5.638999999999999863e-11 6.174281033732157559e-02 8.880205397453814067e-09
6.085000000000000184e-11 6.402658374158466670e-02 8.033922524452712370e-09
6.253999999999999807e-11 6.174280626637987379e-02 8.878211808725349097e-09
6.491999999999999398e-11 6.402647090094489013e-02 7.965821971743503160e-09
6.678000000000000100e-11 6.654947008592328184e-02 8.089118255705638066e-09
6.774999999999999869e-11 6.402647168394379196e-02 7.965618236298697693e-09
6.818999999999999924e-11 6.650505557870005358e-02 5.140538103555354961e-09
6.885999999999999537e-11 6.402647247510664941e-02 7.962262621487333042e-09
6.964999999999999988e-11 6.670966446071731337e-02 9.401604021114729687e-09
7.003000000000000271e-11 6.666222779675766430e-02 1.144871471044872971e-09
7.207999999999999821e-11 6.871963944619334519e-02 1.189368911659679730e-08
7.320999999999999844e-11 7.093009639394602661e-02 1.688248005045801344e-08
7.518000000000000560e-11 7.344577688575695817e-02 1.894211191197018962e-08
7.587000000000000529e-11 7.377155743077956629e-02 8.661259431765258513e-10
7.734999999999999656e-11 7.585938298600893026e-02 9.441785884179478290e-09
7.794999999999999965e-11 7.377155737757420950e-02 8.661259431765258513e-10
7.987000000000000440e-11 7.599787426554151237e-02 8.685583372147174781e-09
8.112999999999999539e-11 7.614005660629520611e-02 1.989296152771310816e-09
8.202000000000000473e-11 7.835290999547264712e-02 1.482962351187703994e-08
8.305000000000000014e-11 7.858221414939496607e-02 1.380443713709051423e-09
8.677999999999999656e-11 8.065845237780706889e-02 1.123860734668530066e-08
8.760999999999999525e-11 8.309925062530583439e-02 1.255252430367954475e-08
8.789000000000000617e-11 8.548980938096577276e-02 1.324249850644309225e-08
8.825000000000000544e-11 8.794556013990145749e-02 7.190662854370423388e-09
8.826999999999999607e-11 9.021931526176610316e-02 8.155620686228849240e-09
8.828000000000000431e-11 9.275206522971947420e-02 3.759932768203691269e-09
8.837000000000000089e-11 9.021930970254028737e-02 8.155938718366719006e-09
8.839999999999999976e-11 9.275194939768638402e-02 3.727695355534870647e-09
8.884000000000000031e-11 9.484906517800165138e-02 2.947618674118932906e-09
8.952999999999999999e-11 9.748323042620350709e-02 3.312438196708579722e-09
8.975999999999999558e-11 9.484932841637590262e-02 2.945095526315789081e-09
9.027999999999999740e-11 9.737281759572875839e-02 4.968533252600529915e-09
9.099999999999999595e-11 9.957067164118385549e-02 1.419066504580033397e-08
9.101999999999999950e-11 1.020529357593220748e-01 3.442186869274955509e-09
9.160999999999999436e-11 1.050327209242227500e-01 8.897437913367479397e-09
9.209000000000000201e-11 1.112617235273270916e-01 7.152141599130582479e-09
9.275000000000000283e-11 1.050327240616762414e-01 8.893618535165342994e-09
9.325999999999999642e-11 1.110230947335869855e-01 1.618525658282883369e-09
9.327999999999999997e-11 1.092879005351748423e-01 1.367510952724732957e-08
9.369999999999999696e-11 1.159712074930469711e-01 7.233553224654564311e-09
9.424999999999999765e-11 1.135839239455636446e-01 2.554955202608304118e-09
9.433999999999999424e-11 1.117132222199735542e-01 3.455247213941933981e-09
9.509999999999999988e-11 1.046517073507229473e-01 4.114870644309899094e-09
9.543000000000000030e-11 1.117132853538093384e-01 3.460110530197169708e-09
9.597000000000000567e-11 1.229347291942838455e-01 1.637838785902809185e-09
9.612999999999999529e-11 1.260025080017696808e-01 6.754639028877500372e-09
9.614999999999999884e-11 1.229347278541086524e-01 1.638168893029028860e-09
9.642999999999999684e-11 1.260027755661002891e-01 6.726757833410936841e-09
9.793999999999999990e-11 1.271816950050664863e-01 5.383515106349872782e-10
9.887000000000000341e-11 1.299838067225522198e-01 4.503357454587807198e-09
9.921999999999999445e-11 1.326603392101388390e-01 5.494207838068649579e-09
9.957999999999999372e-11 1.358417124464589842e-01 4.489102949852517261e-09
1.005999999999999938e-10 1.384404210803526492e-01 5.606406533923299374e-09
1.008999999999999954e-10 1.358417167424933181e-01 4.490048595714960189e-09
1.016999999999999952e-10 1.384405071090881456e-01 5.615609701133356673e-09
1.030999999999999981e-10 1.358417219701071876e-01 4.489831501319679872e-09
1.032999999999999948e-10 1.418691290213763001e-01 1.672139941002951032e-09
1.038999999999999979e-10 1.403263403307082879e-01 3.616052963825482539e-09
1.041999999999999995e-10 1.386094832980283575e-01 8.028635821301047249e-09
1.043999999999999962e-10 1.403263207135406199e-01 3.615093054649886123e-09
1.048000000000000026e-10 1.418744510270691650e-01 6.537756923614354420e-09
1.054000000000000057e-10 1.449591943904751379e-01 6.086386536252137292e-09
1.056999999999999943e-10 1.474890367626965904e-01 4.911702661077483570e-09
1.057999999999999991e-10 1.449593622389773462e-01 6.054810968017416900e-09
1.080000000000000019e-10 1.449048213519756600e-01 9.840108655488279499e-10
1.086999999999999969e-10 1.477346111264588036e-01 1.343751862521343422e-08
1.088000000000000017e-10 1.505022017721477090e-01 1.424678914454276681e-08
1.091000000000000032e-10 1.522551239471820195e-01 8.170339037416535861e-09
1.091999999999999951e-10 1.544758030977466945e-01 1.056559306396524587e-08
1.093000000000000000e-10 1.573619876606723034e-01 1.597913300419187976e-08
1.097999999999999982e-10 1.575709458829949450e-01 1.875251278528178539e-09
1.100999999999999998e-10 1.598993270025896307e-01 2.912811233969877547e-08
1.105000000000000062e-10 1.599689436046540236e-01 4.402219323862736999e-09
1.105000000000000062e-10 1.621138769751757913e-01 4.318770293432689255e-08
1.105000000000000062e-10 1.599689465658166720e-01 4.401929058376008574e-09
1.105999999999999981e-10 1.621141568982051306e-01 4.299060958236293331e-08
1.108999999999999996e-10 1.646056818603802152e-01 3.381716856466391805e-08
1.110000000000000044e-10 1.672090812316199548e-01 2.097195106117061681e-08
1.113999999999999979e-10 1.646056068896193381e-01 3.377099926176056514e-08
1.137999999999999973e-10 1.668601861835704581e-01 3.366345921518395484e-08
1.137999999999999973e-10 1.691293486294586645e-01 5.669106992081978727e-08
1.145000000000000053e-10 1.668600167323290862e-01 3.365804151839772869e-08
1.150000000000000035e-10 1.646083064723853351e-01 3.277086890544945495e-08
1.163999999999999935e-10 1.668600137136979078e-01 3.365495686461726370e-08
1.186000000000000092e-10 1.646082896002925011e-01 3.263476952414217116e-08
1.187999999999999930e-10 1.668600141721277574e-01 3.366043537028410044e-08
1.191000000000000075e-10 1.693194805392782276e-01 5.510737394892094056e-08
1.211000000000000006e-10 1.668600142014385612e-01 3.365249825492933803e-08
1.215999999999999988e-10 1.646090228923863252e-01 3.772398296615436210e-08
1.218999999999999875e-10 1.668667764218725313e-01 6.713070038580976078e-08
1.224999999999999906e-10 1.694861129517072351e-01 6.671453950085393754e-08
1.228000000000000050e-10 1.720122906357338943e-01 7.639760647415000588e-08
1.229999999999999888e-10 1.739055153929821851e-01 2.235515164803603851e-08
1.235999999999999919e-10 1.765278568151936178e-01 3.425334682502721014e-08
1.236999999999999968e-10 1.793337924309961751e-01 5.453040393805306828e-08
1.241999999999999950e-10 1.857312955184708403e-01 2.964189602856697852e-08
1.254000000000000012e-10 1.793337913645304538e-01 5.452873159447289024e-08
1.256000000000000109e-10 1.791932017756193984e-01 3.120241584303680498e-08
1.258999999999999995e-10 1.814336500210345926e-01 7.905845972752680547e-08
1.274999999999999992e-10 1.839207140460701606e-01 9.106968429824562056e-08
1.274999999999999992e-10 1.814333910050829057e-01 7.844646110541840314e-08
1.277000000000000088e-10 1.839207142449851007e-01 9.106374221394201134e-08
1.282000000000000071e-10 1.814332633362430447e-01 7.770957690498370842e-08
1.282000000000000071e-10 1.839207152738525364e-01 9.106241586166751435e-08
1.294999999999999922e-10 1.863660215860270253e-01 4.036243306396520519e-08
1.295999999999999971e-10 1.887959651750560908e-01 2.807153676447757505e-08
1.310999999999999919e-10 1.910374641796058759e-01 5.036915324406145793e-08
1.325000000000000077e-10 1.887956853345139907e-01 2.807461052398697203e-08
1.331999999999999898e-10 1.863726400017016727e-01 6.466973955053559109e-08
1.347999999999999895e-10 1.887961719288457074e-01 2.754520107126224574e-08
1.352999999999999877e-10 1.951557657955004521e-01 7.838592270843034499e-08
1.357000000000000070e-10 1.933898656953811912e-01 4.121126527945968042e-08
1.363000000000000101e-10 1.957587995506592793e-01 7.150387326191584083e-08
1.374000000000000115e-10 1.985074515697990705e-01 9.579004960798023031e-08
1.378000000000000049e-10 2.005700729460872245e-01 3.620327818040676076e-08
1.379999999999999887e-10 1.984062029013083650e-01 8.494798743983856679e-08
1.383000000000000032e-10 2.048977942112769624e-01 3.263660812917247529e-08
1.391999999999999949e-10 2.027927103599684866e-01 2.185050354634373793e-07
1.411000000000000091e-10 2.050827907936046690e-01 1.038420072535321117e-07
1.423999999999999942e-10 2.027928775954479512e-01 2.178948352468561226e-07
1.423999999999999942e-10 2.006128597137048497e-01 1.153870448781244830e-07
1.424999999999999991e-10 2.005827533217121317e-01 6.566871908865095500e-09
1.474000000000000028e-10 2.032541483627431922e-01 2.486317100527870331e-08
1.476000000000000125e-10 2.052628313746140132e-01 4.321520608290638679e-08
1.481000000000000107e-10 2.032541511888911745e-01 2.485559682036950610e-08
1.485000000000000042e-10 2.097499335839258794e-01 2.106567141127155277e-08
1.486999999999999880e-10 2.032541536032549667e-01 2.484943047973921968e-08
1.487999999999999928e-10 2.005812796718798863e-01 2.221475157351343290e-08
1.503999999999999925e-10 2.023636031516733713e-01 4.099352285669926360e-08
1.513999999999999890e-10 2.049916195682181530e-01 1.958961672799254363e-08
1.523000000000000066e-10 2.023636027477566934e-01 4.099167698571651682e-08
1.523000000000000066e-10 2.027832390599194901e-01 8.800125909796589326e-09
1.547999999999999979e-10 2.047055958646237239e-01 2.179199711923617606e-08
1.549000000000000028e-10 2.051069813398946895e-01 2.302079228147801304e-08
1.556000000000000107e-10 2.035756646053374364e-01 6.297893542384725336e-08
1.556999999999999897e-10 2.054631465905343568e-01 1.043086654090978952e-07
1.562999999999999928e-10 2.124479534204343767e-01 1.070927056140349822e-07
1.566000000000000072e-10 2.142098945480956362e-01 9.167804874165500519e-08
1.567999999999999910e-10 2.124479552780024205e-01 1.070961232859804164e-07
1.573999999999999941e-10 2.126048234204374054e-01 3.105574975935414459e-08
1.574999999999999990e-10 2.151501554258465621e-01 3.116995038348081068e-08
1.579999999999999972e-10 2.126048193640802109e-01 3.105536374165501003e-08
1.588999999999999889e-10 2.145984411153791793e-01 2.747146869507838501e-08
1.589999999999999938e-10 2.173187605621172691e-01 3.708969468483150955e-08
1.590999999999999986e-10 2.145983665670287421e-01 2.738604927262849958e-08
1.602000000000000000e-10 2.126046151910395976e-01 3.333199908709824727e-08
1.605999999999999934e-10 2.103327447458605837e-01 5.543270055581432578e-08
1.610000000000000127e-10 2.079502025929944597e-01 2.979762157428972608e-08
1.613000000000000013e-10 2.101434318613585039e-01 6.010261184598666040e-08
1.641000000000000072e-10 2.079500106224085598e-01 2.959741818040676265e-08
1.645000000000000006e-10 2.103256378218993361e-01 3.540968278217667539e-08
1.647000000000000103e-10 2.126299636331778486e-01 5.199731456916628353e-08
1.648999999999999941e-10 2.144118003054527044e-01 3.044388417326497731e-08
1.659999999999999954e-10 2.170726293718085176e-01 5.802118228613568275e-08
1.659999999999999954e-10 2.144117659233291673e-01 3.040870586632507533e-08
1.675999999999999951e-10 2.150545512131263326e-01 1.740035220695545413e-08
1.686999999999999965e-10 2.082267661626179822e-01 6.249913925865545735e-08
1.700000000000000075e-10 2.150545509133639788e-01 1.739987705635770852e-08
1.713999999999999975e-10 2.261131107760709913e-01 5.874024032370750332e-08
1.727999999999999875e-10 2.285764931927174448e-01 3.596108658981524740e-08
1.744999999999999919e-10 2.300335958691948068e-01 6.890422222636239913e-08
1.744999999999999919e-10 2.329994165181860644e-01 8.905072720695533183e-08
1.749000000000000112e-10 2.320904642189383360e-01 1.012198865735133552e-07
1.758000000000000030e-10 2.338691530763284121e-01 1.107544578823163599e-07
1.758000000000000030e-10 2.445906428017383671e-01 1.019669851389535590e-07
1.765000000000000109e-10 2.468834357843657512e-01 9.599693716270764975e-08
1.767999999999999995e-10 2.445906504798445735e-01 1.019576714710448984e-07
1.769000000000000043e-10 2.343056174912472034e-01 1.099988862824096003e-07
1.777999999999999961e-10 2.308141207281106944e-01 3.427846947989444884e-08
1.790000000000000023e-10 2.343060541154502463e-01 1.098734717815557207e-07
1.804999999999999971e-10 2.354860183580881894e-01 1.092717083434249956e-07
1.807000000000000067e-10 2.343060534953818608e-01 1.098716735514672170e-07
1.808000000000000116e-10 2.334154118354839214e-01 4.150255998292198424e-09
1.808000000000000116e-10 2.314577629040008022e-01 4.536331137789161021e-08
1.808999999999999905e-10 2.339174136568363260e-01 6.746781352041613188e-08
1.811000000000000002e-10 2.334159964727934022e-01 1.632756697174353672e-08
1.823000000000000064e-10 2.308790523228920200e-01 1.292691243285207765e-08
1.834000000000000077e-10 2.334166252231693328e-01 1.628061857165036265e-08
1.854000000000000008e-10 2.308790530721765155e-01 1.292000406769139949e-08
1.855000000000000057e-10 2.332957014667293993e-01 2.977217668762615088e-08
1.867000000000000119e-10 2.308788511675028687e-01 1.266964390312064236e-08
1.872000000000000101e-10 2.332507418438557745e-01 3.489593790793349123e-08
1.879999999999999970e-10 2.354891713261581254e-01 4.795422063033698261e-08
1.893000000000000080e-10 2.380505049149717056e-01 2.018707783341098534e-08
1.894000000000000129e-10 2.409355842775656453e-01 4.240514944961958000e-08
1.897000000000000015e-10 2.429877162137536184e-01 4.429686510246857616e-08
1.900999999999999949e-10 2.409365065553734087e-01 4.234292230709523510e-08
1.905999999999999932e-10 2.399849206221688624e-01 2.930092827200762650e-09
1.908000000000000029e-10 2.380178798061345635e-01 2.079321469958082152e-08
1.915000000000000108e-10 2.358961711379669313e-01 1.073640392563270329e-08
1.919000000000000042e-10 2.377186266670418824e-01 1.517730815789474640e-08
1.936000000000000087e-10 2.404711082354853702e-01 1.628235450784034739e-08
1.947000000000000101e-10 2.432607155814922595e-01 7.637992920354011163e-09
1.948999999999999939e-10 2.450529436151405727e-01 2.952034887206952467e-08
1.948999999999999939e-10 2.474827073457052939e-01 1.468329857863687525e-08
1.951000000000000035e-10 2.498369296405899276e-01 1.425130526005280561e-08
1.957000000000000066e-10 2.522408621459760192e-01 1.744373697251974924e-08
1.964999999999999935e-10 2.543769961479003805e-01 1.930558849247018528e-08
1.973000000000000063e-10 2.522408551087801376e-01 1.742406954510172350e-08
1.978000000000000045e-10 2.498562602842401281e-01 1.006458030430056959e-08
1.983000000000000028e-10 2.475021879561386806e-01 1.613021534854837859e-08
1.984000000000000076e-10 2.501003371159907229e-01 1.466224859571495366e-08
1.989000000000000059e-10 2.523852525015651271e-01 1.786514620400561065e-08
1.996999999999999928e-10 2.549355903515131971e-01 1.942052262692126704e-08
2.000000000000000073e-10 2.523855748403453503e-01 1.778882938053093767e-08
2.005000000000000056e-10 2.552898003809513927e-01 2.225120141049523771e-08
2.008999999999999990e-10 2.523855737077888572e-01 1.778811503881381620e-08
2.017000000000000118e-10 2.549352906167562383e-01 1.833059384645243500e-08
2.024999999999999987e-10 2.523859015708874165e-01 1.767489577472442864e-08
2.040999999999999983e-10 2.549352818921463149e-01 1.832382024219843177e-08
2.044999999999999917e-10 2.578244676283887871e-01 2.445131965222792349e-08
2.045999999999999966e-10 2.598262108078087662e-01 1.134301843269680382e-08
2.049999999999999900e-10 2.620862998042944869e-01 1.325082935879520469e-08
2.051999999999999997e-10 2.649516183061351171e-01 1.357155565673031916e-08
2.071999999999999928e-10 2.620859698177728236e-01 1.324353814081665592e-08
2.076000000000000121e-10 2.649516191848304558e-01 1.357223992547740878e-08
2.079000000000000007e-10 2.620865585580557378e-01 1.315315838534386957e-08
2.079000000000000007e-10 2.646956913772117170e-01 8.086285111007597114e-09
2.081999999999999893e-10 2.620865581950564405e-01 1.315304943409405510e-08
2.086000000000000086e-10 2.692543298094128845e-01 1.520871937354446507e-08
2.098999999999999938e-10 2.768824897946475794e-01 1.779399553252597644e-08
2.098999999999999938e-10 2.786533916024098168e-01 7.087494817574939980e-09
2.102000000000000083e-10 2.721353850840788069e-01 1.417531353516532907e-08
2.102999999999999872e-10 2.786533921710793171e-01 7.086263118304632675e-09
2.108999999999999903e-10 2.792065768298915285e-01 4.769578334109668606e-10
2.111000000000000000e-10 2.826520050129137651e-01 3.385816019251657818e-09
2.117000000000000031e-10 2.792065790959634697e-01 4.762769018785949768e-10
2.128000000000000044e-10 2.899363906253369927e-01 3.538292831082133996e-09
2.129999999999999882e-10 2.792060515130384557e-01 4.747240583760377474e-10
2.135000000000000124e-10 2.783897737535374617e-01 8.398027945971004882e-11
2.140000000000000106e-10 2.774266581113390417e-01 9.244974302903277702e-09
2.161999999999999875e-10 2.786448960601938807e-01 7.362522873001080013e-09
2.162999999999999924e-10 2.793372364470631530e-01 4.753154673187345266e-10
2.163999999999999972e-10 2.814101962239368704e-01 3.308385564042849937e-08
2.170000000000000003e-10 2.793376347609395904e-01 4.302199138332575821e-10
2.172000000000000099e-10 2.814101918109365164e-01 3.308138458702063993e-08
2.172999999999999889e-10 2.836575415862686578e-01 4.080050193215336496e-08
2.173999999999999937e-10 2.859224167185145382e-01 4.508896865393567743e-08
2.183000000000000113e-10 2.887357909120936705e-01 4.758005619701910041e-08
2.187000000000000047e-10 2.912770013331580921e-01 1.839215638254930520e-08
2.187000000000000047e-10 2.887357980663709522e-01 4.757304431687628886e-08
2.201999999999999996e-10 2.859427828280645678e-01 1.625281946902653006e-08
2.204000000000000092e-10 2.836844232316619308e-01 3.608364539124358201e-08
2.210999999999999913e-10 2.859426797835125100e-01 1.613981210448692436e-08
2.215000000000000106e-10 2.880376929851804491e-01 3.628116518863534453e-08
2.219000000000000040e-10 2.863929168415654813e-01 1.883202785281790914e-08
2.222999999999999975e-10 2.936633644992422409e-01 2.269998663949698798e-08
2.231000000000000102e-10 2.997819701363833023e-01 3.021009437742587134e-08
2.236000000000000085e-10 2.985404427947781492e-01 3.894692726284735113e-08
2.242999999999999906e-10 3.093942556769376795e-01 2.016355235600066579e-08
2.258000000000000113e-10 3.113785345128302073e-01 3.763916672566367781e-08
2.263000000000000095e-10 3.088249503379653649e-01 1.746505908709830371e-08
2.273000000000000061e-10 3.113785370865241875e-01 3.763540705791021973e-08
2.274999999999999899e-10 3.123537495093723360e-01 2.251255618692765811e-09
2.274999999999999899e-10 3.189192910057520591e-01 1.240549096801736462e-08
2.275999999999999947e-10 3.259596346886160512e-01 7.160832182114561676e-09
2.280999999999999930e-10 3.338824271628289542e-01 1.597798362754237538e-08
2.281999999999999978e-10 3.443383448340590069e-01 7.036554612637809207e-09
2.292999999999999992e-10 3.436387376425636964e-01 9.223283504114296588e-10
2.305000000000000054e-10 3.443383428191060247e-01 7.036450968017406491e-09
2.307999999999999940e-10 3.374036419147417032e-01 1.348754148113645136e-08
2.327999999999999871e-10 3.358200810713470319e-01 7.995286888681880876e-10
2.331000000000000016e-10 3.343530368957848831e-01 7.995891187703754384e-09
2.333999999999999902e-10 3.358199409691525195e-01 7.813543587952244449e-10
2.335999999999999998e-10 3.341171470764640050e-01 5.393735094705791084e-09
2.335999999999999998e-10 3.306400217115745832e-01 4.675358385343882985e-09
2.341999999999999771e-10 3.199962689986504683e-01 1.639126580499920428e-09
2.346999999999999753e-10 3.267182463826758809e-01 4.377279683279016974e-09
2.348000000000000060e-10 3.296126034781413083e-01 1.811730290327596359e-09
2.357000000000000236e-10 3.267177237720645944e-01 4.378853153237086336e-09
2.357000000000000236e-10 3.274606071767012794e-01 1.239994175593842539e-09
2.362000000000000219e-10 3.292685485020497294e-01 1.050922111240489943e-08
2.363999999999999798e-10 3.274606107700188673e-01 1.239656196242812137e-09
2.367999999999999991e-10 3.292689033648499297e-01 1.044099226828133905e-08
2.375000000000000070e-10 3.318306446019471667e-01 1.015583243595713551e-08
2.377000000000000167e-10 3.340570890272194227e-01 1.382930583760284068e-08
2.380000000000000053e-10 3.369652240687396327e-01 1.725881419111940174e-08
2.380000000000000053e-10 3.394062080614352328e-01 2.025822702996431797e-08
2.380000000000000053e-10 3.369651362545014184e-01 1.725928159913058652e-08
2.385000000000000036e-10 3.389553713906878207e-01 1.977538124514830777e-08
2.385999999999999826e-10 3.413167136546648162e-01 5.408444449619641428e-09
2.387999999999999922e-10 3.439380145347192275e-01 9.464280453345757450e-09
2.387999999999999922e-10 3.413168611463037738e-01 5.389591241266896115e-09
2.389000000000000229e-10 3.437242148721209034e-01 1.269390889070018717e-08
2.397000000000000098e-10 3.413172363447061763e-01 5.366032359105744237e-09
2.397999999999999888e-10 3.442172464732796699e-01 1.377186295916782239e-08
2.409000000000000160e-10 3.505941938983525019e-01 7.647478683434241790e-09
2.412999999999999836e-10 3.534788426610095957e-01 1.660647575842262619e-08
2.414000000000000142e-10 3.505951790814482161e-01 7.623375662940517368e-09
2.424000000000000108e-10 3.482013762321478079e-01 1.385166930600873570e-10
2.431000000000000187e-10 3.505945566116140943e-01 7.624230085390450045e-09
2.431000000000000187e-10 3.534778358165249212e-01 1.346410586321999607e-08
2.431999999999999977e-10 3.564438380847576027e-01 2.099108982456137599e-08
2.441000000000000153e-10 3.626209154432712412e-01 6.330395507685132195e-09
2.446000000000000135e-10 3.611093191170556271e-01 8.084189965067554731e-09
2.454999999999999794e-10 3.631373760325172784e-01 8.094714026548679906e-09
2.454999999999999794e-10 3.611095914382823069e-01 8.081781662009029527e-09
2.464999999999999760e-10 3.680936403954642167e-01 1.571795206023909404e-08
2.468999999999999953e-10 3.611095869746327458e-01 8.082226884024239340e-09
2.475000000000000242e-10 3.589494918815698266e-01 1.387471307871448856e-08
2.481999999999999804e-10 3.609039713617590017e-01 1.720329965222794711e-08
2.488000000000000094e-10 3.636059509523291156e-01 1.864466977798478304e-08
2.508000000000000025e-10 3.656130575411348227e-01 3.086133403275886172e-08
2.513999999999999797e-10 3.682840990650587676e-01 1.363775821301043032e-09
2.517000000000000200e-10 3.656130622631706961e-01 3.085975527480201669e-08
2.520000000000000087e-10 3.636045069766315474e-01 1.879620736609217425e-08
2.528999999999999745e-10 3.659693172137644668e-01 4.164784726595244138e-08
2.545000000000000000e-10 3.682214283500550578e-01 4.481018763313148444e-08
2.547000000000000097e-10 3.706612833379316352e-01 5.085503955674576672e-08
2.547000000000000097e-10 3.727777556302365181e-01 1.540631237696010771e-08
2.557999999999999852e-10 3.706612831702740807e-01 5.084559028799875835e-08
2.557999999999999852e-10 3.733012308791832656e-01 4.939265844434093859e-08
2.559000000000000159e-10 3.759746741030794981e-01 4.624346128939608291e-08
2.579999999999999879e-10 3.761931091030948360e-01 3.476660518553020096e-09
2.589000000000000055e-10 3.777892741245790220e-01 1.497967001086789245e-08
2.589999999999999845e-10 3.757633164061050524e-01 8.875925891165964911e-09
2.589999999999999845e-10 3.783108795348136266e-01 1.304232235677689846e-08
2.608000000000000196e-10 3.809304089209274435e-01 1.999053840397453194e-08
2.608999999999999986e-10 3.834339692560138069e-01 9.385920304300571439e-09
2.611000000000000083e-10 3.905180119405850525e-01 1.111196505589195799e-08
2.618999999999999952e-10 3.834330333028803661e-01 8.870286135693213574e-09
2.620000000000000258e-10 3.892304082032833623e-01 1.424100926874708946e-08
2.621999999999999838e-10 3.923419726907594884e-01 8.627814498525065826e-09
2.626999999999999821e-10 3.962231875236053580e-01 1.436067986415153996e-08
2.633000000000000110e-10 4.027453858044479640e-01 1.700620373932618527e-08
2.633000000000000110e-10 4.098842297616610009e-01 1.567174230709517336e-08
2.645000000000000172e-10 4.126391155520133247e-01 5.916071895668372365e-09
2.648000000000000058e-10 4.140324883931331135e-01 1.390530864229156779e-08
2.648000000000000058e-10 4.114777771116037153e-01 2.024105474072349945e-08
2.648999999999999848e-10 4.136903561762609316e-01 1.798816651839778439e-08
2.650000000000000155e-10 4.123387010253052876e-01 2.185631128473843062e-08
2.653000000000000041e-10 4.136903635571032023e-01 1.798820251513741385e-08
2.658000000000000024e-10 4.123389661588759969e-01 2.179422241887905205e-08
2.658999999999999813e-10 4.136903731690235175e-01 1.798613204160846407e-08
2.660999999999999910e-10 4.114881114304539400e-01 1.069917360037261290e-08
2.673999999999999762e-10 4.097590689435045563e-01 1.244346854913832161e-08
2.695999999999999789e-10 4.114881123200380686e-01 1.069897857165035999e-08
2.702000000000000079e-10 4.140399327023819853e-01 1.707272539745381423e-08
2.704999999999999965e-10 4.168346116395321155e-01 1.910781815323707095e-08
2.709999999999999948e-10 4.140397445972229251e-01 1.707272539745381423e-08
2.714000000000000140e-10 4.114767439357581713e-01 1.083437796382549525e-08
2.724999999999999896e-10 4.136913743518119690e-01 1.389409549836981317e-08
2.726999999999999992e-10 4.114817272968606110e-01 1.036611322543084207e-08
2.729000000000000089e-10 4.136913760137225782e-01 1.389360278916316236e-08
2.729999999999999878e-10 4.168279341747733735e-01 9.866630973451320381e-09
2.734999999999999861e-10 4.191099246222508290e-01 2.491126199115041946e-08
2.736000000000000168e-10 4.217386998360374006e-01 3.968676222403353773e-08
2.744999999999999827e-10 4.242751820498880666e-01 3.990802846530043495e-08
2.744999999999999827e-10 4.261106269868966123e-01 1.829716962661077696e-08
2.749999999999999809e-10 4.242750292861589001e-01 3.966696425710294346e-08
2.751000000000000116e-10 4.217407315377141308e-01 1.912829700745225841e-08
2.773999999999999933e-10 4.242750245962073619e-01 3.966765181571183228e-08
2.788999999999999882e-10 4.265040900157043846e-01 4.661695556047198217e-08
2.805999999999999926e-10 4.266387194452422316e-01 2.374567843502561364e-09
2.805999999999999926e-10 4.291607891461112212e-01 5.501301772215937289e-08
2.812000000000000216e-10 4.312589459506815381e-01 2.840951744915467120e-08
2.812000000000000216e-10 4.291609278416623208e-01 5.501847413384485310e-08
2.820000000000000085e-10 4.316427785295899877e-01 7.828592980253416159e-08
2.822000000000000181e-10 4.338250708714859738e-01 8.768705827123122080e-08
2.827999999999999954e-10 4.360995977049937355e-01 2.567336136448949734e-08
2.832999999999999936e-10 4.386558175362739176e-01 5.232731662050645026e-08
2.844000000000000209e-10 4.362753011795779678e-01 7.424994251758556503e-08
2.854000000000000174e-10 4.361025603770512515e-01 1.738064081256700423e-08
2.857000000000000060e-10 4.389093713481061476e-01 1.863654730842386145e-08
2.861000000000000253e-10 4.361025581870085488e-01 1.737997460735228830e-08
2.874000000000000105e-10 4.338621625008234894e-01 1.615834595016301920e-08
2.884000000000000070e-10 4.312512703915802881e-01 6.727350978497128301e-08
2.891000000000000150e-10 4.285535169911014464e-01 5.198240383480827125e-08
2.901000000000000115e-10 4.311108208073962111e-01 1.321104796149666524e-08
2.935000000000000205e-10 4.338571690840939410e-01 2.780075207654090039e-08
2.945999999999999960e-10 4.359652737719813542e-01 4.494302216736531406e-08
2.948999999999999846e-10 4.381725267967283011e-01 1.841014617295449710e-08
2.955999999999999925e-10 4.408025247463190910e-01 2.983830882782176800e-08
2.970000000000000084e-10 4.381641812978276929e-01 3.882903243052322952e-08
2.977000000000000163e-10 4.453213374005968173e-01 1.926711956838998920e-08
2.977000000000000163e-10 4.480125307207510899e-01 2.717709573047664729e-08
2.987999999999999918e-10 4.453213791182074610e-01 1.916764552786834462e-08
2.989000000000000225e-10 4.381784324353309445e-01 2.544848580732806251e-08
3.000999999999999770e-10 4.453213825786972446e-01 1.916622163018164559e-08
3.007999999999999849e-10 4.381780151047923733e-01 2.532248020183201075e-08
3.009000000000000156e-10 4.453213780536330879e-01 1.916583525850022605e-08
3.017999999999999814e-10 4.476876399303031384e-01 3.346635716270765867e-08
3.058999999999999983e-10 4.503161723877092681e-01 1.808260772861357983e-08
3.063999999999999966e-10 4.525305985320992597e-01 2.931888464834653525e-08
3.068999999999999949e-10 4.551591783062278740e-01 1.436956341872379938e-08
3.075000000000000238e-10 4.575324591883291880e-01 2.392932173653158840e-08
3.091999999999999766e-10 4.598772451218233748e-01 3.089213366014594265e-08
3.093999999999999862e-10 4.625099760801833493e-01 3.436812173203192189e-08
3.095999999999999959e-10 4.649152334283380705e-01 3.029526567043311188e-08
3.125999999999999855e-10 4.673681649938252192e-01 6.602770341516733141e-08
3.135000000000000031e-10 4.695890898261409485e-01 3.014259752143913485e-08
3.147000000000000093e-10 4.673681611885727172e-01 6.602890376411079808e-08
3.167000000000000024e-10 4.697292250483890430e-01 4.877867046441536545e-09
3.184999999999999858e-10 4.722851664420568141e-01 1.416901583993168194e-08
3.193000000000000244e-10 4.697291355844100957e-01 4.854548818676141341e-09
3.220000000000000254e-10 4.719625991302663359e-01 1.391586919810587716e-08
3.231000000000000010e-10 4.697291366326707962e-01 4.854001339793359283e-09
3.235000000000000203e-10 4.719625715872884375e-01 1.381780998059307794e-08
3.240000000000000185e-10 4.743571746900225872e-01 1.070263491383325343e-08
3.240999999999999975e-10 4.765867553167721926e-01 1.681449229315008490e-08
3.258999999999999809e-10 4.740664572690936884e-01 2.435131857745523190e-08
3.262000000000000213e-10 4.765833178201069331e-01 2.198062903275888106e-08
3.270999999999999871e-10 4.792512051454690392e-01 1.027565342338146193e-08
3.272000000000000178e-10 4.765834444663731850e-01 2.196538614578481828e-08
3.275999999999999854e-10 4.789247920076197262e-01 2.412459072892406702e-08
3.282000000000000144e-10 4.856001997081315635e-01 2.301356045412203272e-08
3.282999999999999933e-10 4.930533103450403520e-01 2.188825488355846916e-08
3.289000000000000223e-10 4.856002036706393854e-01 2.301275753143923203e-08
3.292000000000000109e-10 4.886586739607348684e-01 1.121964852041608575e-08
3.302999999999999864e-10 4.856000703386170736e-01 2.301393729622729375e-08
3.311000000000000250e-10 4.857283972555825335e-01 1.136473799875795602e-09
3.334000000000000067e-10 4.839420439717281308e-01 1.149024995497593650e-08
3.336000000000000164e-10 4.910075160720110965e-01 1.282470922605185716e-08
3.336999999999999954e-10 4.976585525593449355e-01 1.251534842105262186e-08
3.339999999999999840e-10 4.984496784989346230e-01 1.335649641360038042e-09
3.354999999999999788e-10 5.047439023453629270e-01 1.634387255162241109e-08
3.361000000000000078e-10 5.020775598796117789e-01 1.790744830616362560e-08
3.361999999999999867e-10 5.093197693947512095e-01 8.508566695388905971e-09
3.366000000000000060e-10 5.020775633614990019e-01 1.790733163173419786e-08
3.390999999999999974e-10 5.093196247112651287e-01 8.445551901878581191e-09
3.390999999999999974e-10 5.117981665890702914e-01 1.013831440537182057e-08
3.393000000000000070e-10 5.193973918161401970e-01 1.027061467784505856e-08
3.398999999999999843e-10 5.264419695593893778e-01 7.122261497438285991e-09
3.403000000000000036e-10 5.193970978365678448e-01 1.027057920276354722e-08
3.405000000000000132e-10 5.209518172146790915e-01 1.376360598431920512e-08
3.405999999999999922e-10 5.149051892508293982e-01 1.849478014361124050e-08
3.408000000000000019e-10 5.118690821052982454e-01 1.534935546731873903e-08
3.410000000000000115e-10 5.095990595346171492e-01 7.499841932153390747e-09
3.415999999999999888e-10 5.118688371012170002e-01 1.531810009004811964e-08
3.422999999999999967e-10 5.137122797514374062e-01 2.132534103167208743e-08
3.425999999999999853e-10 5.246502502575780547e-01 1.871620186073591360e-08
3.444000000000000205e-10 5.149551282397013541e-01 5.737608241732642308e-09
3.454000000000000170e-10 5.144689689115421460e-01 1.043299795062880122e-09
3.457000000000000056e-10 5.123620285530670060e-01 7.567028756404284687e-09
3.459000000000000153e-10 5.123285725242853195e-01 2.431467390933088099e-09
3.459999999999999943e-10 5.139355465771109355e-01 1.789466042307094083e-08
3.462000000000000039e-10 5.164475304470280692e-01 1.084134215572114671e-08
3.462999999999999829e-10 5.193780016781107678e-01 1.907150063344200551e-08
3.477999999999999777e-10 5.210265975207790667e-01 2.345944837447602118e-08
3.486000000000000163e-10 5.218905736629037007e-01 1.394209052165809059e-09
3.496999999999999918e-10 5.237162103125976298e-01 1.097847766573513584e-08
3.509999999999999770e-10 5.218905746714043170e-01 1.393747428194374322e-09
3.533000000000000104e-10 5.243665149326398600e-01 9.886421453190504604e-09
3.538000000000000087e-10 5.303326353796313786e-01 1.306907853438906415e-08
3.560000000000000114e-10 5.283918821726653059e-01 9.068100246079809327e-09
3.572999999999999966e-10 5.261469875538928864e-01 7.168875644309910201e-09
3.580999999999999835e-10 5.282033682390788742e-01 8.686067636236616283e-09
3.580999999999999835e-10 5.303557565689922537e-01 6.583370958702061719e-09
3.604000000000000169e-10 5.243146075671925033e-01 1.043452289706569647e-08
3.604999999999999959e-10 5.220169615238452465e-01 1.036449084070793888e-08
3.614999999999999924e-10 5.243138483680173101e-01 1.030866462661076806e-08
3.626999999999999986e-10 5.235729664206324463e-01 1.726631200900486633e-09
3.648000000000000224e-10 5.265459792804791928e-01 1.094945482456139984e-08
3.656000000000000093e-10 5.284830381054534953e-01 1.123654871914301247e-08
3.661000000000000076e-10 5.306853427458985140e-01 1.530593583993169831e-08
3.671000000000000041e-10 5.332114810841107611e-01 1.526468675128084280e-08
3.676999999999999814e-10 5.357550651961314747e-01 1.500206716115505499e-08
3.680000000000000217e-10 5.426701129054123385e-01 7.537399382083522561e-09
3.688999999999999876e-10 5.450477131795449237e-01 9.082166554882798368e-09
3.693000000000000068e-10 5.474520050066905563e-01 9.872048269678607236e-09
3.698999999999999841e-10 5.501953861855858330e-01 1.433387697251981929e-08
3.703999999999999824e-10 5.525485646764258796e-01 1.363848013429592921e-08
3.707000000000000227e-10 5.501953863346366047e-01 1.433381910961033300e-08
3.712000000000000210e-10 5.566677749504752581e-01 2.328494207498834738e-08
3.717999999999999982e-10 5.571154407640723782e-01 4.304222444496197257e-09
3.720000000000000079e-10 5.594021964744232411e-01 2.678773318739326028e-08
3.727000000000000158e-10 5.619214463996519138e-01 3.489190232339698824e-08
3.752999999999999861e-10 5.645313367918501912e-01 4.310933736764476163e-08
3.755999999999999748e-10 5.619214465705401063e-01 3.489166850489053752e-08
3.757999999999999844e-10 5.593872639992258922e-01 2.069422655798789306e-08
3.759999999999999941e-10 5.619214443375954993e-01 3.488725414687158384e-08
3.759999999999999941e-10 5.639698175060224861e-01 6.460430120322914674e-09
3.784000000000000064e-10 5.619214318520502349e-01 3.482168722325728004e-08
3.789000000000000047e-10 5.639698172674774135e-01 6.459890055115645691e-09
3.796999999999999916e-10 5.619218069542785132e-01 3.455146619158518679e-08
3.803000000000000206e-10 5.641740184721253382e-01 3.887338221394193019e-08
3.808000000000000188e-10 5.668374423514079830e-01 4.383902512730940703e-08
3.808999999999999978e-10 5.641740116211965139e-01 3.887040918180407932e-08
3.811000000000000075e-10 5.668381240375595098e-01 4.367786281943800823e-08
3.821000000000000040e-10 5.692567640111202421e-01 4.104092814780315996e-08
3.821999999999999830e-10 5.716552546145836633e-01 1.731062148113648237e-08
3.821999999999999830e-10 5.788816130614551358e-01 2.486516668296847015e-08
3.823999999999999926e-10 5.859151104897433182e-01 3.501309495497594823e-08
3.826000000000000023e-10 5.885990436075854149e-01 2.150587261294827492e-08
3.843999999999999857e-10 5.859151174990800959e-01 3.500803328365161948e-08
3.857000000000000226e-10 5.885956911202256947e-01 4.804970579801274058e-08
3.860999999999999902e-10 5.909092679240002255e-01 4.610680163406302646e-08
3.868999999999999771e-10 5.935445039733899808e-01 1.696460753299177017e-08
3.870999999999999867e-10 5.960915220132685377e-01 3.504992363064740068e-08
3.870999999999999867e-10 6.022740120180488654e-01 1.721204707421207431e-08
3.890000000000000009e-10 6.009427622292242699e-01 3.722179726750508045e-08
3.890000000000000009e-10 6.031864317207273896e-01 4.374499008539047245e-08
3.900999999999999764e-10 6.057999843132477746e-01 2.173245849712777536e-08
3.902000000000000071e-10 6.128179463545145866e-01 2.452250444108057662e-08
3.924999999999999888e-10 6.057994416819643124e-01 2.100633639264088279e-08
3.946000000000000125e-10 6.122448005300676899e-01 3.685325230243750130e-08
3.956999999999999881e-10 6.055904436628380960e-01 4.469668380453345427e-08
3.961000000000000074e-10 6.122447994815981565e-01 3.685325230243750130e-08
3.968999999999999943e-10 6.189096122875696881e-01 4.797858320214252534e-08
3.973000000000000136e-10 6.122456758180448988e-01 3.664485274957305250e-08
3.976999999999999812e-10 6.191854478207134971e-01 1.983804256792422784e-08
3.976999999999999812e-10 6.212389433475369316e-01 5.056129149200458936e-10
3.990999999999999970e-10 6.156144959982200460e-01 5.400770380453347699e-08
3.995999999999999953e-10 6.212389469664291175e-01 5.056524887439859353e-10
4.005000000000000128e-10 6.156148460520199928e-01 5.381455340164572120e-08
4.013999999999999787e-10 6.165745553666499568e-01 4.644622200279458247e-08
4.025999999999999849e-10 6.175535870398554117e-01 2.801246632510485818e-09
4.029000000000000252e-10 6.201889101380292368e-01 1.007272146949232748e-08
4.035999999999999815e-10 6.220547778150152807e-01 1.802539884257104777e-08
4.044999999999999990e-10 6.245931970383054033e-01 1.886492924701132560e-08
4.052999999999999859e-10 6.220546150455527057e-01 1.802202667598199805e-08
4.054999999999999956e-10 6.243384333117214524e-01 1.002018767582672524e-08
4.057999999999999842e-10 6.263063510252392385e-01 6.915625453345747292e-09
4.067999999999999808e-10 6.243382691761499848e-01 1.001328746545566944e-08
4.072000000000000000e-10 6.263063568272553283e-01 6.915750319049824255e-09
4.079999999999999869e-10 6.287593587330090328e-01 8.554353693525847883e-09
4.091999999999999931e-10 6.318739393354997347e-01 1.858594371370906154e-08
4.094000000000000028e-10 6.387007411682678049e-01 2.098112995808104038e-08
4.096999999999999914e-10 6.415772592141101294e-01 2.216047526238163781e-08
4.128000000000000117e-10 6.436951691841594769e-01 2.364924607126222639e-08
4.143000000000000066e-10 6.466666333348736195e-01 2.578317922449930721e-08
4.147000000000000258e-10 6.457536138970728645e-01 5.682779550535631248e-09
4.148000000000000048e-10 6.482269861875434858e-01 1.243322910805776467e-08
4.162999999999999996e-10 6.503278714344447042e-01 1.165124446592144396e-08
4.182000000000000138e-10 6.482269850910007403e-01 1.243270732572582219e-08
4.192000000000000103e-10 6.509691731893713085e-01 9.914116159757806419e-09
4.192999999999999893e-10 6.508836624679819050e-01 1.052387775190184784e-09
4.202000000000000069e-10 6.534438855550323000e-01 1.929835888914764058e-08
4.212999999999999824e-10 6.558572173868200128e-01 2.329591669073126972e-08
4.219000000000000113e-10 6.574360311060235551e-01 2.501304716736528849e-08
4.221999999999999999e-10 6.600054533658503697e-01 1.082009583605031884e-08
4.224000000000000096e-10 6.629252874911287785e-01 1.817595731485795189e-08
4.238000000000000254e-10 6.600053926246560732e-01 1.081738853982301904e-08
4.241000000000000141e-10 6.623986682372501322e-01 1.289358336904206485e-08
4.259999999999999765e-10 6.600051893067856446e-01 1.076654712311752523e-08
4.271000000000000037e-10 6.623986608252189212e-01 1.288846477332710812e-08
4.278000000000000116e-10 6.649876061882492584e-01 1.914780429203538819e-08
4.285000000000000196e-10 6.645683575127182552e-01 1.926902118459871144e-09
4.295000000000000161e-10 6.627753990940150608e-01 1.645100643688866363e-08
4.300999999999999933e-10 6.653760284950605008e-01 9.240763918646162109e-09
4.302000000000000240e-10 6.713672619385986362e-01 9.151734740723490851e-09
4.315000000000000092e-10 6.653762246565803062e-01 9.171080335351650276e-09
4.315999999999999882e-10 6.629936734313117697e-01 4.811794684831550118e-09
4.317000000000000188e-10 6.603587246481829043e-01 1.172020557444497074e-08
4.325000000000000057e-10 6.629936668851784676e-01 4.811593029809037065e-09
4.332999999999999926e-10 6.645701594931341383e-01 8.215740497593545232e-09
4.342999999999999892e-10 6.629941629618358867e-01 4.773417544635929654e-09
4.344000000000000199e-10 6.651894894711195549e-01 8.993793539046739558e-09
4.344000000000000199e-10 6.648525382535095396e-01 9.006258073280570769e-10
4.357999999999999840e-10 6.718914458680047552e-01 1.449152562102157698e-08
4.359999999999999937e-10 6.792337008758380090e-01 1.932608037959945263e-08
4.364000000000000130e-10 6.814068008759005535e-01 2.386556092842726356e-08
4.366000000000000226e-10 6.839292364663148716e-01 2.220725984784970682e-08
4.388000000000000253e-10 6.839405094316489686e-01 2.814603285980437982e-09
4.393000000000000236e-10 6.863541602516141094e-01 1.018619779847848353e-08
4.396000000000000122e-10 6.882029861282844552e-01 1.292685764943331908e-08
4.423000000000000133e-10 6.903921186140652422e-01 1.263336054028878180e-08
4.428999999999999905e-10 6.884691270656050355e-01 8.057927297779840696e-09
4.453999999999999819e-10 6.913432432846778886e-01 9.731575144387511837e-09
4.472999999999999960e-10 6.974495025743929766e-01 5.601507532991781564e-09
4.477000000000000153e-10 6.979388882204273781e-01 4.022710052786746434e-10
4.484000000000000232e-10 7.096088592085442182e-01 1.623628730321378316e-08
4.494999999999999987e-10 6.979388984796165429e-01 4.015578543704294915e-10
4.497999999999999874e-10 7.096088716352039194e-01 1.623545274025772551e-08
4.504000000000000163e-10 7.123610313760969648e-01 1.427728309889770935e-08
4.505999999999999743e-10 7.145243739563841290e-01 3.703549787067221741e-08
4.512000000000000032e-10 7.147390457719459134e-01 1.451241094007147418e-08
4.517000000000000015e-10 7.170299900869351317e-01 3.361958511799405464e-08
4.524000000000000094e-10 7.193992301738345585e-01 5.530087676525380235e-08
4.532999999999999753e-10 7.219528678004086819e-01 5.680553888914766781e-08
4.543000000000000235e-10 7.246338286275537666e-01 5.971922448998604631e-08
4.556000000000000087e-10 7.270270198933607153e-01 6.019539259819902939e-08
4.563000000000000166e-10 7.246338226327868615e-01 5.971357176913525135e-08
4.566000000000000052e-10 7.265849328003503027e-01 2.435158285669927174e-08
4.566999999999999842e-10 7.246338250543966630e-01 5.970962614500852327e-08
4.568000000000000149e-10 7.270690308989610218e-01 6.439668458003418231e-08
4.620999999999999862e-10 7.270835679671548979e-01 3.326128315246083183e-08
4.627999999999999942e-10 7.294561058720425706e-01 8.077621849479889344e-08
4.640000000000000004e-10 7.319405523712169126e-01 8.782052826890234626e-08
4.659000000000000145e-10 7.321057783038110722e-01 3.831377776432235698e-08
4.681999999999999962e-10 7.319409044563737199e-01 8.778429284272632822e-08
4.681999999999999962e-10 7.294147453216857091e-01 5.372042806396519325e-08
4.700999999999999586e-10 7.319409069961132497e-01 8.778559456373236120e-08
4.720999999999999517e-10 7.342848707971110223e-01 9.855181687936656610e-08
4.724999999999999710e-10 7.367660115893279738e-01 9.050586046343734650e-08
4.724999999999999710e-10 7.394550619777648937e-01 1.087746334016457372e-07
4.754000000000000334e-10 7.367660126125582520e-01 9.050465382782176423e-08
4.768000000000000492e-10 7.393416740435890810e-01 9.636344148501785409e-08
4.782999999999999923e-10 7.367660565851317234e-01 9.044488760518551997e-08
4.785999999999999810e-10 7.369295333117170665e-01 3.554328667675826274e-08
4.787000000000000116e-10 7.439869404049992418e-01 5.501793818118302432e-08
4.792999999999999889e-10 7.460998168790238250e-01 2.428550013429591505e-08
4.798000000000000389e-10 7.485500030482771239e-01 3.490090440304301742e-08
4.798999999999999661e-10 7.460998160087911613e-01 2.428135253299178014e-08
4.807000000000000047e-10 7.439847439114023464e-01 2.739651438285982291e-08
4.818999999999999592e-10 7.460995941810493193e-01 2.400577105496039104e-08
4.822000000000000512e-10 7.483658334351436237e-01 6.620340759819902748e-08
4.825000000000000399e-10 7.460995821507609982e-01 2.399805972985559700e-08
4.826999999999999978e-10 7.485514344723703806e-01 3.232139562567923556e-08
4.831000000000000171e-10 7.515896701554529713e-01 5.533792378202140257e-08
4.834000000000000057e-10 7.485514273281266284e-01 3.232092399316877619e-08
4.844000000000000023e-10 7.515906272785196629e-01 5.487399377736377263e-08
4.848000000000000216e-10 7.536195024764796857e-01 2.434104420509238217e-08
4.849999999999999795e-10 7.558631129522277448e-01 5.674176921285515304e-08
4.852000000000000409e-10 7.580888716752454126e-01 7.162224452414224347e-08
4.852999999999999682e-10 7.558626688213988531e-01 5.668008366713242556e-08
4.856999999999999875e-10 7.581890513858572378e-01 6.865518677612167965e-08
4.872000000000000340e-10 7.604701820925371392e-01 7.037727517854365342e-08
4.875000000000000226e-10 7.628329308095691541e-01 8.296276748719144916e-08
4.882999999999999578e-10 7.604701848800997643e-01 7.037950558686532491e-08
4.889999999999999657e-10 7.609827853019284216e-01 1.755203774569167136e-08
4.889999999999999657e-10 7.628476978116884855e-01 1.174006720695543866e-08
4.912000000000000202e-10 7.689316214270269789e-01 7.282041750737463147e-08
4.915000000000000088e-10 7.673951930951126155e-01 5.489259747321844246e-08
4.920999999999999860e-10 7.697146747834386904e-01 5.657696793665583288e-08
4.923999999999999747e-10 7.673953050042281454e-01 5.439677414066138297e-08
4.936000000000000326e-10 7.697589813429586147e-01 2.593176829684833016e-08
4.936999999999999598e-10 7.730330195355318290e-01 4.216734176680637634e-08
4.943999999999999678e-10 7.697593622010462378e-01 2.574365788231640109e-08
4.947999999999999871e-10 7.674148157347172594e-01 2.666343418413290043e-08
4.949000000000000177e-10 7.680283793206527099e-01 1.983027439838537340e-09
4.970000000000000415e-10 7.778263755178111971e-01 8.718266515292641828e-09
4.973999999999999574e-10 7.667429924977414712e-01 1.088486105884177235e-08
4.977000000000000494e-10 7.654195335930413790e-01 6.685285511566528536e-09
4.979000000000000074e-10 7.665494084591841784e-01 1.578275143688867853e-08
4.990000000000000346e-10 7.654194923466430822e-01 6.684383577084297377e-09
4.990999999999999619e-10 7.723206647682991921e-01 1.114251332479427692e-08
4.990999999999999619e-10 7.700798902637154830e-01 1.813568902344357030e-08
5.001999999999999891e-10 7.672146923571336874e-01 1.655095107281476516e-08
5.004999999999999777e-10 7.700803214888056747e-01 1.806773891010709611e-08
5.007000000000000391e-10 7.712840187629088629e-01 1.020062409641359213e-08
5.007999999999999663e-10 7.726988997005299620e-01 1.493966108523523761e-09
5.011999999999999856e-10 7.698960264427261446e-01 5.824261571184589712e-09
5.017000000000000356e-10 7.721501254666931491e-01 5.135539913833267499e-09
5.030000000000000208e-10 7.698960199784374847e-01 5.823355839931683688e-09
5.044000000000000366e-10 7.721501263774983581e-01 5.135744750815098972e-09
5.053000000000000025e-10 7.828244726466481174e-01 4.029674019562195142e-09
5.057000000000000218e-10 7.858060559886881347e-01 1.706265164570716642e-09
5.074000000000000263e-10 7.878391193941288728e-01 1.081726688402415895e-10
5.084999999999999501e-10 7.903654268108574188e-01 1.062141126843660269e-08
5.084999999999999501e-10 7.933410236323525933e-01 1.208489017854368443e-08
5.098000000000000387e-10 7.996877425276006646e-01 8.328536662008986661e-09
5.102999999999999852e-10 7.933402281543980861e-01 1.146747270066760210e-08
5.119999999999999897e-10 7.950755804341120836e-01 9.463421639496943334e-09
5.121000000000000204e-10 7.970134992262928320e-01 8.019172775190195897e-09
5.158000000000000179e-10 7.913085532583219450e-01 2.622969049060694433e-09
5.165999999999999531e-10 7.973249652279766897e-01 2.097525111007611685e-09
5.169999999999999724e-10 8.034145664073203408e-01 4.169520083837926793e-09
5.169999999999999724e-10 8.068932176227350261e-01 4.117924732184416040e-10
5.169999999999999724e-10 8.072638280746762263e-01 4.174332712311690197e-10
5.175000000000000224e-10 8.142604569081794974e-01 1.386657344822230933e-08
5.182999999999999576e-10 8.163539141383842068e-01 1.200638644077008551e-08
5.189999999999999655e-10 8.189314800016398443e-01 1.517345862831859797e-08
5.213999999999999779e-10 8.075431693746888406e-01 1.910751750038817418e-08
5.222000000000000165e-10 8.050804262397484035e-01 2.236719507607513621e-08
5.230999999999999824e-10 8.037265885941861088e-01 1.392381440537187455e-08
5.240000000000000517e-10 8.050804230874739620e-01 2.236661913988510104e-08
5.244999999999999982e-10 8.123286583674375061e-01 2.202102646172956182e-08
5.250999999999999755e-10 8.185905749027535538e-01 2.395999042384723761e-08
5.256000000000000255e-10 8.123284062826112706e-01 2.194283344589352210e-08
5.256999999999999527e-10 8.192890325448146660e-01 1.004438748952025352e-08
5.263000000000000334e-10 8.260624230352199282e-01 1.420185147104490267e-08
5.294999999999999810e-10 8.243294909920623192e-01 1.102997612249649941e-08
5.347000000000000251e-10 8.269587972354145444e-01 1.069197591445428437e-08
5.354000000000000330e-10 8.381645507805023376e-01 1.272670610541844762e-08
5.360000000000000102e-10 8.452309836744499316e-01 1.606180598431917636e-08
5.388000000000000419e-10 8.462540633287337632e-01 6.422267318739352599e-10
5.414000000000000123e-10 8.527678653416050913e-01 9.441054342493385495e-09
5.419999999999999895e-10 8.550981587877130030e-01 1.267235696087566122e-08
5.422999999999999781e-10 8.527683912438148717e-01 9.371528173420281111e-09
5.428999999999999554e-10 8.462463285044745653e-01 5.378205162241884586e-10
5.432000000000000474e-10 8.525141243289920956e-01 1.313046481990371755e-08
5.438000000000000246e-10 8.462463304958404153e-01 5.378526502095942038e-10
5.441000000000000133e-10 8.527629678939306901e-01 6.739248327899414614e-09
5.445000000000000326e-10 8.462463358950197412e-01 5.378526502095942038e-10
5.493999999999999846e-10 8.477368280307422399e-01 6.352493855767728412e-09
5.502000000000000232e-10 8.462465420678401129e-01 5.383498346530026922e-10
5.513999999999999777e-10 8.569020217766523118e-01 1.146017314081665357e-08
5.515000000000000084e-10 8.462457906965702437e-01 5.506467039279577549e-10
5.520999999999999856e-10 8.569020122559930508e-01 1.146017314081665357e-08
5.522000000000000163e-10 8.597800172593393908e-01 7.958775208818519378e-09
5.527999999999999936e-10 8.660649546467268367e-01 7.236495795683897592e-09
5.532000000000000129e-10 8.642421561893419701e-01 7.368631426797075584e-09
5.547999999999999867e-10 8.660649542409921686e-01 7.235551675981980864e-09
5.553000000000000366e-10 8.642459407798639415e-01 5.969074559850940391e-09
5.566000000000000218e-10 8.708144287080441526e-01 5.567620395124979187e-09
5.570000000000000411e-10 8.690845254419534704e-01 1.176419683977643909e-08
5.571999999999999991e-10 8.717111958793591908e-01 1.127240756093773314e-08
5.587999999999999728e-10 8.696499734912940260e-01 1.535121784272628033e-08
5.601999999999999887e-10 8.668014402660964013e-01 1.977542836205559176e-08
5.604000000000000500e-10 8.696500212880076131e-01 1.534536309889767367e-08
5.618999999999999932e-10 8.765358676271007843e-01 1.300708514205871220e-08
5.626000000000000011e-10 8.696500182095912024e-01 1.534341155488278940e-08
5.645999999999999942e-10 8.765362470479332035e-01 1.281477691352279096e-08
5.648999999999999828e-10 8.767418785096066092e-01 1.135342272938975312e-09
5.651999999999999714e-10 8.762923525240789990e-01 2.273383332557041929e-09
5.653000000000000021e-10 8.792070050724247743e-01 1.158757060704857280e-08
5.654000000000000328e-10 8.860939249773869264e-01 1.655127203229309253e-08
5.655999999999999907e-10 8.979826173704461567e-01 2.100507858096572085e-08
5.662999999999999986e-10 9.037555619112791483e-01 1.276139149899087437e-08
5.664000000000000293e-10 9.014209040738393464e-01 7.711340894271084230e-09
5.665999999999999873e-10 9.037314916238132767e-01 2.858687398851115548e-08
5.665999999999999873e-10 9.113224910762350861e-01 1.053736716348393310e-08
5.681000000000000338e-10 9.143974691739494842e-01 1.694309141748176172e-08
5.681999999999999611e-10 9.218299760214355709e-01 1.169680885576773675e-08
5.684000000000000224e-10 9.328042395628537431e-01 1.050277453578637512e-08
5.692999999999999883e-10 9.218299720419336207e-01 1.169680885576773675e-08
5.702999999999999848e-10 9.190144114642245787e-01 1.645421339233038616e-08
5.705000000000000462e-10 9.218299822790927411e-01 1.169655768048438413e-08
5.711000000000000234e-10 9.144207138440024751e-01 9.472935066759799046e-09
5.718000000000000314e-10 9.198205789207076766e-01 1.914841156031671750e-08
5.722999999999999779e-10 9.182346705008549437e-01 1.942350527945969113e-08
5.728000000000000279e-10 9.170165010298757524e-01 3.611222720074548809e-09
5.732000000000000472e-10 9.110735700971090978e-01 6.435304666977162975e-09
5.745999999999999596e-10 9.170164925756586483e-01 3.610995069088674647e-09
5.745999999999999596e-10 9.112923012067876138e-01 4.561505453345771969e-09
5.753999999999999982e-10 8.999809408634611430e-01 2.886513103555328926e-09
5.755000000000000289e-10 8.975093401180961328e-01 2.399337926564190131e-09
5.755000000000000289e-10 8.999809207674842604e-01 2.886848452879967169e-09
5.759999999999999755e-10 8.930829725233446759e-01 4.154290131967083155e-09
5.761000000000000062e-10 8.946653986123175306e-01 5.234955109455051569e-09
5.768000000000000141e-10 8.886143610439641849e-01 4.891804773327120139e-09
5.768000000000000141e-10 8.899670833985345864e-01 4.330767126222627375e-09
5.769999999999999720e-10 8.825404697120444730e-01 6.989811278528184087e-09
5.772999999999999607e-10 8.899670863325256365e-01 4.328282878435015099e-09
5.772999999999999607e-10 8.825405886380655041e-01 6.989811278528184087e-09
5.778000000000000106e-10 8.804409015709717679e-01 5.256032603632962047e-09
5.780999999999999993e-10 8.865584676384521412e-01 4.572563925632661013e-09
5.786999999999999765e-10 8.842734913617152914e-01 1.756533837137092824e-09
5.799000000000000344e-10 8.875823834542043711e-01 6.430571501319673730e-09
5.813000000000000502e-10 8.842734987711216021e-01 1.755494603322469905e-09
5.826999999999999627e-10 8.865790599055285437e-01 4.620870707188334978e-09
5.829000000000000240e-10 8.842735074956021846e-01 1.755618385343895919e-09
5.833999999999999706e-10 8.865789063082307742e-01 4.617107244216740634e-09
5.835000000000000013e-10 8.867345157781936216e-01 2.419182021425271608e-10
5.840000000000000513e-10 8.865788546719597374e-01 4.616720471976403299e-09
5.853999999999999637e-10 8.842762101474405112e-01 2.197886720229772592e-09
5.862000000000000023e-10 8.865782583205853440e-01 4.602180910572863152e-09
5.867999999999999796e-10 8.851201692330641357e-01 6.067680798789058999e-09
5.869000000000000102e-10 8.916183321249192550e-01 7.421526564974409941e-09
5.870000000000000409e-10 8.917810513694599539e-01 6.351809260984243621e-10
5.870999999999999682e-10 8.849989873537050800e-01 9.886531603788231476e-09
5.880000000000000374e-10 8.954425260696826649e-01 1.460538801816489653e-08
5.880000000000000374e-10 8.958846532013812203e-01 2.282517249650692014e-09
5.880999999999999647e-10 8.951699417393504943e-01 3.591041585157461964e-10
5.891999999999999919e-10 8.936516002469360176e-01 1.395531820214253385e-08
5.904999999999999771e-10 9.004275142278108657e-01 1.519718614500847055e-08
5.913000000000000157e-10 9.040968814739182013e-01 1.784667992237227407e-08
5.917999999999999623e-10 9.033281999134665785e-01 4.137782295451096063e-09
5.920000000000000236e-10 9.139588928770718823e-01 3.528620262459246096e-08
5.921999999999999816e-10 9.154100659765419534e-01 5.946670607048634597e-09
5.931000000000000509e-10 9.118368959745341007e-01 1.741049633907777844e-08
5.944999999999999633e-10 9.154098720056677019e-01 5.942238960565153230e-09
5.947999999999999519e-10 9.122065160650542071e-01 8.076195758422559148e-09
5.947999999999999519e-10 9.143309619251364095e-01 1.388192408709831224e-08
5.954999999999999599e-10 9.122065181106943088e-01 8.076195758422559148e-09
5.961999999999999678e-10 9.196528030128905407e-01 9.334179774103435530e-09
5.961999999999999678e-10 9.122065438057155307e-01 8.075192268281277596e-09
5.975999999999999836e-10 9.099199264826235423e-01 1.294570042307093686e-08
5.978999999999999722e-10 9.122067417580883575e-01 7.755558742431318138e-09
5.978999999999999722e-10 9.099199164490072711e-01 1.294294015525539651e-08
5.998999999999999653e-10 9.033124138232662137e-01 2.168435191197013940e-08
6.002999999999999846e-10 9.053288978636918616e-01 6.369588678776586678e-09
6.004000000000000153e-10 9.071459408030526639e-01 1.328779046498986082e-08
6.005999999999999733e-10 9.105156592125572823e-01 1.655938964136004114e-08
6.021000000000000198e-10 9.130857317383546112e-01 7.282267307095156891e-09
6.025999999999999664e-10 9.230615695786326125e-01 1.109762377037732425e-08
6.032999999999999743e-10 9.219496235935563666e-01 1.900239738860427811e-08
6.038999999999999515e-10 9.220656123884334310e-01 9.609348897686499669e-10
6.039999999999999822e-10 9.235905906979967606e-01 2.399287160689330031e-08
6.055999999999999560e-10 9.269842458651678108e-01 1.299786598431919201e-08
6.062000000000000366e-10 9.385689767229055125e-01 2.370812988122959404e-08
6.062999999999999639e-10 9.269842370785126295e-01 1.299650884645239469e-08
6.069000000000000446e-10 9.292034977219183478e-01 1.991604305930759751e-08
6.082000000000000297e-10 9.364655790453033646e-01 2.423206288231639727e-08
6.086999999999999763e-10 9.363925787652813693e-01 4.120485673032165832e-09
6.086999999999999763e-10 9.386992676220313747e-01 1.121921636469493279e-08
6.092999999999999536e-10 9.454893765170245823e-01 9.210733768048315259e-10
6.096000000000000456e-10 9.482651926968044265e-01 6.000450393572487781e-09
6.130999999999999818e-10 9.509955825061211510e-01 8.731662857475534869e-09
6.142000000000000090e-10 9.482651858747271900e-01 6.000082388604322887e-09
6.146000000000000283e-10 9.454758624657441102e-01 6.498303413289897762e-09
6.153000000000000362e-10 9.442422121751253838e-01 1.040517114733733902e-08
6.160999999999999714e-10 9.511263801377997096e-01 1.131711601071264433e-08
6.166000000000000214e-10 9.484650064326041186e-01 1.314846133907787940e-08
6.166000000000000214e-10 9.515023024845844501e-01 1.309254077705331436e-08
6.169000000000000100e-10 9.484646364806418317e-01 1.296797663173430596e-08
6.170000000000000407e-10 9.468241283294182020e-01 1.328691849479903138e-08
6.180999999999999645e-10 9.541163219257774442e-01 7.706764365781690513e-09
6.183999999999999531e-10 9.541100164110196680e-01 5.606474802049435772e-10
6.187000000000000452e-10 9.511690476518592785e-01 1.287249507607521862e-08
6.194999999999999804e-10 9.488782202482967110e-01 1.748645986415152542e-08
6.197000000000000417e-10 9.388072175133547193e-01 6.483624773327112684e-09
6.197999999999999690e-10 9.362770203565479177e-01 1.543514375407547015e-08
6.200000000000000303e-10 9.432125468601976204e-01 1.224691960332244332e-08
6.207999999999999655e-10 9.362772428697583305e-01 1.544052500000002966e-08
6.217999999999999621e-10 9.432125411731349107e-01 1.224604947057908664e-08
6.223000000000000121e-10 9.540310445984027110e-01 1.769248385111000698e-08
6.247000000000000245e-10 9.560285496281790696e-01 2.302959343890699715e-08
6.247999999999999517e-10 9.561871364839129583e-01 4.665507489520263925e-09
6.260000000000000096e-10 9.590722670699104446e-01 2.442992465222789950e-08
6.260000000000000096e-10 9.489257677357364473e-01 3.912236935879530786e-08
6.268000000000000482e-10 9.592113992221865670e-01 4.776274070253059431e-08
6.277000000000000141e-10 9.612427848609367276e-01 1.894616920043474699e-08
6.280000000000000027e-10 9.632181044290487604e-01 2.918089090591523640e-08
6.289999999999999993e-10 9.657009918115346814e-01 3.974400622651766382e-08
6.291000000000000299e-10 9.656856578446344486e-01 5.140797668840214233e-09
6.305000000000000458e-10 9.644993358735431954e-01 8.899748520416138876e-09
6.319999999999999889e-10 9.549129560658105031e-01 7.921269173265018063e-09
6.319999999999999889e-10 9.647593094345396914e-01 1.707675434249339047e-08
6.325000000000000389e-10 9.717225168998059326e-01 1.531683832945192835e-08
6.331000000000000161e-10 9.647588287449188060e-01 1.702129052398702575e-08
6.338999999999999513e-10 9.717225138627302305e-01 1.531594093541371529e-08
6.338999999999999513e-10 9.790703246364932388e-01 1.728727898152462073e-08
6.344000000000000013e-10 9.809626788417820098e-01 1.728702708585621233e-08
6.345000000000000320e-10 9.816103780958662650e-01 3.630358280546478581e-09
6.356999999999999865e-10 9.836696663842419142e-01 2.347240954044397185e-09
6.372999999999999603e-10 9.771138527076606017e-01 8.071904003260390540e-09
6.396999999999999727e-10 9.752053637844565470e-01 2.337460423070988799e-09
6.398000000000000033e-10 9.682066929605164241e-01 4.597341779226807643e-09
6.402999999999999499e-10 9.698486811680169239e-01 1.743150365626437936e-09
6.403999999999999806e-10 9.762052472754333410e-01 3.721389352584999290e-09
6.413000000000000498e-10 9.754227045677644758e-01 3.017593861201699817e-09
6.419999999999999544e-10 9.762067893926095197e-01 3.716562633131489250e-09
6.420999999999999850e-10 9.698585172463306536e-01 3.738925111007580809e-09
6.426999999999999623e-10 9.720790336396324394e-01 2.816666210992080128e-09
6.429000000000000236e-10 9.788652004589493139e-01 3.867339534233822409e-09
6.429999999999999509e-10 9.768336804476840385e-01 5.855528113646893324e-09
6.432000000000000123e-10 9.822438218924088860e-01 1.333305837602874113e-09
6.433999999999999702e-10 9.852541703223327563e-01 2.370773143921725738e-09
6.437999999999999895e-10 9.837271465549122240e-01 5.286643562335024156e-09
6.437999999999999895e-10 9.919740462120889557e-01 9.217437491849054472e-09
6.439000000000000202e-10 9.837271430659770832e-01 5.287771908865067523e-09
6.439000000000000202e-10 9.771183022117468919e-01 5.269245350877131096e-09
6.440999999999999781e-10 9.788169121961020069e-01 8.589574286601486708e-09
6.462000000000000019e-10 9.767514504977740097e-01 1.088301905604721722e-08
6.464999999999999905e-10 9.764376604307957175e-01 1.506423450551138571e-09
6.476000000000000178e-10 9.842739169678486055e-01 1.949521066294054123e-08
6.497999999999999688e-10 9.918315536520656561e-01 2.146243891631732524e-08
6.518999999999999926e-10 9.969209563756898929e-01 1.183398669538893562e-08
6.527000000000000312e-10 9.960546990433282177e-01 1.497377194845519542e-08
6.530000000000000198e-10 9.984320995969282464e-01 1.955051611551006374e-08
6.543000000000000050e-10 9.960547047286746336e-01 1.497425200512342424e-08
6.543000000000000050e-10 1.007363424558657128e+00 1.707194692516691411e-08
6.550000000000000129e-10 9.960554594431256792e-01 1.479920787765870114e-08
6.551000000000000436e-10 1.007363429995016935e+00 1.706910716348392982e-08
6.553000000000000015e-10 1.018654628940570239e+00 1.037758010246859696e-08
6.568000000000000480e-10 1.021654785508412600e+00 1.265016026703930164e-08
6.570000000000000060e-10 1.022190616326083656e+00 2.751588288309291673e-09
6.578000000000000446e-10 1.024433632196437127e+00 9.511044028101245192e-09
6.581999999999999605e-10 1.035920451640441442e+00 1.185373510013971385e-08
6.588999999999999684e-10 1.038310321064780828e+00 1.061884900481296247e-08
6.594000000000000184e-10 1.040108366047613586e+00 1.491367969026548631e-08
6.608000000000000342e-10 1.038362410184722417e+00 1.366284667598203213e-08
6.615000000000000421e-10 1.040079413391935770e+00 9.874426220307399657e-09
6.618000000000000308e-10 1.038275101268345990e+00 1.584876964524128820e-08
6.619999999999999887e-10 1.044338446891373673e+00 7.426756550225167911e-09
6.638999999999999511e-10 1.033078220476184361e+00 9.047954110386598859e-09
6.645999999999999590e-10 1.035821567855155667e+00 1.129779369352588902e-08
6.662999999999999635e-10 1.035449816298598780e+00 1.475164301350730754e-09
6.669000000000000442e-10 1.038055699609496951e+00 1.754580677224033319e-08
6.675999999999999487e-10 1.035450349623120214e+00 1.474166412824103407e-09
6.690999999999999952e-10 1.038055697007732370e+00 1.754337445427730271e-08
6.725000000000000041e-10 1.039228955059951609e+00 2.120887002018335562e-09
6.729999999999999507e-10 1.040246380552651617e+00 1.696580278217670082e-08
6.729999999999999507e-10 1.037959706202090215e+00 9.493937251979537036e-09
6.732000000000000121e-10 1.049915016690984082e+00 1.225729733969882353e-08
6.740000000000000507e-10 1.051377786577072593e+00 9.425536411271542489e-09
6.747999999999999859e-10 1.044296638667971955e+00 8.886613324794286808e-09
6.756999999999999517e-10 1.046597543291445831e+00 1.314715340164567364e-08
6.759000000000000131e-10 1.049428575433213329e+00 6.124438162552348985e-09
6.762000000000000017e-10 1.051545036387213639e+00 7.065747036950765736e-09
6.767999999999999790e-10 1.053988810526276465e+00 3.848627029964244270e-09
6.770999999999999676e-10 1.056829515890404414e+00 6.241669203539821998e-09
6.777999999999999755e-10 1.068142672779393454e+00 3.272839689489221044e-09
6.779000000000000062e-10 1.070064562178002054e+00 8.003256417481796799e-09
6.780999999999999641e-10 1.063669270081512241e+00 9.217975970346234318e-09
6.781999999999999948e-10 1.065064900536522252e+00 5.971416957770559389e-09
6.789000000000000027e-10 1.063002463066107683e+00 6.563541934482258450e-09
6.831000000000000503e-10 1.069941240393657900e+00 5.373477162707661690e-09
6.840000000000000161e-10 1.067927750133648823e+00 1.910872583760291384e-08
6.851000000000000434e-10 1.074203770197618812e+00 1.673520294985257489e-08
6.867000000000000171e-10 1.067863685168213062e+00 1.573455902189098748e-08
6.874999999999999523e-10 1.065285519860421193e+00 6.663656659680180266e-09
6.907000000000000033e-10 1.067863688713395209e+00 1.573420404906068364e-08
6.915999999999999692e-10 1.074241058626173695e+00 7.604736333643827309e-09
6.918000000000000306e-10 1.067907007910479544e+00 1.361991265641976857e-08
6.918999999999999578e-10 1.065910292960189798e+00 1.558830528799873103e-08
6.925000000000000385e-10 1.066150200829358630e+00 4.422404075454136846e-10
6.928000000000000271e-10 1.062993942137113734e+00 7.142458739326185637e-09
6.958000000000000167e-10 1.065650412467974206e+00 8.018972737928894713e-09
6.972000000000000326e-10 1.073176679897779318e+00 1.159719873932612015e-08
7.007999999999999995e-10 1.065650139237872107e+00 8.000175187859041769e-09
7.019000000000000267e-10 1.065231375503273847e+00 2.263971815711841349e-09
7.022000000000000153e-10 1.065778883161709878e+00 5.993397519018784418e-09
7.029999999999999505e-10 1.068162272982320138e+00 3.081113609377416469e-08
7.029999999999999505e-10 1.070703767988417932e+00 2.539424779382089319e-08
7.030999999999999812e-10 1.068162377726974643e+00 3.055370217435180053e-08
7.033999999999999698e-10 1.070703773751687571e+00 2.539314636624755171e-08
7.043999999999999664e-10 1.068162734176660855e+00 2.930784172721625480e-08
7.054999999999999936e-10 1.071106662465989734e+00 2.752388371138027127e-08
7.063999999999999595e-10 1.070900296809706331e+00 4.343396333643833688e-09
7.070000000000000401e-10 1.073023823302715174e+00 3.672438971588269359e-08
7.074999999999999867e-10 1.075557684965122940e+00 6.279797489209753781e-08
7.086000000000000139e-10 1.075636327990574959e+00 1.568390164881226718e-08
7.093000000000000218e-10 1.077684463907875978e+00 5.511839602002805909e-08
7.104000000000000490e-10 1.080246028657342983e+00 5.410084003182729390e-08
7.118999999999999922e-10 1.082418835725234452e+00 4.728372116131032642e-08
7.127000000000000308e-10 1.084717455521077678e+00 8.882413110076088267e-08
7.131000000000000501e-10 1.087088037714623923e+00 8.924193662241895269e-08
7.144999999999999625e-10 1.084717506751409433e+00 8.867285590125764678e-08
7.148999999999999818e-10 1.086740906127291684e+00 9.704438278217662841e-08
7.171000000000000362e-10 1.089073197567177020e+00 9.684808370439354331e-08
7.205999999999999725e-10 1.086740903460177377e+00 9.704111375562794258e-08
7.207000000000000031e-10 1.089653233358548468e+00 3.116839766573520874e-08
7.208000000000000338e-10 1.096420194432561557e+00 7.477404327355992013e-08
7.231000000000000155e-10 1.094739811459235712e+00 9.540906244760138313e-08
7.235999999999999621e-10 1.097154663304950484e+00 9.393333571883234913e-08
7.238000000000000234e-10 1.099250891858745582e+00 1.012697765478962881e-07
7.239999999999999814e-10 1.101913897240945905e+00 1.051088335949386257e-07
7.241000000000000121e-10 1.104419206884499793e+00 2.850998343192047618e-08
7.242999999999999700e-10 1.101913420588634951e+00 1.048931255744450014e-07
7.252999999999999666e-10 1.099232960110988921e+00 3.621229726750508719e-08
7.262999999999999631e-10 1.101851742012222690e+00 7.670725638332551678e-08
7.286999999999999755e-10 1.099232620128738791e+00 3.539596398152467275e-08
7.292000000000000255e-10 1.101851746795235343e+00 7.670440380065201966e-08
7.295000000000000141e-10 1.104653881267402049e+00 1.100616692912593068e-07
7.312000000000000186e-10 1.110898900003342460e+00 3.867922773792885151e-08
7.323999999999999731e-10 1.109239892777306169e+00 7.000166675749116194e-08
7.329000000000000230e-10 1.111646913258825364e+00 1.070923306443100469e-07
7.336999999999999582e-10 1.114341258969436588e+00 4.538382787144851220e-08
7.339000000000000196e-10 1.114242632345774586e+00 1.584508749883556830e-08
7.340000000000000503e-10 1.116509069283548206e+00 1.308113610285669059e-07
7.346000000000000275e-10 1.118939578384296585e+00 1.186247593331781113e-07
7.350999999999999741e-10 1.121607613223965183e+00 2.728842205721162290e-07
7.353999999999999627e-10 1.123776070302218377e+00 2.248867964663869238e-07
7.354999999999999934e-10 1.125913337129272218e+00 5.607750790653624745e-07
7.356999999999999513e-10 1.128312023864234126e+00 2.374111270051234558e-07
