# t	msd	err
1.880000000000000071e+01 1.544433680055069526e-05 4.574384451552574029e-06
2.916666666666666785e+01 1.166909951763930537e-05 7.016405714945663625e-06
4.812500000000000000e+01 1.526020686252293329e-05 4.035579848836162670e-06
7.888888888888888573e+01 1.373215169385700464e-05 4.234245623100711428e-06
1.301707317073170600e+02 1.008629515513180235e-05 2.133323295237198748e-06
2.214166666666666572e+02 2.259773047313940169e-03 1.557749357028461899e-03
3.477826086956521863e+02 4.905206742528969363e-03 1.654468495891486379e-03
5.738712121212121247e+02 5.601379776435021392e-03 1.472009420409128551e-03
9.468975206611570457e+02 6.642009018310267299e-03 1.178325197071996341e-03
1.539061756373937214e+03 1.226642858431698652e-02 1.255658466972593180e-03
2.525527586206896558e+03 1.487323328125109319e-02 1.106827448253387865e-03
4.112974769230771017e+03 1.506864258262576375e-02 9.959801701935671811e-04
6.842817705735653362e+03 9.186229590715069490e-03 7.451849832967056414e-04
1.114234599542333126e+04 1.401609406087768461e-02 6.823075236405671574e-04
1.663523139678626831e+04 2.468496017703068063e-02 1.003097817406506734e-03
