# t msd err
1.346510083526102083e-09 2.147452622637901527e+02 2.967361702439021975e-01
4.047178315095466691e-09 6.330729478516136624e+02 8.874566159008581145e-01
6.748505337420118193e-09 1.057777390762752930e+03 1.508925737368759235e+00
9.445851738616258258e-09 1.469141207974057124e+03 2.135909933707088371e+00
1.214791438873507375e-08 1.895839258146537759e+03 2.812427883750074020e+00
1.484629972058128825e-08 2.345996526392011219e+03 3.547113360247246661e+00
1.755047372371463829e-08 2.865372637526260860e+03 4.413970880085229531e+00
2.025333870545825041e-08 3.393551111383470925e+03 5.357104227775720595e+00
2.295581477600122833e-08 3.920812028087912040e+03 6.330332668050456135e+00
2.565417295385094331e-08 4.480005560351805798e+03 7.412439257485167410e+00
2.835227651394853342e-08 5.050060345845358825e+03 8.570023378747237075e+00
3.105357348519260945e-08 5.554267114504410529e+03 9.669719671334863875e+00
3.375658549200679593e-08 6.070579495612923893e+03 1.086573887517973169e+01
3.646097205450642695e-08 6.601825180510462815e+03 1.219150237986131025e+01
3.916077149498991330e-08 7.164613894995271039e+03 1.365627591613900016e+01
4.185974486069861625e-08 7.669038784156836300e+03 1.510412903779159244e+01
4.455696871261924392e-08 8.139342004082998756e+03 1.660405713909671732e+01
4.725738320709860657e-08 8.683477168921681368e+03 1.843270551571851357e+01
4.996077239259044702e-08 9.086972286343638189e+03 2.008812151146356229e+01
5.266075346026768625e-08 9.267309249589125102e+03 2.148505571288240290e+01
5.536097694229690402e-08 9.441482080080204469e+03 2.304168199256690386e+01
5.805764293108835559e-08 9.450076608791205217e+03 2.438926396785174688e+01
6.075471211470216225e-08 9.456707661527954770e+03 2.602503470646847106e+01
6.344638480020837149e-08 9.487301746743183685e+03 2.818028376145463909e+01
6.614518387445181715e-08 9.483409286833433725e+03 3.051102690022724317e+01
6.883598780455506644e-08 9.486710500329088973e+03 3.392972298363375927e+01
7.152480035435496559e-08 9.085424751344698961e+03 3.716658509702858026e+01
7.420061832608496816e-08 8.840133024403794479e+03 4.297965752100598280e+01
7.682522414411822889e-08 8.643551417250491795e+03 5.498813993974467706e+01
7.933930605923508347e-08 7.397093017193639753e+03 8.067529389892543179e+01
8.154692497913341100e-08 5.776227707683266999e+03 2.154169438770531713e+02
