# t	msd	err
7.444444444444344205e-11 7.888141048000307798e-01 0.000000000000000000e+00
1.053982300884955480e-10 8.020261116177506144e-01 0.000000000000000000e+00
2.062533088235289803e-10 1.017500734778157279e+00 0.000000000000000000e+00
4.017469050894098998e-10 1.453487994841968112e+00 0.000000000000000000e+00
6.953037323037562579e-10 2.034875683098926746e+00 0.000000000000000000e+00
1.199550783517129798e-09 3.046583100318262183e+00 0.000000000000000000e+00
2.094414194277186194e-09 4.965899090187645193e+00 0.000000000000000000e+00
3.699020513849720811e-09 8.276730732808438518e+00 0.000000000000000000e+00
6.477369067448620680e-09 1.253051238066467299e+01 0.000000000000000000e+00
1.135441525273804341e-08 1.876289575310415714e+01 0.000000000000000000e+00
1.987642676460092397e-08 3.285252370773961417e+01 0.000000000000000000e+00
3.471680871511960695e-08 6.456837780859703457e+01 0.000000000000000000e+00
6.068330881107222344e-08 1.077649923759571919e+02 0.000000000000000000e+00
1.058401483932401356e-07 1.679213288099806789e+02 0.000000000000000000e+00
1.832067579768709213e-07 1.947553196375533560e+02 0.000000000000000000e+00
2.934104775093812769e-07 1.246404687211870765e+02 0.000000000000000000e+00
