# t	msd	err
1.000000000000048246e-13 2.751374528380374773e-01 1.593402712311721599e-03
7.000000000000079225e-13 2.794717567591923357e-01 0.000000000000000000e+00
1.000000000000306739e-12 5.373351587720540667e-01 1.069212724159500777e-01
1.992000000000011303e-12 6.619765461014855967e-01 1.196408403541695115e-01
3.033333333333341680e-12 8.291266931114723571e-01 1.375022565610071468e-01
5.078461538461626775e-12 7.988026606541464014e-01 9.472118062800677363e-02
9.716041666666717578e-12 1.004271260936212107e+00 4.189198986863935936e-02
1.492630434782609949e-11 1.161275985009376788e+00 8.221329179729276737e-02
2.518226514486413364e-11 1.731405416618015281e+00 4.629726796845323039e-02
4.449063794532008469e-11 2.712120960795712410e+00 6.877381401079903089e-02
7.394084893882741941e-11 4.010282607066122829e+00 7.081013101846771185e-02
1.245618353067865165e-10 5.909414241546497415e+00 7.822606632182659003e-02
2.100800692145704127e-10 9.916183225758503639e+00 1.043324279957770218e-01
3.553667994363191650e-10 1.707048639468216322e+01 1.322640649424357551e-01
5.986042765008235775e-10 2.957380366320652598e+01 1.676822409735219677e-01
1.011581908780384395e-09 4.894621344006485231e+01 2.178323337805353754e-01
1.706934241212785006e-09 7.440137775053568703e+01 2.692030015517964947e-01
2.880573795538745794e-09 9.423875789240014456e+01 2.880373160720969827e-01
4.831560714907314611e-09 1.605287746287692698e+02 4.038291728391895097e-01
8.065326995907593173e-09 2.670413017601318302e+02 5.315377052538488023e-01
1.260820557309182840e-08 7.018187236728364269e+02 1.132228314222178289e+00
