# t	msd	err
9.999999999999964963e-14 3.029530602113123146e-03 6.462392916593563382e-04
2.499999999999991367e-13 4.298317235201007391e-03 5.157322510272742454e-04
4.400000000000108984e-13 5.004176392525275241e-03 8.067286518303734685e-04
9.887591240875777986e-13 4.094536414390100541e-03 2.311104429643761726e-04
1.498235294117652495e-12 4.859695867048518733e-03 4.035979391248284182e-04
2.504745098039207742e-12 5.788572163751142495e-03 2.475899299604755873e-04
4.901545454545440719e-12 6.560997362284925853e-03 2.255326922255309870e-04
8.856654368932038025e-12 8.154525333516590355e-03 2.404434670381491908e-04
1.594752997601922908e-11 1.149039427478663021e-02 2.523950487617340559e-04
2.898917788461518890e-11 1.669390344715674171e-02 2.701361529998360300e-04
5.232571753410640299e-11 2.538518455824789744e-02 3.045018355918519405e-04
9.626402691445068410e-11 3.644273234268207567e-02 3.459411812524622581e-04
1.770035006404394327e-10 4.767585714891831722e-02 3.261258499972514296e-04
3.161157799763386632e-10 7.815958373522766123e-02 3.398912770105882303e-04
5.785969684959331427e-10 1.202566772511994009e-01 3.639480821174399697e-04
1.029142974912506152e-09 2.229797118869491501e-01 4.344122565743515144e-04
1.886591102596321146e-09 3.894991623235369294e-01 6.184003333340546554e-04
3.350381645800266587e-09 6.613758457340446206e-01 7.836365069106854004e-04
5.703074347772241698e-09 1.055798344724510063e+00 8.640103923292360641e-04
