# t	msd	err
2.299999999999939713e-14 2.981901869698185773e-03 6.419130501178398149e-04
4.399999999999747118e-14 2.866864595921170267e-03 6.686734298937686404e-04
7.499999999999984451e-14 3.673636628635363471e-03 4.864258103466162172e-04
1.047916666666662790e-13 3.748342637791357481e-03 3.063770755199057968e-04
2.500238636363651019e-13 3.358608420627531843e-03 2.039141980441180240e-04
4.483274509803962434e-13 3.768936725798174674e-03 2.435333907148167702e-04
7.338223495702020638e-13 5.379494953119962584e-03 2.177229677030475500e-04
1.296786166007906549e-12 7.988114049202656858e-03 2.817841946727316950e-04
2.278147947019865324e-12 1.035934036004103678e-02 2.467304215507702746e-04
4.157135168195738940e-12 1.691008013921798184e-02 2.511623942841280030e-04
7.363440129449837943e-12 2.407686392338276304e-02 2.666923984080426819e-04
1.280544284509419378e-11 3.681489163469284925e-02 2.930656758326609531e-04
2.272841281092208320e-11 6.006021747691439594e-02 3.610841159739226996e-04
4.031872705170497082e-11 9.406616042818022327e-02 4.436606482239216064e-04
7.082646635732698485e-11 1.476490204497493686e-01 5.080550740702900357e-04
1.254314277045851594e-10 2.448555016152811070e-01 5.249760525641850159e-04
2.252405596390602850e-10 4.155420771391561963e-01 6.744120322482271938e-04
3.883228851139120126e-10 7.390845606779671284e-01 7.844737388093283269e-04
6.557085833961489117e-10 1.243017115380846027e+00 8.975347194602856888e-04
