# t	msd	err
9.999999999998104311e-12 4.626260834931039765e-04 0.000000000000000000e+00
2.999999999999927602e-11 4.624958930813913337e-04 0.000000000000000000e+00
9.899999999998718580e-11 5.080493044668876832e-04 4.394756632521422705e-05
2.026666666666741352e-10 4.925704478176980801e-04 2.966776062994633926e-05
3.568749999999819784e-10 4.908708370412620623e-04 2.797997379578021613e-05
6.133333333333322493e-10 5.845859266124881154e-04 3.715055341920802474e-05
1.006571428571419926e-09 5.868945310187476594e-04 2.125995702293215542e-05
1.917707006369416307e-09 6.997993170087267499e-04 2.679895779546903844e-05
2.996725663716832222e-09 7.104890172132110205e-04 2.581129863768556531e-05
5.058635607321108899e-09 9.665159569449441150e-04 2.073536420501550514e-05
8.976587215601305317e-09 1.431917687329473284e-03 2.315240649227703131e-05
1.531821059038337973e-08 2.079699999419237430e-03 2.292129271678234131e-05
2.605769904761904828e-08 3.233621038705833135e-03 2.445506647832296394e-05
4.461603882252541161e-08 5.178390143122872658e-03 2.463454664966614093e-05
7.691254372813665809e-08 8.721842222232229630e-03 2.751252989395505964e-05
1.318460250920286602e-07 1.469339988062530293e-02 3.235621442560685467e-05
2.261998853073116599e-07 2.463400300906098614e-02 3.945782588840542651e-05
3.876008740157497279e-07 4.139546528206525244e-02 4.716623709582746349e-05
6.628673094102233883e-07 7.102990237461948020e-02 5.853235348817238936e-05
1.120757209498400352e-06 1.201961597315332475e-01 7.874644316879908360e-05
1.794156174511546025e-06 1.905282832343865584e-01 1.243507099388135612e-04
