# time dx dy dz
9.951000000000000714e-13 -1.514789734150000067e+00 -1.366079999999998962e-01 -1.146867599999999987e+00
1.556000000000000034e-12 -2.799789999999999918e-02 1.323487500000000150e+00 1.172922534460000055e+00
1.154999999999999986e-11 -9.667890155300001842e-01 -1.036309700000000333e+00 1.048060105999991387e-02
1.173999999999999965e-11 1.399250000000012983e-02 1.539443000000000117e+00 -1.209481852440000171e+00
3.350000000000000064e-11 -1.399250000000012983e-02 -1.539443000000000117e+00 1.209482752440000031e+00
3.362999999999999786e-11 1.400200000000012546e-02 1.539449299999999798e+00 -1.209502752439999940e+00
3.733000000000000189e-11 -1.347793499999999867e+00 1.135240000000020677e-02 -1.285647599999999668e+00
4.156999999999999836e-11 -5.495845949800016311e-02 -1.268254740040000161e+00 1.387495498610000100e+00
7.827000000000000475e-11 -1.385368322631999716e+00 4.221368413000003983e-02 1.239862301390000088e+00
8.398999999999999896e-11 -1.330627505469999861e+00 1.541510000000007041e-02 -1.312613952099999981e+00
8.611000000000000043e-11 1.298105339159999927e+00 1.238939377400000569e-01 -1.486705285379000152e+00
1.022999999999999983e-10 -1.298103439159999928e+00 -1.238977377400000551e-01 1.486704585379000187e+00
1.027000000000000047e-10 1.298105217120000043e+00 1.238823230500000760e-01 -1.486705685378999497e+00
1.276000000000000040e-10 -1.280765517120000085e+00 -6.497172304999988823e-02 -1.142100300000000068e+00
1.288000000000000102e-10 1.695054855899977286e-02 -1.312053697410000108e+00 1.075827300000000264e+00
1.298000000000000067e-10 5.517565302700011554e-02 1.275276249560000075e+00 1.180691899999999794e+00
1.329000000000000012e-10 -1.390498099999999848e+00 1.346062407810000083e+00 -6.774137690000070489e-03
1.378000000000000049e-10 -1.315140977307000192e+00 1.302485040040000097e+00 1.282200000000002782e-02
1.424999999999999991e-10 -9.328621222730001383e-01 -9.056470000000002019e-01 -3.307570640999998868e-02
1.629000000000000010e-10 9.328650222730001662e-01 9.056472000000000966e-01 3.307520640999998818e-02
1.647999999999999893e-10 -9.329319053430003006e-01 -9.056465999999998573e-01 -3.306234371999994259e-02
1.895999999999999967e-10 -1.956662173499998381e-01 -7.077683000000001279e-01 -1.271857033279999882e+00
1.911999999999999963e-10 1.028636000000000106e+00 -1.131637800000000027e+00 -1.188000340300000568e-01
1.914000000000000060e-10 1.295470166559999692e+00 -4.282030000000006109e-02 -1.212463200000000185e+00
1.951000000000000035e-10 2.514735200000000059e+00 6.761513541499997171e-01 1.460563226250000124e+00
5.158000000000000179e-10 -3.594900000000011975e-03 1.316771745850000119e+00 1.483502500000000168e+00
5.159999999999999759e-10 3.604500000000065985e-03 -1.316783231150000288e+00 -1.483515400000000151e+00
1.242999999999999947e-09 -8.497617748999995724e-02 -1.266925868849999803e+00 -1.272374300000000291e+00
1.246000000000000040e-09 -1.355678242850000270e+00 6.509827812000013036e-02 1.227267867289999925e+00
1.259999999999999992e-09 1.084569620340000151e+00 -1.283645599999999831e+00 3.702132710000062554e-03
1.269000000000000064e-09 -1.084600320340000090e+00 1.283660900000000105e+00 -3.703917450000059064e-03
1.281000000000000023e-09 -5.472468796600000740e-01 -8.028184876400001890e-01 1.743555174500001081e-01
1.281000000000000023e-09 -7.841320000000002732e-01 -5.757904123599999480e-01 -2.044605548200000567e-01
1.312000000000000019e-09 1.250211682720000272e+00 -1.190196900000000113e+00 -1.595090842100000128e-01
1.312999999999999912e-09 -1.250221282719999882e+00 1.190204500000000110e+00 1.595505898899998998e-01
1.312999999999999912e-09 1.250221282719999882e+00 -1.190208300000000108e+00 -1.595503898899998940e-01
1.312999999999999912e-09 -1.250167782719999954e+00 1.190177899999999900e+00 1.596255153699999429e-01
1.319999999999999991e-09 -1.054571400000000381e+00 1.186489100000000407e+00 -4.395755827000000227e-02
1.321999999999999984e-09 1.197413881840001665e-01 -9.931872896500001380e-01 1.363368051989999552e+00
1.414999999999999973e-09 -1.733464257000005837e-02 -1.241157199999999960e+00 1.292626629280000161e+00
1.422999999999999946e-09 1.517667800000000344e+00 2.599295999999998719e-01 -9.731981292800000460e-01
1.424999999999999939e-09 9.178964999999998930e-01 -1.170974599999999866e+00 6.501630000000012399e-02
1.426000000000000039e-09 -9.178983999999998922e-01 1.170974599999999866e+00 -6.501650000000010199e-02
1.426000000000000039e-09 9.175530999999998993e-01 -1.170385299999999962e+00 6.491920000000003799e-02
1.428000000000000032e-09 1.226032000000000011e+00 5.343653657999994366e-02 -8.854871000000001935e-01
1.428999999999999925e-09 1.261098899999999690e+00 1.222913655320000181e+00 5.854108282000025643e-02
1.437999999999999997e-09 -1.462436699999999812e+00 6.451409999999987988e-02 1.295005100000000020e+00
1.441999999999999984e-09 -1.151285079960000068e+00 1.393383146139999917e+00 -5.152700000000121072e-03
1.449999999999999956e-09 -1.298630320040000008e+00 -7.241055390999984187e-02 -1.243689100000000103e+00
1.457000000000000035e-09 7.632522999999999946e-01 6.662906077699998209e-01 3.283641000000002697e-01
1.457000000000000035e-09 -7.632570000000000743e-01 -6.662563224599997724e-01 -3.283755000000000979e-01
1.459999999999999921e-09 -1.476459427579999817e+00 -9.669097754000005596e-02 -1.200505400000000167e+00
1.476000000000000073e-09 6.567022757999976812e-02 1.294250497700000224e+00 -1.136333900000000119e+00
1.490999999999999918e-09 -7.185087000000001112e-01 -5.375782976999999851e-01 -2.630359999999980214e-02
1.490999999999999918e-09 7.185108000000001161e-01 5.375365535999999667e-01 2.633129999999982152e-02
1.499000000000000097e-09 -1.328284132500000103e+00 1.197673646400000180e+00 -4.502620000000003009e-02
1.503000000000000083e-09 -1.689436749999997933e-02 1.024248300000000000e+00 -1.407349374320000068e+00
1.513000000000000049e-09 -2.715879999999998295e-02 1.156940099999999916e+00 1.275931302580000315e+00
1.513999999999999942e-09 -1.080528375950000175e+00 -1.025962800000000286e+00 -9.082292826000024077e-02
1.515999999999999935e-09 -8.847788541400001261e-01 1.158928975590000077e+00 6.811801586999985392e-02
1.517999999999999928e-09 1.305756200000000034e+00 6.148678977999993966e-02 -1.331030115869999975e+00
1.525999999999999900e-09 1.191446400000000239e+00 -1.193343189779999758e+00 3.111253056460006050e-02
1.530000000000000093e-09 3.510369999999987667e-02 -1.053682800000000030e+00 1.372677069435400021e+00
1.546000000000000038e-09 -3.508389999999986242e-02 1.053671399999999814e+00 -1.372665728225400228e+00
1.546999999999999931e-09 1.264942400000000022e+00 1.186981100000000122e+00 -1.393527177459991107e-02
1.550999999999999917e-09 -7.349400000000010091e-02 1.149162580210000062e+00 1.060887000000000135e+00
1.567999999999999962e-09 1.109075999999999673e-01 -1.471963812230000057e+00 1.337661799999999790e+00
1.569000000000000062e-09 4.310029999999995948e-02 -1.069427193110000562e+00 -1.155341299999999904e+00
1.579000000000000027e-09 1.190893971189999956e+00 9.608773931100001997e-01 -2.636897999999999187e-01
1.579999999999999921e-09 -5.627126864099999404e-01 6.351480999999997712e-01 -2.495160999999999074e-01
1.581000000000000021e-09 5.625486864099998874e-01 -6.351614999999994904e-01 2.496313999999998090e-01
1.604000000000000044e-09 -1.026490099999999961e+00 -6.056070000000068898e-02 -1.406020600000000176e+00
1.604000000000000044e-09 -3.600099999999856193e-03 1.217689899999999881e+00 1.218940799999999935e+00
1.610000000000000024e-09 4.464260000000024736e-02 1.286664568299999978e+00 1.254244799999999938e+00
1.612000000000000017e-09 -1.309027674199999769e+00 1.430377431699999757e+00 -3.556828815999998200e-02
1.645999999999999899e-09 -8.367931446000004270e-02 1.443877699179999752e+00 1.352649382350000096e+00
1.650000000000000092e-09 1.227112127699999944e-01 -1.442818199999999829e+00 1.159917500000000157e+00
1.652999999999999979e-09 1.150473428259999764e+00 2.295255555500000655e-01 7.442566506199997933e-01
1.654999999999999972e-09 1.093248599999999682e+00 1.256478944449999746e+00 1.240439493800000181e-01
1.658000000000000065e-09 1.088063299999999956e+00 1.015154400000000123e+00 -8.058983333999993059e-02
1.660999999999999951e-09 -1.088063299999999956e+00 -1.015153400000000206e+00 8.059003333999990859e-02
1.660999999999999951e-09 1.088038200000000177e+00 1.015158500000000075e+00 -8.056682598999996558e-02
1.666000000000000037e-09 -1.088038200000000177e+00 -1.015158500000000075e+00 8.056732598999997996e-02
1.666999999999999930e-09 1.088007800000000191e+00 1.015163300000000213e+00 -8.054326496999995866e-02
1.666999999999999930e-09 -1.088007800000000191e+00 -1.015163300000000213e+00 8.054156496999996528e-02
1.668000000000000030e-09 1.087986700000000084e+00 1.015160400000000074e+00 -8.051689659999998472e-02
1.668999999999999923e-09 -1.087985699999999945e+00 -1.015157199999999982e+00 8.051639659999997034e-02
1.670000000000000023e-09 1.087955300000000181e+00 1.015147400000000033e+00 -8.049277454999999304e-02
1.676000000000000003e-09 -1.087953300000000123e+00 -1.015147400000000033e+00 8.049277454999999304e-02
1.676000000000000003e-09 1.087932400000000133e+00 1.015143400000000140e+00 -8.047202198999993394e-02
1.677000000000000103e-09 -1.087932400000000133e+00 -1.015143899999999988e+00 8.047202198999993394e-02
1.677000000000000103e-09 1.087901800000000252e+00 1.015134500000000273e+00 -8.045359994999991271e-02
1.681999999999999982e-09 -1.087901800000000252e+00 -1.015134500000000273e+00 8.045319994999994284e-02
1.683999999999999975e-09 -1.318011510100000283e+00 1.295399600000000095e+00 -5.180769999999998432e-02
1.683999999999999975e-09 -9.320640009999996145e-02 -8.947597000000002687e-01 -1.209681299999999959e+00
1.687999999999999961e-09 1.255007600000000112e+00 6.132428306000045626e-02 -1.226169300000000018e+00
1.689999999999999954e-09 4.811080364000001192e-02 -1.375871899999999926e+00 -9.932874999999999899e-01
1.693000000000000047e-09 -4.811080364000001192e-02 1.375871899999999926e+00 9.932873000000000951e-01
1.693000000000000047e-09 -3.273040000000002059e-02 1.285552200000000145e+00 1.118767710599999798e+00
1.697000000000000034e-09 1.223660699999999935e+00 -7.897191993000013399e-02 8.160209000000000490e-01
1.737999999999999995e-09 -1.249912199999999807e+00 -1.258268900000000023e+00 2.712139999999994833e-02
1.737999999999999995e-09 -1.254452673959999931e+00 -1.203309857550000084e+00 -1.086894999999999528e-01
1.739999999999999988e-09 8.657918000000002223e-01 1.643015557899999979e-01 9.112947000000000131e-01
1.739999999999999988e-09 -5.251970999999999723e-01 1.911703030540000403e-01 7.454172999999999494e-01
1.739999999999999988e-09 -7.334202053000000721e-01 -1.640807085340000304e-01 5.038527000000001532e-01
1.741999999999999982e-09 7.334202053000000721e-01 1.640826085340000295e-01 -5.038521999999999723e-01
1.741999999999999982e-09 5.246831000000000689e-01 -1.747925778939999897e-01 -7.266974999999997742e-01
1.741999999999999982e-09 -8.701087000000000682e-01 -1.709868991199999799e-01 -9.014636000000002536e-01
1.745000000000000075e-09 1.220936900000000325e+00 1.225559804760000260e+00 1.065156379200000586e-01
1.755999999999999933e-09 -1.441519946999998969e-01 -1.195684599999999875e+00 -9.980843999999999827e-01
1.755999999999999933e-09 1.093370500000000023e+00 1.338101099999999821e+00 4.945199999999976004e-02
1.755999999999999933e-09 -1.681173340300002317e-01 1.353492093520000106e+00 -1.233709335340000157e+00
1.755999999999999933e-09 1.291360634030000121e+00 1.195684899999999828e+00 1.548791184999992465e-02
1.757999999999999926e-09 -1.379291400000000056e+00 -5.403990000000005733e-02 -1.327607776510000059e+00
1.958999999999999956e-09 -2.398895270079999698e+00 -9.312528011099998615e-01 -1.823414000000000090e+00
1.962000000000000049e-09 -7.961110182000000202e-02 1.266124199999999922e+00 1.200435099999999977e+00
1.975999999999999794e-09 -1.398740697000000477e+00 -1.375845800000000008e+00 5.679200019999816607e-03
1.997999999999999925e-09 7.067800000000006022e-03 1.367388499999999896e+00 -1.302964723899999733e+00
2.000000000000000125e-09 -8.826343180000278954e-03 -1.220994999999999830e+00 -1.298754597699999902e+00
2.001999999999999911e-09 -6.531910000000000494e-02 -1.090865199999999646e+00 1.487610299999999830e+00
2.008999999999999990e-09 6.515600000000000558e-02 1.090943299999999727e+00 -1.487692699999999979e+00
2.009999999999999883e-09 5.497241979999956119e-03 1.201311299999999971e+00 1.321760700000000233e+00
2.016999999999999962e-09 -5.513241979999888853e-03 -1.201292899999999886e+00 -1.321778099999999956e+00
2.017999999999999856e-09 -1.161712780709999837e+00 2.484129999999999672e-02 -1.529975899999999944e+00
2.019000000000000162e-09 -1.286895431220000052e+00 1.108816399999999813e+00 -5.349710000000020005e-02
2.019000000000000162e-09 1.067868431219999970e+00 1.186403499999999944e+00 1.062810622100000546e-01
2.040999999999999880e-09 -1.067868431219999970e+00 -1.186403499999999944e+00 -1.062696622100000599e-01
2.042000000000000186e-09 -6.273407687799998911e-01 7.254754000000002145e-01 -2.072411487289999854e-01
2.042000000000000186e-09 6.273570992899998311e-01 -7.254763000000001849e-01 2.072373487289999872e-01
2.043000000000000079e-09 1.067846600710000038e+00 1.186380400000000002e+00 1.062619475200000108e-01
2.063999999999999904e-09 -1.031310900000000030e+00 1.851598000000001243e-01 1.193901378950000147e+00
2.066000000000000103e-09 1.439097199999999965e+00 1.004610000000000503e-01 1.255108940379999982e+00
2.078999999999999955e-09 -1.419483100000000109e+00 -7.157810000000003336e-02 1.276427199999999873e+00
2.089000000000000127e-09 1.600610000000002309e-02 1.184743845459999889e+00 1.148351900000000203e+00
2.096000000000000207e-09 1.257512399999999975e+00 -1.286343899999999874e+00 5.565568586119987171e-02
2.097000000000000100e-09 1.367596668840000085e+00 -7.710720000000004237e-02 -1.317800108521200109e+00
2.113999999999999938e-09 -2.288161774999972198e-02 1.475306399999999796e+00 -1.309252300000000258e+00
2.118999999999999817e-09 1.469087378249999798e+00 1.231248000000000120e+00 -1.007899999999967156e-02
2.121000000000000017e-09 -1.324968063200000046e+00 1.223907640329999769e+00 1.065795699999871893e-03
2.125999999999999896e-09 1.324993763199999952e+00 -1.223928540329999759e+00 -1.069495699999950533e-03
2.129999999999999882e-09 -2.991970227999987686e-02 1.190432399999999946e+00 1.338384899999999877e+00
2.132000000000000082e-09 -7.910449408000000404e-02 1.041029199999999655e+00 1.106671638529999946e+00
2.136999999999999962e-09 7.911307203000003674e-02 -1.041051999999999644e+00 -1.106676638530000201e+00
2.145999999999999827e-09 -1.047458784313000102e+00 1.224407000000000273e-01 1.235720669680000050e+00
2.148000000000000027e-09 1.038687008643000009e+00 -1.327935999999999561e-01 1.269969730320000156e+00
2.160999999999999879e-09 -9.657590000000004782e-02 -1.185994320000000268e+00 1.314371300000000131e+00
2.166000000000000172e-09 1.287972399999999906e+00 -1.170958799999998468e-01 1.238720026158999898e+00
2.168999999999999851e-09 1.774853089999750555e-03 -1.049952400000000008e+00 -1.362425055760000170e+00
2.171999999999999944e-09 -7.086298260999990273e-02 -1.139900399999999925e+00 1.318369999999999820e+00
2.186999999999999996e-09 7.080265321999990036e-02 1.139954799999999935e+00 -1.318372500000000169e+00
2.190999999999999982e-09 1.248068701518999735e+00 1.327387600000000223e+00 8.632600000000018037e-03
2.198999999999999954e-09 -1.212835625219000013e+00 1.261137300000000128e+00 -2.664520289000013586e-02
2.201000000000000154e-09 3.410050000000007520e-02 1.401534800000000303e+00 1.142936100000000232e+00
2.207999999999999820e-09 -3.410050000000007520e-02 -1.401534800000000303e+00 -1.142935900000000116e+00
2.209000000000000127e-09 3.412620000000010645e-02 1.401494500000000087e+00 1.142955000000000165e+00
2.213000000000000113e-09 -3.412620000000010645e-02 -1.401494500000000087e+00 -1.142954000000000025e+00
2.214999999999999899e-09 3.413860000000017159e-02 1.401462399999999997e+00 1.142969700000000088e+00
2.217000000000000099e-09 -1.753546140000020181e-03 1.387878300000000120e+00 -1.009884600000000132e+00
2.225999999999999965e-09 1.382831335160000119e+00 -5.018260000000004245e-02 1.260095300000000140e+00
2.229000000000000058e-09 -1.091011913947000034e+00 -1.370975528809999844e+00 -1.702074000000003418e-01
2.229000000000000058e-09 2.538892492699966474e-02 -1.369737671190000450e+00 -1.234638399999999692e+00
2.232000000000000151e-09 9.310250000000010184e-02 6.432173909400000777e-01 -7.177434000000000314e-01
2.233000000000000044e-09 -9.307689999999997632e-02 -6.431792909400001479e-01 7.177199000000004103e-01
2.236000000000000137e-09 -2.769367519999983707e-02 1.363557895410000054e+00 1.215351099999999906e+00
2.237000000000000030e-09 2.769367519999983707e-02 -1.363559795410000053e+00 -1.215349699999999533e+00
2.241000000000000016e-09 -3.536334927000026052e-02 -1.273380299999999909e+00 -1.268261000610000355e+00
2.241999999999999909e-09 -1.485160650729999698e+00 -1.228642500000000082e+00 -1.286962991099998843e-01
2.244000000000000109e-09 5.180226805999776918e-03 1.186494816700000010e+00 -1.383595999999999826e+00
2.247000000000000202e-09 -1.316783640564000102e+00 9.632452832999998105e-01 -2.281618999999999176e-01
2.256000000000000068e-09 2.944180000000003877e-02 -1.082737100000000119e+00 1.295119299999999640e+00
2.260000000000000054e-09 -2.938299999999986062e-02 1.082735000000000225e+00 -1.295167599999999641e+00
2.260999999999999947e-09 -4.240009999999994061e-02 -1.369347299999999823e+00 -1.326740980609999898e+00
2.264999999999999933e-09 1.406049600000000011e+00 -1.286189100000000085e+00 -2.616477377999992804e-02
2.349999999999999950e-09 1.925648000000001470e-01 -1.231914575948399815e+00 1.261598300000000172e+00
2.371000000000000188e-09 1.114322566010000015e+00 1.250409875948399918e+00 1.019676000000000332e-01
2.371000000000000188e-09 1.326835100000000489e+00 -1.286444499999999991e+00 1.973032951000000534e-02
2.372000000000000081e-09 -1.281466600000000344e+00 -7.645700000000338337e-03 -1.331324199999999847e+00
2.373999999999999867e-09 1.281491300000000555e+00 7.605600000000101168e-03 1.331336499999999701e+00
2.424999999999999794e-09 5.486111410999980342e-02 1.243145199999999839e+00 1.331745999999999874e+00
2.429000000000000194e-09 1.388410440919999767e+00 -1.242712999999999735e+00 -7.203213854000001248e-02
2.434000000000000073e-09 -1.388410440919999767e+00 1.242712999999999735e+00 7.203183854000014263e-02
2.438000000000000060e-09 -3.120900000000003116e-01 1.194124900000000045e+00 1.120578891240000097e+00
2.439999999999999846e-09 -9.929260000000001973e-01 1.378468269800003088e-01 1.332762908760000364e+00
2.495000000000000173e-09 -1.530448900000000112e+00 -1.317177499999999890e+00 -2.885077099998856198e-04
2.516999999999999890e-09 -1.329683699999999913e+00 -2.919256329999862787e-03 1.352741671779999821e+00
2.527000000000000062e-09 -1.402340599999999604e+00 1.284395264259999836e+00 -3.621308012999996384e-02
2.527999999999999956e-09 1.402333899999999911e+00 -1.284402906119999965e+00 3.622127277999984130e-02
2.531000000000000049e-09 -1.402333899999999911e+00 1.284402906119999965e+00 -3.621987277999991206e-02
2.531999999999999942e-09 1.239531500000000230e+00 1.369307700000000017e+00 3.584830495099994990e-02
2.539999999999999914e-09 -1.332190764029999919e+00 -1.704400000000014237e-02 1.339466845256999994e+00
2.544999999999999794e-09 1.332127864029999831e+00 1.766000000000017209e-02 -1.339612718450000184e+00
2.547999999999999887e-09 -1.350509999999999211e-01 1.279903199999999686e+00 -1.250364781550000082e+00
2.551999999999999873e-09 -1.129506999999999817e+00 -2.281159999999987642e-02 1.217101263550000478e+00
2.555999999999999859e-09 1.262239700000000076e+00 -1.332378400000000074e+00 2.076142085199998710e-01
2.559999999999999845e-09 -1.209785299999999619e+00 3.664962076000002900e-02 -1.344307400000000374e+00
2.562000000000000045e-09 1.209764199999999734e+00 -3.661152075999979383e-02 1.344353700000000540e+00
2.566000000000000031e-09 -1.311113300000000148e+00 -2.264420000000019750e-02 1.408882900000000049e+00
2.567999999999999817e-09 -1.446958826039999924e+00 -1.321493725339999870e+00 -1.450262029999999092e-02
2.571999999999999804e-09 1.446986526039999887e+00 1.321488025339999872e+00 1.450162030000023972e-02
2.574000000000000004e-09 -1.446986526039999887e+00 -1.321490025339999708e+00 -1.450062030000023872e-02
2.582999999999999869e-09 1.447013126039999875e+00 1.321480525339999712e+00 1.450272030000014645e-02
2.592000000000000148e-09 -1.447012026039999899e+00 -1.321480525339999712e+00 -1.450462030000014557e-02
2.593000000000000041e-09 1.447037926040000144e+00 1.321467125339999882e+00 1.450922030000018070e-02
2.594999999999999828e-09 -1.447038826040000004e+00 -1.321467125339999882e+00 -1.450922030000018070e-02
2.598999999999999814e-09 1.447063526039999992e+00 1.321448225339999727e+00 1.451972030000005243e-02
2.605999999999999893e-09 -1.447062526039999852e+00 -1.321448225339999727e+00 -1.451872030000005143e-02
2.611000000000000186e-09 1.447085526039999959e+00 1.321433125339999792e+00 1.452732030000013219e-02
2.628999999999999917e-09 1.324724199999999907e+00 1.412164121100001335e-02 -1.380259099999999961e+00
2.629999999999999810e-09 1.315139800000000303e+00 -1.395906300000000044e+00 2.309320000000014694e-02
2.687999999999999817e-09 1.423001499999999808e+00 1.311940143959999805e+00 5.422749999999999099e-02
2.748999999999999916e-09 1.260318799999999850e+00 1.425098256040000289e+00 -3.852370000000011896e-02
2.770000000000000154e-09 -1.292845823339999978e+00 1.962050999999999101e-01 -1.414239000000000246e+00
2.782000000000000112e-09 1.292845823339999978e+00 -1.962355999999998990e-01 1.414254600000000472e+00
2.834999999999999826e-09 -1.240968900000000152e+00 -1.406572412990000132e+00 4.373310000000008718e-02
2.879999999999999981e-09 1.240997300000000303e+00 1.406543812990000308e+00 -4.377890000000021070e-02
2.933000000000000108e-09 1.330575892479999744e+00 -1.407739600000000202e+00 -6.511090651999995593e-02
2.934999999999999894e-09 1.065982807519999742e+00 1.101152300000000084e+00 -3.593792704000001170e-02
2.945000000000000067e-09 -1.146524299999999830e+00 1.334489899999999896e+00 2.362350000000003336e-02
2.950999999999999839e-09 1.146526199999999829e+00 -1.334491799999999895e+00 -2.362580000000004399e-02
2.956000000000000132e-09 9.906140000000002166e-01 1.423702500000000315e+00 2.888479999999998826e-02
2.957999999999999918e-09 7.658158999999999939e-01 -9.936524315699999388e-01 -2.097798635999996442e-02
2.958999999999999811e-09 1.198377599999999932e+00 7.695599824000010081e-02 1.072246486360000084e+00
2.962999999999999798e-09 9.193840999999998154e-01 -7.863273475100001075e-01 3.708176069999988278e-02
2.969999999999999877e-09 -2.517900000000006244e-02 -1.236876501459999833e+00 1.360667300000000246e+00
2.972000000000000077e-09 -1.188095000000000123e+00 -6.581690923000016458e-02 1.246160200000000273e+00
2.999999999999999980e-09 -6.012899799999979478e-02 -1.376745390770000022e+00 -1.284582000000000335e+00
3.018000000000000125e-09 -1.295103031400000049e+00 8.144197849299994463e-02 1.254564115870000052e+00
3.073999999999999931e-09 1.295167860789999903e+00 -8.135817849299986637e-02 -1.254564115870000274e+00
3.081000000000000011e-09 -1.295167860789999903e+00 8.135817849299986637e-02 1.254566015870000273e+00
3.180000000000000186e-09 1.295224997539999867e+00 -8.129137849300008267e-02 -1.254563115869999912e+00
3.223000000000000141e-09 -1.255721919000001296e-01 -1.462235499999999577e+00 -1.275699499999999986e+00
3.224000000000000034e-09 7.053379999999992434e-02 -6.499378111099999300e-01 -4.267508999999999331e-01
3.224000000000000034e-09 1.595067949890000003e+00 -2.197706600000000066e+00 -1.635631820599998121e-01
3.231000000000000113e-09 -1.595067949890000003e+00 2.197707700000000042e+00 1.635631820599998121e-01
3.231000000000000113e-09 1.595033549890000124e+00 -2.197702599999999951e+00 -1.635890820599998075e-01
3.232000000000000006e-09 1.108570099999999670e+00 1.219441499999999845e+00 -1.046990999999999894e-01
3.238000000000000192e-09 1.160631100000000249e+00 1.297293599999999714e+00 -1.100953404399999808e-01
3.252999999999999830e-09 3.209396873099999992e-01 -9.316223999999999617e-01 -1.049780324399999909e+00
3.259000000000000016e-09 1.562162612689999897e+00 -9.309140000000000192e-01 5.790666330999984235e-02
3.301999999999999971e-09 -1.003887499999999822e+00 2.766839999999998190e-02 -1.430464900000000039e+00
3.305000000000000064e-09 1.199066457370000061e+00 -1.088131199999999854e+00 1.003887447000011146e-02
3.314999999999999823e-09 -1.304849499999999995e+00 -9.156348593999991126e-02 1.233432599999999768e+00
3.317000000000000023e-09 3.647212797999982437e-02 1.054594999999999949e+00 -1.105032700000000201e+00
3.320000000000000116e-09 9.070779999999969978e-02 5.982110000000000483e-01 7.419823000000002056e-01
3.320000000000000116e-09 -7.112679999999974023e-02 7.251111000000000084e-01 4.528163000000000049e-01
3.320000000000000116e-09 -1.258268300000000339e+00 -1.174214999999999842e-01 1.111773756489999876e+00
3.332000000000000074e-09 -1.249790399999999968e+00 6.339466118999989575e-02 1.466446514819999880e+00
3.340999999999999940e-09 -1.122470699710000019e+00 1.291862800000000311e+00 2.264611999999999736e-01
3.340999999999999940e-09 -1.261295400290000090e+00 1.232288199999999945e+00 -8.936769247999999666e-02
3.341999999999999833e-09 1.440048154439999895e+00 4.047110000000014862e-02 1.299242213170000326e+00
3.371999999999999936e-09 -1.440048154439999895e+00 -4.046830000000006811e-02 -1.299242213170000326e+00
3.379000000000000015e-09 -1.327007000000000048e+00 -1.271943199999999941e+00 4.089912326999994852e-02
3.436000000000000129e-09 1.156139575362999716e+00 -6.649130000000019747e-02 -1.002240034509000122e+00
3.437999999999999915e-09 -1.156145375362999772e+00 6.655230000000024460e-02 1.002302134509000187e+00
3.445999999999999887e-09 1.325865099999999908e+00 1.267721199999999993e+00 -4.606645731999994831e-02
3.456000000000000060e-09 -8.798218208999997181e-02 6.227303999999999062e-01 -9.043099297999999120e-01
3.456000000000000060e-09 3.409958208999998297e-02 7.775725999999998361e-01 -4.649583419200000178e-01
3.459000000000000153e-09 -3.409958208999998297e-02 -7.775695999999998609e-01 4.649591955899998741e-01
3.459000000000000153e-09 9.134838208999986053e-02 -6.074333999999999012e-01 8.931461324500000742e-01
3.459000000000000153e-09 -9.134838208999986053e-02 6.074314999999999021e-01 -8.931470324499999336e-01
3.459000000000000153e-09 9.136378208999988704e-02 -6.074488000000000110e-01 8.931642787700000419e-01
3.483999999999999963e-09 -9.135998208999988879e-02 6.074515999999998694e-01 -8.931652787700001817e-01
3.483999999999999963e-09 3.408818208999993271e-02 7.775781000000000498e-01 -4.649396955899998130e-01
3.488999999999999842e-09 1.097242482590000234e+00 1.210632000000000374e-01 -1.120133600000000174e+00
3.490000000000000149e-09 -7.562459010999994513e-02 -1.064568600000000087e+00 -1.431762100000000260e+00
3.491999999999999935e-09 1.072940802880000266e+00 1.837177000000000393e-01 -1.131371899999999986e+00
3.496999999999999815e-09 -1.331295359999956629e-03 -1.062034899999999782e+00 -1.166065300000000082e+00
3.500999999999999801e-09 -1.393869000000000358e-01 -1.225701700000000116e+00 -9.503260000000002261e-01
3.503000000000000001e-09 1.698053235100000224e-01 -7.237180000000000835e-01 -1.095687400000000089e+00
3.503000000000000001e-09 1.290109589180000071e+00 -9.272076207000000680e-01 2.491889999999993832e-02
3.507999999999999880e-09 -1.206899412689999895e+00 6.387142487000008195e-02 -7.642279804200001747e-01
3.526999999999999918e-09 1.216320000000002677e-02 1.167177600000000037e+00 8.428490660099998699e-01
3.527999999999999811e-09 -1.400370000000011883e-02 -1.004215899999999939e+00 1.112992014410000063e+00
3.530999999999999904e-09 -9.554194000000000297e-01 1.221043304170000177e+00 -1.990256999999999166e-01
3.531999999999999797e-09 -9.962733999999999757e-01 -1.138902126980000151e+00 2.109991178599999462e-01
3.533999999999999997e-09 -1.103061500000000139e+00 1.128738043080000253e+00 4.860310000000003794e-02
3.536000000000000197e-09 -3.342449999999994037e-02 -1.115415820269999969e+00 1.182775800000000155e+00
3.540000000000000183e-09 -1.247188672610000104e+00 -6.006859558999994020e-02 -1.286121399999999859e+00
3.540000000000000183e-09 -7.027361346100000628e-01 -7.458741925399998696e-01 2.164487999999998580e-01
3.540000000000000183e-09 -4.897170927800001961e-01 -4.914724118700000699e-01 -1.632155924800000879e-01
3.550999999999999835e-09 4.897170927800001961e-01 4.914707350299999389e-01 1.632154924800001128e-01
3.550999999999999835e-09 6.924134475999996763e-01 7.248617252200002525e-01 -2.140549999999999120e-01
3.550999999999999835e-09 -6.924134475999996763e-01 -7.248623252200001588e-01 2.140550999999999426e-01
3.550999999999999835e-09 6.923790622999999034e-01 7.248123399200000483e-01 -2.140415999999999430e-01
3.556000000000000128e-09 -1.498013926000006657e-02 -1.150220974950000308e+00 -1.341676200000000208e+00
3.557000000000000021e-09 1.411384500000000042e+00 -1.364640400000000087e+00 -7.558530288100007155e-02
3.564000000000000100e-09 9.243379741000010141e-02 -8.664134999999999476e-01 6.350455028809999236e-01
3.564000000000000100e-09 -9.244339741000015542e-02 8.664339000000000901e-01 -6.350629175779999303e-01
3.568999999999999980e-09 -1.414341000000000070e+00 6.713440000000009400e-02 -1.350655382422000006e+00
3.585999999999999818e-09 -1.365903899999999727e+00 -1.011974917569999910e+00 -9.701180000000006465e-02
3.594000000000000204e-09 9.827419999999983946e-02 1.266644189975999923e+00 1.242076200000000075e+00
3.614000000000000135e-09 1.198320208809000142e+00 -1.328034138929999664e+00 4.390229999999983868e-02
3.615000000000000028e-09 -1.198293508809000318e+00 1.328037801070000024e+00 -4.386389999999973366e-02
3.618000000000000121e-09 1.198295408809000318e+00 -1.328037501070000070e+00 4.386369999999972791e-02
3.622000000000000107e-09 -1.186777100000000029e+00 -6.097861096000006809e-02 -1.272667596289999814e+00
3.626000000000000093e-09 1.186809499999999851e+00 6.098301096000002808e-02 1.272705496289999960e+00
3.627999999999999879e-09 -1.200916359539999423e+00 1.305585085479999963e+00 -4.492940000000006373e-02
3.634000000000000065e-09 -9.863605000000001954e-01 -1.234437996439999630e+00 -1.194994497000002875e-02
3.683000000000000206e-09 -1.021644600000000125e+00 -1.240085800000000127e+00 -1.190667550299999711e-01
3.687000000000000193e-09 -6.587552999999999326e-01 6.704376999999995812e-01 -4.220230000000001480e-01
3.687000000000000193e-09 6.586401000000001726e-01 -6.704022999999996735e-01 4.220529000000003972e-01
3.697999999999999844e-09 -6.586440000000002293e-01 6.704030999999999185e-01 -4.220527000000003359e-01
3.697999999999999844e-09 -7.883481999999994994e-01 6.719339000000001949e-01 2.945276097800001991e-01
3.697999999999999844e-09 -6.789970000000011829e-02 -1.228803799999999669e+00 -1.170798329960000217e+00
3.699000000000000151e-09 -1.305232299999999901e+00 2.361475000000001212e-01 -1.250285716439999861e+00
3.704000000000000031e-09 1.265489572780000849e+00 5.266920000000004098e-02 -1.311760000000000259e+00
3.708000000000000017e-09 1.257475800000000143e+00 -1.262695808936000308e+00 1.245343000000000422e-01
3.708999999999999910e-09 1.387006326959999425e-01 -9.360134781240003754e-01 7.646942999999999380e-01
3.708999999999999910e-09 -1.380951326960000169e-01 9.354247899410004230e-01 -7.647401000000000337e-01
3.711000000000000110e-09 1.380932326960000178e-01 -9.354245899410005283e-01 7.647439000000000320e-01
3.711000000000000110e-09 -2.789397766999993089e-02 -4.041564000000001378e-01 5.825158000000000280e-01
3.719999999999999975e-09 5.039759507000005773e-02 1.271118600000000320e+00 1.399391600000000180e+00
3.727000000000000054e-09 -1.437794688440000357e+00 -1.296973900000000235e+00 5.972991699999993798e-02
3.736999999999999813e-09 9.877479242000024307e-02 1.059563500000000991e+00 1.365739700000000223e+00
3.738999999999999599e-09 1.282449892229999611e+00 1.242920599999998821e+00 -1.754080000000002304e-02
3.765000000000000130e-09 1.900807769999679486e-03 1.184570900000000204e+00 -1.475249678119999963e+00
3.768000000000000223e-09 1.408269800000000238e+00 1.259724200000000183e+00 -5.290327466000011025e-02
3.782999999999999861e-09 1.362587500000000063e+00 -1.179179500000000047e+00 -9.651225339999985886e-03
3.782999999999999861e-09 -1.362646499999999650e+00 1.179197300000000004e+00 9.620595959999950209e-03
3.784000000000000168e-09 -1.336024100000000381e+00 -2.586538556000012382e-02 -1.331932195960000120e+00
3.784999999999999647e-09 -1.334175099999999947e+00 6.909048556000002561e-02 -1.289207600000000120e+00
3.820999999999999937e-09 -1.686289999999990297e-02 -1.334022000000000041e+00 -1.455837399999999837e+00
3.833999999999999788e-09 -1.349877199999999888e+00 1.356159908482999832e+00 1.058043830000001129e-01
3.844000000000000374e-09 1.242624499999999799e+00 1.304519337949999969e+00 -1.708228357999999614e-02
3.844999999999999854e-09 6.958379999999994570e-02 -1.356542438099999748e+00 1.297965756780000035e+00
3.852999999999999826e-09 -5.975559999999979777e-02 -1.363130231700000028e+00 -1.387187816700000020e+00
3.870000000000000078e-09 5.975199999999980527e-02 1.363124131699999797e+00 1.387195431400000345e+00
3.876000000000000264e-09 1.323959233740000130e+00 -1.037631319099996396e-01 1.329349568599999865e+00
3.876000000000000264e-09 1.348486827100000118e+00 1.213963240400000310e-01 -1.288566500000000392e+00
3.876999999999999743e-09 1.304405400000000270e+00 1.400727800000000078e+00 2.415516137999998425e-02
3.898999999999999874e-09 7.243999999997779993e-04 -1.295626200000000061e+00 -1.162193361379999956e+00
3.935000000000000163e-09 1.161951059910000028e+00 1.144965099999999847e+00 -8.905049999999975485e-02
3.944999999999999922e-09 1.376472340090000079e+00 3.842137607999998594e-02 -1.234264302419999959e+00
3.946000000000000229e-09 -3.092404103999987081e-02 1.126824610509999935e+00 1.339384062380000184e+00
3.968000000000000360e-09 1.306947400000000092e+00 -1.170492426880000575e-01 -1.301748259960000098e+00
3.982999999999999998e-09 -9.593194701200008501e-02 1.212627746147999730e+00 1.352663100000000007e+00
3.984000000000000304e-09 -1.479713242919999949e+00 8.421102955320001193e-01 -1.183710000000015583e-02
3.986000000000000091e-09 -1.093475866309999711e+00 -9.029279955319999829e-01 -3.899012733999983327e-02
3.987000000000000397e-09 1.093466166309999821e+00 9.029328955319999572e-01 3.896732733999982989e-02
3.987000000000000397e-09 -1.093466166309999821e+00 -9.029328955319999572e-01 -3.896732733999982989e-02
3.987000000000000397e-09 1.093456666309999825e+00 9.029357418579998518e-01 3.894452733999984040e-02
4.000000000000000249e-09 1.453512133689999875e+00 -8.256730418580000563e-01 2.732840000000000269e-02
4.000000000000000249e-09 -1.453529341039999867e+00 8.256815639039999377e-01 -2.733619999999997718e-02
4.006999999999999915e-09 -1.093398858960000108e+00 -9.029661639040003074e-01 -3.895952733999983458e-02
4.008000000000000222e-09 1.093391358959999948e+00 9.029735639040001871e-01 3.894422733999983871e-02
4.008999999999999701e-09 1.244521868429999900e+00 -2.029626639040001124e-01 1.068183899999999742e+00
4.011000000000000315e-09 2.704376184100000802e-01 1.176074999999999982e+00 7.159499000000000279e-01
4.016000000000000194e-09 1.309968946679999968e+00 -5.718900000000082251e-03 7.929075048899997258e-01
4.019000000000000287e-09 1.327829499999999996e+00 -1.112553500000000195e+00 -8.245765649999980962e-02
4.022000000000000380e-09 2.397159999999969038e-02 -9.791032000000003954e-01 1.059131300000000220e+00
4.030000000000000352e-09 -1.315082699999999827e+00 4.117419702000033044e-02 -1.156004600000000160e+00
4.037000000000000018e-09 1.103471909810000096e+00 -1.165712097019999893e+00 6.366410000000008451e-02
4.038999999999999804e-09 6.508280780999992077e-02 1.291828599999999883e+00 -9.300464000000003839e-01
4.040000000000000111e-09 2.189275392189999891e+00 2.018996288721000010e+00 7.187723965299998019e-01
4.041999999999999897e-09 2.281745703999997488e-02 1.233361200000000046e+00 -1.325672157909999926e+00
4.044999999999999990e-09 -1.363748909780000185e+00 -1.147852999999998957e-01 1.053581200000000218e+00
4.049000000000000390e-09 -2.345613573999985602e-02 1.410397616599999626e+00 -1.420848399999999234e+00
4.059000000000000149e-09 -1.096996400000000094e+00 -1.547032959600000424e-01 1.211677916699999802e+00
4.067000000000000121e-09 6.340028000000001995e-01 -1.773048999999998487e-01 7.934832000000001662e-01
4.067000000000000121e-09 6.577718999999997429e-01 1.475417999999998897e-01 5.160139000000002474e-01
4.070999999999999694e-09 -6.577718999999997429e-01 -1.475426999999998878e-01 -5.160134000000002885e-01
4.070999999999999694e-09 -6.479071000000002911e-01 1.642376000000000391e-01 -7.712624999999999620e-01
4.073000000000000307e-09 6.479051000000002336e-01 -1.642376000000000391e-01 7.712668999999999775e-01
4.073000000000000307e-09 6.577738999999996894e-01 1.475426999999998878e-01 5.160091000000002204e-01
4.075000000000000094e-09 -1.032081499999999874e+00 1.617003000000000468e-01 8.810041000000000677e-01
4.113999999999999649e-09 1.174681000000002418e-01 -1.520298351019999439e+00 -9.306905000000000872e-01
4.114999999999999955e-09 -1.262207000000000523e+00 8.028052511000000058e-02 1.251678300000000021e+00
4.116999999999999742e-09 9.519233000000000278e-01 1.328934499999999908e+00 -8.805760000000034671e-02
4.143000000000000272e-09 1.031711599999999951e+00 -1.534633000000000802e-01 -8.635266141599997614e-01
4.143999999999999752e-09 -1.031703999999999954e+00 1.534757000000000760e-01 8.635189141599997065e-01
4.149999999999999938e-09 1.031703999999999954e+00 -1.534748000000000501e-01 -8.635193141599997180e-01
4.149999999999999938e-09 -1.031698400000000237e+00 1.534717999999999083e-01 8.635179141599997887e-01
4.180000000000000041e-09 6.904800000000024807e-02 1.192583300000000346e+00 1.104815391379999845e+00
4.192999999999999893e-09 -1.313764500000000002e+00 9.025679106400008589e-02 -1.233272793759999875e+00
4.202000000000000172e-09 -1.387565641380000159e+00 6.189913986999989737e-02 -1.175675697619999793e+00
4.237999999999999634e-09 3.104515000000001579e-01 -1.012261100000000136e+00 -1.140077899999999644e+00
4.250000000000000006e-09 -1.300361600000000006e+00 1.254089003299999838e+00 9.887699999999943756e-03
4.254999999999999886e-09 -4.084234752099996646e-02 1.199021551730000024e+00 -1.149406486179999742e+00
4.259000000000000285e-09 -1.481958142379999899e+00 1.322311448269999801e+00 4.475424409000000603e-02
4.262999999999999858e-09 -1.323379385550000009e+00 -4.553229999999985900e-02 -1.243545300000000076e+00
4.262999999999999858e-09 1.442956627929999902e+00 2.240352513200000173e-01 -1.032917100000000143e+00
4.264000000000000165e-09 -2.557848860099999344e-01 9.975355000000000194e-01 -1.072244600000000103e+00
4.265999999999999951e-09 1.066757400000000189e+00 -1.481795799999999996e+00 3.334622968999985393e-02
4.267999999999999737e-09 1.168249057619999753e+00 1.041657999999998918e-01 -1.146324100000000179e+00
4.270000000000000351e-09 9.621753174099999528e-01 -1.307173000000000140e+00 7.585889999999992361e-02
4.270999999999999830e-09 9.336267924800012441e-02 1.336538516870000137e+00 -1.246969299999999947e+00
4.275999999999999710e-09 -1.021909623907999887e+00 4.639618312999996275e-02 1.222827908935999908e+00
4.280000000000000109e-09 6.953235443999999932e-02 -1.280587800000000165e+00 1.061548091064000277e+00
4.283000000000000202e-09 1.377838199999999791e+00 1.711278835000015763e-02 1.439466456739999956e+00
4.318999999999999665e-09 -1.379798999999999776e+00 1.339446799999999937e+00 4.878999311400003536e-02
4.359000000000000354e-09 -1.320024500000000156e+00 1.263538403469999905e+00 7.279565014599993777e-02
4.381999999999999964e-09 6.919879248000082583e-03 1.315469596530000507e+00 -1.194438699999999853e+00
4.383000000000000271e-09 -6.338379247999958999e-03 -1.315835756620000296e+00 1.193611100000000036e+00
4.394000000000000336e-09 1.429607499999999920e+00 1.199735256620000134e+00 -8.311832104000019261e-02
4.397999999999999909e-09 2.389564267000015424e-02 9.363422000000001244e-01 -1.284490782129999786e+00
4.408999999999999974e-09 1.009710573299999470e-01 -1.259576661962999777e+00 -1.340320399999999967e+00
4.413000000000000374e-09 -1.009691573299999479e-01 1.259576661962999777e+00 1.340320399999999967e+00
4.415000000000000160e-09 1.298675357329999613e+00 -1.285341789999997764e-01 1.370134373780000026e+00
4.418000000000000253e-09 3.694600000000117235e-03 -1.341975874200000085e+00 -1.300054773779999895e+00
4.432999999999999891e-09 -5.319230000000015057e-02 1.338767993519999866e+00 -1.274850900000000120e+00
4.435999999999999984e-09 -1.335479565310000005e+00 -1.331397993519999767e+00 -2.434759999999993457e-02
4.451999999999999929e-09 1.335479565310000005e+00 1.331397993519999767e+00 2.434759999999993457e-02
4.455000000000000022e-09 -1.335485240379999716e+00 -1.331384693519999773e+00 -2.431889999999988644e-02
4.648999999999999973e-09 -1.149968759620000114e+00 -1.189379000000000186e+00 9.000229999999972974e-02
4.648999999999999973e-09 -8.795243999999997619e-01 -1.960736999999997954e-01 -8.506702999999997683e-01
4.650000000000000279e-09 -2.798500000000001542e-01 -1.247856152900000071e+00 -6.935460707799998570e-01
4.652000000000000066e-09 -1.315885737909999964e+00 -8.400688999999998963e-01 -1.208092922000007785e-02
4.653999999999999852e-09 1.015137056649999536e+00 -8.609302000000004229e-01 -2.049829999999991381e-02
4.669000000000000317e-09 -1.475629900000000161e+00 5.617030693000002461e-02 1.253023099999999834e+00
4.669000000000000317e-09 -3.456878000000001561e-01 -1.868613000000000635e-01 -3.582686999999998845e-01
4.669000000000000317e-09 3.456992000000001508e-01 1.868469000000000935e-01 3.582554999999999490e-01
4.669999999999999797e-09 -3.456992000000001508e-01 -1.868469000000000935e-01 -3.582593999999998946e-01
4.669999999999999797e-09 3.457145000000000912e-01 1.868260000000001031e-01 3.582495999999997793e-01
4.671000000000000103e-09 -3.457126000000000920e-01 -1.868211000000000732e-01 -3.582495999999997793e-01
4.671000000000000103e-09 3.457297000000000842e-01 1.868115000000000747e-01 3.582172999999999607e-01
4.672000000000000410e-09 -3.457297000000000842e-01 -1.868115000000000747e-01 -3.582212000000000174e-01
4.672000000000000410e-09 3.457507999999999693e-01 1.868278000000000438e-01 3.582000999999999102e-01
4.672000000000000410e-09 -3.457564999999999666e-01 -1.868278000000000438e-01 -3.582000999999999102e-01
4.672000000000000410e-09 5.932866038800000963e-01 -9.673845999999999279e-01 -7.393058000000001240e-01
4.688000000000000355e-09 -1.360225757029999816e+00 1.075403199999999782e+00 -2.470509999999999928e-01
4.688999999999999834e-09 1.242422084719999820e+00 1.492035579600000661e-01 -1.132902400000000087e+00
4.690000000000000141e-09 1.283449199999999735e+00 -6.333656037600003952e-01 3.130111537399998811e-01
4.690000000000000141e-09 -1.283430099999999685e+00 6.333562037600001249e-01 -3.129958537399998297e-01
4.690000000000000141e-09 1.283430099999999685e+00 -6.333553037600001545e-01 3.129958537399998297e-01
4.690000000000000141e-09 -1.283424399999999910e+00 6.333580964100000710e-01 -3.129900537399998850e-01
4.691999999999999927e-09 1.283424399999999910e+00 -6.333580964100000710e-01 3.129900537399998850e-01
4.693000000000000234e-09 -1.283416599999999796e+00 6.333562890600001882e-01 -3.129727537399997761e-01
4.693000000000000234e-09 -1.126342799999999755e+00 -1.576769890599999391e-01 1.168828800000000001e+00
4.699999999999999900e-09 -1.726461499999999871e+00 -7.797319999999997864e-02 8.643361999999998879e-01
4.712999999999999752e-09 -1.089655700000000227e+00 1.399537299999999762e+00 1.150704999999999645e-01
4.720000000000000244e-09 1.089653800000000228e+00 -1.399537299999999762e+00 -1.150704999999999645e-01
4.728999999999999696e-09 1.124222900000000136e+00 -1.459115017289999816e+00 -1.462917000000002188e-01
4.734999999999999882e-09 9.746953432099997316e-01 -1.203783722981000004e+00 1.048297000000002199e-01
4.737999999999999975e-09 1.233457613449999934e+00 -4.020025972900009847e-02 -1.052215600000000029e+00
4.737999999999999975e-09 -1.730720317000022934e-02 1.549627500000000158e+00 1.025138700000000291e+00
4.763999999999999679e-09 -1.180023146809999757e+00 -9.478722000000001646e-01 8.465942869000003812e-02
4.774999999999999744e-09 1.548711849980000110e+00 7.742376631999994818e-02 -8.483656076400003521e-01
4.776000000000000051e-09 -1.191313999999999429e-01 1.253341833679999962e+00 9.988956086400002654e-01
4.777999999999999837e-09 1.232675899999999825e+00 -5.305859999999990029e-02 -1.087654296359999773e+00
4.790000000000000209e-09 -2.858750835000006818e-02 6.303892245099999014e-01 -1.419234900000000188e+00
4.801999999999999754e-09 -1.284927191530000012e+00 -4.329641245099998259e-01 -8.504089999999984995e-02
4.801999999999999754e-09 1.156887200000000115e+00 -1.035115999829999911e+00 4.272299999999867870e-03
4.803000000000000061e-09 -6.213952151600001805e-01 -1.242183600170000179e+00 4.231270635000011771e-02
4.804000000000000368e-09 1.308841873659999822e+00 -1.160048600000000096e+00 3.124240000000005901e-02
4.804999999999999847e-09 -1.348171303039999991e+00 -1.438900000000048474e-03 1.343471514580000026e+00
4.809000000000000247e-09 1.348171303039999991e+00 1.438900000000048474e-03 -1.343475314580000024e+00
4.809000000000000247e-09 1.225146918200002155e-01 9.845704922299998163e-01 -1.267938500000000079e+00
4.811000000000000033e-09 6.397305000000000907e-01 1.884613993399999687e+00 1.496024999999999938e+00
4.814000000000000127e-09 -1.361743799999999949e+00 3.151960900000028154e-03 1.224489500000000008e+00
4.814999999999999606e-09 2.294340000000033575e-02 -1.321790760899999917e+00 1.061496500000000065e+00
4.817999999999999699e-09 -3.211779999999998803e-02 -1.281317000000000039e+00 -1.166879599999999906e+00
4.819000000000000006e-09 -1.100055500000000075e+00 6.902462757999996978e-02 1.179128561080000193e+00
4.822000000000000099e-09 1.246753500000000070e+00 -1.256838099999999958e+00 -1.161519000000000301e-01
4.826999999999999978e-09 7.272169999999994472e-02 7.553923322759998893e-01 -1.009435586720000222e+00
4.828999999999999765e-09 -1.326069047979999915e+00 -6.378897013600029475e-02 -1.274056032569999886e+00
4.839000000000000350e-09 1.326069047979999915e+00 6.378807013600021336e-02 1.274056032569999886e+00
4.839000000000000350e-09 -7.406639999999989343e-02 -7.330206000000000222e-01 9.866824867199999183e-01
4.846000000000000016e-09 -1.321142300000000214e+00 -1.232668600000000447e+00 -1.345917423800000456e-01
4.849999999999999589e-09 -1.191806600000000049e+00 -1.307222399999999896e+00 -3.589660000000008400e-02
4.849999999999999589e-09 8.840379376999996097e-02 1.299114045019999830e+00 1.240953400000000428e+00
4.852000000000000202e-09 -1.297250900000000096e+00 1.122730000000013439e-02 1.118581793110000167e+00
4.855999999999999775e-09 1.297249000000000096e+00 -1.122700000000015352e-02 -1.118581793110000167e+00
4.860000000000000174e-09 -1.297268000000000310e+00 1.123130000000024942e-02 1.118577934320000189e+00
4.866999999999999840e-09 1.297268000000000310e+00 -1.123150000000039395e-02 -1.118576034320000190e+00
4.868999999999999626e-09 -1.297285200000000138e+00 1.123640000000028505e-02 1.118564575540000217e+00
4.868999999999999626e-09 1.297289000000000136e+00 -1.123620000000016828e-02 -1.118568375540000215e+00
4.874000000000000333e-09 1.233479999999976401e-02 -1.395608817459999873e+00 1.193694799999999834e+00
4.890000000000000278e-09 -1.392169999999985641e-02 -1.332960282539999763e+00 -1.212188800000000288e+00
4.895000000000000157e-09 -1.259426092069999781e+00 -1.366728699999999463e+00 -1.146468365699999381e-01
4.911000000000000102e-09 -1.444941307929999752e+00 -1.409143199999999929e+00 -5.168911819999955082e-03
4.912999999999999888e-09 1.331015315279999944e+00 1.502840222200001463e-01 1.322298058500000151e+00
4.914999999999999674e-09 -1.742496152799998532e-01 -6.755559222200002711e-01 -5.966640585000002606e-01
4.914999999999999674e-09 1.267547999999999730e-01 -6.937494999999997969e-01 -6.915494000000000918e-01
4.919000000000000074e-09 -1.351241461249999887e+00 1.113285599999999764e+00 -3.265220000000007561e-02
4.933000000000000233e-09 1.351241461249999887e+00 -1.113285599999999764e+00 3.265220000000007561e-02
4.960000000000000243e-09 1.339978700000000078e+00 1.102156412690000309e+00 -8.125699999999996814e-02
4.973000000000000094e-09 -6.709477999999998721e-01 2.907272509799998517e-01 7.849446999999998287e-01
4.973000000000000094e-09 -5.501154585000002095e-01 -2.684754509800000299e-01 5.665242999999997586e-01
4.974999999999999881e-09 -1.924642797999781552e-03 1.337422099999999947e+00 -1.410878899999999714e+00
4.998000000000000318e-09 -1.325165799999999949e+00 -1.914489999999977043e-02 1.284605113820000311e+00
5.016000000000000049e-09 -6.198967938000000955e-02 -1.366069400000000211e+00 1.308730999999999867e+00
5.020999999999999929e-09 -1.332867720620000140e+00 1.226761300000000166e+00 -5.296340000000037546e-02
5.044000000000000366e-09 -6.921158999999998951e-01 5.632510999999997825e-01 7.408920000000038253e-02
5.044000000000000366e-09 6.920919999999999295e-01 -5.632386999999999810e-01 -7.408930000000038540e-02
5.046000000000000153e-09 4.468080000000014540e-02 1.285581400000000318e+00 1.294376700000000158e+00
5.100000000000000173e-09 1.372595999999999705e+00 1.430860307100000117e+00 -2.211780000000018731e-02
5.103000000000000266e-09 1.380104072019999517e+00 1.885536928999998474e-01 -1.283691399999999927e+00
5.111000000000000238e-09 2.111057420000014839e-02 -1.398578899999999292e+00 -1.285163899999999693e+00
5.111999999999999718e-09 -2.115047420000018552e-02 1.398610799999999488e+00 1.285171599999999525e+00
5.138999999999999728e-09 -1.368405444920000047e+00 -1.800559527300003015e-01 1.281417699999999993e+00
5.146000000000000221e-09 1.368403344920000375e+00 1.800738527300002889e-01 -1.281451899999999977e+00
5.146999999999999700e-09 1.325531199999999910e+00 1.419644274069999934e+00 -2.669163428000001503e-02
5.154999999999999673e-09 1.257930699999999735e+00 1.639990000000004361e-02 1.276192034279999943e+00
5.154999999999999673e-09 -1.012935699999999883e+00 1.236765920800000140e+00 1.312713000000000907e-01
5.154999999999999673e-09 -1.267589500000000147e+00 1.298439499999999747e+00 -4.785542187999999864e-02
5.160000000000000379e-09 -1.155673100000000009e+00 -1.195654200000000333e+00 1.580122218800000256e-01
5.162999999999999645e-09 7.107450000000006818e-02 1.356446558660000079e+00 -1.151912636279999846e+00
5.170000000000000138e-09 -7.107450000000006818e-02 -1.356445558660000383e+00 1.151912636279999846e+00
5.170999999999999618e-09 7.107280000000013032e-02 1.356482788060000111e+00 -1.151943236279999949e+00
5.175000000000000017e-09 1.257152053439999806e+00 -3.558932352000016008e-02 -1.241962263719999626e+00
5.195000000000000362e-09 -6.100534399999350821e-04 1.289942535460000039e+00 1.293098499999999929e+00
5.224000000000000158e-09 1.253237999999998464e-01 1.251772799999999908e+00 1.381606913529999980e+00
5.229000000000000038e-09 1.581299999999979944e-03 1.118254622800000320e+00 1.270900721625999985e+00
5.230999999999999824e-09 -1.136817000000000660e-01 1.008975100000000014e+00 -1.288653935155999797e+00
5.232999999999999610e-09 -9.470221999999999252e-01 -1.165743900000000277e+00 8.525799999999958412e-03
5.233999999999999917e-09 -1.017596259310000084e+00 -1.133061199999999769e+00 -1.432380899400000629e-01
5.279999999999999965e-09 5.444845930999997474e-02 -1.142006941399999587e+00 1.346761584129999800e+00
5.286999999999999631e-09 1.375085899999999528e+00 -1.225874799999999931e+00 -2.384948413000027856e-02
5.299000000000000003e-09 1.282311500000000271e+00 1.379709875200000102e+00 -9.975512399999955648e-03
5.302000000000000096e-09 4.543470000000001535e-02 1.328816270960000212e+00 1.301440600000000281e+00
5.308000000000000282e-09 6.649619999999989428e-02 -1.218313400000000435e+00 1.350122670509999789e+00
5.429999999999999654e-09 -2.159728997000000206e+00 -1.941318819349999725e+00 5.378724294899996927e-01
5.432999999999999747e-09 -1.757192030000001570e-01 1.225993399999999678e+00 1.419606400000000379e+00
5.437999999999999626e-09 1.757231030000001859e-01 -1.225989999999999469e+00 -1.419604300000000263e+00
5.442000000000000026e-09 -1.322274426819999960e+00 -1.429605499999999640e+00 1.146459999999993595e-02
5.537999999999999694e-09 1.322274426819999960e+00 1.429605499999999640e+00 -1.146429999999989957e-02
5.553999999999999639e-09 -1.322280000309999926e+00 -1.429595299999999902e+00 1.146520000000020301e-02
5.766000000000000148e-09 8.728179730999970076e-02 -1.277317500000000106e+00 1.206339800000000073e+00
5.769999999999999720e-09 -1.231948761022999994e+00 6.389340000000014175e-02 -1.267928200000000061e+00
5.984000000000000015e-09 1.231947861022999913e+00 -6.389289999999998859e-02 1.267928699999999687e+00
5.985999999999999802e-09 1.851509673210000040e+00 -3.476155501600002862e-01 1.960020100000000376e+00
5.987000000000000108e-09 1.395406037099999330e-01 -1.064919999999999867e+00 -7.959024886600001292e-01
5.993000000000000294e-09 -1.395406037099999330e-01 1.064919699999999914e+00 7.959024886600001292e-01
5.993999999999999774e-09 -3.320693000000001227e-01 -1.420797599999999550e+00 -1.747315399999999963e+00
5.998999999999999653e-09 9.419338094000014039e-02 8.236259999999999692e-01 1.016435200000000094e+00
6.001999999999999746e-09 -1.186224800939999380e+00 1.211481322269999827e+00 2.779209764000029059e-02
6.004999999999999839e-09 -9.552490297499998118e-01 3.999927772999999076e-02 1.472113674840000108e+00
6.006000000000000146e-09 9.550925297499999189e-01 -4.035025829999991376e-02 -1.471745514280000000e+00
6.018999999999999998e-09 -9.550925297499999189e-01 4.035055829999991545e-02 1.471744514280000082e+00
6.028999999999999757e-09 -1.276735483479999989e+00 -2.769295824000000961e-02 1.303549899999999706e+00
6.047999999999999794e-09 1.276651693050000036e+00 2.785215823999998008e-02 -1.303858600000000090e+00
6.058999999999999860e-09 9.447510201799995677e-01 -3.057299999999990234e-02 -1.468334417699999950e+00
6.063000000000000260e-09 -9.447510201799995677e-01 3.057469999999988530e-02 1.468334417699999950e+00
6.063000000000000260e-09 9.446415201800000272e-01 -3.087320000000023934e-02 -1.468336326639999800e+00
6.063999999999999739e-09 -1.275679100000000066e+00 -1.298440299999999770e+00 8.403287493000005659e-02
6.071999999999999711e-09 -1.055943300000000029e+00 -6.387436111190009091e-02 1.302662000000000209e+00
6.074999999999999805e-09 1.130540700000000065e+00 -1.093334337860099925e+00 2.672352999999999534e-01
6.082000000000000297e-09 1.206604999999999928e+00 -2.525939149999999189e-02 1.280397999999999925e+00
6.085000000000000390e-09 1.024045700000000281e+00 -1.095778099999999977e+00 -1.870944999999999969e-01
6.085000000000000390e-09 1.150208699999999862e+00 1.397382300000000077e+00 3.304499999999999105e-02
6.087999999999999656e-09 -1.345046300000000361e+00 2.039918231999990339e-02 1.293193142149999808e+00
6.093999999999999842e-09 1.345071100000000186e+00 -2.033548231999984801e-02 -1.293190042149999996e+00
6.096999999999999935e-09 1.183404700000000087e+00 -1.369755062549999902e+00 -2.460534209999989952e-03
6.096999999999999935e-09 -1.218968407499999573e-01 -1.310522837449999978e+00 -1.365860165789999803e+00
6.158999999999999928e-09 1.290754500000000027e+00 1.050359612109999841e+00 -1.701790000000005798e-02
6.163999999999999807e-09 -1.161421100000000095e+00 -3.219401210999997542e-02 -1.335776799999999653e+00
6.300000000000000165e-09 -1.415798999999999808e+00 4.268100000000354249e-03 1.341099799999999842e+00
6.300000000000000165e-09 -9.458731999999997475e-01 9.649243999999995713e-01 -2.487926366999995698e-02
6.300000000000000165e-09 4.592035455431997537e-02 -1.182468799999999653e+00 1.055477999999999916e+00
6.300000000000000165e-09 1.129224635999999782e+00 1.773388991199998932e-01 -1.063080983549999914e+00
6.308000000000000137e-09 8.625193640000000661e-01 5.307397108600004909e-01 -3.228813974082996863e-01
6.308000000000000137e-09 -8.623322787000000655e-01 -5.306525402500004152e-01 3.226879974082996760e-01
6.316999999999999589e-09 8.623341787000000647e-01 5.306525296600004271e-01 -3.226880974082996234e-01
6.316999999999999589e-09 4.920625841299997028e-01 6.691410006099997032e-01 2.457499974082997252e-01
6.317999999999999896e-09 -4.920625841299997028e-01 -6.691405006099996333e-01 -2.457489974082998074e-01
6.319000000000000203e-09 -8.459700999999997251e-01 -5.238222230230002996e-01 3.071823974082995568e-01
6.324000000000000082e-09 7.183362175799973270e-02 8.694045236329999149e-01 1.118455149920000391e+00
6.335000000000000147e-09 -1.021657457494999921e+00 -1.132844200000000079e+00 5.229458541999986582e-02
6.338000000000000240e-09 1.116939885660000131e+00 -1.340079550146000109e+00 1.712799999999958800e-03
6.338999999999999720e-09 1.192256909809999765e+00 4.309487924599998687e-02 -1.211357399999999807e+00
6.357999999999999758e-09 -1.192256909809999765e+00 -4.309487924599998687e-02 1.211356899999999737e+00
6.370999999999999610e-09 1.258110409809999997e+00 1.255042150146000068e+00 -6.155076179999524610e-03
6.378000000000000102e-09 1.781837783999973279e-02 -1.261756499999999948e+00 1.211794299999999769e+00
6.389999999999999647e-09 1.083135500000000029e+00 4.361743574000008505e-02 1.402289399999999908e+00
6.389999999999999647e-09 1.097991799999999962e+00 1.297850171779999950e+00 3.941830000000005191e-02
6.390999999999999954e-09 -4.401764652000020317e-02 -1.136552362259999782e+00 -1.238609192290000216e+00
6.394000000000000047e-09 3.879500000000063453e-03 -8.258629519000000307e-01 -1.041706807710000016e+00
6.395000000000000354e-09 -3.915700000000049696e-03 8.258361225100001590e-01 1.041728720179999845e+00
6.395000000000000354e-09 4.538890747999985154e-02 1.130655748130000138e+00 1.217521879820000041e+00
6.397000000000000140e-09 -1.316657999999999884e+00 1.204003271739999992e+00 -8.961969999999996883e-02
6.398999999999999926e-09 -1.133678100000000244e+00 -1.055146699999999882e+00 1.035565999999999431e-01
6.416000000000000178e-09 8.846648000000004175e-02 -9.224014000000002600e-01 1.258237800000000295e+00
6.441000000000000402e-09 -8.847997999999998586e-02 9.224083000000001809e-01 -1.258249299999999904e+00
6.441999999999999881e-09 -1.473027515600001114e-01 1.238494399999999995e+00 1.391258099999999942e+00
6.451999999999999640e-09 1.775875515600000010e-01 1.059486900000000009e+00 -1.035619399999999857e+00
6.451999999999999640e-09 -1.183758594238000006e+00 1.246916885670000141e+00 2.000322257000011761e-02
6.478000000000000171e-09 1.336343094237999907e+00 1.154921814330000185e+00 5.467322185999984319e-02
6.478000000000000171e-09 -1.376984900000000067e+00 -2.642610000000006343e-02 -1.312299700000000069e+00
6.478999999999999650e-09 1.803951877199999609e-01 -1.096613506070000410e+00 -1.263140700000000116e+00
6.481999999999999743e-09 1.225316999999999990e+00 -1.349191699999999550e+00 -1.186854000000000520e-01
6.554999999999999801e-09 9.907706960000003948e-02 1.147630300000000325e+00 1.162228909750000039e+00
6.602000000000000156e-09 -7.660130000000023309e-02 1.265335099999999713e+00 1.231159190250000313e+00
6.626000000000000073e-09 -8.437909999999990140e-02 -9.983906111199996047e-01 8.775918991700000227e-01
6.626000000000000073e-09 8.435059999999997005e-02 9.983722111200001859e-01 -8.776071991700000741e-01
6.627999999999999859e-09 -8.435059999999997005e-02 -9.983727111200002557e-01 8.776052918200001329e-01
6.629999999999999646e-09 -6.378184521599994383e-02 -1.013609888880000032e+00 8.534387081800000052e-01
6.629999999999999646e-09 6.711159837160000086e-01 1.932301000000001823e-01 7.049491000000003282e-01
6.629999999999999646e-09 5.693149944200001089e-01 -8.944520000000025228e-02 -3.390880000000034977e-02
6.630999999999999952e-09 -1.652549442000017521e-02 1.299649999999999972e+00 1.268566048559000237e+00
6.670999999999999814e-09 1.652549442000017521e-02 -1.299650399999999983e+00 -1.268566048559000237e+00
6.673999999999999907e-09 -1.652549442000016133e-02 1.299683900000000225e+00 1.268600341211000071e+00
6.719999999999999955e-09 -1.378095568850000063e+00 1.347778600000000271e+00 5.311375878899998737e-02
6.737999999999999686e-09 7.393659999999992183e-02 -1.274704999039999898e+00 -1.005355529860000097e+00
6.740000000000000300e-09 1.326414100000000040e+00 -1.151426885870000083e+00 -3.829005562000006857e-02
6.740999999999999779e-09 1.303523888650000240e+00 -1.099155141299998362e-01 -1.303813999999999806e+00
6.740999999999999779e-09 -1.303523888650000240e+00 1.099164141299998620e-01 1.303813999999999806e+00
6.740999999999999779e-09 1.396469299999999691e+00 -1.120754227949999571e+00 4.302960000000005669e-02
6.743999999999999872e-09 2.084353921000006715e-02 1.253811513819999890e+00 1.269800252190000034e+00
6.745000000000000179e-09 1.383293200000000223e+00 -3.590499227999977006e-02 -1.479581769018999848e+00
6.791000000000000227e-09 -1.383285400000000109e+00 3.594639228000007236e-02 1.479599069018999957e+00
6.791999999999999707e-09 -1.346990899999999991e+00 -1.533528000000003999e-01 1.392097600000000046e+00
6.794999999999999800e-09 -1.176805199999999996e+00 -9.021487999999999730e-01 2.123489000000000071e-01
6.799000000000000199e-09 -1.146329999999989857e-02 -1.231559999999999988e+00 1.177226966009999876e+00
6.812000000000000051e-09 1.381900700000000093e+00 1.227410000000005857e-02 1.174488133990000183e+00
6.821000000000000330e-09 1.396201999999999721e+00 -1.408478600000000025e+00 -7.979590000000018335e-02
6.837000000000000275e-09 -1.178049011439999738e+00 -1.760464208999981683e-02 -1.088493299999999886e+00
6.956999999999999861e-09 1.364841611439999935e+00 1.442709999999994275e-02 -1.291977000000000375e+00
6.961999999999999740e-09 -5.985099999999951570e-03 1.330930399999999736e+00 -1.403003499999999626e+00
6.983999999999999871e-09 1.361106800000000394e+00 -1.306347651319999859e+00 9.053428324999991672e-02
6.988999999999999750e-09 9.412668999999997954e-01 1.649971343199997387e-01 -1.161950783250000008e+00
6.988999999999999750e-09 -6.570988000000000939e-01 -1.567023982999999898e+00 1.011293663100000795e-01
6.988999999999999750e-09 1.177522803170000243e+00 -1.350540546973000300e+00 -9.415260000000007234e-02
6.994999999999999936e-09 -1.230865541080000014e+00 -7.060853026999991400e-03 -1.330842405039999843e+00
6.996999999999999723e-09 -7.164566209000003405e-02 -1.023605247559999931e+00 1.138048507799999776e+00
6.998000000000000029e-09 7.163024738999998475e-02 1.023613047560000044e+00 -1.138050407799999775e+00
6.999000000000000336e-09 8.437162526100000504e-01 1.146728300000000367e+00 1.333380073399998977e-01
6.999000000000000336e-09 -8.436894526100000569e-01 -1.146789500000000128e+00 -1.333167779600000769e-01
7.004000000000000215e-09 8.436894526100000569e-01 1.146789500000000128e+00 1.333167779600000769e-01
7.004000000000000215e-09 7.867010999999999310e-01 -2.867888917000002702e-01 -1.130360488500000038e+00
7.006000000000000002e-09 1.318796999999999331e-01 1.203319554199999919e+00 -7.767629617800000386e-01
7.007999999999999788e-09 9.521481723199998193e-01 -2.160414999999999419e-01 1.496063100000000201e+00
7.009000000000000095e-09 6.904487276799999851e-01 1.490362227999999511e-01 7.232656999999997893e-01
7.009000000000000095e-09 6.549014922300000485e-01 -3.249587657199999868e-01 5.352030000000002063e-01
7.020000000000000160e-09 1.392362807770000321e+00 1.475908184599999950e-01 -1.475756813589999883e+00
7.058999999999999715e-09 1.265451400879999966e+00 5.335590000000003941e-02 -1.381686187720000181e+00
7.115999999999999829e-09 -1.265451400879999966e+00 -5.335590000000003941e-02 1.381684287720000182e+00
7.166999999999999756e-09 -1.137348400000000037e+00 -7.156192229999983057e-03 -1.308029300000000061e+00
7.171000000000000156e-09 6.100839999999990715e-02 -1.359161438619999718e+00 -1.294779099999999961e+00
7.231000000000000362e-09 -2.443163969999995189e-03 -1.335628500000000329e+00 1.386886699999999806e+00
7.231999999999999842e-09 1.387853800000000248e+00 1.303897800000000107e+00 -3.271684537999998421e-02
7.239999999999999814e-09 -1.367246699999999926e+00 1.256923480959999839e+00 -1.018555102899998954e-01
7.271000000000000224e-09 -1.239139600000000119e+00 -1.265731600000000068e+00 7.835307759999975141e-02
7.282999999999999769e-09 1.464922000000001834e-01 1.285827599999999959e+00 -1.083686535219999580e+00
7.301999999999999807e-09 -1.253250200000000092e+00 1.371397500000000047e+00 -7.305167695000024108e-02
7.311000000000000086e-09 -6.767856426000001813e-02 8.854645999999997130e-01 -1.233620499999999787e+00
7.312000000000000393e-09 -4.461877335999995392e-02 1.369620700000000024e+00 1.053360899999999933e+00
7.319000000000000058e-09 -1.568029999999999424e-02 -1.172129700000000163e+00 1.113799036000000076e+00
7.320999999999999844e-09 1.568029999999999424e-02 1.172129700000000163e+00 -1.113799036000000076e+00
7.342999999999999975e-09 1.444580483010000194e+00 6.532859999999976464e-02 -1.357429099999999611e+00
7.357999999999999613e-09 -1.444572783010000361e+00 -6.532389999999985153e-02 1.357423199999999719e+00
7.363999999999999799e-09 -1.586149999999998672e-02 -1.171848800000000246e+00 1.113760100000000364e+00
7.363999999999999799e-09 1.703643770799999624e-01 -1.171174399999999949e+00 1.225999599999999523e+00
7.366000000000000413e-09 -1.165250700000000084e+00 -1.514325703999993417e-02 1.467825043259999740e+00
7.366000000000000413e-09 -9.733354000000001838e-01 -8.095825429600000955e-01 4.918385674000003149e-02
7.377999999999999958e-09 -8.933202000000000087e-01 -1.135311200000000076e+00 -7.946959999999997359e-02
7.377999999999999958e-09 -1.957780673099998869e-01 -1.031906100000000048e+00 1.312945986597000125e+00
