# AtomId eventId barrier
2.540000000000000000e+02 1.117696000000000000e+06 6.916330000000000533e-01
3.050000000000000000e+02 1.081140000000000000e+06 5.155929999999999680e-01
7.750000000000000000e+02 1.291630000000000000e+06 8.379699999999999926e-01
9.550000000000000000e+02 2.631680000000000000e+05 4.198810000000000042e-01
9.750000000000000000e+02 8.287320000000000000e+05 1.130441999999999947e+00
9.830000000000000000e+02 9.561260000000000000e+05 5.817379999999999773e-01
2.540000000000000000e+02 8.794820000000000000e+05 9.023400000000000309e-01
7.300000000000000000e+02 2.622960000000000000e+05 8.240220000000000322e-01
7.300000000000000000e+02 3.359860000000000000e+05 4.715146999999999977e+00
7.300000000000000000e+02 8.431020000000000000e+05 1.168544999999999945e+00
9.550000000000000000e+02 1.018806000000000000e+06 1.042132000000000058e+00
9.750000000000000000e+02 1.060484000000000000e+06 1.071221999999999897e+00
6.540000000000000000e+02 4.855530000000000000e+05 7.004879999999999995e-01
6.540000000000000000e+02 4.296480000000000000e+05 1.240439000000000069e+00
6.570000000000000000e+02 1.074311000000000000e+06 6.702289999999999637e-01
6.780000000000000000e+02 6.067700000000000000e+05 1.042116000000000042e+00
6.780000000000000000e+02 9.549950000000000000e+05 1.348824000000000023e+00
7.300000000000000000e+02 6.376130000000000000e+05 8.542830000000000146e-01
7.750000000000000000e+02 6.165090000000000000e+05 1.119833000000000078e+00
9.750000000000000000e+02 4.424210000000000000e+05 8.845790000000000042e-01
9.750000000000000000e+02 5.795020000000000000e+05 8.042629999999999502e-01
3.350000000000000000e+02 5.957580000000000000e+05 7.047919999999999741e-01
6.570000000000000000e+02 4.173240000000000000e+05 8.541480000000000183e-01
7.750000000000000000e+02 2.736530000000000000e+05 1.129394000000000009e+00
7.750000000000000000e+02 7.188600000000000000e+04 1.816926999999999959e+00
3.050000000000000000e+02 9.219170000000000000e+05 6.158810000000000118e-01
9.750000000000000000e+02 7.589210000000000000e+05 5.419279999999999653e-01
6.570000000000000000e+02 9.764930000000000000e+05 7.557930000000000481e-01
9.750000000000000000e+02 9.425530000000000000e+05 3.635550000000000170e-01
1.012000000000000000e+03 4.957100000000000000e+05 5.756539999999999990e-01
1.012000000000000000e+03 4.007200000000000000e+04 1.021756000000000109e+00
3.050000000000000000e+02 4.138390000000000000e+05 6.098799999999999777e-01
9.750000000000000000e+02 1.248772000000000000e+06 5.205870000000000219e-01
9.750000000000000000e+02 9.256060000000000000e+05 1.030918999999999919e+00
1.450000000000000000e+02 1.095361000000000000e+06 5.287429999999999630e-01
1.450000000000000000e+02 5.767100000000000000e+05 1.065676000000000068e+00
4.870000000000000000e+02 1.023394000000000000e+06 3.514419999999999766e-01
9.640000000000000000e+02 1.147552000000000000e+06 4.275209999999999844e-01
3.050000000000000000e+02 8.137880000000000000e+05 6.130590000000000206e-01
9.750000000000000000e+02 3.258230000000000000e+05 6.068940000000000445e-01
3.350000000000000000e+02 5.957580000000000000e+05 7.309879999999999711e-01
6.570000000000000000e+02 1.257825000000000000e+06 7.833750000000000435e-01
7.750000000000000000e+02 2.736530000000000000e+05 1.170001000000000069e+00
7.750000000000000000e+02 7.188600000000000000e+04 1.864503000000000021e+00
9.750000000000000000e+02 2.385330000000000000e+05 8.167489999999999473e-01
9.750000000000000000e+02 1.267113000000000000e+06 1.444744999999999946e+00
2.310000000000000000e+02 1.225450000000000000e+06 5.127829999999999888e-01
3.350000000000000000e+02 5.491680000000000000e+05 6.122809999999999642e-01
3.670000000000000000e+02 1.205600000000000000e+04 2.541019999999999945e-01
5.890000000000000000e+02 1.206980000000000000e+05 8.494930000000000536e-01
7.950000000000000000e+02 5.956510000000000000e+05 5.579549999999999788e-01
1.205000000000000000e+03 6.422580000000000000e+05 5.060130000000000461e-01
2.910000000000000000e+02 3.715000000000000000e+04 7.055780000000000385e-01
3.510000000000000000e+02 7.466820000000000000e+05 9.505569999999999853e-01
3.670000000000000000e+02 1.147003000000000000e+06 6.369660000000000322e-01
3.670000000000000000e+02 2.664200000000000000e+04 1.240421999999999914e+00
5.890000000000000000e+02 5.422000000000000000e+03 8.118969999999999798e-01
1.205000000000000000e+03 1.215821000000000000e+06 8.605129999999999724e-01
2.910000000000000000e+02 3.715000000000000000e+04 7.055810000000000137e-01
3.510000000000000000e+02 7.466820000000000000e+05 9.505569999999999853e-01
3.670000000000000000e+02 4.469250000000000000e+05 6.377439999999999776e-01
3.670000000000000000e+02 2.664200000000000000e+04 1.240421999999999914e+00
5.890000000000000000e+02 5.422000000000000000e+03 8.118980000000000086e-01
1.205000000000000000e+03 1.215821000000000000e+06 8.605120000000000546e-01
2.300000000000000000e+01 5.060800000000000000e+05 5.343050000000000299e-01
3.670000000000000000e+02 2.754210000000000000e+05 8.228969999999999896e-01
3.670000000000000000e+02 1.097420000000000000e+05 1.402238000000000095e+00
5.890000000000000000e+02 5.506600000000000000e+04 4.025569999999999982e-01
1.205000000000000000e+03 1.925850000000000000e+05 8.224280000000000479e-01
3.510000000000000000e+02 2.824000000000000000e+05 2.972110000000000030e-01
2.300000000000000000e+01 4.272620000000000000e+05 9.015779999999999905e-01
2.300000000000000000e+01 9.420330000000000000e+05 3.978585999999999956e+00
2.300000000000000000e+01 5.887480000000000000e+05 1.244820000000000038e+00
3.510000000000000000e+02 5.691310000000000000e+05 5.921699999999999742e-01
5.890000000000000000e+02 4.831910000000000000e+05 6.275150000000000450e-01
2.300000000000000000e+01 5.060800000000000000e+05 5.344179999999999486e-01
3.670000000000000000e+02 2.754210000000000000e+05 8.228809999999999736e-01
3.670000000000000000e+02 1.097420000000000000e+05 1.403369000000000089e+00
5.890000000000000000e+02 1.052254000000000000e+06 4.030730000000000146e-01
1.205000000000000000e+03 1.925850000000000000e+05 8.224270000000000191e-01
3.510000000000000000e+02 2.824000000000000000e+05 2.970360000000000222e-01
2.300000000000000000e+01 5.060800000000000000e+05 5.344179999999999486e-01
3.670000000000000000e+02 2.754210000000000000e+05 8.228830000000000311e-01
3.670000000000000000e+02 1.097420000000000000e+05 1.403367000000000031e+00
5.890000000000000000e+02 1.052254000000000000e+06 4.030719999999999859e-01
1.205000000000000000e+03 1.925850000000000000e+05 8.224280000000000479e-01
3.510000000000000000e+02 2.824000000000000000e+05 2.970260000000000122e-01
2.300000000000000000e+01 4.272620000000000000e+05 9.015769999999999618e-01
2.300000000000000000e+01 9.420330000000000000e+05 3.977357000000000031e+00
2.300000000000000000e+01 5.887480000000000000e+05 1.244818999999999898e+00
3.510000000000000000e+02 5.691310000000000000e+05 5.921729999999999494e-01
5.890000000000000000e+02 4.831910000000000000e+05 6.275150000000000450e-01
3.510000000000000000e+02 2.824000000000000000e+05 2.970320000000000182e-01
2.300000000000000000e+01 4.272620000000000000e+05 9.015720000000000400e-01
2.300000000000000000e+01 9.420330000000000000e+05 3.977367000000000097e+00
2.300000000000000000e+01 5.887480000000000000e+05 1.244820000000000038e+00
3.510000000000000000e+02 5.691310000000000000e+05 5.921729999999999494e-01
5.890000000000000000e+02 4.831910000000000000e+05 6.275140000000000162e-01
3.510000000000000000e+02 2.824000000000000000e+05 2.970300000000000162e-01
2.300000000000000000e+01 4.272620000000000000e+05 9.015760000000000440e-01
2.300000000000000000e+01 9.420330000000000000e+05 3.978593000000000046e+00
2.300000000000000000e+01 5.887480000000000000e+05 1.244817999999999980e+00
3.510000000000000000e+02 5.691310000000000000e+05 5.921699999999999742e-01
5.890000000000000000e+02 4.831910000000000000e+05 6.275140000000000162e-01
3.510000000000000000e+02 2.824000000000000000e+05 2.970320000000000182e-01
2.300000000000000000e+01 4.272620000000000000e+05 9.015769999999999618e-01
2.300000000000000000e+01 9.420330000000000000e+05 3.978581000000000145e+00
2.300000000000000000e+01 5.887480000000000000e+05 1.244817000000000062e+00
3.510000000000000000e+02 5.691310000000000000e+05 5.921710000000000029e-01
5.890000000000000000e+02 4.831910000000000000e+05 6.275140000000000162e-01
2.300000000000000000e+01 5.060800000000000000e+05 5.344170000000000309e-01
3.670000000000000000e+02 2.754210000000000000e+05 8.228820000000000023e-01
3.670000000000000000e+02 1.097420000000000000e+05 1.403367000000000031e+00
5.890000000000000000e+02 1.052254000000000000e+06 4.030750000000000166e-01
1.205000000000000000e+03 1.925850000000000000e+05 8.224259999999999904e-01
3.510000000000000000e+02 2.824000000000000000e+05 2.970320000000000182e-01
2.300000000000000000e+01 4.272620000000000000e+05 9.015779999999999905e-01
2.300000000000000000e+01 9.420330000000000000e+05 3.977361000000000146e+00
2.300000000000000000e+01 5.887480000000000000e+05 1.244818999999999898e+00
3.510000000000000000e+02 5.691310000000000000e+05 5.921720000000000317e-01
5.890000000000000000e+02 4.831910000000000000e+05 6.275150000000000450e-01
3.510000000000000000e+02 2.824000000000000000e+05 2.970400000000000262e-01
2.300000000000000000e+01 4.272620000000000000e+05 9.015779999999999905e-01
2.300000000000000000e+01 9.420330000000000000e+05 3.977351000000000081e+00
2.300000000000000000e+01 5.887480000000000000e+05 1.244820000000000038e+00
3.510000000000000000e+02 5.691310000000000000e+05 5.921710000000000029e-01
5.890000000000000000e+02 4.831910000000000000e+05 6.275150000000000450e-01
2.300000000000000000e+01 4.272620000000000000e+05 9.015750000000000153e-01
2.300000000000000000e+01 9.420330000000000000e+05 3.977354000000000056e+00
2.300000000000000000e+01 5.887480000000000000e+05 1.244817999999999980e+00
3.510000000000000000e+02 5.691310000000000000e+05 5.921720000000000317e-01
5.890000000000000000e+02 4.831910000000000000e+05 6.275140000000000162e-01
3.510000000000000000e+02 2.824000000000000000e+05 2.971079999999999832e-01
2.300000000000000000e+01 4.272620000000000000e+05 9.015800000000000480e-01
2.300000000000000000e+01 9.420330000000000000e+05 3.978580000000000005e+00
2.300000000000000000e+01 5.887480000000000000e+05 1.244817999999999980e+00
3.510000000000000000e+02 5.691310000000000000e+05 5.921729999999999494e-01
5.890000000000000000e+02 4.831910000000000000e+05 6.275129999999999875e-01
3.510000000000000000e+02 2.824000000000000000e+05 2.970559999999999867e-01
2.300000000000000000e+01 5.060800000000000000e+05 5.344189999999999774e-01
3.670000000000000000e+02 2.754210000000000000e+05 8.228830000000000311e-01
3.670000000000000000e+02 1.097420000000000000e+05 1.403367999999999949e+00
5.890000000000000000e+02 1.052254000000000000e+06 4.030739999999999879e-01
1.205000000000000000e+03 1.925850000000000000e+05 8.224270000000000191e-01
3.510000000000000000e+02 2.824000000000000000e+05 2.970470000000000055e-01
2.910000000000000000e+02 1.251832000000000000e+06 8.203580000000000316e-01
3.510000000000000000e+02 7.330480000000000000e+05 5.986299999999999955e-01
3.510000000000000000e+02 4.360800000000000000e+04 5.986989999999999812e-01
5.890000000000000000e+02 1.098948000000000000e+06 7.679709999999999592e-01
1.095000000000000000e+03 1.442370000000000000e+05 7.212110000000000465e-01
4.800000000000000000e+01 1.252559000000000000e+06 7.807929999999999593e-01
1.750000000000000000e+02 9.902350000000000000e+05 1.214034999999999975e+00
1.095000000000000000e+03 3.434450000000000000e+05 8.330189999999999539e-01
1.000000000000000000e+02 5.735080000000000000e+05 8.987020000000000008e-01
3.510000000000000000e+02 3.071980000000000000e+05 6.655189999999999717e-01
3.970000000000000000e+02 1.194754000000000000e+06 1.086092000000000057e+00
3.970000000000000000e+02 9.106070000000000000e+05 1.362403999999999948e+00
1.230000000000000000e+03 7.664690000000000000e+05 5.597419999999999618e-01
1.230000000000000000e+03 9.654490000000000000e+05 4.328218999999999816e+00
1.750000000000000000e+02 9.401690000000000000e+05 8.393709999999999782e-01
6.870000000000000000e+02 1.141181000000000000e+06 7.637890000000000512e-01
7.400000000000000000e+02 4.378700000000000000e+05 6.196829999999999838e-01
7.400000000000000000e+02 2.166220000000000000e+05 9.193109999999999893e-01
1.095000000000000000e+03 1.057117000000000000e+06 5.324079999999999924e-01
1.230000000000000000e+03 3.289060000000000000e+05 6.740390000000000548e-01
6.870000000000000000e+02 1.157720000000000000e+06 4.660549999999999971e-01
7.400000000000000000e+02 5.080730000000000000e+05 6.732669999999999488e-01
1.750000000000000000e+02 9.401690000000000000e+05 8.393709999999999782e-01
6.870000000000000000e+02 1.141181000000000000e+06 7.637899999999999689e-01
7.400000000000000000e+02 4.378700000000000000e+05 6.196819999999999551e-01
7.400000000000000000e+02 2.166220000000000000e+05 9.183689999999999909e-01
1.095000000000000000e+03 1.057117000000000000e+06 5.324079999999999924e-01
1.230000000000000000e+03 3.289060000000000000e+05 6.740380000000000260e-01
6.870000000000000000e+02 1.157720000000000000e+06 4.660639999999999783e-01
7.400000000000000000e+02 5.080730000000000000e+05 6.732749999999999568e-01
1.750000000000000000e+02 9.401690000000000000e+05 8.393709999999999782e-01
6.870000000000000000e+02 1.141181000000000000e+06 7.637880000000000225e-01
7.400000000000000000e+02 4.378700000000000000e+05 6.196850000000000414e-01
7.400000000000000000e+02 2.166220000000000000e+05 9.193109999999999893e-01
1.095000000000000000e+03 1.057117000000000000e+06 5.324079999999999924e-01
1.230000000000000000e+03 3.289060000000000000e+05 6.740369999999999973e-01
6.870000000000000000e+02 1.157720000000000000e+06 4.660679999999999823e-01
7.400000000000000000e+02 5.080730000000000000e+05 6.732799999999999896e-01
4.800000000000000000e+01 8.235740000000000000e+05 5.094790000000000152e-01
1.750000000000000000e+02 4.148560000000000000e+05 5.813669999999999671e-01
3.830000000000000000e+02 1.044739000000000000e+06 9.220559999999999867e-01
4.780000000000000000e+02 2.190270000000000000e+05 8.179530000000000411e-01
6.870000000000000000e+02 9.489670000000000000e+05 6.641930000000000334e-01
4.800000000000000000e+01 5.727760000000000000e+05 5.686780000000000168e-01
1.690000000000000000e+02 2.382610000000000000e+05 8.962080000000000046e-01
1.750000000000000000e+02 9.291290000000000000e+05 6.607960000000000500e-01
4.590000000000000000e+02 5.758580000000000000e+05 6.848859999999999948e-01
4.780000000000000000e+02 6.792770000000000000e+05 7.329940000000000344e-01
4.780000000000000000e+02 1.183351000000000000e+06 1.408965000000000023e+00
1.057000000000000000e+03 5.242670000000000000e+05 7.535579999999999501e-01
4.800000000000000000e+01 8.235740000000000000e+05 5.094830000000000192e-01
1.750000000000000000e+02 4.148560000000000000e+05 5.813810000000000366e-01
3.830000000000000000e+02 1.044739000000000000e+06 9.220559999999999867e-01
4.780000000000000000e+02 2.190270000000000000e+05 8.179659999999999709e-01
6.870000000000000000e+02 9.489680000000000000e+05 6.641460000000000141e-01
6.870000000000000000e+02 9.044830000000000000e+05 4.888213000000000363e+00
4.800000000000000000e+01 1.022580000000000000e+05 4.863569999999999838e-01
1.690000000000000000e+02 7.536270000000000000e+05 8.018159999999999732e-01
1.750000000000000000e+02 1.291621000000000000e+06 1.047992000000000035e+00
3.830000000000000000e+02 2.861420000000000000e+05 5.111710000000000420e-01
8.500000000000000000e+02 1.169337000000000000e+06 7.943059999999999565e-01
1.690000000000000000e+02 1.029978000000000000e+06 5.102799999999999558e-01
3.830000000000000000e+02 1.195540000000000000e+06 5.363120000000000109e-01
7.050000000000000000e+02 6.939110000000000000e+05 5.908700000000000063e-01
8.500000000000000000e+02 4.928700000000000000e+04 4.768749999999999933e-01
1.371000000000000000e+03 4.164380000000000000e+05 4.620870000000000255e-01
1.690000000000000000e+02 5.993130000000000000e+05 4.969180000000000264e-01
3.270000000000000000e+02 6.421290000000000000e+05 4.860110000000000263e-01
7.050000000000000000e+02 7.559830000000000000e+05 4.139869999999999939e-01
7.050000000000000000e+02 3.151530000000000000e+05 6.470770000000000133e-01
8.500000000000000000e+02 1.009118000000000000e+06 7.133460000000000356e-01
8.500000000000000000e+02 7.990430000000000000e+05 1.023260999999999976e+00
1.210000000000000000e+03 1.843140000000000000e+05 7.554570000000000451e-01
8.500000000000000000e+02 6.902510000000000000e+05 4.727459999999999996e-01
1.143000000000000000e+03 2.822260000000000000e+05 2.931840000000000002e-01
1.690000000000000000e+02 1.029978000000000000e+06 4.344029999999999836e-01
3.830000000000000000e+02 1.195540000000000000e+06 5.944819999999999549e-01
7.050000000000000000e+02 7.529060000000000000e+05 4.491430000000000144e-01
8.500000000000000000e+02 6.939110000000000000e+05 5.715959999999999930e-01
1.371000000000000000e+03 4.164380000000000000e+05 4.113229999999999942e-01
1.371000000000000000e+03 9.543750000000000000e+05 8.096459999999999768e-01
9.800000000000000000e+01 8.967550000000000000e+05 9.271399999999999642e-01
3.830000000000000000e+02 1.046006000000000000e+06 1.172023999999999955e+00
3.970000000000000000e+02 4.527880000000000000e+05 8.887450000000000072e-01
1.371000000000000000e+03 5.403420000000000000e+05 5.938039999999999985e-01
6.200000000000000000e+01 6.449990000000000000e+05 8.995220000000000438e-01
9.800000000000000000e+01 5.098160000000000000e+05 6.280799999999999716e-01
5.900000000000000000e+02 1.176934000000000000e+06 7.139109999999999623e-01
1.371000000000000000e+03 6.479300000000000000e+05 6.560719999999999885e-01
9.800000000000000000e+01 8.967550000000000000e+05 9.271390000000000464e-01
3.830000000000000000e+02 1.046006000000000000e+06 1.172026000000000012e+00
3.970000000000000000e+02 4.527880000000000000e+05 8.887460000000000360e-01
1.371000000000000000e+03 5.403420000000000000e+05 5.938039999999999985e-01
9.800000000000000000e+01 2.729840000000000000e+05 7.550409999999999622e-01
3.270000000000000000e+02 7.540000000000000000e+02 6.543149999999999800e-01
3.830000000000000000e+02 5.988380000000000000e+05 6.678009999999999780e-01
7.050000000000000000e+02 7.442280000000000000e+05 6.599509999999999543e-01
8.010000000000000000e+02 7.233040000000000000e+05 4.545600000000000196e-01
8.010000000000000000e+02 1.248322000000000000e+06 9.012620000000000076e-01
5.100000000000000000e+01 2.119150000000000000e+05 7.618759999999999977e-01
9.800000000000000000e+01 1.983720000000000000e+05 8.693490000000000384e-01
2.420000000000000000e+02 9.587990000000000000e+05 7.884010000000000185e-01
3.830000000000000000e+02 4.009800000000000000e+04 7.119649999999999590e-01
8.010000000000000000e+02 8.971550000000000000e+05 5.910349999999999770e-01
1.191000000000000000e+03 3.652110000000000000e+05 8.070330000000000004e-01
5.100000000000000000e+01 4.415950000000000000e+05 7.404450000000000198e-01
2.010000000000000000e+02 5.626930000000000000e+05 1.193252999999999897e+00
3.790000000000000000e+02 8.109360000000000000e+05 6.737330000000000263e-01
7.150000000000000000e+02 5.609280000000000000e+05 6.848680000000000323e-01
9.800000000000000000e+01 5.439760000000000000e+05 7.131950000000000234e-01
4.550000000000000000e+02 4.237920000000000000e+05 4.953969999999999763e-01
7.150000000000000000e+02 2.294840000000000000e+05 7.920000000000000373e-01
7.150000000000000000e+02 9.233700000000000000e+04 1.034594000000000014e+00
9.800000000000000000e+01 5.439760000000000000e+05 7.131950000000000234e-01
4.550000000000000000e+02 4.237920000000000000e+05 4.953940000000000010e-01
7.150000000000000000e+02 2.294840000000000000e+05 7.919969999999999510e-01
7.150000000000000000e+02 9.233700000000000000e+04 1.034597999999999907e+00
9.800000000000000000e+01 5.439760000000000000e+05 7.131960000000000521e-01
4.550000000000000000e+02 4.237920000000000000e+05 4.953910000000000258e-01
7.150000000000000000e+02 2.294840000000000000e+05 7.920000000000000373e-01
9.800000000000000000e+01 9.060300000000000000e+04 5.015490000000000226e-01
4.550000000000000000e+02 1.002571000000000000e+06 9.914030000000000342e-01
5.670000000000000000e+02 1.928890000000000000e+05 5.110999999999999988e-01
5.670000000000000000e+02 6.427150000000000000e+05 3.985640000000000072e+00
1.191000000000000000e+03 1.131303000000000000e+06 6.736039999999999806e-01
5.670000000000000000e+02 1.217043000000000000e+06 5.631239999999999579e-01
5.900000000000000000e+02 1.046689000000000000e+06 3.348499999999999810e-01
5.900000000000000000e+02 6.244890000000000000e+05 9.913319999999999910e-01
6.620000000000000000e+02 3.534110000000000000e+05 1.093992999999999993e+00
1.229000000000000000e+03 2.961490000000000000e+05 7.929300000000000237e-01
9.800000000000000000e+01 1.102538000000000000e+06 5.163219999999999477e-01
5.900000000000000000e+02 7.009490000000000000e+05 1.700220000000000065e-01
1.229000000000000000e+03 9.200000000000000000e+04 5.230759999999999854e-01
5.670000000000000000e+02 1.217044000000000000e+06 5.634270000000000111e-01
5.900000000000000000e+02 1.046689000000000000e+06 3.348499999999999810e-01
5.900000000000000000e+02 6.244890000000000000e+05 9.913330000000000197e-01
6.620000000000000000e+02 3.534110000000000000e+05 1.093993999999999911e+00
1.229000000000000000e+03 2.961490000000000000e+05 7.929270000000000485e-01
5.570000000000000000e+02 7.193150000000000000e+05 8.320760000000000378e-01
6.960000000000000000e+02 2.164690000000000000e+05 1.053217999999999988e+00
1.229000000000000000e+03 2.074700000000000000e+04 6.107869999999999688e-01
5.670000000000000000e+02 1.217044000000000000e+06 5.634259999999999824e-01
5.900000000000000000e+02 1.046689000000000000e+06 3.348559999999999870e-01
5.900000000000000000e+02 6.244890000000000000e+05 9.913330000000000197e-01
6.620000000000000000e+02 3.534110000000000000e+05 1.093995000000000051e+00
1.229000000000000000e+03 2.961490000000000000e+05 7.929300000000000237e-01
9.800000000000000000e+01 1.102538000000000000e+06 5.163039999999999852e-01
5.900000000000000000e+02 7.009490000000000000e+05 1.700270000000000115e-01
1.229000000000000000e+03 9.200000000000000000e+04 5.230780000000000429e-01
5.670000000000000000e+02 1.217044000000000000e+06 5.634280000000000399e-01
5.900000000000000000e+02 1.046689000000000000e+06 3.348559999999999870e-01
5.900000000000000000e+02 6.244890000000000000e+05 9.913340000000000485e-01
6.620000000000000000e+02 3.534110000000000000e+05 1.093995000000000051e+00
1.229000000000000000e+03 2.961490000000000000e+05 7.929300000000000237e-01
9.800000000000000000e+01 1.102538000000000000e+06 5.163029999999999564e-01
5.900000000000000000e+02 7.009490000000000000e+05 1.700270000000000115e-01
1.229000000000000000e+03 9.200000000000000000e+04 5.230759999999999854e-01
5.670000000000000000e+02 1.217044000000000000e+06 5.634249999999999536e-01
5.900000000000000000e+02 1.046689000000000000e+06 3.348559999999999870e-01
5.900000000000000000e+02 6.244890000000000000e+05 9.913349999999999662e-01
6.620000000000000000e+02 3.534110000000000000e+05 1.093995999999999968e+00
1.229000000000000000e+03 2.961490000000000000e+05 7.929310000000000525e-01
9.800000000000000000e+01 1.102538000000000000e+06 5.163170000000000259e-01
5.900000000000000000e+02 7.009490000000000000e+05 1.700270000000000115e-01
1.229000000000000000e+03 9.200000000000000000e+04 5.230719999999999814e-01
5.670000000000000000e+02 1.217044000000000000e+06 5.634270000000000111e-01
5.900000000000000000e+02 1.046689000000000000e+06 3.348559999999999870e-01
5.900000000000000000e+02 6.244890000000000000e+05 9.913340000000000485e-01
6.620000000000000000e+02 3.534110000000000000e+05 1.093995000000000051e+00
1.229000000000000000e+03 2.961490000000000000e+05 7.929300000000000237e-01
9.800000000000000000e+01 1.102538000000000000e+06 5.162900000000000267e-01
5.900000000000000000e+02 7.009490000000000000e+05 1.700270000000000115e-01
1.229000000000000000e+03 9.200000000000000000e+04 5.230719999999999814e-01
5.670000000000000000e+02 1.217044000000000000e+06 5.634259999999999824e-01
5.900000000000000000e+02 1.046689000000000000e+06 3.348570000000000157e-01
5.900000000000000000e+02 6.244890000000000000e+05 9.913349999999999662e-01
6.620000000000000000e+02 3.534110000000000000e+05 1.093995999999999968e+00
1.229000000000000000e+03 2.961490000000000000e+05 7.929310000000000525e-01
9.800000000000000000e+01 1.102538000000000000e+06 5.163240000000000052e-01
5.900000000000000000e+02 7.009490000000000000e+05 1.700270000000000115e-01
1.229000000000000000e+03 9.200000000000000000e+04 5.230730000000000102e-01
5.670000000000000000e+02 1.217044000000000000e+06 5.634270000000000111e-01
5.900000000000000000e+02 1.046689000000000000e+06 3.348570000000000157e-01
5.900000000000000000e+02 6.244890000000000000e+05 9.913380000000000525e-01
6.620000000000000000e+02 3.534110000000000000e+05 1.093995999999999968e+00
1.229000000000000000e+03 2.961490000000000000e+05 7.929329999999999989e-01
9.800000000000000000e+01 1.102538000000000000e+06 5.163149999999999684e-01
5.900000000000000000e+02 7.009490000000000000e+05 1.700270000000000115e-01
1.229000000000000000e+03 9.200000000000000000e+04 5.230780000000000429e-01
5.670000000000000000e+02 1.217044000000000000e+06 5.634209999999999496e-01
5.900000000000000000e+02 1.046689000000000000e+06 3.348579999999999890e-01
5.900000000000000000e+02 6.244890000000000000e+05 9.913370000000000237e-01
6.620000000000000000e+02 3.534110000000000000e+05 1.093998000000000026e+00
1.229000000000000000e+03 2.961490000000000000e+05 7.929319999999999702e-01
9.800000000000000000e+01 1.102538000000000000e+06 5.163170000000000259e-01
5.900000000000000000e+02 7.009490000000000000e+05 1.700270000000000115e-01
1.229000000000000000e+03 9.200000000000000000e+04 5.230660000000000309e-01
5.670000000000000000e+02 1.217044000000000000e+06 5.634259999999999824e-01
5.900000000000000000e+02 1.046689000000000000e+06 3.348579999999999890e-01
5.900000000000000000e+02 6.244890000000000000e+05 9.913359999999999950e-01
6.620000000000000000e+02 3.534110000000000000e+05 1.093998999999999944e+00
1.229000000000000000e+03 2.961490000000000000e+05 7.929319999999999702e-01
9.800000000000000000e+01 9.060300000000000000e+04 5.014429999999999721e-01
4.550000000000000000e+02 1.002572000000000000e+06 9.918740000000000334e-01
5.670000000000000000e+02 1.928890000000000000e+05 5.113729999999999665e-01
5.670000000000000000e+02 6.427150000000000000e+05 3.985640000000000072e+00
1.191000000000000000e+03 1.131303000000000000e+06 6.736729999999999663e-01
9.800000000000000000e+01 9.357790000000000000e+05 2.306159999999999877e-01
4.550000000000000000e+02 9.845440000000000000e+05 9.382380000000000164e-01
5.900000000000000000e+02 3.980020000000000000e+05 3.588459999999999983e-01
8.010000000000000000e+02 1.562410000000000000e+05 6.494950000000000445e-01
1.191000000000000000e+03 4.206120000000000000e+05 6.030720000000000525e-01
9.800000000000000000e+01 9.060300000000000000e+04 5.014429999999999721e-01
4.550000000000000000e+02 1.002572000000000000e+06 9.918559999999999599e-01
5.670000000000000000e+02 1.928890000000000000e+05 5.109930000000000305e-01
5.670000000000000000e+02 6.427150000000000000e+05 3.985640000000000072e+00
1.191000000000000000e+03 1.131303000000000000e+06 6.736739999999999950e-01
9.800000000000000000e+01 9.357790000000000000e+05 2.306159999999999877e-01
4.550000000000000000e+02 9.845440000000000000e+05 9.382380000000000164e-01
5.900000000000000000e+02 3.980020000000000000e+05 3.588470000000000271e-01
8.010000000000000000e+02 1.562410000000000000e+05 6.494919999999999582e-01
1.191000000000000000e+03 4.206120000000000000e+05 6.030699999999999950e-01
9.800000000000000000e+01 9.060300000000000000e+04 5.014429999999999721e-01
4.550000000000000000e+02 1.002572000000000000e+06 9.918639999999999679e-01
5.670000000000000000e+02 1.928890000000000000e+05 5.109930000000000305e-01
5.670000000000000000e+02 6.427150000000000000e+05 3.985640000000000072e+00
1.191000000000000000e+03 1.131303000000000000e+06 6.736779999999999990e-01
5.670000000000000000e+02 1.217043000000000000e+06 5.630439999999999889e-01
5.900000000000000000e+02 1.046689000000000000e+06 3.348519999999999830e-01
5.900000000000000000e+02 6.244890000000000000e+05 9.913359999999999950e-01
6.620000000000000000e+02 3.534110000000000000e+05 1.093992999999999993e+00
1.229000000000000000e+03 2.961490000000000000e+05 7.929289999999999949e-01
9.800000000000000000e+01 1.102538000000000000e+06 5.163360000000000172e-01
5.900000000000000000e+02 7.009490000000000000e+05 1.700220000000000065e-01
1.229000000000000000e+03 9.200000000000000000e+04 5.230740000000000389e-01
5.670000000000000000e+02 1.217044000000000000e+06 5.634200000000000319e-01
5.900000000000000000e+02 1.046689000000000000e+06 3.348519999999999830e-01
5.900000000000000000e+02 6.244890000000000000e+05 9.913359999999999950e-01
6.620000000000000000e+02 3.534110000000000000e+05 1.093992999999999993e+00
1.229000000000000000e+03 2.961490000000000000e+05 7.929270000000000485e-01
5.060000000000000000e+02 6.171910000000000000e+05 7.760200000000000431e-01
5.060000000000000000e+02 1.289600000000000000e+04 1.330854999999999899e+00
6.620000000000000000e+02 9.103940000000000000e+05 8.364409999999999901e-01
6.620000000000000000e+02 4.529410000000000000e+05 1.238671000000000078e+00
6.960000000000000000e+02 5.167390000000000000e+05 1.008034000000000097e+00
6.960000000000000000e+02 6.988920000000000000e+05 3.730045000000000055e+00
6.960000000000000000e+02 1.508130000000000000e+05 1.425491999999999981e+00
7.530000000000000000e+02 6.810770000000000000e+05 6.759309999999999485e-01
7.660000000000000000e+02 8.281220000000000000e+05 9.804770000000000429e-01
1.229000000000000000e+03 6.632000000000000000e+05 9.806409999999999849e-01
1.229000000000000000e+03 9.384100000000000000e+05 1.238258999999999999e+00
4.420000000000000000e+02 1.609220000000000000e+05 6.640759999999999996e-01
5.060000000000000000e+02 1.473280000000000000e+05 7.142479999999999940e-01
6.580000000000000000e+02 1.019413000000000000e+06 8.149420000000000552e-01
7.660000000000000000e+02 1.278004000000000000e+06 9.095800000000000551e-01
1.177000000000000000e+03 1.172255000000000000e+06 9.044470000000000010e-01
1.241000000000000000e+03 2.877400000000000000e+04 4.958069999999999977e-01
5.060000000000000000e+02 6.171910000000000000e+05 7.761500000000000066e-01
5.060000000000000000e+02 1.289600000000000000e+04 1.330956000000000028e+00
6.620000000000000000e+02 9.103940000000000000e+05 8.370370000000000310e-01
6.620000000000000000e+02 4.529410000000000000e+05 1.239627000000000034e+00
6.960000000000000000e+02 5.167390000000000000e+05 1.007695000000000007e+00
6.960000000000000000e+02 6.988920000000000000e+05 3.730045000000000055e+00
6.960000000000000000e+02 1.508130000000000000e+05 1.424867000000000106e+00
7.530000000000000000e+02 6.810770000000000000e+05 6.754299999999999748e-01
7.660000000000000000e+02 8.281220000000000000e+05 9.802130000000000010e-01
1.229000000000000000e+03 6.632000000000000000e+05 9.808069999999999844e-01
1.229000000000000000e+03 9.384100000000000000e+05 1.238312000000000079e+00
4.420000000000000000e+02 1.609220000000000000e+05 6.640749999999999709e-01
5.060000000000000000e+02 1.473280000000000000e+05 7.142490000000000228e-01
6.580000000000000000e+02 1.019413000000000000e+06 8.149440000000000017e-01
7.660000000000000000e+02 1.278004000000000000e+06 9.095839999999999481e-01
1.177000000000000000e+03 1.172255000000000000e+06 9.044529999999999514e-01
1.241000000000000000e+03 2.877400000000000000e+04 4.958069999999999977e-01
6.580000000000000000e+02 6.108060000000000000e+05 6.863150000000000084e-01
7.530000000000000000e+02 9.943470000000000000e+05 4.302779999999999938e-01
7.660000000000000000e+02 8.359040000000000000e+05 4.779349999999999987e-01
9.420000000000000000e+02 2.340010000000000000e+05 8.847359999999999669e-01
1.142000000000000000e+03 1.008103000000000000e+06 4.884899999999999798e-01
4.420000000000000000e+02 1.609220000000000000e+05 6.640779999999999461e-01
5.060000000000000000e+02 1.473280000000000000e+05 7.142460000000000475e-01
6.580000000000000000e+02 1.019413000000000000e+06 8.149420000000000552e-01
7.660000000000000000e+02 1.278004000000000000e+06 9.095790000000000264e-01
1.177000000000000000e+03 1.172255000000000000e+06 9.044489999999999474e-01
1.241000000000000000e+03 2.877400000000000000e+04 4.958060000000000245e-01
5.060000000000000000e+02 6.171910000000000000e+05 7.761500000000000066e-01
5.060000000000000000e+02 1.289600000000000000e+04 1.330956999999999946e+00
6.620000000000000000e+02 9.103940000000000000e+05 8.370370000000000310e-01
6.620000000000000000e+02 4.529410000000000000e+05 1.239624999999999977e+00
6.960000000000000000e+02 5.167390000000000000e+05 1.007695999999999925e+00
6.960000000000000000e+02 6.988920000000000000e+05 3.730045000000000055e+00
6.960000000000000000e+02 1.508130000000000000e+05 1.424865000000000048e+00
7.530000000000000000e+02 6.810770000000000000e+05 6.754320000000000324e-01
7.660000000000000000e+02 8.281220000000000000e+05 9.802130000000000010e-01
1.229000000000000000e+03 6.632000000000000000e+05 9.808059999999999556e-01
1.229000000000000000e+03 9.384100000000000000e+05 1.238310999999999940e+00
4.420000000000000000e+02 1.609220000000000000e+05 6.640759999999999996e-01
5.060000000000000000e+02 1.473280000000000000e+05 7.142500000000000515e-01
6.580000000000000000e+02 1.019413000000000000e+06 8.149469999999999770e-01
7.660000000000000000e+02 1.278004000000000000e+06 9.095800000000000551e-01
1.177000000000000000e+03 1.172255000000000000e+06 9.044480000000000297e-01
1.241000000000000000e+03 2.877400000000000000e+04 4.958060000000000245e-01
6.200000000000000000e+01 1.227449000000000000e+06 5.172630000000000283e-01
2.770000000000000000e+02 7.048280000000000000e+05 5.318659999999999499e-01
7.660000000000000000e+02 4.514000000000000000e+04 5.772859999999999658e-01
9.770000000000000000e+02 6.868460000000000000e+05 6.396910000000000096e-01
1.011000000000000000e+03 3.592230000000000000e+05 6.728779999999999761e-01
1.011000000000000000e+03 1.212083000000000000e+06 4.996309999999999918e-01
2.770000000000000000e+02 2.446120000000000000e+05 3.065530000000000199e-01
9.770000000000000000e+02 2.373870000000000000e+05 5.664280000000000426e-01
7.710000000000000000e+02 8.871650000000000000e+05 3.808876000000000150e+00
1.011000000000000000e+03 5.110070000000000000e+05 5.459619999999999473e-01
2.770000000000000000e+02 2.446120000000000000e+05 3.065510000000000179e-01
9.770000000000000000e+02 2.373870000000000000e+05 5.664270000000000138e-01
7.710000000000000000e+02 8.871650000000000000e+05 3.808876000000000150e+00
1.011000000000000000e+03 5.110070000000000000e+05 5.459629999999999761e-01
2.770000000000000000e+02 2.446120000000000000e+05 3.065439999999999832e-01
9.770000000000000000e+02 2.373870000000000000e+05 5.664320000000000466e-01
6.200000000000000000e+01 2.539540000000000000e+05 6.144530000000000269e-01
2.770000000000000000e+02 2.372170000000000000e+05 6.154530000000000278e-01
5.080000000000000000e+02 7.058400000000000000e+04 6.847100000000000408e-01
9.770000000000000000e+02 1.238369000000000000e+06 6.652299999999999880e-01
6.200000000000000000e+01 4.016250000000000000e+05 5.554040000000000088e-01
3.270000000000000000e+02 1.201796000000000000e+06 6.337730000000000308e-01
8.010000000000000000e+02 1.888220000000000000e+05 6.266650000000000276e-01
1.191000000000000000e+03 8.043310000000000000e+05 5.420690000000000230e-01
1.336000000000000000e+03 1.221857000000000000e+06 6.691200000000000481e-01
3.270000000000000000e+02 3.466890000000000000e+05 6.946539999999999937e-01
7.540000000000000000e+02 1.979710000000000000e+05 5.348119999999999541e-01
1.173000000000000000e+03 3.005170000000000000e+05 3.815339999999999843e-01
1.336000000000000000e+03 3.620800000000000000e+04 4.946470000000000034e-01
6.200000000000000000e+01 4.016250000000000000e+05 5.554029999999999800e-01
3.270000000000000000e+02 1.201796000000000000e+06 6.337709999999999733e-01
8.010000000000000000e+02 1.888220000000000000e+05 6.266629999999999701e-01
8.010000000000000000e+02 5.181180000000000000e+05 1.342424999999999979e+00
1.191000000000000000e+03 8.043310000000000000e+05 5.420709999999999695e-01
1.191000000000000000e+03 1.192243000000000000e+06 4.715855999999999604e+00
1.336000000000000000e+03 1.221857000000000000e+06 6.691200000000000481e-01
9.800000000000000000e+01 4.617430000000000000e+05 6.991030000000000300e-01
9.800000000000000000e+01 8.104300000000000000e+05 1.299579000000000040e+00
2.420000000000000000e+02 9.587990000000000000e+05 9.591089999999999893e-01
3.270000000000000000e+02 1.225450000000000000e+06 3.931600000000000095e-01
5.670000000000000000e+02 1.071347000000000000e+06 5.139939999999999509e-01
1.191000000000000000e+03 1.156231000000000000e+06 5.576569999999999583e-01
1.336000000000000000e+03 3.098490000000000000e+05 7.403020000000000156e-01
9.800000000000000000e+01 5.306600000000000000e+05 1.107137999999999955e+00
5.670000000000000000e+02 7.969350000000000000e+05 7.232520000000000060e-01
3.450000000000000000e+02 4.186960000000000000e+05 3.752460000000000240e-01
4.420000000000000000e+02 8.476540000000000000e+05 5.029789999999999539e-01
6.620000000000000000e+02 5.510200000000000000e+05 6.564240000000000075e-01
1.640000000000000000e+02 6.356050000000000000e+05 7.834969999999999990e-01
1.830000000000000000e+02 6.097100000000000000e+04 6.747090000000000032e-01
3.450000000000000000e+02 3.410810000000000000e+05 4.266750000000000265e-01
4.420000000000000000e+02 5.011670000000000000e+05 4.997889999999999833e-01
4.470000000000000000e+02 4.901210000000000000e+05 5.483930000000000193e-01
3.450000000000000000e+02 9.831160000000000000e+05 4.094849999999999879e-01
4.420000000000000000e+02 6.715310000000000000e+05 6.057040000000000202e-01
7.260000000000000000e+02 4.072000000000000000e+05 7.199299999999999589e-01
1.177000000000000000e+03 9.122970000000000000e+05 5.732949999999999990e-01
5.410000000000000000e+02 6.097100000000000000e+04 7.220229999999999704e-01
1.065000000000000000e+03 9.003430000000000000e+05 4.568349999999999911e-01
3.780000000000000000e+02 9.151100000000000000e+05 4.643479999999999830e-01
5.410000000000000000e+02 1.158416000000000000e+06 7.210790000000000255e-01
6.980000000000000000e+02 9.544650000000000000e+05 1.195225999999999900e+00
7.260000000000000000e+02 4.072000000000000000e+05 7.142140000000000155e-01
9.850000000000000000e+02 6.034530000000000000e+05 4.597450000000000148e-01
9.850000000000000000e+02 6.621370000000000000e+05 4.241855000000000153e+00
1.065000000000000000e+03 6.983330000000000000e+05 7.642370000000000552e-01
2.700000000000000000e+02 9.573590000000000000e+05 8.384669999999999623e-01
6.980000000000000000e+02 6.981100000000000000e+05 8.015139999999999487e-01
9.850000000000000000e+02 1.038670000000000000e+06 8.237200000000000077e-01
9.850000000000000000e+02 5.556460000000000000e+05 1.211586999999999970e+00
1.189000000000000000e+03 7.710830000000000000e+05 9.840010000000000145e-01
3.560000000000000000e+02 1.432600000000000000e+04 8.625660000000000549e-01
3.780000000000000000e+02 5.490870000000000000e+05 8.152800000000000047e-01
8.700000000000000000e+02 5.204870000000000000e+05 6.184939999999999882e-01
8.700000000000000000e+02 3.484100000000000000e+05 1.260299000000000058e+00
1.189000000000000000e+03 9.512220000000000000e+05 7.339010000000000256e-01
4.600000000000000000e+01 1.268809000000000000e+06 6.517159999999999620e-01
2.560000000000000000e+02 5.487220000000000000e+05 1.117776000000000103e+00
2.560000000000000000e+02 9.883390000000000000e+05 1.165799000000000030e+00
3.560000000000000000e+02 1.597480000000000000e+05 1.099776000000000087e+00
3.780000000000000000e+02 7.340240000000000000e+05 6.224260000000000348e-01
5.320000000000000000e+02 9.908780000000000000e+05 1.199932999999999916e+00
1.353000000000000000e+03 9.141740000000000000e+05 8.518019999999999481e-01
1.353000000000000000e+03 2.027440000000000000e+05 4.810927000000000398e+00
3.560000000000000000e+02 1.432600000000000000e+04 8.625650000000000261e-01
3.780000000000000000e+02 5.490870000000000000e+05 8.152800000000000047e-01
8.700000000000000000e+02 3.484100000000000000e+05 1.260299999999999976e+00
1.189000000000000000e+03 9.512220000000000000e+05 7.339010000000000256e-01
7.500000000000000000e+01 6.490730000000000000e+05 8.028549999999999853e-01
3.560000000000000000e+02 6.827850000000000000e+05 6.174269999999999481e-01
3.560000000000000000e+02 8.661880000000000000e+05 1.091633000000000076e+00
5.320000000000000000e+02 6.845530000000000000e+05 8.496510000000000451e-01
8.700000000000000000e+02 7.078600000000000000e+05 3.922329999999999983e-01
1.189000000000000000e+03 6.625770000000000000e+05 5.398560000000000025e-01
7.500000000000000000e+01 1.025512000000000000e+06 6.832549999999999457e-01
3.930000000000000000e+02 1.068503000000000000e+06 4.418019999999999725e-01
8.700000000000000000e+02 3.108080000000000000e+05 2.759220000000000006e-01
3.930000000000000000e+02 6.530080000000000000e+05 4.413300000000000001e-01
8.700000000000000000e+02 9.597780000000000000e+05 4.198879999999999835e-01
8.830000000000000000e+02 3.472930000000000000e+05 6.364469999999999850e-01
1.277000000000000000e+03 8.558090000000000000e+05 3.913599999999999857e-01
1.280000000000000000e+02 7.056000000000000000e+03 9.592690000000000383e-01
6.880000000000000000e+02 6.357230000000000000e+05 1.000728000000000062e+00
6.880000000000000000e+02 6.400470000000000000e+05 1.321051999999999893e+00
8.700000000000000000e+02 1.426180000000000000e+05 9.562469999999999581e-01
8.830000000000000000e+02 6.221600000000000000e+04 9.182700000000000307e-01
2.700000000000000000e+02 5.813000000000000000e+04 9.856059999999999821e-01
3.560000000000000000e+02 1.113138000000000000e+06 7.375099999999999989e-01
8.700000000000000000e+02 9.714360000000000000e+05 9.572599999999999998e-01
8.830000000000000000e+02 1.608470000000000000e+05 8.431579999999999631e-01
8.830000000000000000e+02 7.673750000000000000e+05 1.312540999999999958e+00
3.560000000000000000e+02 3.180440000000000000e+05 7.482710000000000194e-01
3.780000000000000000e+02 6.202460000000000000e+05 8.347350000000000048e-01
4.100000000000000000e+02 5.284120000000000000e+05 8.232749999999999790e-01
6.980000000000000000e+02 6.608030000000000000e+05 1.043014000000000108e+00
7.690000000000000000e+02 2.905070000000000000e+05 7.521369999999999445e-01
9.850000000000000000e+02 1.098666000000000000e+06 9.576829999999999510e-01
1.040000000000000000e+03 4.992200000000000000e+05 7.152039999999999509e-01
1.040000000000000000e+03 9.757800000000000000e+05 8.318969999999999976e-01
7.200000000000000000e+01 7.376810000000000000e+05 8.084559999999999524e-01
3.810000000000000000e+02 3.620800000000000000e+04 8.650120000000000031e-01
3.810000000000000000e+02 2.092550000000000000e+05 4.795334999999999681e+00
3.810000000000000000e+02 1.230861000000000000e+06 4.094865999999999673e+00
6.980000000000000000e+02 1.104824000000000000e+06 9.407480000000000286e-01
7.260000000000000000e+02 2.924450000000000000e+05 9.073189999999999866e-01
7.690000000000000000e+02 8.576060000000000000e+05 7.901120000000000365e-01
7.790000000000000000e+02 1.257263000000000000e+06 8.215569999999999817e-01
8.090000000000000000e+02 1.155454000000000000e+06 8.257809999999999873e-01
1.040000000000000000e+03 3.664560000000000000e+05 6.913850000000000273e-01
1.040000000000000000e+03 1.215649000000000000e+06 3.721147999999999900e+00
1.167000000000000000e+03 7.376810000000000000e+05 1.078915000000000068e+00
2.700000000000000000e+02 6.270850000000000000e+05 4.940510000000000179e-01
3.810000000000000000e+02 1.221857000000000000e+06 6.670120000000000493e-01
4.100000000000000000e+02 1.035439000000000000e+06 6.305429999999999646e-01
4.100000000000000000e+02 7.478900000000000000e+05 6.316129999999999800e-01
6.980000000000000000e+02 4.293460000000000000e+05 6.554600000000000426e-01
1.040000000000000000e+03 7.143080000000000000e+05 5.527170000000000138e-01
3.810000000000000000e+02 3.271260000000000000e+05 5.484299999999999731e-01
3.810000000000000000e+02 5.073940000000000000e+05 3.580995000000000150e+00
4.100000000000000000e+02 8.730760000000000000e+05 5.314119999999999955e-01
7.690000000000000000e+02 3.545070000000000000e+05 3.429849999999999843e-01
7.790000000000000000e+02 3.766210000000000000e+05 5.614949999999999664e-01
1.018000000000000000e+03 9.014230000000000000e+05 8.729810000000000070e-01
4.370000000000000000e+02 1.338810000000000000e+05 5.798889999999999878e-01
5.850000000000000000e+02 5.689080000000000000e+05 5.673359999999999514e-01
5.850000000000000000e+02 1.517740000000000000e+05 4.035076000000000107e+00
1.018000000000000000e+03 3.080420000000000000e+05 8.001610000000000111e-01
3.810000000000000000e+02 3.271270000000000000e+05 5.485489999999999533e-01
3.810000000000000000e+02 5.073940000000000000e+05 3.580995000000000150e+00
4.100000000000000000e+02 8.730760000000000000e+05 5.302559999999999496e-01
7.690000000000000000e+02 3.545070000000000000e+05 3.429829999999999823e-01
7.790000000000000000e+02 3.766210000000000000e+05 5.614970000000000239e-01
1.018000000000000000e+03 9.014230000000000000e+05 8.719029999999999836e-01
4.100000000000000000e+02 8.182150000000000000e+05 5.101759999999999629e-01
7.690000000000000000e+02 1.187819000000000000e+06 5.976780000000000426e-01
7.790000000000000000e+02 7.969360000000000000e+05 7.408320000000000460e-01
7.790000000000000000e+02 9.516800000000000000e+04 1.100031999999999899e+00
1.040000000000000000e+03 1.199002000000000000e+06 5.485160000000000036e-01
3.810000000000000000e+02 3.271270000000000000e+05 5.485489999999999533e-01
3.810000000000000000e+02 5.073940000000000000e+05 3.580995000000000150e+00
4.100000000000000000e+02 8.730760000000000000e+05 5.314100000000000490e-01
7.690000000000000000e+02 3.545070000000000000e+05 3.429829999999999823e-01
7.790000000000000000e+02 3.766210000000000000e+05 5.614949999999999664e-01
1.018000000000000000e+03 9.014230000000000000e+05 8.718550000000000466e-01
2.700000000000000000e+02 6.270850000000000000e+05 4.936969999999999970e-01
3.810000000000000000e+02 3.271260000000000000e+05 6.672909999999999675e-01
3.810000000000000000e+02 5.073940000000000000e+05 3.580995000000000150e+00
4.100000000000000000e+02 1.035439000000000000e+06 6.309109999999999996e-01
4.100000000000000000e+02 7.478900000000000000e+05 6.313590000000000035e-01
6.980000000000000000e+02 4.293460000000000000e+05 6.554560000000000386e-01
1.040000000000000000e+03 7.143080000000000000e+05 5.524390000000000134e-01
3.810000000000000000e+02 3.271270000000000000e+05 5.485489999999999533e-01
3.810000000000000000e+02 5.073940000000000000e+05 3.580995000000000150e+00
4.100000000000000000e+02 8.730760000000000000e+05 5.314069999999999627e-01
7.690000000000000000e+02 3.545070000000000000e+05 3.429800000000000071e-01
7.790000000000000000e+02 3.766210000000000000e+05 5.614930000000000199e-01
1.018000000000000000e+03 9.014230000000000000e+05 8.730179999999999607e-01
4.100000000000000000e+02 8.182150000000000000e+05 5.101769999999999916e-01
7.690000000000000000e+02 1.187819000000000000e+06 5.976759999999999851e-01
7.790000000000000000e+02 7.969360000000000000e+05 7.407409999999999828e-01
7.790000000000000000e+02 9.516800000000000000e+04 1.100030999999999981e+00
1.040000000000000000e+03 1.199002000000000000e+06 5.485170000000000323e-01
4.100000000000000000e+02 1.243223000000000000e+06 4.324819999999999776e-01
7.690000000000000000e+02 1.959480000000000000e+05 7.084439999999999626e-01
8.830000000000000000e+02 5.073020000000000000e+05 5.657419999999999671e-01
1.040000000000000000e+03 1.473320000000000000e+05 5.233419999999999739e-01
1.155000000000000000e+03 9.763130000000000000e+05 6.420780000000000376e-01
7.690000000000000000e+02 1.049062000000000000e+06 4.583674000000000248e+00
2.700000000000000000e+02 8.112870000000000000e+05 9.103449999999999598e-01
3.560000000000000000e+02 3.106490000000000000e+05 7.308639999999999581e-01
8.700000000000000000e+02 9.714360000000000000e+05 9.384529999999999816e-01
8.830000000000000000e+02 7.836910000000000000e+05 9.441629999999999745e-01
4.100000000000000000e+02 1.243224000000000000e+06 4.317980000000000151e-01
7.690000000000000000e+02 1.959480000000000000e+05 7.082540000000000502e-01
8.830000000000000000e+02 5.073020000000000000e+05 5.662239999999999496e-01
1.040000000000000000e+03 1.473320000000000000e+05 5.231759999999999744e-01
1.155000000000000000e+03 9.763130000000000000e+05 6.419890000000000319e-01
8.830000000000000000e+02 8.992640000000000000e+05 5.774869999999999726e-01
1.155000000000000000e+03 2.239540000000000000e+05 3.846399999999999819e-01
1.277000000000000000e+03 9.562530000000000000e+05 5.383200000000000207e-01
2.300000000000000000e+02 6.892500000000000000e+04 7.180279999999999996e-01
2.680000000000000000e+02 1.268990000000000000e+05 5.960999999999999632e-01
8.290000000000000000e+02 1.842690000000000000e+05 6.316920000000000313e-01
1.155000000000000000e+03 2.906190000000000000e+05 7.029950000000000365e-01
1.277000000000000000e+03 1.226823000000000000e+06 5.284809999999999786e-01
8.830000000000000000e+02 8.992650000000000000e+05 5.772270000000000456e-01
1.155000000000000000e+03 2.239540000000000000e+05 3.846910000000000052e-01
1.277000000000000000e+03 9.562530000000000000e+05 5.383569999999999744e-01
8.290000000000000000e+02 6.682000000000000000e+03 6.493280000000000163e-01
8.290000000000000000e+02 1.181161000000000000e+06 4.390212000000000003e+00
8.830000000000000000e+02 5.284120000000000000e+05 7.043599999999999861e-01
8.980000000000000000e+02 7.969360000000000000e+05 7.866290000000000227e-01
1.018000000000000000e+03 1.139731000000000000e+06 8.935250000000000137e-01
1.155000000000000000e+03 1.132583000000000000e+06 4.351740000000000053e-01
1.155000000000000000e+03 6.244890000000000000e+05 7.391290000000000360e-01
1.277000000000000000e+03 4.553500000000000000e+04 7.607660000000000533e-01
8.830000000000000000e+02 8.992650000000000000e+05 5.772279999999999633e-01
1.155000000000000000e+03 2.239540000000000000e+05 3.846910000000000052e-01
1.277000000000000000e+03 9.562530000000000000e+05 5.383550000000000280e-01
8.290000000000000000e+02 6.682000000000000000e+03 6.493290000000000450e-01
8.290000000000000000e+02 1.181161000000000000e+06 4.390212000000000003e+00
8.830000000000000000e+02 5.284120000000000000e+05 7.043709999999999694e-01
8.980000000000000000e+02 7.969360000000000000e+05 7.864250000000000407e-01
1.018000000000000000e+03 1.139731000000000000e+06 8.935880000000000489e-01
1.155000000000000000e+03 1.132583000000000000e+06 4.351740000000000053e-01
1.155000000000000000e+03 6.244890000000000000e+05 7.393779999999999797e-01
1.277000000000000000e+03 4.553500000000000000e+04 7.607580000000000453e-01
4.100000000000000000e+02 4.406530000000000000e+05 8.729540000000000077e-01
7.690000000000000000e+02 1.139731000000000000e+06 7.334859999999999713e-01
8.830000000000000000e+02 1.035439000000000000e+06 8.183869999999999756e-01
8.980000000000000000e+02 1.257263000000000000e+06 7.594830000000000192e-01
9.840000000000000000e+02 6.994630000000000000e+05 7.635279999999999845e-01
1.018000000000000000e+03 1.959480000000000000e+05 8.155250000000000554e-01
8.290000000000000000e+02 6.682000000000000000e+03 6.493280000000000163e-01
8.290000000000000000e+02 1.181161000000000000e+06 4.390212000000000003e+00
8.830000000000000000e+02 5.284120000000000000e+05 7.043509999999999494e-01
8.980000000000000000e+02 7.969360000000000000e+05 7.865149999999999642e-01
1.018000000000000000e+03 9.122350000000000000e+05 8.927920000000000300e-01
1.155000000000000000e+03 1.046689000000000000e+06 4.355890000000000040e-01
1.277000000000000000e+03 4.553500000000000000e+04 7.607650000000000245e-01
4.640000000000000000e+02 1.071990000000000000e+05 5.150540000000000118e-01
7.690000000000000000e+02 9.014230000000000000e+05 5.044669999999999987e-01
8.830000000000000000e+02 8.182150000000000000e+05 6.808870000000000200e-01
1.018000000000000000e+03 1.959480000000000000e+05 7.413319999999999910e-01
1.155000000000000000e+03 2.359720000000000000e+05 4.625699999999999812e-01
1.280000000000000000e+02 9.697320000000000000e+05 9.576130000000000475e-01
2.700000000000000000e+02 4.893420000000000000e+05 5.208049999999999624e-01
1.155000000000000000e+03 1.017086000000000000e+06 8.086149999999999727e-01
1.248000000000000000e+03 2.705640000000000000e+05 5.422649999999999970e-01
8.100000000000000000e+01 1.266363000000000000e+06 5.878970000000000029e-01
3.810000000000000000e+02 7.969360000000000000e+05 7.858159999999999590e-01
1.248000000000000000e+03 7.230060000000000000e+05 4.697609999999999841e-01
8.100000000000000000e+01 6.102420000000000000e+05 3.867510000000000114e-01
2.700000000000000000e+02 1.049221000000000000e+06 4.803470000000000240e-01
1.248000000000000000e+03 3.979440000000000000e+05 4.841820000000000013e-01
2.700000000000000000e+02 3.762390000000000000e+05 2.268890000000000073e-01
1.184000000000000000e+03 4.899900000000000000e+04 2.969089999999999785e-01
2.700000000000000000e+02 1.061402000000000000e+06 5.347220000000000306e-01
6.980000000000000000e+02 5.624010000000000000e+05 5.789320000000000022e-01
1.184000000000000000e+03 4.132870000000000000e+05 5.454269999999999952e-01
6.980000000000000000e+02 1.893340000000000000e+05 8.336459999999999981e-01
8.700000000000000000e+02 1.202422000000000000e+06 1.241050999999999904e+00
8.700000000000000000e+02 3.991950000000000000e+05 3.961154000000000064e+00
1.184000000000000000e+03 4.677870000000000000e+05 9.763249999999999984e-01
1.189000000000000000e+03 1.073496000000000000e+06 1.396859999999999991e+00
1.189000000000000000e+03 2.247890000000000000e+05 1.850070000000000103e+00
3.560000000000000000e+02 3.454230000000000000e+05 7.231919999999999460e-01
6.980000000000000000e+02 1.268686000000000000e+06 9.247410000000000352e-01
9.850000000000000000e+02 8.305480000000000000e+05 7.136259999999999826e-01
1.040000000000000000e+03 5.582500000000000000e+04 8.645540000000000447e-01
1.040000000000000000e+03 6.167600000000000000e+05 1.176533999999999969e+00
1.189000000000000000e+03 2.712020000000000000e+05 1.058667999999999942e+00
1.189000000000000000e+03 5.691600000000000000e+04 1.576210000000000111e+00
4.600000000000000000e+01 4.077970000000000000e+05 8.602750000000000119e-01
4.600000000000000000e+01 3.979020000000000000e+05 1.530057999999999918e+00
3.560000000000000000e+02 4.679330000000000000e+05 6.213619999999999699e-01
3.780000000000000000e+02 7.769490000000000000e+05 7.956659999999999844e-01
9.850000000000000000e+02 9.030440000000000000e+05 8.452469999999999706e-01
9.850000000000000000e+02 6.689070000000000000e+05 3.573102000000000000e+00
1.067000000000000000e+03 8.248940000000000000e+05 8.955300000000000482e-01
1.189000000000000000e+03 3.226390000000000000e+05 9.025560000000000249e-01
1.189000000000000000e+03 1.031543000000000000e+06 3.944316000000000155e+00
5.410000000000000000e+02 1.289866000000000000e+06 5.992039999999999589e-01
9.850000000000000000e+02 5.239220000000000000e+05 7.509169999999999456e-01
1.033000000000000000e+03 3.673670000000000000e+05 4.374779999999999780e-01
1.065000000000000000e+03 8.992650000000000000e+05 8.953670000000000240e-01
1.067000000000000000e+03 2.249750000000000000e+05 7.960549999999999571e-01
2.010000000000000000e+02 5.194070000000000000e+05 8.559919999999999751e-01
6.500000000000000000e+02 1.994160000000000000e+05 1.106746000000000008e+00
1.033000000000000000e+03 6.297870000000000000e+05 6.447319999999999718e-01
2.010000000000000000e+02 6.932150000000000000e+05 5.984589999999999632e-01
3.120000000000000000e+02 1.201796000000000000e+06 5.750769999999999493e-01
3.790000000000000000e+02 5.387030000000000000e+05 4.931840000000000113e-01
6.500000000000000000e+02 4.005590000000000000e+05 9.035300000000000553e-01
7.150000000000000000e+02 5.609280000000000000e+05 7.913080000000000114e-01
1.092000000000000000e+03 5.920390000000000000e+05 6.229900000000000437e-01
5.100000000000000000e+01 1.129000000000000000e+05 8.614659999999999540e-01
2.010000000000000000e+02 4.025300000000000000e+04 5.912650000000000405e-01
3.790000000000000000e+02 9.510240000000000000e+05 6.750749999999999806e-01
5.420000000000000000e+02 3.810790000000000000e+05 1.045042000000000026e+00
6.500000000000000000e+02 1.220482000000000000e+06 7.832360000000000433e-01
2.010000000000000000e+02 6.932160000000000000e+05 5.984099999999999975e-01
3.120000000000000000e+02 1.201796000000000000e+06 5.748320000000000096e-01
3.790000000000000000e+02 5.387030000000000000e+05 4.932380000000000098e-01
6.500000000000000000e+02 4.005590000000000000e+05 9.036929999999999685e-01
7.150000000000000000e+02 5.609280000000000000e+05 7.913379999999999859e-01
1.092000000000000000e+03 5.920390000000000000e+05 6.230470000000000175e-01
5.100000000000000000e+01 1.129000000000000000e+05 8.614619999999999500e-01
2.010000000000000000e+02 4.025300000000000000e+04 5.912640000000000118e-01
3.790000000000000000e+02 9.510240000000000000e+05 6.750749999999999806e-01
5.420000000000000000e+02 3.810790000000000000e+05 1.045042000000000026e+00
6.500000000000000000e+02 1.220482000000000000e+06 7.832360000000000433e-01
5.100000000000000000e+01 1.129000000000000000e+05 8.614619999999999500e-01
2.010000000000000000e+02 4.025300000000000000e+04 5.912629999999999830e-01
3.790000000000000000e+02 9.510240000000000000e+05 6.750749999999999806e-01
5.420000000000000000e+02 3.810790000000000000e+05 1.045042000000000026e+00
6.500000000000000000e+02 1.220482000000000000e+06 7.832350000000000145e-01
5.100000000000000000e+01 6.099310000000000000e+05 7.062159999999999549e-01
3.790000000000000000e+02 1.116253000000000000e+06 6.481400000000000494e-01
4.550000000000000000e+02 9.532430000000000000e+05 6.735999999999999766e-01
7.150000000000000000e+02 1.239764000000000000e+06 7.333460000000000534e-01
3.120000000000000000e+02 8.709800000000000000e+05 4.104050000000000198e-01
7.150000000000000000e+02 1.193620000000000000e+06 4.792969999999999731e-01
7.350000000000000000e+02 8.418290000000000000e+05 4.876730000000000231e-01
5.000000000000000000e+01 8.905120000000000000e+05 4.472929999999999962e-01
3.120000000000000000e+02 8.296480000000000000e+05 6.558739999999999570e-01
7.350000000000000000e+02 1.295536000000000000e+06 3.800089999999999857e-01
4.600000000000000000e+01 9.215890000000000000e+05 5.385290000000000354e-01
5.000000000000000000e+01 1.916410000000000000e+05 7.265479999999999716e-01
1.033000000000000000e+03 1.087280000000000000e+06 7.337979999999999503e-01
1.033000000000000000e+03 5.978020000000000000e+05 1.264534999999999965e+00
1.065000000000000000e+03 2.473160000000000000e+05 7.763579999999999925e-01
1.067000000000000000e+03 3.664770000000000000e+05 8.870259999999999811e-01
2.010000000000000000e+02 1.774310000000000000e+05 9.292190000000000172e-01
3.120000000000000000e+02 6.484300000000000000e+05 8.801360000000000294e-01
3.700000000000000000e+02 3.728420000000000000e+05 9.239110000000000378e-01
1.067000000000000000e+03 1.235553000000000000e+06 8.235869999999999580e-01
1.067000000000000000e+03 2.634330000000000000e+05 3.987954999999999917e+00
1.067000000000000000e+03 1.117232000000000000e+06 3.704711000000000087e+00
1.067000000000000000e+03 1.031370000000000000e+06 3.666012999999999966e+00
1.092000000000000000e+03 8.702920000000000000e+05 9.799360000000000293e-01
1.092000000000000000e+03 3.803100000000000000e+04 1.595296000000000047e+00
2.010000000000000000e+02 3.125760000000000000e+05 5.758910000000000418e-01
7.150000000000000000e+02 8.195000000000000000e+03 8.091859999999999609e-01
1.033000000000000000e+03 1.116729000000000000e+06 6.201609999999999623e-01
1.065000000000000000e+03 5.170890000000000000e+05 9.376900000000000235e-01
3.450000000000000000e+02 1.218143000000000000e+06 7.623320000000000096e-01
4.550000000000000000e+02 3.630250000000000000e+05 9.281920000000000170e-01
7.990000000000000000e+02 6.545750000000000000e+05 6.936959999999999793e-01
7.990000000000000000e+02 1.005207000000000000e+06 1.200898999999999939e+00
1.065000000000000000e+03 1.288915000000000000e+06 8.176689999999999792e-01
1.065000000000000000e+03 1.031213000000000000e+06 1.289301999999999948e+00
5.000000000000000000e+01 6.758490000000000000e+05 3.727719999999999922e-01
3.450000000000000000e+02 1.631270000000000000e+05 3.740939999999999821e-01
4.470000000000000000e+02 1.275381000000000000e+06 5.807139999999999525e-01
7.990000000000000000e+02 7.294510000000000000e+05 4.819189999999999863e-01
1.065000000000000000e+03 1.736750000000000000e+05 5.736830000000000540e-01
7.350000000000000000e+02 8.175520000000000000e+05 6.899840000000000417e-01
7.990000000000000000e+02 5.775780000000000000e+05 5.034840000000000426e-01
3.120000000000000000e+02 1.207163000000000000e+06 6.489230000000000276e-01
3.120000000000000000e+02 7.815970000000000000e+05 7.062659999999999494e-01
6.400000000000000000e+02 2.704990000000000000e+05 7.304979999999999807e-01
6.400000000000000000e+02 1.192633000000000000e+06 4.432731999999999672e+00
6.400000000000000000e+02 1.083459000000000000e+06 4.334347000000000172e+00
7.350000000000000000e+02 1.114010000000000000e+05 5.821520000000000028e-01
7.820000000000000000e+02 1.095361000000000000e+06 6.398490000000000011e-01
7.820000000000000000e+02 5.767100000000000000e+05 1.343055000000000110e+00
1.027000000000000000e+03 5.249250000000000000e+05 5.981370000000000298e-01
1.093000000000000000e+03 3.789010000000000000e+05 6.413429999999999964e-01
8.800000000000000000e+01 2.473560000000000000e+05 5.466379999999999573e-01
1.600000000000000000e+02 7.730350000000000000e+05 6.272520000000000318e-01
7.350000000000000000e+02 7.238640000000000000e+05 6.269620000000000193e-01
7.820000000000000000e+02 3.279850000000000000e+05 4.175710000000000255e-01
1.027000000000000000e+03 1.038669000000000000e+06 4.562479999999999869e-01
1.093000000000000000e+03 7.134270000000000000e+05 5.628520000000000190e-01
1.108000000000000000e+03 4.309200000000000000e+05 6.977799999999999558e-01
1.600000000000000000e+02 3.207600000000000000e+04 9.438039999999999763e-01
6.400000000000000000e+02 9.030440000000000000e+05 6.894959999999999978e-01
6.400000000000000000e+02 6.689070000000000000e+05 3.573102000000000000e+00
7.350000000000000000e+02 6.296270000000000000e+05 8.539689999999999781e-01
7.350000000000000000e+02 8.038640000000000000e+05 4.939566000000000123e+00
7.350000000000000000e+02 9.418170000000000000e+05 1.159518999999999966e+00
7.810000000000000000e+02 1.115923000000000000e+06 1.010809000000000069e+00
7.810000000000000000e+02 1.010574000000000000e+06 1.505968999999999891e+00
7.820000000000000000e+02 9.763130000000000000e+05 8.674079999999999568e-01
1.027000000000000000e+03 1.052017000000000000e+06 9.464939999999999465e-01
5.000000000000000000e+01 2.110820000000000000e+05 7.132950000000000124e-01
3.120000000000000000e+02 3.338590000000000000e+05 8.672260000000000524e-01
3.120000000000000000e+02 8.403560000000000000e+05 1.401208999999999927e+00
3.700000000000000000e+02 4.619670000000000000e+05 6.834719999999999684e-01
6.400000000000000000e+02 5.239220000000000000e+05 7.203289999999999971e-01
7.820000000000000000e+02 3.278660000000000000e+05 7.562780000000000058e-01
1.006000000000000000e+03 1.018551000000000000e+06 1.033873999999999960e+00
1.600000000000000000e+02 3.207600000000000000e+04 9.438029999999999475e-01
6.400000000000000000e+02 9.030440000000000000e+05 6.895400000000000418e-01
6.400000000000000000e+02 6.689070000000000000e+05 3.573102000000000000e+00
7.350000000000000000e+02 6.296270000000000000e+05 8.539679999999999493e-01
7.350000000000000000e+02 8.038640000000000000e+05 4.939566000000000123e+00
7.350000000000000000e+02 9.418170000000000000e+05 1.159524999999999917e+00
7.810000000000000000e+02 1.115923000000000000e+06 1.010810999999999904e+00
7.810000000000000000e+02 1.010574000000000000e+06 1.505967999999999973e+00
7.820000000000000000e+02 9.763130000000000000e+05 8.673939999999999984e-01
5.000000000000000000e+01 2.110820000000000000e+05 7.132910000000000084e-01
3.120000000000000000e+02 3.338590000000000000e+05 8.672260000000000524e-01
3.120000000000000000e+02 8.403560000000000000e+05 1.401208000000000009e+00
3.700000000000000000e+02 4.619670000000000000e+05 6.834719999999999684e-01
6.400000000000000000e+02 5.239220000000000000e+05 7.203359999999999763e-01
7.820000000000000000e+02 3.278660000000000000e+05 7.562750000000000306e-01
1.006000000000000000e+03 1.018551000000000000e+06 1.033873000000000042e+00
4.600000000000000000e+01 3.767060000000000000e+05 5.851469999999999727e-01
3.700000000000000000e+02 9.159030000000000000e+05 6.404429999999999845e-01
3.700000000000000000e+02 6.441270000000000000e+05 4.878032000000000146e+00
1.067000000000000000e+03 5.411220000000000000e+05 5.676799999999999624e-01
3.090000000000000000e+02 8.270520000000000000e+05 3.763599999999999723e-01
3.700000000000000000e+02 4.317220000000000000e+05 6.362640000000000517e-01
4.980000000000000000e+02 8.785940000000000000e+05 5.667489999999999473e-01
1.006000000000000000e+03 3.083560000000000000e+05 6.154880000000000351e-01
5.000000000000000000e+01 2.154980000000000000e+05 7.098879999999999635e-01
7.700000000000000000e+02 9.413810000000000000e+05 7.642349999999999977e-01
1.073000000000000000e+03 4.531770000000000000e+05 6.615550000000000042e-01
1.076000000000000000e+03 7.808210000000000000e+05 5.493339999999999890e-01
4.600000000000000000e+01 1.000532000000000000e+06 7.280149999999999677e-01
5.320000000000000000e+02 3.051740000000000000e+05 8.493709999999999871e-01
7.700000000000000000e+02 6.135480000000000000e+05 7.839220000000000077e-01
1.076000000000000000e+03 7.969360000000000000e+05 6.834660000000000180e-01
1.076000000000000000e+03 9.516800000000000000e+04 1.223505000000000065e+00
5.000000000000000000e+01 2.154980000000000000e+05 7.098879999999999635e-01
7.700000000000000000e+02 9.413810000000000000e+05 7.642299999999999649e-01
1.073000000000000000e+03 4.531770000000000000e+05 6.615539999999999754e-01
1.076000000000000000e+03 7.808210000000000000e+05 5.493329999999999602e-01
3.090000000000000000e+02 6.587200000000000000e+05 6.335779999999999745e-01
8.070000000000000000e+02 2.934700000000000000e+04 4.075940000000000119e-01
1.006000000000000000e+03 4.810650000000000000e+05 6.323839999999999462e-01
1.259000000000000000e+03 1.054067000000000000e+06 7.404859999999999776e-01
8.070000000000000000e+02 4.851090000000000000e+05 4.656170000000000031e-01
1.259000000000000000e+03 1.239764000000000000e+06 6.816889999999999894e-01
1.305000000000000000e+03 3.388730000000000000e+05 8.770520000000000538e-01
5.400000000000000000e+02 1.894770000000000000e+05 2.615910000000000180e-01
9.530000000000000000e+02 1.183214000000000000e+06 6.119580000000000020e-01
1.305000000000000000e+03 1.149800000000000000e+04 7.310980000000000256e-01
5.400000000000000000e+02 1.894770000000000000e+05 2.615910000000000180e-01
9.530000000000000000e+02 1.183214000000000000e+06 6.119599999999999485e-01
1.305000000000000000e+03 1.149800000000000000e+04 7.310980000000000256e-01
5.400000000000000000e+02 6.198700000000000000e+04 3.725459999999999883e-01
5.400000000000000000e+02 4.340880000000000000e+05 4.132076999999999778e+00
1.260000000000000000e+03 1.074931000000000000e+06 7.456770000000000342e-01
1.305000000000000000e+03 9.993770000000000000e+05 5.885010000000000518e-01
1.305000000000000000e+03 8.874530000000000000e+05 7.576619999999999466e-01
4.610000000000000000e+02 5.850350000000000000e+05 1.222639999999999949e+00
4.610000000000000000e+02 2.393870000000000000e+05 1.854492000000000029e+00
5.990000000000000000e+02 3.990540000000000000e+05 1.068167000000000089e+00
1.071000000000000000e+03 1.002785000000000000e+06 9.317119999999999846e-01
1.334000000000000000e+03 1.245871000000000000e+06 6.936379999999999768e-01
5.400000000000000000e+02 6.198700000000000000e+04 3.719029999999999836e-01
5.400000000000000000e+02 4.340880000000000000e+05 4.132076999999999778e+00
1.260000000000000000e+03 1.074931000000000000e+06 7.456810000000000382e-01
1.305000000000000000e+03 9.993770000000000000e+05 5.885010000000000518e-01
1.305000000000000000e+03 8.874530000000000000e+05 7.571400000000000352e-01
4.710000000000000000e+02 8.145090000000000000e+05 6.224739999999999718e-01
4.710000000000000000e+02 3.713760000000000000e+05 1.100101999999999913e+00
5.400000000000000000e+02 1.176724000000000000e+06 4.783720000000000194e-01
1.305000000000000000e+03 1.125649000000000000e+06 4.809300000000000241e-01
4.710000000000000000e+02 1.244016000000000000e+06 4.265229999999999855e-01
4.710000000000000000e+02 8.082510000000000000e+05 7.357920000000000016e-01
4.710000000000000000e+02 7.930150000000000000e+05 1.361574999999999980e+00
8.770000000000000000e+02 7.956790000000000000e+05 7.011450000000000182e-01
4.710000000000000000e+02 1.244016000000000000e+06 4.265249999999999875e-01
1.700000000000000000e+02 9.868680000000000000e+05 4.892739999999999867e-01
8.770000000000000000e+02 1.880600000000000000e+05 3.151939999999999742e-01
6.300000000000000000e+01 1.080115000000000000e+06 6.819730000000000514e-01
8.770000000000000000e+02 1.033560000000000000e+06 4.778740000000000210e-01
9.740000000000000000e+02 1.296192000000000000e+06 4.597720000000000140e-01
1.700000000000000000e+02 6.348790000000000000e+05 4.495460000000000012e-01
9.740000000000000000e+02 5.619480000000000000e+05 5.289289999999999825e-01
1.029000000000000000e+03 1.047387000000000000e+06 5.086319999999999730e-01
1.280000000000000000e+03 8.031250000000000000e+05 7.209499999999999797e-01
1.700000000000000000e+02 2.463670000000000000e+05 4.888190000000000035e-01
9.740000000000000000e+02 4.057330000000000000e+05 4.558989999999999987e-01
6.300000000000000000e+01 1.655730000000000000e+05 4.451339999999999741e-01
9.740000000000000000e+02 5.784000000000000000e+03 5.201350000000000140e-01
1.029000000000000000e+03 7.393910000000000000e+05 3.556010000000000004e-01
1.029000000000000000e+03 6.649650000000000000e+05 4.250416999999999668e+00
1.540000000000000000e+02 1.457620000000000000e+05 5.414740000000000109e-01
9.740000000000000000e+02 2.463670000000000000e+05 5.865019999999999678e-01
1.029000000000000000e+03 4.830810000000000000e+05 6.043110000000000426e-01
4.870000000000000000e+02 2.384300000000000000e+04 1.121863999999999972e+00
9.480000000000000000e+02 1.274460000000000000e+05 8.396099999999999675e-01
1.029000000000000000e+03 1.105796000000000000e+06 9.195370000000000488e-01
3.470000000000000000e+02 4.696290000000000000e+05 4.681100000000000261e-01
7.890000000000000000e+02 1.187707000000000000e+06 6.823380000000000001e-01
1.194000000000000000e+03 1.086864000000000000e+06 5.061309999999999976e-01
4.000000000000000000e+01 5.265090000000000000e+05 5.473400000000000487e-01
1.670000000000000000e+02 1.221321000000000000e+06 7.596039999999999459e-01
1.670000000000000000e+02 1.277152000000000000e+06 1.211222000000000021e+00
3.470000000000000000e+02 6.268260000000000000e+05 5.217169999999999863e-01
7.600000000000000000e+02 8.962650000000000000e+05 2.923930000000000140e-01
8.860000000000000000e+02 9.479000000000000000e+05 6.288230000000000208e-01
1.194000000000000000e+03 1.110359000000000000e+06 5.339709999999999734e-01
4.000000000000000000e+01 3.463480000000000000e+05 4.936510000000000065e-01
4.770000000000000000e+02 1.017290000000000000e+06 8.606859999999999511e-01
4.770000000000000000e+02 1.162819000000000000e+06 1.212949000000000055e+00
5.520000000000000000e+02 1.218247000000000000e+06 8.328510000000000080e-01
5.520000000000000000e+02 7.480070000000000000e+05 1.341218000000000021e+00
7.600000000000000000e+02 6.838440000000000000e+05 4.426240000000000174e-01
8.860000000000000000e+02 1.271676000000000000e+06 6.006430000000000380e-01
1.151000000000000000e+03 9.298790000000000000e+05 3.845399999999999929e-01
1.920000000000000000e+02 8.979230000000000000e+05 7.296319999999999473e-01
1.920000000000000000e+02 4.131770000000000000e+05 3.810754000000000197e+00
1.920000000000000000e+02 1.008220000000000000e+05 8.546930000000000360e-01
8.250000000000000000e+02 3.065790000000000000e+05 5.745460000000000012e-01
1.108000000000000000e+03 2.622290000000000000e+05 7.530149999999999899e-01
1.108000000000000000e+03 8.918090000000000000e+05 1.138938999999999924e+00
1.920000000000000000e+02 1.203176000000000000e+06 7.593259999999999454e-01
5.170000000000000000e+02 2.021790000000000000e+05 4.326030000000000153e-01
5.170000000000000000e+02 1.149364000000000000e+06 5.695470000000000255e-01
7.160000000000000000e+02 3.367130000000000000e+05 1.018944000000000072e+00
8.340000000000000000e+02 1.204903000000000000e+06 5.432580000000000187e-01
5.170000000000000000e+02 1.464050000000000000e+05 4.416254999999999598e+00
5.170000000000000000e+02 1.040491000000000000e+06 4.904817000000000426e+00
8.340000000000000000e+02 4.453720000000000000e+05 7.047849999999999948e-01
5.170000000000000000e+02 2.322000000000000000e+03 5.698469999999999924e-01
7.160000000000000000e+02 3.367130000000000000e+05 1.018944999999999990e+00
8.340000000000000000e+02 1.204903000000000000e+06 5.432580000000000187e-01
5.170000000000000000e+02 1.464050000000000000e+05 4.416254999999999598e+00
5.170000000000000000e+02 1.040491000000000000e+06 4.904817000000000426e+00
8.340000000000000000e+02 4.453720000000000000e+05 7.047989999999999533e-01
2.090000000000000000e+02 8.669210000000000000e+05 9.135370000000000434e-01
8.340000000000000000e+02 4.697830000000000000e+05 5.837620000000000031e-01
5.170000000000000000e+02 1.464050000000000000e+05 4.416254999999999598e+00
5.170000000000000000e+02 1.040491000000000000e+06 4.904817000000000426e+00
8.340000000000000000e+02 4.453720000000000000e+05 7.047980000000000356e-01
2.090000000000000000e+02 8.669210000000000000e+05 9.135360000000000147e-01
8.340000000000000000e+02 4.697830000000000000e+05 5.837609999999999744e-01
5.170000000000000000e+02 1.464050000000000000e+05 4.416254999999999598e+00
5.170000000000000000e+02 1.040491000000000000e+06 4.904817000000000426e+00
8.340000000000000000e+02 4.453720000000000000e+05 7.047999999999999821e-01
2.090000000000000000e+02 8.669210000000000000e+05 9.135370000000000434e-01
8.340000000000000000e+02 4.697830000000000000e+05 5.837630000000000319e-01
2.090000000000000000e+02 6.149790000000000000e+05 3.873389999999999889e-01
5.700000000000000000e+02 3.226470000000000000e+05 4.810749999999999749e-01
7.160000000000000000e+02 1.142968000000000000e+06 7.475000000000000533e-01
8.340000000000000000e+02 1.023751000000000000e+06 3.862269999999999870e-01
1.214000000000000000e+03 1.125835000000000000e+06 6.427490000000000148e-01
5.170000000000000000e+02 2.322000000000000000e+03 5.468979999999999952e-01
7.160000000000000000e+02 3.367130000000000000e+05 9.169680000000000053e-01
7.160000000000000000e+02 9.033200000000000000e+04 4.753458000000000183e+00
8.340000000000000000e+02 1.277059000000000000e+06 2.896369999999999778e-01
2.090000000000000000e+02 8.669210000000000000e+05 7.151440000000000019e-01
8.340000000000000000e+02 9.603560000000000000e+05 3.004180000000000184e-01
5.170000000000000000e+02 1.464050000000000000e+05 4.416254999999999598e+00
5.170000000000000000e+02 1.040491000000000000e+06 4.904817000000000426e+00
3.900000000000000000e+02 5.421590000000000000e+05 5.847459999999999880e-01
8.340000000000000000e+02 7.778150000000000000e+05 2.040919999999999956e-01
8.340000000000000000e+02 1.399400000000000000e+05 2.111199999999999882e-02
8.340000000000000000e+02 6.761170000000000000e+05 2.857000000000000164e-02
5.170000000000000000e+02 5.463130000000000000e+05 5.521549999999999514e-01
7.160000000000000000e+02 3.367130000000000000e+05 9.524219999999999908e-01
8.340000000000000000e+02 4.279300000000000000e+05 3.321209999999999996e-01
8.340000000000000000e+02 5.977420000000000000e+05 3.331000000000000072e-01
8.340000000000000000e+02 6.761170000000000000e+05 2.857000000000000164e-02
8.340000000000000000e+02 4.626350000000000000e+05 2.038900000000000087e-02
8.340000000000000000e+02 7.778150000000000000e+05 2.032710000000000072e-01
8.340000000000000000e+02 1.399400000000000000e+05 2.038900000000000087e-02
8.340000000000000000e+02 6.761170000000000000e+05 2.857000000000000164e-02
8.340000000000000000e+02 7.778150000000000000e+05 2.032710000000000072e-01
8.340000000000000000e+02 1.399400000000000000e+05 2.038900000000000087e-02
8.340000000000000000e+02 6.761170000000000000e+05 2.857000000000000164e-02
5.170000000000000000e+02 5.463130000000000000e+05 5.521570000000000089e-01
7.160000000000000000e+02 3.367130000000000000e+05 9.524070000000000036e-01
8.340000000000000000e+02 4.279300000000000000e+05 3.321209999999999996e-01
8.340000000000000000e+02 6.761170000000000000e+05 2.857000000000000164e-02
8.340000000000000000e+02 4.626350000000000000e+05 2.038900000000000087e-02
5.170000000000000000e+02 5.463130000000000000e+05 5.521570000000000089e-01
7.160000000000000000e+02 3.367130000000000000e+05 9.524350000000000316e-01
8.340000000000000000e+02 4.279300000000000000e+05 3.321209999999999996e-01
1.430000000000000000e+02 1.225385000000000000e+06 4.659570000000000101e-01
2.090000000000000000e+02 1.104043000000000000e+06 6.173959999999999448e-01
7.160000000000000000e+02 1.150213000000000000e+06 8.000270000000000437e-01
1.620000000000000000e+02 8.958580000000000000e+05 1.024332000000000020e+00
2.090000000000000000e+02 3.544370000000000000e+05 3.999349999999999850e-01
5.700000000000000000e+02 6.604660000000000000e+05 5.160019999999999607e-01
5.700000000000000000e+02 1.062093000000000000e+06 8.238490000000000535e-01
1.071000000000000000e+03 1.035430000000000000e+05 7.728329999999999922e-01
1.071000000000000000e+03 9.358290000000000000e+05 1.324904000000000082e+00
1.286000000000000000e+03 1.451380000000000000e+05 7.310090000000000199e-01
1.318000000000000000e+03 7.696980000000000000e+05 9.553629999999999622e-01
1.318000000000000000e+03 6.055070000000000000e+05 1.375505999999999895e+00
1.334000000000000000e+03 4.512700000000000000e+04 4.798950000000000160e-01
4.610000000000000000e+02 1.280583000000000000e+06 1.195330999999999921e+00
4.610000000000000000e+02 2.393870000000000000e+05 1.831212000000000062e+00
5.990000000000000000e+02 3.990540000000000000e+05 1.040299000000000085e+00
1.071000000000000000e+03 1.251553000000000000e+06 7.636330000000000062e-01
1.071000000000000000e+03 4.565480000000000000e+05 1.252569000000000043e+00
1.334000000000000000e+03 9.319750000000000000e+05 6.143229999999999524e-01
6.530000000000000000e+02 1.133666000000000000e+06 9.038580000000000503e-01
1.318000000000000000e+03 1.260354000000000000e+06 8.822280000000000122e-01
1.318000000000000000e+03 5.968300000000000000e+04 1.549886000000000097e+00
1.318000000000000000e+03 2.637960000000000000e+05 1.336198999999999915e+00
1.318000000000000000e+03 6.847390000000000000e+05 1.223149000000000042e+00
1.334000000000000000e+03 9.867680000000000000e+05 6.111419999999999630e-01
5.700000000000000000e+02 1.062093000000000000e+06 8.395920000000000050e-01
1.071000000000000000e+03 3.441640000000000000e+05 6.666290000000000271e-01
1.286000000000000000e+03 1.451380000000000000e+05 7.481100000000000527e-01
1.318000000000000000e+03 3.690220000000000000e+05 9.193879999999999830e-01
1.334000000000000000e+03 1.458860000000000000e+05 8.359720000000000484e-01
5.270000000000000000e+02 8.711420000000000000e+05 7.026559999999999473e-01
5.700000000000000000e+02 8.435620000000000000e+05 9.575040000000000218e-01
1.071000000000000000e+03 8.455530000000000000e+05 5.660749999999999948e-01
1.110000000000000000e+03 7.782670000000000000e+05 5.703840000000000021e-01
1.276000000000000000e+03 1.288055000000000000e+06 5.111799999999999677e-01
1.286000000000000000e+03 9.075350000000000000e+05 5.534740000000000215e-01
5.270000000000000000e+02 1.287556000000000000e+06 5.293189999999999840e-01
1.071000000000000000e+03 4.782620000000000000e+05 4.481589999999999741e-01
1.276000000000000000e+03 2.972790000000000000e+05 6.243330000000000268e-01
1.286000000000000000e+03 8.660610000000000000e+05 8.280889999999999640e-01
5.270000000000000000e+02 1.669970000000000000e+05 5.651350000000000540e-01
1.012000000000000000e+03 5.110070000000000000e+05 6.053209999999999980e-01
1.071000000000000000e+03 1.006845000000000000e+06 4.896889999999999854e-01
1.071000000000000000e+03 6.088420000000000000e+05 4.668941000000000230e+00
1.110000000000000000e+03 7.133200000000000000e+05 5.944120000000000514e-01
5.270000000000000000e+02 6.491460000000000000e+05 7.462940000000000129e-01
8.770000000000000000e+02 9.830130000000000000e+05 9.353230000000000155e-01
1.012000000000000000e+03 6.974350000000000000e+05 9.046499999999999542e-01
1.136000000000000000e+03 5.703570000000000000e+05 1.089544000000000068e+00
1.276000000000000000e+03 4.963650000000000000e+05 1.057784999999999975e+00
1.276000000000000000e+03 9.770340000000000000e+05 1.496561000000000030e+00
5.270000000000000000e+02 8.429100000000000000e+04 6.166629999999999612e-01
8.770000000000000000e+02 2.333880000000000000e+05 2.841250000000000164e-01
1.700000000000000000e+02 1.038681000000000000e+06 3.859369999999999745e-01
8.770000000000000000e+02 1.026930000000000000e+05 3.575530000000000097e-01
1.800000000000000000e+01 1.132743000000000000e+06 6.962380000000000235e-01
1.700000000000000000e+02 1.743110000000000000e+05 5.821460000000000523e-01
9.740000000000000000e+02 8.871650000000000000e+05 3.808876000000000150e+00
1.128000000000000000e+03 1.017010000000000000e+06 5.662310000000000398e-01
1.800000000000000000e+01 6.191140000000000000e+05 1.162989999999999968e+00
1.700000000000000000e+02 5.266200000000000000e+05 1.203572000000000086e+00
2.960000000000000000e+02 1.166137000000000000e+06 8.097429999999999906e-01
1.136000000000000000e+03 1.291809000000000000e+06 8.678090000000000526e-01
1.136000000000000000e+03 8.007590000000000000e+05 1.332103999999999955e+00
1.252000000000000000e+03 8.433570000000000000e+05 7.592100000000000515e-01
1.800000000000000000e+01 1.132743000000000000e+06 6.962409999999999988e-01
1.700000000000000000e+02 1.743120000000000000e+05 5.824780000000000513e-01
9.740000000000000000e+02 8.871650000000000000e+05 3.808876000000000150e+00
1.128000000000000000e+03 1.017010000000000000e+06 5.662469999999999448e-01
1.128000000000000000e+03 4.909980000000000000e+05 3.646402000000000143e+00
1.800000000000000000e+01 6.191140000000000000e+05 1.162987999999999911e+00
1.700000000000000000e+02 5.266200000000000000e+05 1.203572000000000086e+00
2.960000000000000000e+02 1.166137000000000000e+06 8.097379999999999578e-01
1.136000000000000000e+03 1.291809000000000000e+06 8.678109999999999991e-01
1.136000000000000000e+03 8.007590000000000000e+05 1.332103000000000037e+00
1.252000000000000000e+03 8.433570000000000000e+05 7.592100000000000515e-01
1.700000000000000000e+02 1.131872000000000000e+06 1.032143000000000033e+00
1.700000000000000000e+02 6.109910000000000000e+05 1.821595000000000075e+00
2.960000000000000000e+02 7.939690000000000000e+05 1.135796000000000028e+00
2.960000000000000000e+02 3.710800000000000000e+05 1.460223999999999966e+00
4.210000000000000000e+02 8.851420000000000000e+05 5.355799999999999450e-01
5.270000000000000000e+02 5.238470000000000000e+05 8.347430000000000128e-01
5.270000000000000000e+02 7.439140000000000000e+05 1.467211000000000043e+00
1.276000000000000000e+03 1.049983000000000000e+06 8.775709999999999900e-01
1.276000000000000000e+03 1.004742000000000000e+06 1.541303000000000090e+00
1.490000000000000000e+02 1.608800000000000000e+04 1.008763999999999994e+00
1.490000000000000000e+02 4.587580000000000000e+05 4.171827000000000396e+00
1.490000000000000000e+02 5.191410000000000000e+05 3.908180999999999905e+00
2.960000000000000000e+02 4.967270000000000000e+05 8.048319999999999919e-01
4.210000000000000000e+02 9.499070000000000000e+05 7.533539999999999681e-01
1.490000000000000000e+02 1.875460000000000000e+05 5.422580000000000178e-01
2.960000000000000000e+02 9.007930000000000000e+05 5.019329999999999625e-01
5.280000000000000000e+02 4.109500000000000000e+05 6.487619999999999498e-01
1.252000000000000000e+03 1.873600000000000000e+05 4.573780000000000068e-01
2.960000000000000000e+02 5.619520000000000000e+05 5.989139999999999464e-01
5.280000000000000000e+02 1.022260000000000000e+06 7.994149999999999867e-01
1.136000000000000000e+03 1.014049000000000000e+06 7.308170000000000499e-01
1.252000000000000000e+03 8.997220000000000000e+05 8.816720000000000113e-01
1.276000000000000000e+03 2.398840000000000000e+05 9.470100000000000184e-01
5.280000000000000000e+02 1.275040000000000000e+05 8.032690000000000108e-01
1.800000000000000000e+01 6.191140000000000000e+05 1.165070999999999968e+00
1.700000000000000000e+02 1.139326000000000000e+06 1.118006999999999973e+00
2.960000000000000000e+02 6.416870000000000000e+05 8.443859999999999699e-01
4.210000000000000000e+02 1.481110000000000000e+05 5.722509999999999541e-01
1.136000000000000000e+03 1.822230000000000000e+05 9.369220000000000326e-01
5.280000000000000000e+02 1.275040000000000000e+05 8.032650000000000068e-01
2.960000000000000000e+02 5.619520000000000000e+05 5.989700000000000024e-01
5.280000000000000000e+02 1.022260000000000000e+06 7.993149999999999977e-01
1.136000000000000000e+03 1.014049000000000000e+06 7.308799999999999741e-01
1.252000000000000000e+03 8.997220000000000000e+05 8.815849999999999520e-01
1.276000000000000000e+03 2.398840000000000000e+05 9.469119999999999759e-01
5.280000000000000000e+02 1.275040000000000000e+05 8.032749999999999613e-01
2.960000000000000000e+02 5.619520000000000000e+05 5.989679999999999449e-01
5.280000000000000000e+02 1.022260000000000000e+06 7.993170000000000552e-01
1.136000000000000000e+03 1.014049000000000000e+06 7.308789999999999454e-01
1.252000000000000000e+03 8.997220000000000000e+05 8.815840000000000343e-01
1.276000000000000000e+03 2.398840000000000000e+05 9.469109999999999472e-01
5.280000000000000000e+02 1.275040000000000000e+05 8.032620000000000315e-01
1.800000000000000000e+01 6.191140000000000000e+05 1.165067000000000075e+00
1.700000000000000000e+02 1.139326000000000000e+06 1.117969999999999908e+00
2.960000000000000000e+02 6.416870000000000000e+05 8.443859999999999699e-01
4.210000000000000000e+02 1.481110000000000000e+05 5.722519999999999829e-01
1.136000000000000000e+03 1.822230000000000000e+05 9.369199999999999751e-01
1.800000000000000000e+01 8.930110000000000000e+05 9.393249999999999655e-01
6.570000000000000000e+02 1.286456000000000000e+06 4.401570000000000205e-01
6.570000000000000000e+02 4.909890000000000000e+05 4.033896000000000370e+00
7.950000000000000000e+02 1.182112000000000000e+06 6.518030000000000213e-01
9.750000000000000000e+02 9.471090000000000000e+05 5.848489999999999522e-01
9.750000000000000000e+02 7.802000000000000000e+03 1.189626000000000072e+00
1.012000000000000000e+03 1.112370000000000000e+05 6.034059999999999979e-01
1.136000000000000000e+03 1.268550000000000000e+05 6.640650000000000164e-01
1.800000000000000000e+01 1.209040000000000000e+06 6.095220000000000082e-01
1.800000000000000000e+01 5.736260000000000000e+05 4.273187000000000069e+00
1.800000000000000000e+01 1.039240000000000000e+06 4.146747999999999656e+00
2.310000000000000000e+02 7.497330000000000000e+05 6.408150000000000235e-01
3.670000000000000000e+02 1.044552000000000000e+06 6.607100000000000195e-01
7.950000000000000000e+02 2.573370000000000000e+05 5.324240000000000084e-01
9.750000000000000000e+02 7.204000000000000000e+05 7.343880000000000408e-01
1.128000000000000000e+03 1.344210000000000000e+05 4.407909999999999884e-01
1.800000000000000000e+01 8.276210000000000000e+05 6.453719999999999457e-01
1.670000000000000000e+02 1.254904000000000000e+06 7.424479999999999968e-01
2.310000000000000000e+02 7.582630000000000000e+05 6.532810000000000006e-01
1.128000000000000000e+03 1.552460000000000000e+05 5.371310000000000251e-01
1.800000000000000000e+01 1.209040000000000000e+06 6.095209999999999795e-01
1.800000000000000000e+01 5.736260000000000000e+05 4.273187000000000069e+00
1.800000000000000000e+01 1.039240000000000000e+06 4.146747999999999656e+00
2.310000000000000000e+02 7.497330000000000000e+05 6.408139999999999947e-01
3.670000000000000000e+02 1.044552000000000000e+06 6.607100000000000195e-01
7.950000000000000000e+02 2.573370000000000000e+05 5.324250000000000371e-01
9.750000000000000000e+02 7.204000000000000000e+05 7.343889999999999585e-01
1.128000000000000000e+03 1.344210000000000000e+05 4.407909999999999884e-01
1.800000000000000000e+01 8.276210000000000000e+05 6.453729999999999745e-01
1.670000000000000000e+02 1.254904000000000000e+06 7.424450000000000216e-01
2.310000000000000000e+02 7.582630000000000000e+05 6.532810000000000006e-01
1.128000000000000000e+03 1.552460000000000000e+05 5.371310000000000251e-01
9.740000000000000000e+02 1.909200000000000000e+04 6.020320000000000116e-01
1.029000000000000000e+03 1.156710000000000000e+06 5.788119999999999932e-01
1.280000000000000000e+03 6.254670000000000000e+05 6.893700000000000383e-01
1.700000000000000000e+02 6.343780000000000000e+05 3.278969999999999940e-01
9.740000000000000000e+02 8.896240000000000000e+05 6.061429999999999874e-01
1.029000000000000000e+03 1.068906000000000000e+06 4.144030000000000213e-01
1.280000000000000000e+03 8.348480000000000000e+05 7.346789999999999710e-01
9.480000000000000000e+02 5.312560000000000000e+05 6.364370000000000305e-01
1.029000000000000000e+03 7.671020000000000000e+05 8.726589999999999625e-01
4.870000000000000000e+02 1.001245000000000000e+06 8.119119999999999671e-01
9.480000000000000000e+02 5.708900000000000000e+04 7.562699999999999978e-01
1.280000000000000000e+03 6.701960000000000000e+05 7.486960000000000282e-01
1.280000000000000000e+03 9.490670000000000000e+05 1.129219999999999891e+00
9.190000000000000000e+02 6.484300000000000000e+05 7.970110000000000250e-01
9.190000000000000000e+02 3.485780000000000000e+05 1.178247000000000044e+00
6.000000000000000000e+02 3.169830000000000000e+05 6.939499999999999558e-01
6.000000000000000000e+02 4.491860000000000000e+05 1.180169999999999941e+00
9.190000000000000000e+02 8.296480000000000000e+05 7.639270000000000227e-01
9.490000000000000000e+02 2.990970000000000000e+05 6.808619999999999672e-01
7.420000000000000000e+02 6.939550000000000000e+05 6.221619999999999928e-01
1.158000000000000000e+03 9.552910000000000000e+05 5.204600000000000337e-01
1.083000000000000000e+03 8.578710000000000000e+05 9.311430000000000540e-01
1.156000000000000000e+03 8.661630000000000000e+05 6.552499999999999991e-01
1.158000000000000000e+03 4.867840000000000000e+05 8.167090000000000183e-01
1.290000000000000000e+02 4.292480000000000000e+05 4.290820000000000189e-01
8.020000000000000000e+02 4.151720000000000000e+05 4.622390000000000110e-01
1.083000000000000000e+03 2.305000000000000000e+04 7.243190000000000461e-01
1.083000000000000000e+03 4.021460000000000000e+05 1.242734999999999923e+00
1.290000000000000000e+02 3.515060000000000000e+05 2.549779999999999824e-01
1.083000000000000000e+03 6.227350000000000000e+05 5.667219999999999480e-01
1.283000000000000000e+03 7.391940000000000000e+05 4.769229999999999858e-01
1.290000000000000000e+02 4.186490000000000000e+05 7.110750000000000126e-01
1.290000000000000000e+02 8.286180000000000000e+05 1.111248000000000014e+00
3.110000000000000000e+02 5.597970000000000000e+05 9.771589999999999998e-01
6.940000000000000000e+02 2.539540000000000000e+05 7.043679999999999941e-01
1.083000000000000000e+03 1.008710000000000000e+05 7.527199999999999447e-01
3.110000000000000000e+02 1.391970000000000000e+05 8.141059999999999963e-01
9.980000000000000000e+02 7.946500000000000000e+04 3.281899999999999817e-01
3.010000000000000000e+02 5.610630000000000000e+05 1.167988999999999944e+00
8.020000000000000000e+02 3.476600000000000000e+04 6.734170000000000433e-01
8.020000000000000000e+02 3.746290000000000000e+05 1.225638000000000005e+00
9.980000000000000000e+02 7.175250000000000000e+05 5.455400000000000249e-01
9.980000000000000000e+02 9.901190000000000000e+05 4.055251000000000161e+00
