# Barrier Energy Step Time
0.000000000000000000e+00 -5.925001000000000204e+03 0.000000000000000000e+00 0.000000000000000000e+00
4.480000000000000093e-01 -5.924809000000000196e+03 5.000000000000000000e-01 3.367000000000000092e-12
0.000000000000000000e+00 -5.925256999999999607e+03 1.000000000000000000e+00 3.367000000000000092e-12
6.490000000000000213e-01 -5.924512999999999920e+03 1.500000000000000000e+00 6.863999999999999510e-11
0.000000000000000000e+00 -5.925162000000000262e+03 2.000000000000000000e+00 6.863999999999999510e-11
5.999999999999999778e-01 -5.924650999999999840e+03 2.500000000000000000e+00 1.186999999999999882e-10
0.000000000000000000e+00 -5.925251000000000204e+03 3.000000000000000000e+00 1.186999999999999882e-10
6.999999999999999556e-01 -5.924287999999999556e+03 3.500000000000000000e+00 1.427000000000000087e-10
0.000000000000000000e+00 -5.924988000000000284e+03 4.000000000000000000e+00 1.427000000000000087e-10
4.319999999999999951e-01 -5.924610999999999876e+03 4.500000000000000000e+00 1.632999999999999944e-10
0.000000000000000000e+00 -5.925042999999999665e+03 5.000000000000000000e+00 1.632999999999999944e-10
3.639999999999999902e-01 -5.924836000000000240e+03 5.500000000000000000e+00 1.633999999999999993e-10
0.000000000000000000e+00 -5.925199999999999818e+03 6.000000000000000000e+00 1.633999999999999993e-10
5.789999999999999591e-01 -5.924621000000000095e+03 6.500000000000000000e+00 1.716000000000000071e-10
0.000000000000000000e+00 -5.925199999999999818e+03 7.000000000000000000e+00 1.716000000000000071e-10
4.699999999999999734e-01 -5.924958999999999833e+03 7.500000000000000000e+00 1.727999999999999875e-10
0.000000000000000000e+00 -5.925429000000000087e+03 8.000000000000000000e+00 1.727999999999999875e-10
3.920000000000000151e-01 -5.925176999999999680e+03 8.500000000000000000e+00 1.779000000000000009e-10
0.000000000000000000e+00 -5.925569000000000415e+03 9.000000000000000000e+00 1.779000000000000009e-10
6.520000000000000240e-01 -5.924737000000000080e+03 9.500000000000000000e+00 2.446000000000000135e-10
0.000000000000000000e+00 -5.925389000000000124e+03 1.000000000000000000e+01 2.446000000000000135e-10
2.540000000000000036e-01 -5.925516999999999825e+03 1.050000000000000000e+01 2.449000000000000022e-10
0.000000000000000000e+00 -5.925771999999999935e+03 1.100000000000000000e+01 2.449000000000000022e-10
5.290000000000000258e-01 -5.924801999999999680e+03 1.150000000000000000e+01 3.179000000000000086e-10
0.000000000000000000e+00 -5.925332000000000335e+03 1.200000000000000000e+01 3.179000000000000086e-10
8.899999999999999578e-02 -5.925681999999999789e+03 1.250000000000000000e+01 3.179999999999999875e-10
0.000000000000000000e+00 -5.925771999999999935e+03 1.300000000000000000e+01 3.179999999999999875e-10
8.120000000000000551e-01 -5.924550000000000182e+03 1.350000000000000000e+01 3.231999999999999799e-10
0.000000000000000000e+00 -5.925362000000000080e+03 1.400000000000000000e+01 3.231999999999999799e-10
1.829999999999999960e-01 -5.925189999999999600e+03 1.450000000000000000e+01 3.235000000000000203e-10
0.000000000000000000e+00 -5.925373999999999796e+03 1.500000000000000000e+01 3.235000000000000203e-10
8.000000000000000167e-03 -5.925659999999999854e+03 1.550000000000000000e+01 3.235000000000000203e-10
0.000000000000000000e+00 -5.925667999999999665e+03 1.600000000000000000e+01 3.235000000000000203e-10
3.029999999999999916e-01 -5.925070999999999913e+03 1.650000000000000000e+01 3.245999999999999958e-10
0.000000000000000000e+00 -5.925373999999999796e+03 1.700000000000000000e+01 3.245999999999999958e-10
1.950000000000000067e-01 -5.925167000000000371e+03 1.750000000000000000e+01 3.248000000000000054e-10
0.000000000000000000e+00 -5.925362000000000080e+03 1.800000000000000000e+01 3.248000000000000054e-10
1.839999999999999969e-01 -5.925189999999999600e+03 1.850000000000000000e+01 3.248000000000000054e-10
0.000000000000000000e+00 -5.925373999999999796e+03 1.900000000000000000e+01 3.248000000000000054e-10
1.950000000000000067e-01 -5.925167000000000371e+03 1.950000000000000000e+01 3.248999999999999844e-10
0.000000000000000000e+00 -5.925362000000000080e+03 2.000000000000000000e+01 3.248999999999999844e-10
1.839999999999999969e-01 -5.925189999999999600e+03 2.050000000000000000e+01 3.258000000000000020e-10
0.000000000000000000e+00 -5.925373999999999796e+03 2.100000000000000000e+01 3.258000000000000020e-10
8.000000000000000167e-03 -5.925659999999999854e+03 2.150000000000000000e+01 3.260999999999999906e-10
0.000000000000000000e+00 -5.925667999999999665e+03 2.200000000000000000e+01 3.260999999999999906e-10
3.029999999999999916e-01 -5.925070999999999913e+03 2.250000000000000000e+01 3.268999999999999775e-10
0.000000000000000000e+00 -5.925373999999999796e+03 2.300000000000000000e+01 3.268999999999999775e-10
8.000000000000000167e-03 -5.925659999999999854e+03 2.350000000000000000e+01 3.270000000000000082e-10
0.000000000000000000e+00 -5.925667999999999665e+03 2.400000000000000000e+01 3.270000000000000082e-10
3.029999999999999916e-01 -5.925070999999999913e+03 2.450000000000000000e+01 3.299000000000000188e-10
0.000000000000000000e+00 -5.925373999999999796e+03 2.500000000000000000e+01 3.299000000000000188e-10
8.000000000000000167e-03 -5.925659999999999854e+03 2.550000000000000000e+01 3.299999999999999978e-10
0.000000000000000000e+00 -5.925667999999999665e+03 2.600000000000000000e+01 3.299999999999999978e-10
3.029999999999999916e-01 -5.925070999999999913e+03 2.650000000000000000e+01 3.304999999999999961e-10
0.000000000000000000e+00 -5.925373999999999796e+03 2.700000000000000000e+01 3.304999999999999961e-10
8.000000000000000167e-03 -5.925659999999999854e+03 2.750000000000000000e+01 3.305999999999999751e-10
0.000000000000000000e+00 -5.925667999999999665e+03 2.800000000000000000e+01 3.305999999999999751e-10
3.029999999999999916e-01 -5.925070999999999913e+03 2.850000000000000000e+01 3.316000000000000233e-10
0.000000000000000000e+00 -5.925373999999999796e+03 2.900000000000000000e+01 3.316000000000000233e-10
1.950000000000000067e-01 -5.925167000000000371e+03 2.950000000000000000e+01 3.317000000000000023e-10
0.000000000000000000e+00 -5.925362000000000080e+03 3.000000000000000000e+01 3.317000000000000023e-10
1.839999999999999969e-01 -5.925189999999999600e+03 3.050000000000000000e+01 3.334000000000000067e-10
0.000000000000000000e+00 -5.925373999999999796e+03 3.100000000000000000e+01 3.334000000000000067e-10
8.000000000000000167e-03 -5.925659999999999854e+03 3.150000000000000000e+01 3.334999999999999857e-10
0.000000000000000000e+00 -5.925667999999999665e+03 3.200000000000000000e+01 3.334999999999999857e-10
3.029999999999999916e-01 -5.925070999999999913e+03 3.250000000000000000e+01 3.346999999999999919e-10
0.000000000000000000e+00 -5.925373999999999796e+03 3.300000000000000000e+01 3.346999999999999919e-10
8.000000000000000167e-03 -5.925659999999999854e+03 3.350000000000000000e+01 3.348000000000000226e-10
0.000000000000000000e+00 -5.925667999999999665e+03 3.400000000000000000e+01 3.348000000000000226e-10
3.029999999999999916e-01 -5.925070999999999913e+03 3.450000000000000000e+01 3.358999999999999981e-10
0.000000000000000000e+00 -5.925373999999999796e+03 3.500000000000000000e+01 3.358999999999999981e-10
8.000000000000000167e-03 -5.925659999999999854e+03 3.550000000000000000e+01 3.359999999999999771e-10
0.000000000000000000e+00 -5.925667999999999665e+03 3.600000000000000000e+01 3.359999999999999771e-10
3.029999999999999916e-01 -5.925070999999999913e+03 3.650000000000000000e+01 3.385000000000000202e-10
0.000000000000000000e+00 -5.925373999999999796e+03 3.700000000000000000e+01 3.385000000000000202e-10
8.000000000000000167e-03 -5.925659999999999854e+03 3.750000000000000000e+01 3.385000000000000202e-10
0.000000000000000000e+00 -5.925667999999999665e+03 3.800000000000000000e+01 3.385000000000000202e-10
3.029999999999999916e-01 -5.925070999999999913e+03 3.850000000000000000e+01 3.405999999999999922e-10
0.000000000000000000e+00 -5.925373999999999796e+03 3.900000000000000000e+01 3.405999999999999922e-10
1.950000000000000067e-01 -5.925167000000000371e+03 3.950000000000000000e+01 3.405999999999999922e-10
0.000000000000000000e+00 -5.925362000000000080e+03 4.000000000000000000e+01 3.405999999999999922e-10
1.839999999999999969e-01 -5.925189999999999600e+03 4.050000000000000000e+01 3.408000000000000019e-10
0.000000000000000000e+00 -5.925373999999999796e+03 4.100000000000000000e+01 3.408000000000000019e-10
2.969999999999999862e-01 -5.925377999999999702e+03 4.150000000000000000e+01 3.408000000000000019e-10
0.000000000000000000e+00 -5.925675000000000182e+03 4.200000000000000000e+01 3.408000000000000019e-10
6.690000000000000391e-01 -5.925023000000000138e+03 4.250000000000000000e+01 3.489000000000000049e-10
0.000000000000000000e+00 -5.925692000000000007e+03 4.300000000000000000e+01 3.489000000000000049e-10
4.789999999999999813e-01 -5.925256000000000313e+03 4.350000000000000000e+01 3.680000000000000217e-10
0.000000000000000000e+00 -5.925734000000000378e+03 4.400000000000000000e+01 3.680000000000000217e-10
5.080000000000000071e-01 -5.925134000000000015e+03 4.450000000000000000e+01 3.916000000000000229e-10
0.000000000000000000e+00 -5.925641999999999825e+03 4.500000000000000000e+01 3.916000000000000229e-10
2.800000000000000266e-01 -5.925533000000000357e+03 4.550000000000000000e+01 3.931000000000000177e-10
0.000000000000000000e+00 -5.925814000000000306e+03 4.600000000000000000e+01 3.931000000000000177e-10
4.510000000000000120e-01 -5.925190999999999804e+03 4.650000000000000000e+01 3.943000000000000239e-10
0.000000000000000000e+00 -5.925641999999999825e+03 4.700000000000000000e+01 3.943000000000000239e-10
2.800000000000000266e-01 -5.925533000000000357e+03 4.750000000000000000e+01 3.949999999999999801e-10
0.000000000000000000e+00 -5.925814000000000306e+03 4.800000000000000000e+01 3.949999999999999801e-10
4.510000000000000120e-01 -5.925190999999999804e+03 4.850000000000000000e+01 4.071000000000000211e-10
0.000000000000000000e+00 -5.925641999999999825e+03 4.900000000000000000e+01 4.071000000000000211e-10
2.800000000000000266e-01 -5.925533000000000357e+03 4.950000000000000000e+01 4.121000000000000038e-10
0.000000000000000000e+00 -5.925814000000000306e+03 5.000000000000000000e+01 4.121000000000000038e-10
4.660000000000000253e-01 -5.925546000000000276e+03 5.050000000000000000e+01 4.140000000000000179e-10
0.000000000000000000e+00 -5.926011999999999716e+03 5.100000000000000000e+01 4.140000000000000179e-10
7.640000000000000124e-01 -5.924990999999999985e+03 5.150000000000000000e+01 4.177999999999999945e-10
0.000000000000000000e+00 -5.925755000000000109e+03 5.200000000000000000e+01 4.177999999999999945e-10
5.070000000000000062e-01 -5.925503999999999905e+03 5.250000000000000000e+01 4.222999999999999789e-10
0.000000000000000000e+00 -5.926011999999999716e+03 5.300000000000000000e+01 4.222999999999999789e-10
5.090000000000000080e-01 -5.925479000000000269e+03 5.350000000000000000e+01 4.278999999999999906e-10
0.000000000000000000e+00 -5.925988999999999578e+03 5.400000000000000000e+01 4.278999999999999906e-10
3.489999999999999769e-01 -5.925856999999999971e+03 5.450000000000000000e+01 4.288999999999999872e-10
0.000000000000000000e+00 -5.926206000000000131e+03 5.500000000000000000e+01 4.288999999999999872e-10
3.150000000000000022e-01 -5.925975000000000364e+03 5.550000000000000000e+01 4.307000000000000223e-10
0.000000000000000000e+00 -5.926289999999999964e+03 5.600000000000000000e+01 4.307000000000000223e-10
4.139999999999999791e-01 -5.926109000000000378e+03 5.650000000000000000e+01 4.362999999999999823e-10
0.000000000000000000e+00 -5.926523000000000138e+03 5.700000000000000000e+01 4.362999999999999823e-10
7.129999999999999671e-01 -5.925569000000000415e+03 5.750000000000000000e+01 4.845000000000000330e-10
0.000000000000000000e+00 -5.926282000000000153e+03 5.800000000000000000e+01 4.845000000000000330e-10
5.130000000000000115e-01 -5.925650999999999840e+03 5.850000000000000000e+01 4.882000000000000305e-10
0.000000000000000000e+00 -5.926164999999999964e+03 5.900000000000000000e+01 4.882000000000000305e-10
5.150000000000000133e-01 -5.925710000000000036e+03 5.950000000000000000e+01 4.899000000000000350e-10
0.000000000000000000e+00 -5.926225000000000364e+03 6.000000000000000000e+01 4.899000000000000350e-10
6.360000000000000098e-01 -5.925545000000000073e+03 6.050000000000000000e+01 4.946999999999999564e-10
0.000000000000000000e+00 -5.926180999999999585e+03 6.100000000000000000e+01 4.946999999999999564e-10
5.909999999999999698e-01 -5.925634000000000015e+03 6.150000000000000000e+01 5.004999999999999777e-10
0.000000000000000000e+00 -5.926225000000000364e+03 6.200000000000000000e+01 5.004999999999999777e-10
7.179999999999999716e-01 -5.925288999999999760e+03 6.250000000000000000e+01 5.304999999999999775e-10
0.000000000000000000e+00 -5.926006999999999607e+03 6.300000000000000000e+01 5.304999999999999775e-10
4.550000000000000155e-01 -5.925689000000000306e+03 6.350000000000000000e+01 5.328999999999999899e-10
0.000000000000000000e+00 -5.926144000000000233e+03 6.400000000000000000e+01 5.328999999999999899e-10
5.260000000000000231e-01 -5.925872999999999593e+03 6.450000000000000000e+01 5.442000000000000439e-10
0.000000000000000000e+00 -5.926399000000000342e+03 6.500000000000000000e+01 5.442000000000000439e-10
5.410000000000000364e-01 -5.925953999999999724e+03 6.550000000000000000e+01 5.483999999999999881e-10
0.000000000000000000e+00 -5.926494999999999891e+03 6.600000000000000000e+01 5.483999999999999881e-10
2.089999999999999913e-01 -5.926144000000000233e+03 6.650000000000000000e+01 5.490999999999999960e-10
0.000000000000000000e+00 -5.926353000000000065e+03 6.700000000000000000e+01 5.490999999999999960e-10
6.700000000000000400e-02 -5.926427999999999884e+03 6.750000000000000000e+01 5.492999999999999540e-10
0.000000000000000000e+00 -5.926494999999999891e+03 6.800000000000000000e+01 5.492999999999999540e-10
2.089999999999999913e-01 -5.926144000000000233e+03 6.850000000000000000e+01 5.496999999999999733e-10
0.000000000000000000e+00 -5.926353000000000065e+03 6.900000000000000000e+01 5.496999999999999733e-10
6.700000000000000400e-02 -5.926427999999999884e+03 6.950000000000000000e+01 5.499000000000000346e-10
0.000000000000000000e+00 -5.926494999999999891e+03 7.000000000000000000e+01 5.499000000000000346e-10
4.949999999999999956e-01 -5.926496000000000095e+03 7.050000000000000000e+01 5.502000000000000232e-10
0.000000000000000000e+00 -5.926990999999999985e+03 7.100000000000000000e+01 5.502000000000000232e-10
5.110000000000000098e-01 -5.926532000000000153e+03 7.150000000000000000e+01 5.577999999999999763e-10
0.000000000000000000e+00 -5.927042999999999665e+03 7.200000000000000000e+01 5.577999999999999763e-10
3.350000000000000200e-01 -5.926543999999999869e+03 7.250000000000000000e+01 5.589000000000000035e-10
0.000000000000000000e+00 -5.926877999999999702e+03 7.300000000000000000e+01 5.589000000000000035e-10
1.700000000000000122e-01 -5.926872999999999593e+03 7.350000000000000000e+01 5.594999999999999808e-10
0.000000000000000000e+00 -5.927042999999999665e+03 7.400000000000000000e+01 5.594999999999999808e-10
6.019999999999999796e-01 -5.926327000000000226e+03 7.450000000000000000e+01 5.637000000000000283e-10
0.000000000000000000e+00 -5.926929000000000087e+03 7.500000000000000000e+01 5.637000000000000283e-10
4.879999999999999893e-01 -5.926555999999999585e+03 7.550000000000000000e+01 5.637000000000000283e-10
0.000000000000000000e+00 -5.927042999999999665e+03 7.600000000000000000e+01 5.637000000000000283e-10
3.350000000000000200e-01 -5.926543999999999869e+03 7.650000000000000000e+01 5.643000000000000056e-10
0.000000000000000000e+00 -5.926877999999999702e+03 7.700000000000000000e+01 5.643000000000000056e-10
1.700000000000000122e-01 -5.926872999999999593e+03 7.750000000000000000e+01 5.655999999999999907e-10
0.000000000000000000e+00 -5.927042999999999665e+03 7.800000000000000000e+01 5.655999999999999907e-10
3.350000000000000200e-01 -5.926543999999999869e+03 7.850000000000000000e+01 5.678000000000000452e-10
0.000000000000000000e+00 -5.926877999999999702e+03 7.900000000000000000e+01 5.678000000000000452e-10
1.700000000000000122e-01 -5.926872999999999593e+03 7.950000000000000000e+01 5.684000000000000224e-10
0.000000000000000000e+00 -5.927042999999999665e+03 8.000000000000000000e+01 5.684000000000000224e-10
3.350000000000000200e-01 -5.926543999999999869e+03 8.050000000000000000e+01 5.717000000000000007e-10
0.000000000000000000e+00 -5.926877999999999702e+03 8.100000000000000000e+01 5.717000000000000007e-10
1.700000000000000122e-01 -5.926872999999999593e+03 8.150000000000000000e+01 5.726999999999999972e-10
0.000000000000000000e+00 -5.927042999999999665e+03 8.200000000000000000e+01 5.726999999999999972e-10
3.350000000000000200e-01 -5.926543999999999869e+03 8.250000000000000000e+01 5.758000000000000175e-10
0.000000000000000000e+00 -5.926877999999999702e+03 8.300000000000000000e+01 5.758000000000000175e-10
1.700000000000000122e-01 -5.926872999999999593e+03 8.350000000000000000e+01 5.759999999999999755e-10
0.000000000000000000e+00 -5.927042999999999665e+03 8.400000000000000000e+01 5.759999999999999755e-10
3.350000000000000200e-01 -5.926543999999999869e+03 8.450000000000000000e+01 5.829000000000000240e-10
0.000000000000000000e+00 -5.926877999999999702e+03 8.500000000000000000e+01 5.829000000000000240e-10
1.700000000000000122e-01 -5.926872999999999593e+03 8.550000000000000000e+01 5.833999999999999706e-10
0.000000000000000000e+00 -5.927042999999999665e+03 8.600000000000000000e+01 5.833999999999999706e-10
3.350000000000000200e-01 -5.926543999999999869e+03 8.650000000000000000e+01 5.835000000000000013e-10
0.000000000000000000e+00 -5.926877999999999702e+03 8.700000000000000000e+01 5.835000000000000013e-10
1.700000000000000122e-01 -5.926872999999999593e+03 8.750000000000000000e+01 5.836999999999999592e-10
0.000000000000000000e+00 -5.927042999999999665e+03 8.800000000000000000e+01 5.836999999999999592e-10
3.350000000000000200e-01 -5.926543999999999869e+03 8.850000000000000000e+01 5.870999999999999682e-10
0.000000000000000000e+00 -5.926877999999999702e+03 8.900000000000000000e+01 5.870999999999999682e-10
1.700000000000000122e-01 -5.926872999999999593e+03 8.950000000000000000e+01 5.877000000000000488e-10
0.000000000000000000e+00 -5.927042999999999665e+03 9.000000000000000000e+01 5.877000000000000488e-10
5.629999999999999449e-01 -5.926427999999999884e+03 9.050000000000000000e+01 5.931000000000000509e-10
0.000000000000000000e+00 -5.926990999999999985e+03 9.100000000000000000e+01 5.931000000000000509e-10
5.010000000000000009e-01 -5.926219000000000051e+03 9.150000000000000000e+01 6.372999999999999603e-10
0.000000000000000000e+00 -5.926720000000000255e+03 9.200000000000000000e+01 6.372999999999999603e-10
2.310000000000000109e-01 -5.926761000000000422e+03 9.250000000000000000e+01 6.373999999999999909e-10
0.000000000000000000e+00 -5.926990999999999985e+03 9.300000000000000000e+01 6.373999999999999909e-10
5.010000000000000009e-01 -5.926219000000000051e+03 9.350000000000000000e+01 6.497999999999999688e-10
0.000000000000000000e+00 -5.926720000000000255e+03 9.400000000000000000e+01 6.497999999999999688e-10
2.310000000000000109e-01 -5.926761000000000422e+03 9.450000000000000000e+01 6.500999999999999574e-10
0.000000000000000000e+00 -5.926990999999999985e+03 9.500000000000000000e+01 6.500999999999999574e-10
5.110000000000000098e-01 -5.926532000000000153e+03 9.550000000000000000e+01 6.527000000000000312e-10
0.000000000000000000e+00 -5.927042999999999665e+03 9.600000000000000000e+01 6.527000000000000312e-10
3.350000000000000200e-01 -5.926543999999999869e+03 9.650000000000000000e+01 6.685000000000000180e-10
0.000000000000000000e+00 -5.926877999999999702e+03 9.700000000000000000e+01 6.685000000000000180e-10
1.700000000000000122e-01 -5.926872999999999593e+03 9.750000000000000000e+01 6.689000000000000373e-10
0.000000000000000000e+00 -5.927042999999999665e+03 9.800000000000000000e+01 6.689000000000000373e-10
6.969999999999999529e-01 -5.926389000000000124e+03 9.850000000000000000e+01 6.756000000000000245e-10
0.000000000000000000e+00 -5.927086000000000240e+03 9.900000000000000000e+01 6.756000000000000245e-10
5.580000000000000515e-01 -5.926421000000000276e+03 9.950000000000000000e+01 7.000999999999999916e-10
0.000000000000000000e+00 -5.926978000000000065e+03 1.000000000000000000e+02 7.000999999999999916e-10
