# t	msd	err
1.000000000000017226e-11 6.946327440469540586e-03 7.446930565425859821e-04
2.749999999999809558e-11 4.225454013599231132e-03 1.794668443339559765e-06
4.764705882352952739e-11 6.278723854838545379e-03 6.431367023772645210e-04
7.409090909090858479e-11 6.607566221806842471e-03 5.448531963436662427e-04
1.059448818897642493e-10 7.267107719521244749e-03 2.311359460511384586e-04
2.044061302681973100e-10 9.110850136087877277e-03 2.870008975787622209e-04
3.592382812500002713e-10 1.158016541282056062e-02 2.966617415338894522e-04
6.522182795698929002e-10 1.495256800478429043e-02 2.770863144606738730e-04
1.199043916913948073e-09 2.159615353571057647e-02 2.755665296967285747e-04
2.100781667268120276e-09 3.241004825356756658e-02 2.719172470885936098e-04
3.655884130478285330e-09 5.273645273544148165e-02 2.646655791331741165e-04
6.395878034944431741e-09 9.014086547650548842e-02 2.890198453547775039e-04
1.117489294179612916e-08 1.545598605555108807e-01 3.349812599680086376e-04
1.958686457409499796e-08 2.650300717767464231e-01 3.990382890411847011e-04
3.422008959636931914e-08 4.598949912081251035e-01 4.660319591182927055e-04
5.969379032760857175e-08 8.036423739899505314e-01 5.665389374977655105e-04
1.038246039506408601e-07 1.380658802606886226e+00 7.174698488208572280e-04
1.806867728713235249e-07 2.380110110307826154e+00 1.073377650225556265e-03
2.860504775965901668e-07 3.854546687102467839e+00 1.774183926391663391e-03
