# t	msd	err
1.999999999999385633e-15 1.857745855196637264e+00 0.000000000000000000e+00
1.139999999999851759e-14 1.240637848286587408e+00 3.021108391314479280e-01
2.001888888888984470e-14 2.017440031993062988e+00 3.958364432244486086e-01
3.660833333333305407e-14 1.504037717082562287e+00 1.566155845257546364e-01
6.124000000000060541e-14 1.695700680948786454e+00 1.543063702788240732e-01
1.007525773195873655e-13 1.878934213333481429e+00 9.876626281459810475e-02
1.937390047393358824e-13 2.105800706842765990e+00 1.151915354330655117e-01
2.966351709401717827e-13 2.696819206613344289e+00 1.485556705286851242e-01
4.976881456953609933e-13 3.547735200346670226e+00 1.677370461229071852e-01
8.522753285714369179e-13 5.233968399247160619e+00 2.001791687954733445e-01
1.435261734288007274e-12 7.605032555604505085e+00 2.251064478774016941e-01
2.441946289308207517e-12 1.081908477693324855e+01 2.298405149799067348e-01
4.117546322618694700e-12 2.140976390481104374e+01 4.001691723151103997e-01
6.954475360767742249e-12 3.237545536106869548e+01 5.462001665497616676e-01
1.184202804655236196e-11 5.728615018937978931e+01 8.922066376059228920e-01
1.987972055052069601e-11 8.178114510683714400e+01 1.002149533012119509e+00
3.354004267067273474e-11 1.031069150825954068e+02 8.793269732893425061e-01
5.653298957236689870e-11 1.449423397831725993e+02 7.393299263297938850e-01
9.540134505489304553e-11 1.950756811025940749e+02 7.141484401911502022e-01
1.602375588798241765e-10 3.065522237549288889e+02 7.309981304718710104e-01
2.499700381212111177e-10 3.696224854879620239e+02 7.120355555944873904e-01
