# t	msd	err
1.350000000000009394e-14 2.123162974071321363e-05 9.994591327778338125e-06
2.002833333333299371e-14 9.403706851941910625e-06 1.600300749100099197e-06
4.090000000000011476e-14 1.271771582518867355e-05 4.547759861670169800e-06
6.811111111111200032e-14 1.582640000870721896e-05 3.599555235562405472e-06
1.082307692307687657e-13 1.338612335748873416e-05 2.705126838830588115e-06
1.813429411764709685e-13 1.106682700108450644e-05 1.822997790590869414e-06
3.049221428571431480e-13 1.834257036101091137e-05 3.738257307269335821e-06
5.410621666666669266e-13 1.945782568545704899e-05 2.901017715924438037e-06
9.489971578947370408e-13 2.071884657124711869e-05 2.139828626573708236e-06
1.593169374999998797e-12 2.533362361033562822e-05 1.629913084902767376e-06
2.665651419141913436e-12 3.734044664678568996e-05 1.683495879112990212e-06
4.532419343544864471e-12 6.225504777947394631e-05 2.485342864654886705e-06
7.727439487999988014e-12 8.445144013582407628e-05 2.924082922744184275e-06
1.332862429245285242e-11 1.051740994891401179e-04 2.838269362583235156e-06
2.243492512285923963e-11 1.442557274475440496e-04 2.062193622570709917e-06
3.636671084825625715e-11 2.244986485096787151e-04 3.123628798552609489e-06
