# t msd err
2.171818181818241112e-14 4.107563652699504964e+00 1.751471026463604641e+00
3.509677419354833913e-14 3.594424985152257612e+00 9.129848592139891972e-01
5.491304347826040153e-14 3.407114506843100354e+00 1.004703255465348777e+00
7.610434782608685252e-14 4.537728754922119023e+00 1.338103208252086063e+00
1.004162429378531253e-13 4.858498249873547614e+00 2.582262685593392781e-01
1.669999999999989350e-13 5.988797344609393392e+00 1.152544586344116384e+00
2.036885978428377293e-13 5.829007129137299792e+00 3.235841465236810599e-01
3.473423623445834590e-13 6.485419495282738644e+00 2.733278437650525361e-01
5.020363919129081836e-13 7.355818826777912101e+00 4.102423916969035189e-01
7.010744297719073020e-13 8.430072657107670508e+00 2.920847058561870102e-01
1.041575741444867411e-12 1.025978309504236030e+01 2.829275917489572634e-01
1.552813070539418532e-12 1.297359800577923217e+01 3.411742853100421802e-01
2.256608004410140165e-12 1.603017915454434927e+01 3.366392326774099719e-01
3.394680752621830801e-12 2.053289985665927020e+01 3.606149968857387811e-01
4.939561617222375459e-12 2.756334952269706307e+01 4.466080079465385988e-01
7.175838188093158788e-12 3.627986362359514771e+01 4.765834158827875755e-01
1.052166147704592448e-11 4.833074058343125756e+01 5.236970486123128099e-01
1.543374789514796587e-11 6.668410164713614563e+01 6.212654705275787448e-01
2.256819405949553795e-11 9.212343431366923596e+01 7.152427618013111887e-01
3.304015375066529522e-11 1.322026717813052699e+02 8.627164253817505291e-01
4.832304008587152381e-11 1.857169685442302125e+02 1.015863528625951862e+00
7.068709331125743957e-11 2.566717401859966117e+02 1.194086855328234442e+00
1.032192060439433631e-10 3.682852112193277208e+02 1.436342031206653935e+00
1.508206927753962769e-10 5.252433652857686184e+02 1.748278049664413469e+00
2.208522156147530422e-10 7.456428429016001473e+02 2.126912441300764733e+00
3.224313120985321774e-10 1.034816758129706159e+03 2.593558291988865339e+00
4.699870499173116530e-10 1.519756923761531425e+03 3.490545751440831346e+00
6.817065502827735046e-10 2.415045423099660184e+03 5.695085769508741791e+00
9.347796559615918432e-10 3.073416400704589705e+03 1.178475748130821898e+01
