# t	msd	err
1.600000000000000000e+01 1.987189598293516788e-06 0.000000000000000000e+00
2.935000000000002274e+01 3.392762816772239672e-06 1.294189585348835750e-06
6.539999999999997726e+01 1.583966280220920665e-06 5.317214951750687148e-14
1.140250000000000199e+02 5.444654031366950288e-06 1.112678318827698859e-06
1.603999999999999773e+02 3.043514739895236698e-06 5.988732378387163589e-07
2.512600000000000477e+02 4.528297330270547702e-04 1.974353316200929136e-04
3.920952380952380736e+02 4.438294153657169417e-04 1.366355637608789584e-04
6.373368421052632584e+02 4.936000197599518845e-04 1.471095197560140836e-04
9.698600000000004684e+02 4.006304436896325244e-04 1.232941409031020139e-04
1.472372972972972548e+03 6.568444734640737888e-04 1.114433282910977130e-04
