# time Ni NiV
0.000000000000000000e+00 1.585023379508695111e-14 1.182941694177639268e-14
1.713000000000000072e-12 1.996317147986123846e-03 1.117897092462469141e-08
1.877000000000000181e-12 4.149303202065643750e-03 1.316517769368110393e-08
2.240999999999999842e-12 6.679339933244791624e-03 1.001081807560936636e-08
2.314000000000000035e-12 8.834351130371807803e-03 7.554286219531128481e-09
2.387999999999999922e-12 1.127873837753546812e-02 7.829369108057758610e-09
3.068999999999999949e-12 1.378034230235477761e-02 8.473770970346218689e-09
3.418999999999999871e-12 1.620331832410364103e-02 1.545315029032758791e-08
3.886000000000000203e-12 1.856499185424779000e-02 1.982288115270775180e-08
4.646000000000000196e-12 1.884281774063912077e-02 7.748918092304540208e-10
5.046000000000000107e-12 2.107240341280059576e-02 2.861580907338087788e-08
5.582000000000000247e-12 2.353030658048809245e-02 2.095732572783712562e-08
5.772999999999999736e-12 2.606937264683370503e-02 1.353737264106782868e-08
6.298000000000000023e-12 2.353000129502690746e-02 2.046430469763027643e-08
6.658999999999999798e-12 2.606937498569550371e-02 1.353897642141900858e-08
7.086999999999999993e-12 2.816609432331063784e-02 4.657230037959943467e-08
7.836000000000000134e-12 3.074098522758135846e-02 1.431343081897220017e-08
8.133000000000000181e-12 3.316711211779201779e-02 2.238366871603786979e-08
8.282000000000000455e-12 3.074248510213563323e-02 2.245576149666201218e-09
9.018000000000000550e-12 3.316711176241194520e-02 2.237850859493866739e-08
9.470000000000000644e-12 3.324805945608592939e-02 2.560893187393260838e-09
9.624000000000000189e-12 3.545804351782454872e-02 1.377561511333643959e-08
1.077000000000000035e-11 3.782936656928389402e-02 1.147117801971743257e-08
1.170000000000000063e-11 4.030505424632194189e-02 7.801368881384877663e-09
1.179000000000000045e-11 3.782936735584895016e-02 1.147130337913368055e-08
1.375999999999999953e-11 3.545455229032282163e-02 1.361233825492935375e-08
1.555000000000000059e-11 3.782928889773146813e-02 1.145808287300109022e-08
1.708000000000000073e-11 4.030360319504418254e-02 1.056291670625679740e-08
1.801999999999999955e-11 4.270520446948559284e-02 1.241529332789939075e-08
1.952999999999999938e-11 4.503401796849473143e-02 2.133659955053563417e-08
1.967000000000000161e-11 4.747768952975050388e-02 1.150325498525073843e-08
2.047999999999999998e-11 4.503401814435417649e-02 2.133659955053563417e-08
2.081999999999999893e-11 4.490889746192421039e-02 4.588255702530666345e-09
2.121999999999999884e-11 4.503401867239244238e-02 2.133733371914299415e-08
2.207999999999999962e-11 4.712682782414103627e-02 2.391617450556143131e-08
2.287999999999999944e-11 4.492311353062330287e-02 1.846301641727682504e-08
2.380999999999999972e-11 4.749487564001052958e-02 2.021201043005744318e-08
2.416999999999999899e-11 5.433569682056019895e-02 2.026792809191118788e-08
2.476000000000000032e-11 5.194445604490346285e-02 1.897259456683744949e-08
2.502999999999999977e-11 5.425714328939983816e-02 2.099300498757957180e-08
2.609999999999999905e-11 5.704079304315166910e-02 2.112484887439837495e-08
2.717000000000000156e-11 5.974034278483730809e-02 2.035641978962892057e-08
2.758000000000000001e-11 6.122460224343050789e-02 1.362836716969415800e-08
3.158999999999999767e-11 5.926432565548949566e-02 1.961047157351341509e-08
3.165999999999999717e-11 6.157326729817291094e-02 2.146747816255240191e-08
3.293000000000000287e-11 6.821416710149959262e-02 2.104472958003416356e-08
3.315000000000000314e-11 7.143222794361027417e-02 9.862248055426178814e-09
3.419000000000000032e-11 6.821416662554592725e-02 2.104054539745380270e-08
3.486000000000000292e-11 7.143248097935366026e-02 9.780708709827668159e-09
3.497000000000000306e-11 7.384279144670115314e-02 1.408702869818351458e-08
3.497000000000000306e-11 7.632562959018272808e-02 6.644628983853440367e-09
3.500000000000000192e-11 7.629027061667299769e-02 1.439143834808258581e-09
3.508000000000000320e-11 7.632578838147451028e-02 6.644628983853440367e-09
3.656000000000000093e-11 7.866877081727070842e-02 8.300672265952495681e-09
3.696000000000000084e-11 8.083649189099953447e-02 1.429103231175284429e-08
3.703000000000000034e-11 8.340920576872186409e-02 2.009337051156651678e-08
3.718000000000000111e-11 8.567333829980774973e-02 1.524507789861820327e-08
3.777999999999999775e-11 8.794802076263007196e-02 1.587121141127155167e-08
3.845000000000000035e-11 9.023963746665238095e-02 1.030846390001554540e-08
3.896000000000000040e-11 9.057914914205682233e-02 9.311835863996291246e-10
3.934999999999999853e-11 9.272014778999365658e-02 2.691468724421673055e-08
3.985999999999999858e-11 9.511095803515144664e-02 1.964488663251050604e-08
4.049000000000000054e-11 9.740047982912092284e-02 3.921272746545569284e-08
4.123000000000000264e-11 9.980034813102615920e-02 4.692673951016921479e-08
4.185000000000000282e-11 1.024065889793922268e-01 4.192999216969416675e-08
4.239000000000000173e-11 9.980007279221650429e-02 4.356752411426796453e-08
4.293000000000000065e-11 9.739721097457827714e-02 1.803759725586090612e-08
4.404999999999999910e-11 9.771623423031156053e-02 3.542911072814777886e-09
4.497000000000000084e-11 1.000084343711086510e-01 4.889441685763081955e-08
4.589000000000000257e-11 1.022508898152608009e-01 7.291035981757490260e-08
4.593000000000000321e-11 1.047517813830383254e-01 2.443717025306628695e-08
4.596999999999999739e-11 1.069817057225413981e-01 5.215092540909796861e-08
4.639000000000000085e-11 1.097165309917208509e-01 6.092583365083065791e-08
4.654000000000000162e-11 1.069814585576500943e-01 5.211446993401647447e-08
4.720999999999999776e-11 1.095699536558696063e-01 2.473461725197950348e-08
4.749999999999999753e-11 1.122219998229416205e-01 4.488796466697716158e-08
4.960000000000000191e-11 1.142796393433151286e-01 6.417935858096564137e-08
4.967000000000000141e-11 1.144706597544741522e-01 2.531323301040209853e-08
4.976999999999999977e-11 1.142799751808807329e-01 6.395504943409408708e-08
5.113000000000000206e-11 1.210243328923265305e-01 2.486766889613415163e-08
5.214000000000000038e-11 1.188772261214637027e-01 5.002148113103555309e-08
5.295000000000000197e-11 1.167625088231080965e-01 6.846209876727218838e-08
5.458000000000000048e-11 1.191441347681090890e-01 2.184968268048440743e-08
5.535000000000000144e-11 1.193096524128536562e-01 1.007325848858874231e-08
5.653999999999999940e-11 1.214658959817159489e-01 7.376359424312993595e-08
5.724000000000000086e-11 1.237833680168594214e-01 9.089846795218135188e-08
6.049999999999999787e-11 1.262537918859140407e-01 4.202907008539046459e-08
6.065000000000000511e-11 1.285434108893180605e-01 8.501617311364691739e-08
6.079999999999999942e-11 1.312492355058732518e-01 8.067990846219525604e-08
6.085999999999999715e-11 1.334784686574556345e-01 8.076244452491850815e-08
6.138999999999999428e-11 1.358412264427682759e-01 2.929123450784040928e-08
6.203000000000000448e-11 1.428025844594610905e-01 7.419978285437041584e-08
6.264999999999999820e-11 1.358416014891125623e-01 2.912779424312995656e-08
6.551000000000000177e-11 1.334843578789706720e-01 5.199546672566376647e-08
6.592000000000000346e-11 1.360545707712509655e-01 7.623189418180407130e-08
6.714000000000000028e-11 1.364422068866932847e-01 3.820159345598514026e-09
6.881000000000000588e-11 1.384457352666416674e-01 5.167430541841324865e-09
6.986000000000000484e-11 1.385162430717844506e-01 1.272657431454742397e-08
7.105999999999999811e-11 1.404804048574194719e-01 3.406410831547894439e-08
7.136999999999999498e-11 1.427670741184321468e-01 1.830795654789627400e-08
7.245000000000000572e-11 1.452991371945872578e-01 3.564564203462192783e-08
7.384000000000000041e-11 1.427668765647384930e-01 1.819824801505977088e-08
7.409999999999999485e-11 1.448475881828838741e-01 2.196902943098897416e-08
7.756999999999999683e-11 1.476160079258889701e-01 3.319526422605186344e-08
7.841999999999999906e-11 1.504366969739045767e-01 3.882381757801582120e-08
7.949999999999999689e-11 1.524551050469984403e-01 9.346093185064424916e-09
8.026000000000000253e-11 1.545759840935228557e-01 1.187588657118459775e-08
8.026000000000000253e-11 1.524547581215643377e-01 9.380731418258031918e-09
8.219000000000000259e-11 1.504387736968793299e-01 9.649458979195777265e-09
8.343000000000000296e-11 1.528772339875485720e-01 2.801638026471043822e-08
8.349999999999999600e-11 1.504387810669673975e-01 9.649458979195777265e-09
8.682000000000000366e-11 1.523029870305660505e-01 2.822199329995344532e-08
8.735000000000000080e-11 1.498232030307993512e-01 3.652916807405680826e-08
9.038000000000000223e-11 1.476875843166094437e-01 3.606580972907932338e-08
9.051000000000000591e-11 1.498227337737959297e-01 3.617133884878117228e-08
9.066999999999999554e-11 1.476875853812197326e-01 3.606112227293898351e-08
9.333999999999999769e-11 1.499778109808697080e-01 4.019732186073592100e-08
9.361000000000000038e-11 1.525550185470054276e-01 3.893081833954352765e-08
9.366999999999999810e-11 1.499781434787958168e-01 4.007122487890076912e-08
9.493000000000000202e-11 1.526720435919913799e-01 4.242473340164570769e-08
9.598999999999999629e-11 1.542699917818426969e-01 4.425762098742431353e-08
9.606999999999999757e-11 1.523704924637263869e-01 4.590759708197489286e-08
9.614999999999999884e-11 1.502519836593594060e-01 3.084992374631273123e-09
9.655000000000000522e-11 1.521236027711900529e-01 1.585096331315012762e-08
9.705000000000000349e-11 1.542797879548175044e-01 3.224124071417480482e-08
9.747000000000000049e-11 1.548358046289337597e-01 1.849412359105730587e-09
9.827999999999999562e-11 1.521598280972281947e-01 8.546046086787754135e-09
9.835999999999999690e-11 1.546227203028477937e-01 9.654708490141253645e-09
9.862000000000000427e-11 1.521598153102740880e-01 8.484526505977335302e-09
9.910999999999999431e-11 1.546227204247845877e-01 9.652991436888648202e-09
9.959999999999999727e-11 1.550350903520566481e-01 2.125152432852056421e-09
9.989999999999999882e-11 1.570707673412792826e-01 2.588323566294053997e-08
9.998000000000000009e-11 1.550346897884333497e-01 2.120401825803464518e-09
1.003000000000000052e-10 1.570707755518557791e-01 2.588032879987580683e-08
1.008000000000000035e-10 1.593748096812841186e-01 1.744534968560783060e-08
1.014999999999999985e-10 1.615030696945704280e-01 3.112812960409874031e-08
1.022999999999999983e-10 1.593748186451220128e-01 1.737220618226985129e-08
1.024999999999999950e-10 1.662018917851736943e-01 3.580370458003417876e-08
1.033999999999999997e-10 1.733223401834683708e-01 1.791811266884024850e-08
1.046000000000000059e-10 1.802942179420254920e-01 2.234880221471815728e-08
1.051000000000000041e-10 1.787906069771560136e-01 3.451758285747551772e-08
1.059999999999999958e-10 1.802944186977011587e-01 2.217831737696007557e-08
1.059999999999999958e-10 1.733419225045734202e-01 1.955271118226980746e-08
1.062000000000000055e-10 1.802946184142225627e-01 2.193591648501787334e-08
1.070999999999999972e-10 1.877941129218705929e-01 3.602618634373543379e-08
1.078000000000000051e-10 1.949890996408213117e-01 4.876084004114262459e-08
1.086999999999999969e-10 1.971073786722932764e-01 4.231007207886967572e-08
1.088999999999999936e-10 1.999291942417669721e-01 4.206734877270611105e-08
1.123000000000000025e-10 2.062314691014022483e-01 4.104134698416394958e-08
1.126999999999999960e-10 2.068687506014601496e-01 2.258054911504416776e-09
1.134999999999999958e-10 2.045458445016036242e-01 3.617617119158507918e-08
1.136000000000000006e-10 2.068687507477658116e-01 2.255842447601296468e-09
1.142000000000000037e-10 2.092409455811461982e-01 4.705200019950324177e-08
1.147000000000000020e-10 2.158720977929414753e-01 2.779134299021890424e-08
1.147999999999999939e-10 2.092409498643374166e-01 4.704718419888222108e-08
1.171999999999999934e-10 2.073632381143230563e-01 6.440507160456455765e-08
1.180000000000000061e-10 2.176818011151571142e-01 6.853696590979666487e-08
1.187999999999999930e-10 2.208758645124929421e-01 2.516186724421672584e-08
1.197000000000000106e-10 2.231857033231687271e-01 3.457841522744913531e-08
1.207000000000000071e-10 2.208759523098958455e-01 2.510690458313927032e-08
1.213999999999999892e-10 2.231857023579945087e-01 3.457280089116593507e-08
1.219999999999999923e-10 2.256021322575681165e-01 2.973936003182741661e-08
1.220999999999999971e-10 2.231856905686473436e-01 3.457249906536251207e-08
1.220999999999999971e-10 2.256021373436576105e-01 2.972990446592150197e-08
1.223000000000000068e-10 2.231856736324150658e-01 3.451790106815707189e-08
1.224999999999999906e-10 2.256021374330948737e-01 2.972717804766345311e-08
1.233000000000000033e-10 2.279032458143128714e-01 2.831119901956221113e-08
1.235999999999999919e-10 2.302168983162037885e-01 3.931294747477102856e-08
1.239000000000000064e-10 2.279032477132601764e-01 2.830533279382086608e-08
1.240000000000000112e-10 2.302167546331505832e-01 3.904540882782179756e-08
1.245999999999999885e-10 2.369417504330738611e-01 2.458346433162556321e-08
1.246999999999999933e-10 2.302167560641297239e-01 3.904326154401491890e-08
1.247999999999999981e-10 2.369419235395341383e-01 2.441604304999227716e-08
1.261000000000000092e-10 2.355867537500982434e-01 4.948096676680644061e-08
1.265000000000000026e-10 2.378546548348873524e-01 5.761053491383325685e-08
1.270000000000000009e-10 2.400722699962744844e-01 2.328652451560314195e-08
1.305999999999999936e-10 2.425936256869073993e-01 2.588004543704391595e-08
1.314000000000000064e-10 2.448571413110328387e-01 1.930219379288932579e-08
1.319000000000000046e-10 2.472935687480232458e-01 2.018546149743833576e-08
1.321999999999999933e-10 2.448570174073742833e-01 1.927939448299956747e-08
1.347999999999999895e-10 2.472686149920984844e-01 3.157167513196707016e-08
1.353999999999999926e-10 2.448570187711066326e-01 1.927754110852354028e-08
1.379999999999999887e-10 2.472686845580767678e-01 3.157251405138951354e-08
1.385000000000000129e-10 2.492289052384329406e-01 4.744987540444029365e-08
1.390999999999999901e-10 2.495890711250845495e-01 5.577224294364236119e-09
1.394000000000000046e-10 2.518024440027072930e-01 2.049381803834810607e-08
1.422999999999999894e-10 2.544440925057717129e-01 2.755501819670853924e-08
1.423999999999999942e-10 2.543354460937073402e-01 5.714671808725331709e-09
1.429999999999999973e-10 2.566474771696787838e-01 8.300397892408023171e-09
1.442000000000000035e-10 2.588973854582097278e-01 1.094673908476939791e-08
1.445999999999999970e-10 2.614557592270204123e-01 1.512198309035862854e-08
1.456999999999999983e-10 2.588975511039514066e-01 1.087568052553951572e-08
1.493999999999999959e-10 2.611806613049834080e-01 1.337387795761525086e-08
1.496000000000000056e-10 2.635193146748882609e-01 1.503402475081511496e-08
1.504999999999999973e-10 2.611806610266123041e-01 1.337361061636391004e-08
1.508000000000000117e-10 2.637402343437633134e-01 7.831329833876705554e-09
1.513999999999999890e-10 2.662509013518364331e-01 1.524395107359107113e-08
1.518000000000000083e-10 2.687658339126900442e-01 1.112790955441702096e-08
1.524999999999999904e-10 2.708703556112989075e-01 1.888481602856696463e-08
1.527000000000000000e-10 2.731202631255190694e-01 2.546965252367645933e-08
1.529000000000000097e-10 2.726459683753960639e-01 4.800878049992245460e-09
1.540999999999999900e-10 2.755361336204055211e-01 2.226364321145783003e-08
1.544000000000000045e-10 2.726458917410956029e-01 4.801761543238633789e-09
1.546999999999999931e-10 2.716164161013248646e-01 2.500297484862595875e-08
1.552999999999999962e-10 2.821384986332384770e-01 1.983646109377420807e-08
1.566000000000000072e-10 2.757129312134551924e-01 3.165194442167362754e-08
1.568999999999999959e-10 2.777176280604965464e-01 3.413061617528338978e-08
1.568999999999999959e-10 2.797591088837124151e-01 1.511602087253533342e-08
1.590999999999999986e-10 2.777177416120643061e-01 3.408348441235843943e-08
1.603000000000000048e-10 2.797591105791835120e-01 1.511270111551002368e-08
1.604999999999999886e-10 2.803956736743182798e-01 3.436092945971114650e-09
1.635000000000000041e-10 2.824182597769755443e-01 3.550266270532529649e-08
1.640000000000000024e-10 2.848618346180759042e-01 3.030429307560948482e-08
1.653999999999999924e-10 2.824184381604102345e-01 3.537648730321369934e-08
1.663000000000000099e-10 2.803910531412306950e-01 3.048611944729078333e-08
1.664999999999999937e-10 2.828174325423524760e-01 5.725495389535797063e-08
1.685000000000000127e-10 2.852354922230228573e-01 6.957502744993012867e-08
1.700000000000000075e-10 2.852804456451877857e-01 1.283621204160842857e-08
1.701000000000000123e-10 2.831220205731007078e-01 2.084752456839006363e-08
1.701000000000000123e-10 2.826815519103849650e-01 5.952954028877540069e-09
1.705000000000000058e-10 2.849540112491122934e-01 3.879255845055113825e-08
1.723999999999999940e-10 2.873972784334239972e-01 5.951977638565438643e-08
1.738000000000000099e-10 2.900266527839738262e-01 2.848976323629870654e-08
1.747000000000000016e-10 2.925154629481340196e-01 3.577191165346994336e-08
1.760000000000000126e-10 2.982195521730487964e-01 5.682193468716036511e-08
1.764000000000000061e-10 2.887616088838955153e-01 6.030349337447593518e-08
1.765000000000000109e-10 2.907163606632672814e-01 6.982871408166442270e-08
1.771999999999999930e-10 2.973974516420315739e-01 7.138454204626619016e-08
1.779000000000000009e-10 3.047368843648571857e-01 6.509736977798478580e-08
1.793999999999999957e-10 3.073233439278222900e-01 2.532294849247004217e-08
1.801000000000000036e-10 3.047361600262133430e-01 6.503269966852973092e-08
1.817000000000000033e-10 3.047460225089590469e-01 2.419958783573992169e-09
1.825999999999999950e-10 3.021479230428020801e-01 2.450599933550689255e-08
1.845000000000000091e-10 3.044527995995862657e-01 3.842569930135072097e-08
1.854000000000000008e-10 3.048325778649352280e-01 6.596299329296701858e-09
1.855000000000000057e-10 3.105365092058447463e-01 1.973902930600836536e-08
1.856999999999999895e-10 3.090439150797467671e-01 9.574189715882586900e-09
1.861000000000000088e-10 3.122694767052219822e-01 1.145636699037417499e-08
1.863999999999999974e-10 3.146046320992316736e-01 1.013941468716016079e-10
1.868999999999999957e-10 3.174127940508824075e-01 2.617424893960565415e-08
1.883000000000000115e-10 3.283367743893163548e-01 1.922149453889144928e-08
1.889999999999999936e-10 3.174119951001155293e-01 2.608116793432700545e-08
1.890999999999999984e-10 3.145723020369601830e-01 6.845225437820187492e-09
1.904999999999999884e-10 3.218865738410208732e-01 1.487298212078865633e-08
1.910000000000000125e-10 3.145716218539315046e-01 6.790627439838527645e-09
1.910999999999999915e-10 3.174072198959874136e-01 1.322748419888220809e-08
1.921999999999999929e-10 3.145716234713623605e-01 6.790113814625052648e-09
1.931000000000000104e-10 3.213777647827363304e-01 1.096940524219840449e-08
1.931000000000000104e-10 3.145712790101221068e-01 6.764662651762131798e-09
1.940000000000000022e-10 3.122709559993741002e-01 1.635786712622262030e-08
1.951000000000000035e-10 3.109693597538892296e-01 8.653468129172499728e-09
1.952000000000000084e-10 3.166255176500891166e-01 9.802343099673975902e-09
1.956000000000000018e-10 3.231486040885462874e-01 9.697682546964747536e-09
1.963999999999999887e-10 3.225357482171357093e-01 1.442891121564972731e-08
1.964999999999999935e-10 3.280013316871061013e-01 1.870796647104485574e-08
1.970999999999999966e-10 3.301220022213828820e-01 5.619196249805913895e-09
1.970999999999999966e-10 3.280016675086229183e-01 1.827195437354447946e-08
1.974000000000000111e-10 3.225549415245104190e-01 6.921844056047198790e-09
1.975999999999999949e-10 3.289089859565397789e-01 7.586847701443886574e-09
1.980999999999999932e-10 3.225553587857186710e-01 6.897662831858401385e-09
1.981999999999999980e-10 3.282813199179033248e-01 1.180938319205092149e-08
1.984000000000000076e-10 3.301077015595895725e-01 6.391087942866024513e-09
2.015000000000000021e-10 3.282807590351549121e-01 1.179444309656887820e-08
2.036000000000000000e-10 3.219111133698755456e-01 1.839974404906069468e-08
2.047000000000000014e-10 3.243302284250743628e-01 1.664818136624741077e-08
2.058000000000000028e-10 3.310804390164391320e-01 1.599384052786829181e-08
2.058000000000000028e-10 3.290618296873339399e-01 1.596427787067227577e-08
2.069000000000000041e-10 3.324439120502410416e-01 5.727055597733267160e-09
2.070000000000000090e-10 3.341335584622307509e-01 1.376706004114267928e-08
2.074000000000000024e-10 3.411473888219355710e-01 1.667108314314543887e-08
2.075000000000000072e-10 3.522539700929760431e-01 2.158056758888373576e-08
2.081000000000000103e-10 3.411473907985122511e-01 1.667049915851572102e-08
2.097999999999999890e-10 3.520583288060405436e-01 1.997342817342030175e-08
2.112000000000000048e-10 3.548095162549410042e-01 2.229577059773327657e-08
2.147999999999999975e-10 3.520585031602406212e-01 1.992725659447292086e-08
2.167000000000000117e-10 3.547322213717329364e-01 2.361008032370748781e-08
2.168999999999999955e-10 3.520585063290213590e-01 1.991981495808105375e-08
2.172000000000000099e-10 3.411748745811313821e-01 1.153843450784036528e-08
2.172000000000000099e-10 3.522617803267265035e-01 1.411930393494799525e-08
2.174999999999999986e-10 3.547392979564518156e-01 1.708390464291259362e-08
2.179999999999999968e-10 3.522629004645055906e-01 1.404363028799877348e-08
2.187000000000000047e-10 3.542946330085374185e-01 1.835900380686231058e-08
2.194999999999999916e-10 3.625808586611027340e-01 1.851674590591526091e-08
2.200999999999999947e-10 3.542946357911753719e-01 1.835815042384724282e-08
2.211999999999999961e-10 3.522860744016744206e-01 6.737033719142970447e-09
2.215999999999999896e-10 3.542951209773576027e-01 1.826521521813382815e-08
2.217999999999999992e-10 3.522860718195208185e-01 6.736844111939119784e-09
2.236000000000000085e-10 3.547449813653393291e-01 9.824267605185527525e-09
2.246000000000000051e-10 3.577889156545341898e-01 1.424499107281481172e-08
2.252000000000000082e-10 3.597825298276889905e-01 8.127282015991290001e-09
2.253999999999999920e-10 3.619608772396271656e-01 7.472037922682799033e-09
2.256000000000000016e-10 3.644913452561827638e-01 9.210963108213013810e-09
2.273000000000000061e-10 3.619608731702023130e-01 7.355172430523196923e-09
2.286999999999999961e-10 3.648508591937676959e-01 1.138097797546965030e-08
2.297999999999999974e-10 3.671594878930885542e-01 1.143342793122184582e-08
2.318999999999999954e-10 3.648507317309224174e-01 1.131890328598043435e-08
2.340000000000000191e-10 3.663742123154817842e-01 1.233111020648967702e-08
2.355999999999999929e-10 3.648507323076217723e-01 1.131756885887284867e-08
2.360000000000000122e-10 3.619845098457960542e-01 7.842364160844575517e-09
2.367000000000000201e-10 3.624107406482779958e-01 1.781213569321552950e-10
2.380999999999999843e-10 3.645065017322337564e-01 1.702263931454742902e-08
2.385000000000000036e-10 3.670155171533897032e-01 2.273897658748637710e-08
2.387000000000000132e-10 3.692970369476781256e-01 1.272463206101536152e-08
2.402000000000000081e-10 3.718158706266629920e-01 1.433700403741658614e-08
2.405999999999999757e-10 3.742925627238236075e-01 5.267765987424312210e-09
2.407000000000000063e-10 3.766388918926858453e-01 5.651031191585152474e-09
2.414999999999999932e-10 3.787944782580650038e-01 1.165675508771931542e-08
2.419000000000000125e-10 3.813037772460078911e-01 1.390052717978574370e-08
2.419999999999999915e-10 3.787944333007698394e-01 1.165484338844900725e-08
2.429000000000000091e-10 3.790938699984023885e-01 2.109222720074519874e-09
2.429999999999999880e-10 3.812168408804302300e-01 3.993347591988809253e-09
2.434000000000000073e-10 3.833923339458853441e-01 3.435386455519326003e-09
2.436000000000000170e-10 3.812162038126130637e-01 3.992382214718217061e-09
2.443000000000000249e-10 3.838175342292019510e-01 3.661104115044252024e-09
2.443000000000000249e-10 3.859079841120024446e-01 5.711572303213765698e-09
2.451999999999999908e-10 3.857955390985099986e-01 2.662871673653167615e-10
2.451999999999999908e-10 3.842470178575251860e-01 1.176420769212854303e-08
2.458000000000000197e-10 3.897490797249033578e-01 1.399792623816176776e-08
2.459999999999999777e-10 3.907336474673902549e-01 2.529072100605497534e-09
2.468999999999999953e-10 3.931898332620579195e-01 3.018988920043461932e-08
2.469999999999999742e-10 3.956476927650220410e-01 3.745433465999058888e-08
2.478999999999999918e-10 4.020056516987484674e-01 3.997535012032286122e-08
2.481999999999999804e-10 4.135529739039429664e-01 1.545548089427104421e-08
2.500000000000000156e-10 4.163682452858852301e-01 5.774378269600989182e-08
2.507000000000000235e-10 4.135534419664095296e-01 1.547194610541834291e-08
2.515000000000000104e-10 4.163682525094328790e-01 5.774482844589343968e-08
2.515999999999999894e-10 4.146082537481520780e-01 4.424427560006218165e-08
2.515999999999999894e-10 4.111773890061016790e-01 1.580308593075610567e-08
2.520000000000000087e-10 4.146079274430155559e-01 4.404195017000464982e-08
2.520999999999999876e-10 4.251516104944754737e-01 4.272903704704226457e-08
2.522000000000000183e-10 4.182726843728508115e-01 1.430705074677840858e-08
2.522000000000000183e-10 4.251512546316181251e-01 4.249798381695391955e-08
2.535999999999999825e-10 4.280445302200489022e-01 3.887163632665743757e-08
2.545000000000000000e-10 4.349657520255029164e-01 4.246627780158358478e-08
2.545999999999999790e-10 4.409855695053541136e-01 3.754487446359272834e-08
2.554000000000000176e-10 4.446442012931620114e-01 1.074552439683274165e-08
2.559000000000000159e-10 4.409865215284984319e-01 3.729780930290339200e-08
2.567999999999999817e-10 4.415969382028387402e-01 1.012269115665270996e-08
2.569999999999999914e-10 4.441651722398959889e-01 5.198476894038195769e-08
2.569999999999999914e-10 4.471894061930345998e-01 5.881103735134295171e-08
2.576000000000000203e-10 4.497159453422537867e-01 5.816836163949692590e-08
2.584999999999999862e-10 4.522529335122271732e-01 7.067912535320614533e-08
2.589999999999999845e-10 4.497159495860733602e-01 5.816642606427566219e-08
2.591999999999999941e-10 4.524005655221078892e-01 6.590464961108524029e-08
2.613999999999999969e-10 4.497156896482529809e-01 5.805497071029348350e-08
2.623999999999999934e-10 4.524005691265571838e-01 6.590377838534389601e-08
2.635000000000000207e-10 4.592170335174854956e-01 7.870432922605190806e-08
2.660999999999999910e-10 4.663824821725004455e-01 7.008228185763088326e-08
2.663000000000000006e-10 4.639792700237156398e-01 2.309837094317649554e-08
2.668999999999999779e-10 4.663835661897720586e-01 7.004376663872078450e-08
2.668999999999999779e-10 4.591932399331968284e-01 2.959555274025770960e-08
2.675999999999999858e-10 4.613562439344821575e-01 5.665625154168619743e-08
2.677000000000000165e-10 4.635388404393590567e-01 6.819423617140203116e-08
2.677999999999999955e-10 4.613562523925163195e-01 5.664623632044728670e-08
2.680999999999999841e-10 4.635391704926665746e-01 6.793255051156636811e-08
2.680999999999999841e-10 4.642041719978594050e-01 3.706720142213938156e-08
2.687000000000000130e-10 4.661413216939683246e-01 5.326938790560498408e-08
2.692999999999999903e-10 4.642041682909509026e-01 3.706426584691816303e-08
2.697000000000000096e-10 4.660986834946231894e-01 3.397593826191580172e-08
2.717000000000000027e-10 4.682751602709518957e-01 4.848097999456604812e-08
2.717999999999999816e-10 4.660990256257905862e-01 3.397099544170161785e-08
2.719000000000000123e-10 4.642209359881881436e-01 6.495693436112414855e-08
2.734000000000000071e-10 4.659748113346624532e-01 3.925590995264721405e-08
2.734000000000000071e-10 4.682255896558885633e-01 4.049722397764316807e-08
2.751000000000000116e-10 4.708906756143219630e-01 6.819418441235829766e-08
2.771999999999999837e-10 4.741466846239815736e-01 8.779378158748651267e-08
2.776999999999999820e-10 4.760398800329250224e-01 4.149450016457076727e-08
2.778000000000000126e-10 4.826057944692812018e-01 7.313249099596340197e-08
2.783000000000000109e-10 4.849631221824040050e-01 1.040345651552554765e-07
2.788000000000000092e-10 4.826058025187016098e-01 7.312009348858873638e-08
2.793999999999999864e-10 4.808261170441983645e-01 7.747190883480816172e-08
2.800000000000000154e-10 4.827893459521209185e-01 9.667136399316888056e-08
2.800000000000000154e-10 4.849896248088142459e-01 4.256869570951718228e-08
2.810000000000000119e-10 4.872859556814606030e-01 4.623893102390923457e-08
2.813000000000000005e-10 4.849896173503295826e-01 4.256518951482691817e-08
2.813999999999999795e-10 4.827899953805036559e-01 4.506515542074199733e-08
2.820000000000000085e-10 4.847649980729865637e-01 7.452722403741652390e-08
2.837000000000000129e-10 4.870200868445395681e-01 2.962652263313161553e-08
2.840999999999999805e-10 4.857543707024550295e-01 4.087407180872526553e-08
2.844000000000000209e-10 4.920464428405517676e-01 3.737161682036960946e-08
2.859000000000000157e-10 4.939985390594484049e-01 4.878440090979656373e-08
2.866000000000000236e-10 4.945745543446478654e-01 1.864852621720227792e-08
2.869999999999999912e-10 4.965959962049799059e-01 7.261555101459407892e-08
2.879000000000000088e-10 4.990165251842953453e-01 1.183950110642757544e-07
2.879000000000000088e-10 5.012500728617435009e-01 1.088063566371679972e-07
2.884000000000000070e-10 5.033842522469071934e-01 1.069816302507374283e-07
2.889999999999999843e-10 5.058530510424720239e-01 1.247752244496195897e-07
2.904999999999999791e-10 5.082501792221588710e-01 1.099272599254773059e-07
2.911000000000000081e-10 5.101791194877991487e-01 1.037238580034156180e-07
2.916000000000000063e-10 5.125295315583269229e-01 3.337895925865547406e-08
2.935000000000000205e-10 5.147795639862189354e-01 6.500830549604089384e-08
2.943000000000000073e-10 5.174427353427843990e-01 8.803918027635473247e-08
2.943999999999999863e-10 5.193191439238803442e-01 1.055391201738863232e-07
2.962000000000000215e-10 5.261254903439862574e-01 1.094466265898154122e-07
2.973999999999999760e-10 5.291110118644998250e-01 1.027090888813849888e-07
2.977000000000000163e-10 5.261255695132597276e-01 1.093655384233817091e-07
2.980999999999999839e-10 5.265997800522210781e-01 4.936323969647560379e-08
2.982000000000000146e-10 5.261254619470613347e-01 1.090731456862290460e-07
3.002000000000000077e-10 5.269727421105213638e-01 1.106281876727213056e-08
3.004000000000000173e-10 5.288473420814067127e-01 5.549767117295444922e-08
3.007999999999999849e-10 5.271371759213576702e-01 8.125033102390923797e-08
3.031000000000000183e-10 5.288138349775597380e-01 2.630117080267039040e-08
3.034000000000000069e-10 5.311438764120238742e-01 6.826834976634052062e-08
3.039000000000000052e-10 5.316485816267656483e-01 9.449295488278146628e-09
3.046000000000000131e-10 5.380534663620599733e-01 5.132218326967859792e-08
3.049999999999999807e-10 5.316490128784353564e-01 9.172703584070766518e-09
3.054000000000000000e-10 5.380534683326266832e-01 5.131956592454587451e-08
3.054999999999999790e-10 5.316497540584982362e-01 8.861010315944770588e-09
3.063999999999999966e-10 5.334775256438852864e-01 4.022592225818972487e-08
3.066999999999999852e-10 5.361726313421237844e-01 6.216479316643375989e-08
3.078999999999999914e-10 5.434347346602135254e-01 6.917599643844125592e-08
3.081000000000000011e-10 5.361730730381140120e-01 6.193858179552872349e-08
3.088999999999999880e-10 5.337800235263845394e-01 6.786366409330825297e-08
3.091999999999999766e-10 5.277935608862310835e-01 2.515040724421664945e-08
3.091999999999999766e-10 5.337800290104960377e-01 6.786101088650805537e-08
3.095000000000000169e-10 5.322454129605843631e-01 6.704632150364857312e-08
3.103000000000000038e-10 5.249056979484879593e-01 2.205945223490139148e-08
3.103999999999999828e-10 5.177880379804571387e-01 4.697081629948760152e-08
3.117999999999999986e-10 5.239450212342072755e-01 5.913931503182721223e-08
3.120999999999999872e-10 5.177880343597206503e-01 4.696899188091909160e-08
3.127999999999999952e-10 5.154064510705259616e-01 6.528127955907466728e-08
3.130999999999999838e-10 5.248903614153853647e-01 7.134614787843507875e-08
3.144000000000000207e-10 5.239786177593084293e-01 2.783934893960587001e-08
3.176999999999999989e-10 5.268037177185406206e-01 5.200905131268443504e-08
3.181999999999999972e-10 5.292614208485530991e-01 4.674405647647891880e-08
3.184000000000000068e-10 5.275547144531679278e-01 4.564693679941010583e-08
3.203000000000000210e-10 5.249015492691360141e-01 7.520606694612655728e-08
3.220000000000000254e-10 5.275550573242193675e-01 4.526730462738708198e-08
3.225000000000000237e-10 5.297679886103642266e-01 7.998543701366238490e-08
3.231999999999999799e-10 5.275550583831215556e-01 4.525665754463592437e-08
3.235000000000000203e-10 5.297690644912702584e-01 7.952141820835268335e-08
3.241999999999999765e-10 5.317366817891674424e-01 3.117305541453201992e-08
3.245999999999999958e-10 5.342436138873476459e-01 7.073986803369043878e-08
3.246999999999999747e-10 5.412726278440230798e-01 4.470565082130108988e-08
3.252000000000000247e-10 5.390718617521299549e-01 9.972315658748652349e-08
3.260000000000000116e-10 5.464429494166419543e-01 1.113093926657351801e-07
3.262000000000000213e-10 5.390716810202681453e-01 9.968497559773318872e-08
3.270999999999999871e-10 5.464429559844720119e-01 1.112982014570718258e-07
3.272000000000000178e-10 5.531906727600577334e-01 3.742090003726127971e-08
3.273999999999999758e-10 5.470945195085565871e-01 7.308042818816970004e-08
3.277000000000000161e-10 5.531903179657162717e-01 3.742218195311290245e-08
3.289000000000000223e-10 5.464825242921139692e-01 5.634831219531164913e-09
3.292999999999999899e-10 5.438491219887228167e-01 1.007649562552399206e-07
3.302999999999999864e-10 5.461797370813593622e-01 3.007777981058838071e-08
3.305999999999999751e-10 5.536883638404365149e-01 4.942857310355518258e-08
3.349999999999999805e-10 5.470808651406778855e-01 7.264144654867253824e-08
3.351999999999999902e-10 5.450833367558618470e-01 7.428130288231635502e-08
3.358999999999999981e-10 5.425779107138973822e-01 3.073862605496032312e-08
3.368000000000000157e-10 5.454761484888401846e-01 5.266054654323859696e-08
3.375000000000000236e-10 5.445678266264107892e-01 2.294894039745381904e-08
3.378000000000000122e-10 5.428127810090689342e-01 8.323968716969419591e-08
3.381999999999999798e-10 5.445678243428389020e-01 2.294894039745381904e-08
3.391999999999999764e-10 5.446350349090002263e-01 3.750267866790867138e-08
3.396999999999999746e-10 5.470838096951102791e-01 6.587372959866477626e-08
3.407000000000000229e-10 5.495252585012229130e-01 9.859765074755475902e-08
3.415999999999999888e-10 5.519471820638152115e-01 1.190485316627850987e-07
3.417999999999999984e-10 5.545829190177021806e-01 1.535666445986649078e-07
3.435999999999999819e-10 5.519471916965248415e-01 1.190561116876259620e-07
3.459999999999999943e-10 5.495163682519550452e-01 4.160503765020961807e-08
3.462000000000000039e-10 5.519474035892227848e-01 1.188564861170624995e-07
3.479000000000000084e-10 5.495163660697530705e-01 4.159889867411897441e-08
3.481999999999999970e-10 5.521351256761065640e-01 5.276086256792419005e-08
3.511000000000000077e-10 5.545070294621281537e-01 8.192834050923760417e-08
3.514999999999999753e-10 5.521351340685983766e-01 5.274422234435645728e-08
3.531999999999999797e-10 5.495121026891307547e-01 5.446069072892416288e-08
3.535999999999999990e-10 5.519462957991385643e-01 7.484221097966153507e-08
3.548000000000000052e-10 5.495121062823774549e-01 5.444760225197951469e-08
3.548000000000000052e-10 5.519463357061346054e-01 7.485507845365631066e-08
3.548000000000000052e-10 5.495121057887772942e-01 5.444345912125445114e-08
3.567000000000000193e-10 5.519462723218573341e-01 7.485353987346681903e-08
3.602000000000000073e-10 5.545427062397979556e-01 8.879489886042550026e-08
3.626999999999999986e-10 5.572925335551123238e-01 2.035081714710445344e-07
3.632999999999999759e-10 5.596112592083442028e-01 2.121468605255393112e-07
3.634999999999999855e-10 5.572925354288214006e-01 2.034888153485480960e-07
3.636999999999999952e-10 5.592993600210586225e-01 3.597580605884177912e-08
3.680000000000000217e-10 5.617908059212566307e-01 7.354710570796461674e-08
3.688000000000000086e-10 5.643067827146822646e-01 1.463291127992549377e-07
3.703000000000000034e-10 5.670096841936335119e-01 7.663365971510632529e-08
3.703999999999999824e-10 5.690991082335623563e-01 4.268799051156652286e-08
3.713999999999999789e-10 5.667302366453619289e-01 7.481546312684373700e-08
3.732999999999999930e-10 5.735550354211890189e-01 1.162961268071726670e-07
3.745999999999999782e-10 5.739854458936612946e-01 6.189119358562335309e-08
3.747000000000000089e-10 5.761543993217578263e-01 9.182461482456147359e-08
3.761000000000000247e-10 5.787143887857734148e-01 9.674695188324805958e-08
3.771000000000000213e-10 5.766909736189450575e-01 4.427781918413306428e-08
3.781000000000000178e-10 5.787147000804372388e-01 9.655872983465303885e-08
3.786000000000000161e-10 5.761392658771256059e-01 6.688502906769125243e-08
3.789999999999999837e-10 5.788401407302330437e-01 1.262317481881693494e-07
3.796999999999999916e-10 5.813465866615425970e-01 2.901578418234747397e-07
3.804999999999999785e-10 5.838234328701015219e-01 5.880749326168295571e-07
3.806000000000000092e-10 5.865788299614191903e-01 2.391597885980439107e-07
3.808999999999999978e-10 5.886023948561962538e-01 8.669471403586397509e-08
3.813999999999999961e-10 5.865786943437292233e-01 2.390866750225120324e-07
3.816999999999999847e-10 5.889597140965762145e-01 6.028651993797541452e-07
3.816999999999999847e-10 5.865786964972085071e-01 2.390831208104332717e-07
3.830000000000000216e-10 5.934114857495853546e-01 1.574617723303832994e-07
3.835000000000000199e-10 5.962789294183067357e-01 3.166464959144543984e-07
3.841999999999999761e-10 5.962440576107962409e-01 1.223979849650674418e-07
3.843000000000000068e-10 5.982871250510158889e-01 1.098352732526004597e-07
3.853000000000000033e-10 6.008251240043092078e-01 7.287142408011180110e-08
3.857000000000000226e-10 6.036966723438054183e-01 6.346619633364383305e-08
3.860999999999999902e-10 6.058486516636460983e-01 4.221924571417482800e-08
3.865000000000000095e-10 6.057617461290586425e-01 8.795733822698338267e-08
3.872999999999999964e-10 6.081459061480922745e-01 1.245174643820835045e-07
3.875000000000000060e-10 6.054290885206218276e-01 1.119208312319515246e-07
3.885999999999999816e-10 6.030838273940768435e-01 1.306526869274956753e-07
3.889000000000000219e-10 6.010905577792868826e-01 8.795064520183197736e-08
3.890999999999999798e-10 6.031513867808069307e-01 1.288632714368886201e-07
3.897999999999999878e-10 6.010905563692036102e-01 8.794633749417797749e-08
3.899000000000000184e-10 6.037022284460448196e-01 4.243475814663872178e-07
3.916000000000000229e-10 6.103151264942014986e-01 2.227859479428660037e-07
3.919000000000000115e-10 6.179762711230234462e-01 5.867314113833260805e-07
3.921000000000000212e-10 6.199035044571870046e-01 7.592829477099824373e-07
3.926000000000000194e-10 6.223975723823587103e-01 6.949340021238941343e-07
3.926000000000000194e-10 6.230045919626977513e-01 1.158320535856234075e-07
3.927999999999999774e-10 6.295252150833230420e-01 1.061823476548672763e-07
3.932999999999999757e-10 6.320418724862606474e-01 8.157520021425252232e-08
3.936000000000000160e-10 6.344248368607358080e-01 9.334149173187402326e-08
3.936999999999999950e-10 6.368113709475176076e-01 3.981657456683740132e-08
3.939000000000000046e-10 6.349895897749118223e-01 5.172455860891168975e-08
3.944999999999999819e-10 6.324781365532933242e-01 5.883522104331625053e-08
3.949000000000000012e-10 6.349895860061434139e-01 5.171878316721008916e-08
3.951999999999999898e-10 6.461477165655903354e-01 4.861708925399778773e-08
3.951999999999999898e-10 6.530467130117431074e-01 8.798845039978255551e-08
3.973000000000000136e-10 6.605556339188759507e-01 1.045548966876262092e-07
3.981000000000000005e-10 6.672520448112355673e-01 3.220685867179008858e-08
4.008000000000000015e-10 6.605556356979338517e-01 1.045422909431765639e-07
4.010999999999999901e-10 6.681839239650074758e-01 9.397020703074052983e-08
4.020000000000000077e-10 6.748024143713317047e-01 1.086240067947522232e-07
4.022000000000000173e-10 6.681839265348765711e-01 9.396722160223566549e-08
4.023999999999999753e-10 6.701063257233857984e-01 4.089858362987110072e-08
4.030999999999999832e-10 6.722204549896384496e-01 8.445633857863694639e-08
4.040999999999999797e-10 6.751007361311960331e-01 5.462783973373704574e-08
4.047000000000000087e-10 6.773196222978200565e-01 4.086299710060546719e-08
4.064000000000000132e-10 6.839080111087494362e-01 1.280130401436113482e-07
4.064000000000000132e-10 6.820421976090915717e-01 1.452397235716503566e-07
4.076999999999999983e-10 6.839080265776578127e-01 1.280111264221394903e-07
4.081000000000000176e-10 6.773078070600984102e-01 5.793889348315477553e-08
4.086000000000000159e-10 6.795279073224805844e-01 8.449922394426335246e-08
4.088000000000000255e-10 6.773077913544335305e-01 5.793087996972523510e-08
4.091999999999999931e-10 6.751046872202017823e-01 8.225846727914925783e-08
4.096000000000000124e-10 6.722243112264810749e-01 4.689886600294980439e-08
4.152000000000000241e-10 6.743918328721790756e-01 1.007808069678620569e-07
4.158999999999999803e-10 6.722243141145121115e-01 4.688697760363295843e-08
4.170999999999999865e-10 6.747867289156596060e-01 3.160055627076536793e-08
4.170999999999999865e-10 6.727404809574820677e-01 9.699625645707187510e-08
4.172999999999999962e-10 6.747483805687161107e-01 1.083875238348083768e-07
4.182999999999999927e-10 6.770744140734671346e-01 9.570849099596316684e-08
4.187999999999999910e-10 6.746538800289355597e-01 1.034520577829529730e-07
4.190999999999999796e-10 6.770744153690245737e-01 9.570465597267490759e-08
4.192999999999999893e-10 6.747531288219912327e-01 4.708979373078714182e-08
4.207000000000000051e-10 6.727481480273685976e-01 8.389116663872061242e-08
4.212000000000000034e-10 6.704465415463271016e-01 5.127694037649427062e-08
4.224999999999999886e-10 6.702045452789028301e-01 5.730605840164576766e-08
4.239000000000000044e-10 6.725129313048263668e-01 1.003726010937742931e-07
4.241000000000000141e-10 6.837685171127293460e-01 1.018749977154167126e-07
4.241999999999999930e-10 6.904888601878346188e-01 9.212937955674570590e-08
4.258999999999999975e-10 6.837685158663300289e-01 1.018692512940536496e-07
4.263000000000000168e-10 6.904896631304029420e-01 9.094349663173429314e-08
4.271999999999999827e-10 6.885919531421126338e-01 1.121389203485481916e-07
4.281000000000000003e-10 6.904897451962328514e-01 9.094234079568399402e-08
4.283999999999999889e-10 6.885919494811932884e-01 1.121228911356930693e-07
4.347999999999999875e-10 6.904903006153573219e-01 9.083226925399782310e-08
4.359999999999999937e-10 6.928450527515971347e-01 4.830251001397300799e-08
4.362000000000000033e-10 6.827528598866720033e-01 8.465084446825051829e-08
4.362000000000000033e-10 6.929777432580953578e-01 3.532689112870676647e-08
4.371999999999999998e-10 7.049751341075358724e-01 8.787336364927825817e-08
4.381000000000000174e-10 7.032870513536406687e-01 9.320715903819274519e-08
4.386000000000000157e-10 7.105391434787180494e-01 1.113683961962426601e-07
4.413000000000000167e-10 7.171216972042950832e-01 1.234159111077473219e-07
4.418000000000000150e-10 7.239601891695244262e-01 1.359776820749884220e-07
4.421000000000000036e-10 7.243700184301241629e-01 5.982972338534388973e-08
4.431000000000000002e-10 7.270722208944488951e-01 5.081112341872379611e-08
4.447000000000000256e-10 7.338431738821342698e-01 1.097635635809656370e-07
4.455999999999999915e-10 7.270722256409005713e-01 5.080249036485016230e-08
4.482999999999999925e-10 7.338425105644620361e-01 1.094674543805309438e-07
4.507000000000000049e-10 7.270722338882342761e-01 5.078528269833879990e-08
4.509000000000000146e-10 7.295258608037484827e-01 8.231093731718674504e-08
4.509999999999999936e-10 7.365863838897812599e-01 1.087050018390001864e-07
4.539000000000000042e-10 7.295258671676615458e-01 8.230595466852974128e-08
4.548000000000000218e-10 7.365863034004401788e-01 1.082899062948298966e-07
4.556000000000000087e-10 7.388393688746900390e-01 6.658547272162702140e-08
4.580000000000000211e-10 7.412596587122838310e-01 7.835956638798309293e-08
4.585000000000000194e-10 7.388394364256359870e-01 6.631838313615907553e-08
4.586999999999999773e-10 7.365819523413847936e-01 5.294870605496052566e-08
4.586999999999999773e-10 7.388386066661397633e-01 6.594350813615906405e-08
4.588999999999999870e-10 7.414781167929880290e-01 1.197546541259120215e-07
4.603000000000000028e-10 7.436675639991263687e-01 2.502030553858093940e-07
4.605000000000000124e-10 7.414781237711910444e-01 1.197554417574909380e-07
4.605999999999999914e-10 7.388395818586890318e-01 5.803475585157592362e-08
4.612000000000000204e-10 7.365819439081237041e-01 5.221866689023451146e-08
4.637999999999999907e-10 7.391697315960522596e-01 2.439347714640583855e-08
4.663999999999999611e-10 7.365824526472715128e-01 5.078398032060236120e-08
4.687000000000000462e-10 7.391697310781999430e-01 2.439334566371684886e-08
4.691999999999999927e-10 7.460814237890596168e-01 6.240514180173867161e-08
4.693000000000000234e-10 7.435987842356978073e-01 6.147834355612477860e-08
4.723000000000000131e-10 7.415540815211815184e-01 7.461673857863680844e-08
4.724999999999999710e-10 7.438071465993560949e-01 7.505284288930283250e-09
4.727000000000000324e-10 7.410510156976338747e-01 8.009962529498523136e-08
4.734000000000000403e-10 7.438734531731010513e-01 6.676875460332247190e-08
4.734999999999999676e-10 7.461555696137549543e-01 1.033769787983233642e-07
4.734999999999999676e-10 7.485271089187128801e-01 1.444709748897685474e-07
4.735999999999999982e-10 7.507014465551945515e-01 1.379043525981991204e-07
4.754999999999999606e-10 7.534842002167285724e-01 1.343160062195312647e-07
4.761000000000000413e-10 7.554948171355670983e-01 1.471426099953423222e-07
4.764999999999999572e-10 7.573527527312663432e-01 6.256706498757955014e-08
4.777000000000000151e-10 7.598939462344617146e-01 1.937995453066295984e-07
4.785999999999999810e-10 7.627445098272800372e-01 1.270955268599597187e-07
4.791000000000000309e-10 7.647203096005741330e-01 1.298092432083525317e-07
4.797000000000000082e-10 7.627445121022452534e-01 1.267507267202296334e-07
4.799999999999999968e-10 7.650621525036002124e-01 2.477935402585003744e-07
4.801999999999999548e-10 7.648935418717497381e-01 5.379988308476949527e-06
4.808999999999999627e-10 7.672875365821058002e-01 1.221506381727217210e-06
4.815999999999999706e-10 7.695262745119394454e-01 7.007212964694916023e-07
4.825000000000000399e-10 7.718497547193433617e-01 7.210724232510482693e-07
4.825000000000000399e-10 7.744747296863515595e-01 4.170592529428659275e-07
4.836999999999999944e-10 7.718494562234806677e-01 7.210061223327121431e-07
4.841000000000000137e-10 7.744747345429833230e-01 4.170492090490606064e-07
4.842999999999999716e-10 7.772301054627855921e-01 7.901181989628944664e-07
4.845999999999999602e-10 7.794039114189550421e-01 7.502249965502248418e-07
4.855000000000000295e-10 7.816787364785003911e-01 1.111090937445272610e-06
4.865000000000000261e-10 7.836062033421693496e-01 4.768127529375100438e-06
4.865999999999999533e-10 7.835600109726380547e-01 3.301940786181750687e-02
4.866999999999999840e-10 7.836042751925156313e-01 6.290742189961461006e-02
4.869000000000000454e-10 7.834645834276201537e-01 9.023815993142206282e-02
4.869000000000000454e-10 7.841830071422157822e-01 9.271943222890964564e-02
4.869000000000000454e-10 7.867117703894001002e-01 6.658190692739128502e-02
4.869000000000000454e-10 7.889491240930833760e-01 6.314616480448477509e-02
4.871000000000000033e-10 7.889250728226369080e-01 7.182246517233059624e-02
4.872000000000000340e-10 7.909672112951117162e-01 9.091296571551346628e-02
4.872000000000000340e-10 7.882156208762574057e-01 9.483003285807761751e-02
