# t
0.000000000000000000e+00
9.994999999999999315e-13
1.135605100000000044e-12
1.141994500000000037e-12
1.231435699999999993e-12
1.626723899999999989e-12
2.408441499999999841e-12
2.516238400000000076e-12
2.628234799999999944e-12
5.539084199999999861e-12
5.572963399999999655e-12
5.889194699999999756e-12
5.936097400000000236e-12
6.120596600000000048e-12
6.204289200000000357e-12
6.472483699999999614e-12
6.517408699999999849e-12
6.761824199999999960e-12
6.971314900000000111e-12
7.064190199999999724e-12
7.678462600000000672e-12
7.935010699999999326e-12
8.092542800000000574e-12
8.192821800000000051e-12
8.448299699999999684e-12
9.160459000000000559e-12
9.199919299999999839e-12
1.042069200000000004e-11
1.048640999999999954e-11
1.110222700000000033e-11
1.118191899999999990e-11
1.159113600000000034e-11
1.161306600000000003e-11
1.177367800000000043e-11
1.193107499999999963e-11
1.294546599999999948e-11
1.300735299999999921e-11
1.425172199999999972e-11
1.506941400000000040e-11
1.550186900000000110e-11
1.655944300000000049e-11
1.663850700000000105e-11
1.666897599999999923e-11
1.696570200000000105e-11
1.711974999999999922e-11
1.721463400000000082e-11
1.739931300000000022e-11
1.748374500000000084e-11
2.096818099999999979e-11
2.108204500000000097e-11
2.119255699999999940e-11
2.123048300000000156e-11
2.145054499999999885e-11
2.188408599999999961e-11
2.221140999999999976e-11
2.232294400000000008e-11
2.305493700000000060e-11
2.307898599999999889e-11
2.318985999999999950e-11
2.325132499999999958e-11
2.415632900000000096e-11
2.601430200000000109e-11
2.613552799999999987e-11
2.648839000000000160e-11
2.854527500000000046e-11
2.856309100000000019e-11
2.880107299999999909e-11
2.970410100000000040e-11
3.073855500000000139e-11
3.074226300000000285e-11
3.150995500000000273e-11
3.154404399999999681e-11
3.165077200000000160e-11
3.166982999999999775e-11
3.173550700000000266e-11
3.175474000000000288e-11
3.177333599999999728e-11
3.275873100000000270e-11
3.282595799999999764e-11
3.290723000000000295e-11
3.522046399999999863e-11
3.523335899999999784e-11
3.603521599999999689e-11
3.610477900000000262e-11
3.615104199999999975e-11
3.621633999999999914e-11
3.636854600000000028e-11
3.683549400000000210e-11
3.685046200000000244e-11
3.955543499999999845e-11
3.969608599999999844e-11
3.980030400000000186e-11
3.980341899999999705e-11
4.032229300000000157e-11
4.446171999999999848e-11
4.657141000000000017e-11
4.704138799999999981e-11
4.805585699999999945e-11
4.806327699999999822e-11
4.817355699999999843e-11
4.848287799999999753e-11
