# t	msd	err
9.199999999999475807e-15 1.939462881686104638e-05 6.763608624489940663e-06
2.674999999999854811e-14 2.077212206191738752e-05 5.921188827427793538e-06
5.025000000000021502e-14 2.494396059305528928e-05 8.250770697051418881e-06
9.451612903225790485e-14 1.319638424342240611e-05 2.269599656041500237e-06
1.600384615384611925e-13 1.616536597463604877e-05 3.230492704092622238e-06
2.893437499999998494e-13 1.497878380311108865e-05 1.989925084205179477e-06
5.494083333333334603e-13 1.699737521433896583e-05 1.946052611387844562e-06
1.023854838709677824e-12 2.372651283922357462e-05 1.571406072053216651e-06
1.886348484848483320e-12 3.174056603617183658e-05 1.882709748575310483e-06
3.502727528089886068e-12 3.827963395817535441e-05 1.708304211109129759e-06
5.996101302460186411e-12 5.487379681336182100e-05 1.484954665910632576e-06
1.109709441860463174e-11 8.566620160101150866e-05 1.631411874754922181e-06
2.014427729403892769e-11 1.481879069384879697e-04 2.182702209632732920e-06
3.362590972972967767e-11 3.517798122588438247e-04 5.495260761771457275e-06
