# t	msd	err
2.299999999999939713e-14 1.690915621554320045e-05 6.601889020764579197e-06
4.399999999999747118e-14 3.740487265915791063e-05 1.035092339860972802e-05
7.499999999999984451e-14 1.015506323469842421e-05 1.928745812632618850e-06
1.079310344827646266e-13 1.543217813377555989e-05 1.791556121226779407e-06
2.073125000000009657e-13 1.584349752358469882e-05 2.348263526324105369e-06
3.459093750000000808e-13 1.338646001670601242e-05 1.266268260446047878e-06
6.616232323232338356e-13 1.570236140127832556e-05 1.009464837940806758e-06
1.161533333333334045e-12 1.999731332521756963e-05 1.084878537553906976e-06
1.958612499999997679e-12 2.449112083625758844e-05 1.090009018009545256e-06
3.427307099697891473e-12 2.735243268490954020e-05 8.717289321149833213e-07
5.873907992565059544e-12 3.683672254095419623e-05 8.991683561186585058e-07
1.025829504893497426e-11 5.481276955319929812e-05 8.978476508603276140e-07
1.779261543786784855e-11 9.059954844172324708e-05 1.276160478436556070e-06
3.098378153000835601e-11 1.596758805400759582e-04 1.687991341738074451e-06
5.313506754500362341e-11 2.582320078562443588e-04 2.123449236337508914e-06
9.218563006786217337e-11 4.476558831374712836e-04 2.363255444549987430e-06
1.598224357775706755e-10 9.990634672658246784e-04 3.548728820785892357e-06
2.716985824479495003e-10 2.689566188845950601e-03 7.335669349178693891e-06
4.348421377004168448e-10 6.910740222666422912e-03 1.950713594089053095e-05
