# time dx dy dz
2.932000000000000027e-13 1.349053899999999917e+00 -6.283745708000007535e-02 1.141536300000000059e+00
6.302999999999999497e-13 -1.287474900000000089e+00 -1.564273800000000270e+00 -1.832151000000000474e-01
1.184000000000000004e-12 2.858007184999983991e-02 -1.543932271020000080e+00 1.342358599999999846e+00
1.205000000000000015e-12 1.340890000000000970e-01 -1.462733300000000014e+00 -1.571843688059999966e+00
1.460000000000000039e-12 -1.569497800000000165e+00 2.095774946999998112e-02 -1.632005163559999916e+00
2.545999999999999855e-12 1.863060922600000835e-01 1.348729320299999923e+00 -1.454698878480000346e+00
2.903000000000000050e-12 -4.469655314000005319e-02 1.486295900000000003e+00 -1.197236921520000053e+00
3.526000000000000122e-12 8.979505313999995575e-02 -1.277654638620000060e+00 -1.368371099999999618e+00
8.940000000000000277e-12 6.865905000000001035e-01 -5.307714763700002170e-01 9.854769999999993257e-02
8.957999999999999594e-12 9.372041000000002064e-01 -9.128501243399997911e-01 -9.256669999999987686e-02
1.008000000000000067e-11 -1.671139099999999988e+00 -1.473508199999999935e+00 -6.053461135999999715e-02
1.017000000000000049e-11 1.377438699999999905e+00 -2.553660000000004815e-02 1.507716336999999740e+00
1.028000000000000063e-11 1.544611050960000176e+00 1.509510188019999699e+00 1.340743804000002481e-02
1.248000000000000014e-11 -1.540441500000000019e+00 1.405033994590000557e+00 -1.657084866000020640e-02
1.291000000000000053e-11 -1.600128499999999843e+00 -1.452622700000000266e+00 1.622060000000007107e-02
1.697999999999999914e-11 -1.458593800000000051e+00 -3.435320416999970705e-02 -1.465520900000000015e+00
2.054000000000000093e-11 1.442359099999999783e+00 1.352508420523000243e+00 -2.776049999999977147e-02
2.533999999999999987e-11 -8.086860660000007306e-02 -1.520001457080000007e+00 1.624307989520000106e+00
2.666000000000000151e-11 8.132510000000026107e-02 1.378919600000000578e+00 1.392760971279999982e+00
2.864999999999999929e-11 -5.435219999999971185e-02 -1.437384400000000451e+00 -1.379453287280000051e+00
2.940999999999999848e-11 9.674893967999996514e-02 1.062050822509999826e+00 -1.596887900000000027e+00
3.001999999999999689e-11 -1.542497100000000065e+00 -1.459319130269999931e+00 -5.131439999999998225e-02
3.949999999999999931e-11 1.445697800000000033e+00 1.344393598710000193e+00 -1.845260000000006895e-02
4.073999999999999968e-11 -1.542524999999999924e+00 -1.459299330270000139e+00 -5.130549999999989286e-02
4.090000000000000223e-11 -2.291517807000004181e-02 1.339244849980000263e+00 -1.487636885599999959e+00
4.155000000000000127e-11 1.741275362699999940e-01 -1.353527099999999983e+00 1.456743785600000063e+00
4.611999999999999816e-11 1.440321500000000254e+00 1.353066375783999575e+00 -2.581890000000006125e-02
4.706999999999999876e-11 -8.084970660000023734e-02 -1.519964271779999931e+00 1.624511598140000235e+00
5.209999999999999974e-11 8.139930000000000776e-02 1.378883400000000092e+00 1.392727102909999903e+00
5.229000000000000115e-11 1.475579316119999929e+00 1.551111165679999626e+00 1.334198970899997116e-01
5.361000000000000280e-11 -1.478295642809999810e+00 -7.585341665999997818e-02 1.483026300000000353e+00
5.372999999999999825e-11 1.468246699999999905e+00 1.010190460499997278e-01 -1.467852500000000227e+00
5.517000000000000180e-11 5.115899999999981573e-02 1.528960958829999939e+00 -1.352258100000000018e+00
5.605999999999999821e-11 -1.447784300000000357e+00 -1.297250371350000098e+00 7.016326733000002869e-02
5.634000000000000268e-11 1.436954577020000290e+00 6.126608805539999342e-02 1.331001032670000139e+00
5.786000000000000105e-11 -1.480334177020000030e+00 -3.888937060539995882e-02 1.457044796329999947e+00
5.845999999999999768e-11 1.494975692839999759e+00 6.081422576409978298e-02 -1.460200100000000223e+00
5.919000000000000447e-11 1.506459607160000047e+00 1.497194422045899920e+00 2.725210000000011235e-02
6.098000000000000552e-11 1.039413343999995298e-02 1.522452900000000220e+00 -1.488364233438999928e+00
6.113999999999999515e-11 3.316482654999997060e-02 -1.474029100000000092e+00 1.357064610809999738e+00
6.160999999999999456e-11 1.579402602459999860e+00 1.534194752019999886e+00 1.162840557900000626e-01
7.061000000000000225e-11 -1.565871963539999800e+00 -1.448706452020000146e+00 -5.162152776000022980e-02
7.166999999999999652e-11 1.017726399999999920e+00 2.468473319999761606e-03 -1.043098200000000197e+00
7.270000000000000486e-11 1.315148300000000159e+00 9.928320000000001588e-02 -1.503349499999999894e+00
7.278000000000000613e-11 8.576989999999988512e-02 1.525402399999999936e+00 1.337301400000000307e+00
7.532999999999999991e-11 -1.639935451609999983e+00 5.027675632999997757e-02 1.187044506549999934e+00
7.640000000000000242e-11 1.670545673486000027e+00 -6.457232305000010220e-02 -1.434146600000000049e+00
7.646999999999999546e-11 -1.495820386999999974e+00 8.823700000000006538e-02 -1.497721900000000161e+00
7.744000000000000607e-11 1.558460667849999925e+00 1.603193199999999985e+00 5.965070952000006699e-02
7.938000000000000144e-11 1.626107132150000023e+00 2.675010000000003357e-02 -1.486504199999999720e+00
8.043000000000000040e-11 1.380588700000000113e+00 6.157856942000000666e-02 -1.229586400000000079e+00
8.137999999999999453e-11 -1.278565645076000123e+00 -9.351346941999998108e-02 -1.243475999999999804e+00
8.302999999999999659e-11 -1.313119015179999627e+00 -7.858926726000001195e-02 1.638309783430000000e+00
8.312000000000000610e-11 -1.140668629974000092e+00 1.195789577929999847e+00 -7.187518343000008636e-02
8.344999999999999359e-11 -1.308212489200001050e-01 -1.277512999999999677e+00 -1.459538265389999978e+00
8.412999999999999796e-11 1.156201400000000046e+00 -1.664950299999999883e+00 4.656436538999988994e-02
8.478999999999999878e-11 -1.477394985069999667e+00 -2.429866000000003023e-01 -1.515093090649999530e+00
8.719999999999999356e-11 1.140251085070000281e+00 6.164971633000004836e-02 -1.325954300000000252e+00
8.782000000000000021e-11 5.175924999999997889e-01 -5.987483659999997404e-02 -1.065029100000000062e+00
8.801999999999999693e-11 7.050009000000001524e-01 -5.719178201999997047e-02 -2.374972837599999276e-01
8.804999999999999580e-11 1.266919300579999685e+00 1.557996385760000102e+00 2.795646271000000738e-01
8.934999999999999389e-11 1.426644399420000209e+00 -1.481526300000000518e+00 -1.681510963999995056e-02
9.104000000000000305e-11 -1.508743400000000179e+00 2.317759753999987238e-02 -1.434787499999999882e+00
9.140000000000000232e-11 -2.070329999999989679e-02 1.577341896699999912e+00 -1.443779999999999841e+00
9.168000000000000032e-11 -1.272128100000000428e+00 -1.371355100000000160e+00 3.179169999999990892e-02
9.217000000000000328e-11 -8.593369999999987685e-02 6.411713740700000219e-01 8.595085999999999560e-01
9.220999999999999746e-11 9.132849999999990975e-02 8.132733259300000128e-01 6.930941730700002079e-01
9.226999999999999518e-11 9.741310000000016900e-02 -1.228240499999999846e+00 -1.556903173070000035e+00
9.242999999999999773e-11 -8.812429999999993324e-02 6.475346034699999143e-01 8.563930999999999072e-01
9.248000000000000014e-11 9.145369999999987398e-02 8.132217965299999296e-01 6.930112804199999310e-01
9.259000000000000028e-11 8.767100000000185508e-03 -3.871330965299998317e-01 -5.946952804199999720e-01
9.259000000000000028e-11 -4.660390000000012856e-02 -7.913437034699999373e-01 -1.071219200000000038e+00
9.262999999999999446e-11 -1.043837199999999799e+00 -1.272801999999999989e+00 6.839329999999986531e-02
9.339000000000000010e-11 5.382339999999985469e-02 -1.566287671309999574e+00 1.363650474260000189e+00
9.380999999999999710e-11 -1.206416287659999753e+00 -3.436682868999993423e-02 -1.413583699999999777e+00
9.418000000000000461e-11 3.634727999999999293e-01 6.317407999999999912e-01 -3.818101570399998756e-01
9.435999999999999779e-11 -3.655575999999998160e-01 -7.488408000000000841e-01 2.642113570399998723e-01
9.441999999999999551e-11 3.633973999999997595e-01 6.317637000000000391e-01 -3.815476570400000433e-01
9.457999999999999806e-11 -3.655851999999999991e-01 -7.487871999999999861e-01 2.639158570400000348e-01
9.504999999999999747e-11 6.689349999999993912e-02 -1.555982629440000098e+00 -1.589429899999999840e+00
9.509999999999999988e-11 -1.572542056979999936e+00 6.751841105999983883e-02 -1.531319100000000155e+00
9.650000000000000280e-11 1.602273100000000117e+00 -1.486089900000000075e+00 1.074740324000009184e-02
9.807999999999999890e-11 -1.582107600000000058e+00 1.520707199999999926e+00 7.996299999999650909e-03
1.038999999999999979e-10 1.554339100000000196e+00 1.715036417000000091e+00 -6.252647954999975000e-02
1.070000000000000053e-10 -1.373110151249999689e+00 1.419034982999999972e+00 -6.219707478000013889e-02
1.072000000000000020e-10 -1.975829073000009983e-02 -1.467801799999999934e+00 -1.387539396930000279e+00
1.081999999999999986e-10 -1.589907719870000236e+00 -9.402059999999988482e-02 -1.218023386950000120e+00
1.113000000000000060e-10 -1.429942100000000105e+00 1.394739022340000245e+00 -5.550799999999939116e-03
1.113999999999999979e-10 1.453106200000000348e+00 1.255210759499996720e-01 -1.192770933560000302e+00
1.113999999999999979e-10 -2.682139999999993973e-02 1.216138051900000239e+00 1.205236791599999968e+00
1.113999999999999979e-10 1.593888300000000147e+00 2.224021899399999391e-01 -1.123952200000000179e+00
1.115000000000000027e-10 -1.621983729200000113e+00 6.924522622000012229e-02 -1.016637678609999540e+00
1.121000000000000058e-10 -1.186324565380000085e+00 1.809393688499999486e-01 -1.197454707639999949e+00
1.124999999999999993e-10 1.144309894580000098e+00 1.248895300000000042e+00 -4.192279236000023834e-02
1.124999999999999993e-10 1.445014100000000301e+00 4.381120000000000847e-02 -1.513194499999999998e+00
1.128000000000000008e-10 -9.204150000000017873e-02 1.029299600000000314e+00 1.011842000000000130e+00
1.128000000000000008e-10 8.372120000000009277e-02 5.312117999999999007e-01 3.650578999999999352e-01
1.132999999999999991e-10 1.053376999999999647e-01 -2.600031999999998233e-01 -3.933574999999999156e-01
1.132999999999999991e-10 1.014346000000000830e-01 -1.033398800000000062e+00 -1.179827799999999982e+00
1.187999999999999930e-10 -9.006590000000011531e-02 9.916849999999999277e-01 1.011235300000000059e+00
1.188999999999999978e-10 8.371830000000005101e-02 5.312133999999999467e-01 3.650526000000000049e-01
1.192000000000000123e-10 1.053414999999999491e-01 -2.599963999999999054e-01 -3.933616000000000890e-01
1.193999999999999961e-10 8.162210000000005850e-02 5.310056999999999139e-01 3.638165000000000426e-01
1.196000000000000058e-10 2.148340000000004135e-02 1.395669999999999744e+00 1.647004101730000336e+00
1.211000000000000006e-10 -1.480395796539999864e+00 1.477088199999999851e+00 6.151469826999994561e-02
1.213000000000000102e-10 -1.245331122040000071e+00 1.496095999999998982e-01 1.220532398860000090e+00
1.228000000000000050e-10 1.329286900000000493e+00 1.516026099999999932e+00 1.895072000000002366e-01
1.235999999999999919e-10 -5.716545526100012820e-02 1.693307654369999860e+00 1.483301746420000011e+00
1.238000000000000016e-10 -1.394942461250000099e+00 -1.498744185829999687e+00 -9.186900000000000621e-02
1.240000000000000112e-10 -1.146323387499999374e-01 -3.826813451000004029e-01 5.147116696600000374e-01
1.241999999999999950e-10 1.623344838400002654e-01 5.367519762700002639e-01 -6.696987696600001927e-01
1.246999999999999933e-10 -1.523746786385400176e+00 8.114150000000003304e-02 -1.631996800000000025e+00
1.283999999999999909e-10 -5.671116805999992794e-02 1.462157399999999940e+00 1.316912599999999767e+00
1.284999999999999957e-10 -1.467654685980000373e+00 -3.124557671999998384e-02 -1.418693099999999818e+00
1.315999999999999902e-10 -3.764215046999989933e-02 -1.367003675020000086e+00 -1.371990800000000066e+00
1.325000000000000077e-10 -1.437867500000000076e+00 1.321867951740000269e+00 -4.748199999999982990e-02
1.325000000000000077e-10 -1.268188000000000926e-01 -1.560624400000000023e+00 1.465256318070000230e+00
1.369999999999999922e-10 -1.489620899999999803e+00 -1.046174999999998634e-01 -1.402532916239999761e+00
1.422000000000000104e-10 9.011974074999998252e-02 1.423768400879999785e+00 -1.593885600000000125e+00
1.429999999999999973e-10 -1.453385000000000371e+00 -1.595190300000000061e+00 -1.072496643799998872e-01
1.449999999999999904e-10 -1.454261856739999859e+00 1.411212699999999653e+00 -6.629982188000010934e-02
1.460999999999999918e-10 1.637834356739999997e+00 -1.431752655619999981e+00 -1.072847812000005119e-02
1.480000000000000059e-10 -1.454261756739999800e+00 1.411251299999999764e+00 -6.628392187999992968e-02
1.483999999999999994e-10 -1.430435443259999939e+00 -1.459257000000000026e+00 -3.588677391999998967e-02
1.486999999999999880e-10 -5.743099999999971492e-03 -1.349227934860000033e+00 -1.470511399999999913e+00
1.492999999999999911e-10 7.625600000000093415e-03 -1.650720865139999827e+00 1.504295184840000132e+00
1.511000000000000004e-10 6.887808359400000857e-02 1.643643465139999815e+00 -1.485201300000000169e+00
1.513000000000000100e-10 1.352958700000000070e+00 -2.278274651399998796e-01 1.351997799999999916e+00
1.574999999999999990e-10 1.662996388349999854e+00 -1.470134900000000133e+00 -1.014609999999990797e-02
1.590999999999999986e-10 -6.153188349999755280e-03 -1.440377619076000038e+00 1.393655900000000170e+00
1.635000000000000041e-10 -3.030942460000185523e-03 1.472201700000000280e+00 -1.449217800000000000e+00
1.647999999999999893e-10 -5.347244197000002031e-02 1.470496300000000200e+00 1.548068368079999813e+00
1.664999999999999937e-10 4.785126054000007900e-02 -1.560301300000000113e+00 -1.639955142079999817e+00
1.665999999999999985e-10 1.301391914699999708e+00 -1.465465999999999935e+00 1.014450000000002156e-02
1.673000000000000065e-10 -1.494963617579999848e+00 1.422476300000000027e+00 -5.347639999999995869e-02
1.715000000000000023e-10 -5.897757659999863789e-03 -1.440698703262000224e+00 1.393670100000000023e+00
1.717999999999999909e-10 -3.110343750000132967e-03 1.472541299999999609e+00 -1.449781800000000231e+00
1.751999999999999999e-10 -5.659573659999833639e-03 -1.440575803261999965e+00 1.394044700000000025e+00
1.760000000000000126e-10 -2.824379210000005358e-03 1.472528999999999755e+00 -1.450330099999999955e+00
1.775000000000000074e-10 -5.619432439999974549e-03 -1.440232103262000241e+00 1.394448099999999968e+00
1.781000000000000105e-10 -1.576183200000000006e+00 1.488368387186999930e+00 3.082467136000006935e-02
1.808000000000000116e-10 -1.427698263430000170e+00 9.688042495999996118e-02 1.510816382509999833e+00
1.822000000000000015e-10 1.510572600000000154e+00 -1.029110550900000365e-01 -1.568353171380000299e+00
1.852999999999999960e-10 -1.311338664843999968e+00 1.394947307110000034e+00 -3.644870815000015446e-02
1.861000000000000088e-10 1.374763764844000091e+00 -1.395249277079999795e+00 -6.701872170000011675e-03
1.954999999999999970e-10 -1.427747763429999983e+00 9.689672495999959723e-02 1.510857436190000236e+00
1.973000000000000063e-10 1.510568600000000039e+00 -1.029397302399999714e-01 -1.568288701890000025e+00
2.040999999999999983e-10 -1.311348157495000111e+00 1.394993782829999862e+00 -3.643907765000035243e-02
2.044000000000000128e-10 1.502025857495000505e+00 -2.655331903999996745e-02 -1.591763001168000180e+00
2.098999999999999938e-10 -1.294065566600000272e+00 2.120557593300000654e-01 -1.473851791711999981e+00
2.099999999999999986e-10 -1.481344306770000063e+00 1.512920540669999925e+00 -4.519529999999993830e-02
2.123000000000000062e-10 -1.527176955789999901e+00 1.379832299999999901e+00 7.212918730999999528e-02
2.139000000000000058e-10 -1.573763068199999893e+00 1.482235900000000051e+00 -1.778116944900000052e-01
2.140999999999999896e-10 -1.196197371359999817e+00 1.493246114220000198e+00 -8.456617453000001006e-02
2.142999999999999993e-10 1.289280000000021797e-02 -1.452551804636999844e+00 1.570656281710000046e+00
2.144000000000000041e-10 -2.532590777000003762e-02 -1.217481900000000117e+00 -1.361774000000000040e+00
2.151999999999999910e-10 1.560014100000000070e+00 -1.256533899999999981e+00 -2.476703324000000817e-01
2.157999999999999941e-10 -7.069290000000022500e-02 1.367531399999999842e+00 -1.597359599999999880e+00
2.161000000000000086e-10 -7.826799999999939361e-03 -1.370628234969999859e+00 1.518110699999999813e+00
2.167000000000000117e-10 -1.391167900000000124e+00 1.451341400000000004e+00 -8.624069999999996183e-02
2.172999999999999889e-10 1.616195900000000130e+00 6.588170000000020954e-02 -1.633003999999999678e+00
2.174999999999999986e-10 1.510319597060000074e+00 1.418509900000000101e+00 8.198930000000008433e-02
2.174999999999999986e-10 -1.201772466200003026e-01 1.264817999999999998e+00 -1.163681200000000082e+00
2.182000000000000065e-10 -1.597816700000000090e+00 -3.371900000000030428e-02 1.385491984130000187e+00
2.192000000000000030e-10 -7.047758000000001744e-01 -3.868960999999998540e-01 -1.872420841300001804e-01
2.194000000000000127e-10 8.723736000000004154e-01 5.385191000000000283e-01 2.114024017100000208e-01
2.197000000000000013e-10 -1.938516084129997818e-01 1.409636599999999795e+00 -1.351344959619999786e+00
2.199999999999999899e-10 1.302326150100000079e+00 -5.769919999999988808e-02 -1.282461135489999737e+00
2.204000000000000092e-10 -1.625824289529999911e+00 -1.526234127808000052e+00 -2.047994000000000481e-01
2.204000000000000092e-10 5.297272104000005921e-02 -1.526968766430000013e+00 -1.594622700880000021e+00
2.230000000000000054e-10 3.102377552020000095e+00 -1.807145262000042774e-03 3.135509600000000230e+00
2.232999999999999940e-10 1.569645947980000233e+00 -1.538737710919999779e+00 -9.251019999999984811e-02
2.258999999999999902e-10 -5.836680000000004503e-02 1.457402844910000050e+00 -1.479022900000000140e+00
2.268000000000000078e-10 -1.512830152189999833e+00 -1.547860200000000130e+00 4.326829999999981524e-02
2.284000000000000074e-10 -1.368527516359999918e+00 -1.860210000000014907e-02 -1.301413823700000139e+00
2.294000000000000040e-10 -1.157133009400001522e-01 1.576419307520000146e+00 -1.509084585940000167e+00
2.561000000000000255e-10 -1.685766300000000273e+00 -1.376694307519999994e+00 -6.043999036000000102e-02
2.579000000000000090e-10 1.669319300000000172e+00 1.595123743969999897e+00 1.851179035999999528e-02
2.825999999999999857e-10 1.542060699999999951e+00 -8.924474396999999837e-02 -1.530986690360000013e+00
2.825999999999999857e-10 -1.082697152900001791e-01 1.490941173070000181e+00 -1.271021000000000178e+00
2.834000000000000243e-10 1.653015268139999883e+00 -3.872023209000008404e-02 -1.481413400000000102e+00
2.850999999999999771e-10 1.686782815900000621e-01 -1.352734240980000280e+00 1.408166982650000065e+00
2.852000000000000078e-10 1.526262400000000019e+00 5.059140000000006410e-02 1.510362599999999667e+00
2.940000000000000187e-10 -1.510820300000000227e+00 3.001030000000001752e-02 -1.385642799999999841e+00
2.952000000000000249e-10 -5.108109999999996265e-02 -1.442207100000000075e+00 -1.463590599999999853e+00
2.953000000000000039e-10 1.584688250149999922e+00 -1.156159653699999068e-01 -1.529086128519999921e+00
2.953000000000000039e-10 1.372281990600000112e+00 1.652465869140000043e+00 -5.698470000000011026e-02
2.967999999999999987e-10 1.224345300000000192e+00 -7.911796914000002179e-02 -1.288435900000000078e+00
2.987000000000000128e-10 -1.310853164589999897e+00 4.196066914000018411e-02 1.200798199999999927e+00
2.987000000000000128e-10 1.152160317159999670e+00 1.342202327999998668e-02 1.246485199999999960e+00
2.997000000000000094e-10 -1.217539000000000149e+00 4.529944949999995668e-02 1.148527700000000040e+00
2.999000000000000190e-10 -1.432641899999999691e+00 7.873920000000014796e-02 1.706246300000000105e+00
3.004000000000000173e-10 1.466976300000000233e+00 -1.537638782609999977e+00 1.102420999999999540e-01
3.012000000000000042e-10 -1.597162316119999925e+00 -1.715500299999999978e+00 -5.369300000000007400e-03
3.031000000000000183e-10 9.288499586000014546e-03 1.468334499999999876e+00 1.435197100000000114e+00
3.044999999999999825e-10 1.421486041746999884e+00 1.419881364679999480e+00 3.772260000000006441e-02
3.048000000000000228e-10 1.551829600000000031e+00 1.468330563550000356e+00 -1.150638462600000744e-01
3.063000000000000176e-10 1.519963966599999772e+00 -5.478856432000006604e-02 1.507493346259999978e+00
3.070000000000000255e-10 -1.417540699999999987e+00 -3.277778101999984095e-02 -1.500499946259999939e+00
3.103999999999999828e-10 -1.572619169890000057e+00 1.384828836449999878e+00 1.822462599999699617e-04
3.105000000000000134e-10 1.369333469889999932e+00 1.531277800000000244e+00 -4.326040000000009461e-02
3.108999999999999810e-10 1.303906400000000243e+00 -8.391107782999993048e-02 1.235505122820000024e+00
3.118999999999999776e-10 1.202032900000000071e+00 -1.423487718870000140e+00 1.053114999999998636e-01
3.135999999999999821e-10 1.169428099999999748e+00 1.205140999999999851e-01 -1.574141796199999943e+00
3.137999999999999917e-10 -1.090695899999999607e+00 -1.414323699999999739e+00 1.277173946000002835e-02
3.139000000000000224e-10 -1.264524899830000271e+00 1.137489299999999925e+00 -1.152277000000001550e-01
3.142000000000000110e-10 -6.407520017000001289e-02 1.308184599999999698e+00 -1.451964108519999908e+00
3.154000000000000172e-10 -1.469016790749999801e+00 1.531998500000000263e+00 -2.940579999999987093e-02
3.157000000000000058e-10 -3.970599685000007761e-02 -1.347687599999999986e+00 1.392236599999999935e+00
3.171000000000000217e-10 -1.490697203150000316e+00 -2.652100000000198743e-03 1.561374599999999724e+00
3.184999999999999858e-10 1.290200399999999803e+00 1.276018054700001625e-01 1.310056599999999793e+00
3.189999999999999841e-10 1.284853700000000432e+00 7.529099999999983028e-03 1.127960199999999746e+00
3.189999999999999841e-10 -8.306366803100000418e-01 2.490987269800000181e-01 -7.029385000000000217e-01
3.189999999999999841e-10 1.759098571560000046e+00 -3.029720000000022187e-02 -1.432560599999999962e+00
3.191000000000000148e-10 2.298397299999999532e+00 1.682599100000000236e+00 -9.560918999999999945e-01
3.206000000000000096e-10 1.504914900000000166e+00 -6.109419999999987638e-02 1.344125400000000026e+00
3.211000000000000079e-10 -1.614332500000000170e+00 6.754679999999999018e-02 1.468458300000000216e+00
3.220000000000000254e-10 -1.535217589188999865e+00 -7.991729560000136040e-03 -1.534906399999999671e+00
3.228000000000000123e-10 1.551423500000000066e+00 -1.808930000000000260e-02 -1.549592200000000197e+00
3.270999999999999871e-10 1.500920800000000499e+00 -8.976559218999997924e-02 1.388382933150000165e+00
3.287000000000000126e-10 1.639223861310000085e+00 2.024449219000001854e-02 1.645822458330000071e+00
3.292999999999999899e-10 1.347401281029999787e+00 1.448875400000000147e+00 4.302045160999994067e-02
3.316000000000000233e-10 1.500596183059999866e+00 -1.522115764560000306e+00 -5.912611470000003061e-02
3.319000000000000119e-10 -1.516128625400000152e+00 -1.775892877700001038e-01 1.594471338620000012e+00
3.327999999999999778e-10 1.379687420919999852e+00 -7.471468889000011659e-02 1.387834983839999925e+00
3.348000000000000226e-10 2.610959481999974158e-02 1.346462200000000164e+00 -1.351527491479999954e+00
3.351999999999999902e-10 -1.511265748040000245e+00 1.403385700000000291e+00 6.359290000000009102e-02
3.366999999999999850e-10 3.134830000000005112e-02 1.325073600000000074e+00 -1.546128995239999693e+00
3.403000000000000036e-10 -1.402273800000000348e+00 1.436324999999999852e+00 4.905859524000009964e-02
3.408999999999999808e-10 -1.297031891899999012e-01 -1.604387899999999867e+00 -1.464675900000000031e+00
3.410000000000000115e-10 1.275802200000000219e+00 2.748542999999999958e-01 -1.324863499999999750e+00
3.410000000000000115e-10 -1.336252600000000346e+00 -7.460490000000002953e-02 -1.536255896639999730e+00
3.417999999999999984e-10 1.358630700000000191e+00 1.043010000000002546e-02 1.513512767893000266e+00
3.418999999999999774e-10 -1.553031864260000283e+00 -1.583247300000000024e+00 7.337719999999992027e-02
3.461000000000000249e-10 -1.500055735739999951e+00 -1.524465999999999877e+00 -1.378199999999996095e-03
3.516999999999999849e-10 1.279981200000000152e+00 -8.920106443000000440e-02 -1.427016100000000343e+00
3.526999999999999815e-10 -1.578987046959999807e+00 1.840007641000004912e-02 -1.526125900000000479e+00
3.536999999999999780e-10 -6.238453039999865973e-03 1.372316288019999941e+00 -1.290365299999999937e+00
3.550999999999999938e-10 -2.384109999999984436e-02 1.382698500000000053e+00 -1.387695829160000116e+00
3.553000000000000035e-10 -1.595690700000000239e+00 1.556106800000000234e+00 -1.319334708399999279e-01
3.553000000000000035e-10 1.440699599999999636e+00 2.204539175000003182e-02 -1.556388300000000058e+00
3.558999999999999807e-10 -1.542245299999999819e+00 -3.104678915000005923e-02 1.478420100000000126e+00
3.560000000000000114e-10 -9.577399999999992863e-02 -1.486810600000000093e+00 1.474100700000000153e+00
3.565999999999999887e-10 -1.396302500000000002e+00 -1.221791502000007384e-02 -1.355485299999999782e+00
3.567000000000000193e-10 1.465788207200002247e-01 6.514378118600000489e-01 7.280752999999999808e-01
3.567000000000000193e-10 -1.310083207200002653e-01 8.807158534400000294e-01 8.211725123399998827e-01
3.577999999999999949e-10 1.628267355640000247e+00 7.892280000000026496e-02 -1.516578612340000021e+00
3.579000000000000255e-10 1.460074333689999726e+00 2.892199999999969795e-03 -1.540371839329999881e+00
3.580999999999999835e-10 -1.451826000000000061e+00 1.362429710260000260e+00 -4.452337389999977413e-03
3.582999999999999931e-10 3.126128935999977765e-02 1.464863271930000099e+00 1.442525499999999905e+00
3.585999999999999818e-10 -7.944258935999998217e-02 -1.542895864370000147e+00 -1.434865500000000349e+00
3.594000000000000204e-10 1.511628418999994700e-02 1.542587897649999817e+00 -1.548472099999999685e+00
3.594000000000000204e-10 -7.940744360999996143e-02 -1.537620005560000003e+00 1.559475500000000014e+00
3.604999999999999959e-10 1.504100800000000016e+00 1.390248055600000754e-01 1.309352200000000188e+00
3.611000000000000248e-10 -1.364202547499999918e+00 -3.794790000000000663e-02 1.449403233279999537e+00
3.611000000000000248e-10 -1.519785852500000312e+00 1.072770999999999031e-01 1.517488299999999901e+00
3.621000000000000214e-10 -1.607072260000000363e-02 1.315990400000000227e+00 1.541388338099999977e+00
3.627999999999999776e-10 1.498946622599999889e+00 3.193303727999996511e-02 -1.451205338100000075e+00
3.629999999999999872e-10 -1.427499757380000123e+00 1.434555862720000130e+00 -4.626860000000004858e-02
3.656999999999999883e-10 -6.584609166000005009e-02 1.599906499999999676e+00 -1.350994899999999665e+00
3.658999999999999979e-10 -9.594130925000014798e-02 -1.593481612590000429e+00 1.426156121040000002e+00
3.661999999999999865e-10 -1.579868190749999846e+00 -1.382615499999999997e+00 -7.038791724000001415e-02
3.670000000000000251e-10 1.494741978020000195e+00 1.431455127619999601e+00 1.568121723999997552e-02
3.681999999999999796e-10 -6.608513372000009156e-02 1.598914672379999846e+00 -1.350225600000000137e+00
3.717999999999999982e-10 -9.581397678000014295e-02 -1.592686473149999671e+00 1.424748649140000101e+00
3.725000000000000061e-10 1.458100448880000233e+00 -1.480769001199999657e+00 8.284600000000030828e-03
3.734000000000000237e-10 -1.435222839749999757e+00 1.439350510780000203e+00 -4.803639999999997912e-02
3.761000000000000247e-10 -1.465406981200000347e-01 -1.441556237200000146e+00 -1.635498043445000160e+00
3.791000000000000144e-10 -1.588543011650000114e+00 1.435136400000000201e+00 -1.153575655499994301e-02
3.803000000000000206e-10 5.092223373999982261e-02 1.548876399999999709e+00 -1.273430955080000482e+00
3.808000000000000188e-10 1.137970966260000161e+00 2.355746125000007796e-02 -1.274236899999999562e+00
3.811000000000000075e-10 1.335088498709999572e+00 2.254722387499999703e-01 -1.615906600000000193e+00
3.816999999999999847e-10 -1.329367999999999106e-01 -3.209247000000000072e-01 4.847097000000002431e-01
3.818000000000000154e-10 -1.353997138926000376e+00 2.754918238200003699e-01 -1.996064000000000505e+00
3.963999999999999960e-10 1.486402900000000082e+00 -1.577048623820000106e+00 2.853770000000036000e-02
4.064000000000000132e-10 -6.605782392999964836e-02 1.532055399999999512e+00 -1.263340700000000094e+00
4.069000000000000114e-10 -8.993750000000001743e-02 -1.557239369489999525e+00 1.329714099999999677e+00
4.069999999999999904e-10 1.504506397419999697e+00 1.542015100000000416e+00 6.123360000000019343e-02
4.099000000000000011e-10 1.554711741020000204e+00 4.737867747999999213e-02 -1.332177800000000190e+00
4.101999999999999897e-10 -9.905199999999978605e-03 -1.446636477479999794e+00 -9.834880035600001014e-01
4.101999999999999897e-10 -1.046927574389999949e+00 1.105133200000000038e+00 8.830039999999983458e-02
4.103999999999999993e-10 1.085708600000000246e+00 1.227984929200000463e+00 7.348659999999995751e-02
4.108999999999999976e-10 1.389642408179999622e+00 -1.271858229199999801e+00 1.723419999999986629e-02
4.109999999999999766e-10 -4.286274357000013913e-02 -1.103155712049999737e+00 -1.490663677239999707e+00
4.133000000000000100e-10 -2.917006461000004602e-02 1.605052099999999982e+00 -1.243918999999999997e+00
4.155000000000000127e-10 2.136435766000023551e-02 1.450039500000000148e+00 -1.584215099999999765e+00
4.158000000000000014e-10 1.648898942340000229e+00 1.521765700000000221e+00 6.702019999999983546e-02
4.194999999999999989e-10 6.314490000000008707e-02 1.444838299999999798e+00 1.483941499999999802e+00
4.197000000000000086e-10 -1.383210999999997803e-01 1.408846700000000007e+00 -1.510399199999999720e+00
4.197999999999999876e-10 1.326988400000000068e+00 -1.584635799999999595e+00 -1.560400000000036758e-02
4.204999999999999955e-10 1.527893200000000506e+00 -1.487919800000000459e+00 1.344310000000059624e-02
4.204999999999999955e-10 -1.480483200000000110e+00 -5.085069999999992235e-02 -1.553722699999999568e+00
4.211000000000000244e-10 -1.330751204999994219e-02 -1.365789299999999873e+00 1.453201299999999696e+00
4.211000000000000244e-10 -1.679280456079999873e+00 4.407870000000024824e-02 -1.345070099999999602e+00
4.261000000000000072e-10 -1.710964191899999820e+00 -5.834259999999993895e-02 1.506207000000000296e+00
4.399999999999999798e-10 5.961235056000000615e-02 -3.085143690637000002e+00 1.312960000000000793e-01
4.401999999999999895e-10 1.647375000000000034e+00 -4.333680000999995396e-02 1.335328900000000152e+00
4.462000000000000205e-10 -6.925009999999992560e-02 1.453481400010000035e+00 1.409659100000000276e+00
4.492999999999999891e-10 1.476254999999999873e+00 1.385218500000000130e+00 2.600720000000054932e-02
4.502999999999999856e-10 -1.240918899999999603e+00 1.424454699999999185e+00 -3.267118000000001077e-01
4.507000000000000049e-10 1.335449424219999681e+00 1.807335000000003244e-01 1.345889999999999809e+00
4.521999999999999998e-10 -1.260378099999999613e+00 -1.988726000000000105e-01 -1.373260099999999984e+00
4.556999999999999877e-10 -1.762663703999989284e-02 -1.139565985719999563e+00 1.304689799999999789e+00
4.561000000000000070e-10 -1.099617700000000475e+00 1.371363940200000409e+00 -8.344229999999988601e-02
4.566000000000000052e-10 1.582537927161000280e+00 1.505662845519999848e+00 8.790819999999996415e-02
4.566999999999999842e-10 -3.379480999999999735e-01 -1.503425299999999964e+00 -1.525396700000000383e+00
4.581000000000000001e-10 1.238696999999995552e-01 1.477072400000000174e+00 -1.482876700000000048e+00
4.602000000000000238e-10 -7.369765999999997597e-01 -7.418576999999992871e-01 -1.993604999999997462e-01
4.603000000000000028e-10 -7.546612148699999301e-01 -7.615030999999999883e-01 1.035286999999998347e-01
4.625999999999999845e-10 5.867212148699999519e-01 6.148719000000002488e-01 -1.486890999999997687e-01
4.630999999999999828e-10 9.040566999999994913e-01 8.673621999999996390e-01 1.548950999999995914e-01
4.640000000000000004e-10 1.330383300000000268e+00 -9.186850000000043592e-02 1.432979500000000739e+00
4.642999999999999890e-10 -6.652650000000000230e-02 1.457298428100999521e+00 1.557850680130000054e+00
4.642999999999999890e-10 1.436129699999999954e+00 -1.434154583189999776e+00 4.092721986999983685e-02
4.652000000000000066e-10 -1.415747699999999831e+00 -3.507699999999773499e-03 1.505951500000000109e+00
4.671999999999999997e-10 -4.562674985400019118e-02 1.530885674319999668e+00 -1.542298199999999841e+00
4.673000000000000303e-10 1.487235000000000085e+00 -1.543011777200999468e+00 3.558140000000001302e-02
4.683000000000000269e-10 1.458312899999999912e+00 -4.481199999999962991e-03 -1.667232954479999973e+00
4.753000000000000027e-10 -1.581375299999999928e+00 -1.431741990417000121e+00 -2.780914551999966178e-02
4.755999999999999913e-10 1.663103334800000166e+00 6.017609999999984360e-02 -1.520129700000000472e+00
4.757000000000000220e-10 -8.380540000000002987e-02 1.525137099999999801e+00 1.525546600000000197e+00
4.784000000000000230e-10 -1.580501600000000062e+00 6.066110000000016211e-02 1.601200688579999643e+00
4.790000000000000003e-10 -2.276500000000292179e-03 1.567824404299999586e+00 1.546891899999999875e+00
4.808999999999999627e-10 1.522553699999999788e+00 1.487684400000000018e+00 -3.088269999999987414e-02
4.822000000000000512e-10 -1.501516554614000132e+00 1.371415243210000190e+00 9.647390000000002908e-02
4.835000000000000364e-10 -1.454957999999999529e+00 5.523856790000197803e-03 -1.528639000000000081e+00
4.851000000000000102e-10 1.477113795239999972e+00 -5.050090000000012624e-02 -1.466672199999999870e+00
4.859000000000000488e-10 1.422647400000000228e+00 -1.467161283589999865e+00 1.164753998799999135e-01
4.861000000000000068e-10 -1.397823179120000425e+00 -9.331501641000006231e-02 1.426595600119999752e+00
4.861000000000000068e-10 -1.449530510399999472e-01 -1.468751799999999719e+00 1.570934571130000235e+00
4.899000000000000350e-10 -3.327260000000015205e-02 1.516336399999999696e+00 -1.445802071129999700e+00
4.902999999999999509e-10 1.314711436870000139e+00 1.106404000000000831e-01 -1.391398378249999679e+00
4.903999999999999816e-10 1.467004999999999892e+00 1.298796800000000307e+00 -1.230922175000007113e-02
4.905000000000000122e-10 4.528439999999994692e-02 -1.244531999999999972e+00 1.300473099999999826e+00
4.910999999999999895e-10 6.298409000000001479e-01 3.741305000000000325e-01 2.592623893499998999e-01
4.910999999999999895e-10 -8.381140999999998620e-01 -7.778102000000002292e-01 -8.976829999999988430e-02
4.916000000000000395e-10 -1.641139958500000384e+00 -1.567901500000000059e+00 1.597710000000010511e-02
4.919000000000000281e-10 6.353572764000026130e-02 -6.521367000000000136e-01 -6.435313000000002503e-01
4.922000000000000167e-10 6.880919999999965397e-02 -7.513001000000004703e-01 -8.813425000000003617e-01
4.936000000000000326e-10 1.571886200000000233e+00 -3.918579999999971530e-02 -1.420564358500000068e+00
4.946000000000000291e-10 5.124465160999991387e-02 1.337021934450000060e+00 -1.497350541499999910e+00
4.953999999999999643e-10 -1.323374000000001049e-01 1.550917500000000171e+00 -1.455585400000000140e+00
4.957999999999999836e-10 1.519738799999999834e+00 -1.633406700000000100e+00 -9.044079999999998787e-02
4.969000000000000108e-10 1.324355983480000276e+00 -8.679940000000027633e-02 -1.343501741400000116e+00
4.987000000000000460e-10 -4.808650000000055935e-02 1.497083599999999848e+00 1.283820941400000137e+00
4.989000000000000039e-10 4.283490000000041847e-02 -7.997110927199997388e-01 3.500100999999998796e-01
4.990000000000000346e-10 -1.171556000000002623e-01 -8.252236454300003743e-01 7.471598000000001516e-01
4.996000000000000118e-10 1.532931999999998796e-01 -1.417150738863999893e+00 1.466449944092000468e+00
5.014000000000000470e-10 1.494984599999999997e+00 -1.730190000000004363e-02 -1.624376298240000072e+00
5.016000000000000049e-10 -6.671069999999995614e-02 -1.458695200000000192e+00 1.567426898239999922e+00
5.044000000000000366e-10 1.289693900000000060e+00 -1.297478549020000482e+00 -1.114409000000001482e-01
5.044999999999999639e-10 -1.495798390440000070e+00 -1.597999999999932808e-03 -1.500562613111000143e+00
5.047999999999999525e-10 -1.171747543769999789e+00 -9.795805115000005836e-02 1.430123800000000500e+00
5.051000000000000445e-10 -4.851967319999991868e-02 -1.452156248849999942e+00 1.638222499999999915e+00
5.077000000000000149e-10 -1.318371200000000298e+00 4.756210000000025973e-02 1.282844400000000107e+00
5.098000000000000387e-10 -1.472310999999999925e+00 -1.194482169400000043e-01 1.467718400000000312e+00
5.104000000000000159e-10 1.464132300000000386e+00 2.792969999999976236e-02 -1.356932599999999933e+00
5.115000000000000431e-10 -1.382919299999999962e+00 1.381785100000000099e+00 -5.099500000000090072e-03
5.122999999999999783e-10 3.701979999999976956e-02 1.592242200000000274e+00 -1.456338300000000308e+00
5.125999999999999670e-10 1.429080679247999752e+00 8.145510000000000250e-02 1.210156399999999799e+00
5.128999999999999556e-10 1.633214770600000421e+00 -1.523665400000000059e+00 2.084299999999816855e-03
5.175999999999999497e-10 1.800447604538999880e+00 -7.357010000000026306e-02 1.326754000000000211e+00
5.175999999999999497e-10 -1.928204539000125117e-03 1.477784744020000041e+00 -1.531238899999999958e+00
5.179000000000000417e-10 -1.204055954609999091e-01 -1.464989999999999792e+00 1.407944799999999885e+00
5.182000000000000303e-10 -1.919581045390000573e-01 -1.415078799999999859e+00 -1.441074399999999978e+00
5.186000000000000496e-10 9.087884959999958934e-03 -1.522094100000000116e+00 -1.466149500000000216e+00
5.186999999999999769e-10 -1.446289599999999842e+00 3.083534499999818213e-03 1.537963300000000366e+00
5.192000000000000269e-10 1.399797899999999817e+00 7.083323059999868665e-03 1.524278999999999940e+00
5.222000000000000165e-10 1.387616428390000101e+00 -1.284710899999999878e+00 -1.224761907100001546e-01
5.237999999999999903e-10 1.604295800000000050e+00 1.375230399999999964e+00 1.792944907100000596e-01
5.239000000000000210e-10 -4.377190000000036330e-02 -1.442271777189999771e+00 -1.366006193400000512e+00
5.244999999999999982e-10 2.349699999999997624e-02 1.395404000000000089e+00 1.604345793400000275e+00
5.253000000000000368e-10 -4.377050000000040630e-02 -1.442267523520000205e+00 -1.366002593400000187e+00
5.257999999999999834e-10 2.348400000000003263e-02 1.395406700000000111e+00 1.604311293399999672e+00
5.287999999999999730e-10 1.471330699999999769e+00 -4.077537943000017484e-02 -1.294475400000000054e+00
5.289000000000000037e-10 1.362799599999999778e+00 -1.337564374369999864e+00 1.274998439199998002e-01
5.293000000000000230e-10 -8.266439999999994348e-02 -1.488683999999999674e+00 -1.620760543920000130e+00
5.294999999999999810e-10 1.597823260499999787e+00 -1.379273800000000438e+00 1.215650676999985302e-02
5.364999999999999568e-10 -1.411991360499999848e+00 1.343252899999999972e+00 -2.818980676999992274e-02
5.370000000000000068e-10 1.597781711940000404e+00 -1.379280899999999921e+00 1.218105820999959565e-02
5.418000000000000316e-10 -1.411955511940000463e+00 1.343227200000000066e+00 -2.824835820999993530e-02
5.428000000000000281e-10 -1.554233500000000046e+00 7.739730000000011323e-02 1.568946700000000360e+00
5.446999999999999905e-10 -4.356469999999987297e-02 1.330540799999999857e+00 -1.647054299999999749e+00
5.448000000000000212e-10 -1.266084702729999734e+00 1.875054499999999624e+00 -2.248057699999999937e+00
5.459999999999999757e-10 -1.551253598619999785e+00 -1.425810199999999917e+00 -2.060680000000007783e-02
5.476999999999999802e-10 8.446701349999960473e-03 1.445442600000000022e+00 -1.744411600000000284e+00
5.478000000000000108e-10 -1.519436800000000254e+00 3.441720000000010604e-02 -1.564698299999999875e+00
5.480999999999999995e-10 1.565200941820000136e+00 1.656440000000000690e-02 -1.549380600000000108e+00
5.496999999999999733e-10 -3.384902666000012134e-02 1.603195900000000229e+00 -1.592323099999999769e+00
5.502999999999999505e-10 1.410395988370000131e+00 -2.472959999999994885e-02 1.396668300000000640e+00
5.530999999999999822e-10 1.473480011630000197e+00 -7.099320000000025610e-02 -1.314872600000000169e+00
5.580000000000000376e-10 1.454135713699999721e+00 -7.229057589999993150e-02 1.382899199999999995e+00
5.590999999999999615e-10 7.683953862999999274e-01 -6.947947919000012351e-02 5.744050000000000544e-01
5.590999999999999615e-10 -9.012803715999999632e-01 2.210630791899999559e-01 -9.420299999999997009e-01
5.593999999999999501e-10 7.683906715999999637e-01 -6.949837919000015352e-02 5.744049000000001071e-01
5.593999999999999501e-10 6.062684999999998769e-01 1.873834791899999519e-01 7.241450237599998951e-01
5.601999999999999887e-10 4.046536953999990693e-02 1.432407200000000547e+00 1.226544176239999784e+00
5.614000000000000466e-10 6.630044949999999715e-02 1.597049671359999756e+00 -1.420021000000000200e+00
5.618999999999999932e-10 5.810930000000003037e-02 1.611167828640000410e+00 1.505543300000000251e+00
5.665999999999999873e-10 -1.555923499999999793e+00 -1.482150322693000177e+00 4.581870000000005244e-02
5.684000000000000224e-10 -1.429263521459999797e+00 -1.569775300000000096e+00 -2.618629999999982916e-02
5.691999999999999576e-10 -1.441677878540000179e+00 4.422541004000002385e-02 -1.215531300000000092e+00
5.695999999999999769e-10 1.356789681430000005e+00 6.895861404999997779e-02 -1.496587644849999954e+00
5.695999999999999769e-10 -7.228672814299998972e-01 -1.109680333799999558e-01 -8.549060551499998439e-01
5.698000000000000383e-10 -7.296715000000001394e-01 3.502329999999996557e-02 -6.641770000000004615e-01
5.712999999999999814e-10 5.019108000000002123e-01 1.342580000000004499e-02 5.595931000000001765e-01
5.712999999999999814e-10 8.536120000000001484e-01 8.683899999999997177e-02 9.295054000000002592e-01
5.725000000000000393e-10 1.335304799999999847e+00 1.018020391600001490e-01 1.157327699999999737e+00
5.725999999999999666e-10 -1.313259900000000258e+00 9.060900000000028653e-02 -1.208345400000000236e+00
5.756999999999999869e-10 1.335311900000000218e+00 1.017706391600002452e-01 1.157340000000000257e+00
5.761000000000000062e-10 -1.313263599999999975e+00 9.063779999999981019e-02 -1.208328399999999858e+00
5.762000000000000368e-10 1.335325600000000001e+00 1.017280391600002137e-01 1.157341999999999871e+00
5.762000000000000368e-10 1.354719860610000381e+00 1.028434999999998933e-01 1.395677500000000126e+00
5.792999999999999538e-10 1.548519399999999990e+00 1.193299112999959832e-02 1.477039600000000341e+00
5.798000000000000037e-10 -1.420506600000000175e+00 1.567039999999977895e-02 -1.397376899999999811e+00
5.887999999999999726e-10 1.625108000000000663e-01 -1.319423199879999453e+00 -1.309416700000000322e+00
5.894999999999999806e-10 7.381295959999978340e-03 -1.440151699999999924e+00 -1.391572400000000043e+00
5.897999999999999692e-10 1.460637599999999869e+00 1.042814799999999931e+00 -1.545730000000000715e-01
5.900999999999999578e-10 1.774625699999999640e+00 1.555491594069999817e+00 1.581982999999999306e-01
6.012999999999999812e-10 1.249836314499999379e-01 -1.293249894069999684e+00 1.619824600000000281e+00
6.018999999999999584e-10 -1.324107314499998467e-01 1.435045437509999688e+00 -1.554683847389999318e+00
6.046999999999999901e-10 2.934690456739999842e+00 -1.401059095719999759e+00 -8.922210115800004449e-01
6.063999999999999946e-10 -1.426305703879999776e+00 1.433339058209999628e+00 1.954773662600000905e-01
6.065999999999999525e-10 -6.508730000000002847e-02 1.566698900000000227e+00 1.410740833740000033e+00
6.073999999999999911e-10 7.724949999999999872e-02 -1.502461400000000280e+00 -1.249529933740000320e+00
6.073999999999999911e-10 1.563455499999999887e+00 1.526833299999999838e+00 2.783103374000012176e-02
6.086000000000000490e-10 -1.100903000000001408e-01 -1.369036823400000102e+00 -1.537635786719999675e+00
6.142000000000000090e-10 -1.326154935319999950e+00 -1.419642376600000144e+00 -6.795607236000021645e-02
6.150999999999999749e-10 1.427314999999999667e+00 1.326046276600000073e+00 1.295196186800001703e-01
6.150999999999999749e-10 1.472750800000000027e+00 1.480140303359999576e+00 -1.914246186800002691e-01
6.160999999999999714e-10 -1.501962699999999540e+00 -1.473024814530000004e+00 1.332815400899999281e-01
6.179000000000000066e-10 -1.244059000000004300e-01 1.279918834569999886e+00 -1.516893056539999618e+00
6.187999999999999724e-10 -1.294107434999999473e+00 1.380590500000000054e+00 1.324841999999996911e-01
6.196000000000000110e-10 -1.460021100000000072e+00 -1.464219200000000054e+00 1.750960000000012506e-02
6.197000000000000417e-10 1.402447896290000218e+00 -2.836209999999982079e-02 1.199617400000000167e+00
6.201999999999999883e-10 1.503788966309999919e+00 -1.468963499999999867e+00 -2.149869999999996437e-02
6.238999999999999859e-10 1.437316799999999839e+00 1.445155799999999768e+00 -1.433345999999999232e-01
6.240000000000000165e-10 3.198630000000021734e-02 -1.363909499999999664e+00 -1.361722100000000157e+00
6.244000000000000358e-10 -3.788300000000022205e-03 1.242696899999999660e+00 1.449300999999999728e+00
6.244000000000000358e-10 3.668220000000008141e-02 -1.367479299999999398e+00 -1.367476300000000311e+00
6.251000000000000438e-10 -5.345144334000009878e-02 -1.617228400000000121e+00 1.558858199999999528e+00
6.402000000000000226e-10 1.431049199999999910e+00 -1.452827199999999985e+00 -2.060889999999979127e-02
6.420999999999999850e-10 -1.519830500000000084e+00 -1.539857299999999984e+00 -4.502049999999999108e-02
6.429999999999999509e-10 -9.840599999999988245e-02 1.445682899999999993e+00 1.452810500000000005e+00
6.429999999999999509e-10 1.507501728929999896e+00 2.120560463699996678e-01 1.432911800000000069e+00
6.432000000000000123e-10 1.527023499999999867e+00 -1.357265877999984383e-02 1.660176199999999991e+00
6.747999999999999859e-10 -1.597890841380000149e+00 -1.557380699999999951e+00 9.419472000021800184e-05
6.807999999999999651e-10 1.013965708000010013e-02 1.499409699999999734e+00 1.475119905279999699e+00
6.905999999999999727e-10 -1.627933615700000169e+00 1.608219300000000018e+00 -1.002463999999999855e-01
6.915000000000000419e-10 1.606857406349999851e+00 2.241630000000022216e-02 -1.481748700000000252e+00
6.916999999999999999e-10 -1.610166706349999366e+00 -8.590889999999999638e-02 -1.418129699999999493e+00
6.945000000000000316e-10 -2.107059999999999489e-02 1.465672699999999828e+00 1.578759299999999532e+00
6.962999999999999633e-10 3.910080459000006559e-02 -1.416655099999999834e+00 1.571133500000000183e+00
6.969999999999999712e-10 -1.461889100000000496e+00 3.188478705999989865e-02 1.534725099999999953e+00
6.976999999999999792e-10 -1.480258899999999933e+00 -1.340467887060000418e+00 3.816058300000012976e-02
6.992000000000000257e-10 1.337677050859999994e+00 4.293170000000025299e-02 -1.365236182999999714e+00
7.002999999999999495e-10 -3.660300508600000668e-01 1.481999999999941697e-03 5.878484999999999960e-01
7.002999999999999495e-10 5.327284582100000332e-01 -9.541679999999994055e-02 -6.622768000000003319e-01
7.002999999999999495e-10 -3.660233582100000937e-01 1.487999999999850553e-03 5.878447000000001088e-01
7.003999999999999802e-10 5.327197582100001716e-01 -9.542329999999993317e-02 -6.622728000000002169e-01
7.015000000000000074e-10 1.560975041789999906e+00 1.595240800000000014e+00 1.308259999999988876e-02
7.062000000000000015e-10 7.671179999999994115e-02 -1.498430200000000045e+00 -1.553362000000000132e+00
7.089000000000000025e-10 -9.883714133999969842e-02 1.540783267140000579e+00 1.471353699999999876e+00
7.097000000000000411e-10 -1.268229489059999882e+00 -1.375331199999999754e+00 3.309239999999975812e-02
7.098999999999999991e-10 1.546143589059999490e+00 -1.471672100000000372e+00 1.126387000000003413e-01
7.104000000000000490e-10 1.465814600000000301e+00 4.005919999999993375e-02 -1.526057316450000201e+00
7.184000000000000214e-10 1.625199999999999978e+00 1.548091800289999931e+00 -5.662082970000002768e-03
7.228000000000000269e-10 -1.608440400000000103e+00 -1.581793400000000016e+00 -1.374156783000009263e-02
7.307999999999999993e-10 1.557209298413000154e+00 1.203230000000021782e-02 1.568345267250000230e+00
7.329999999999999503e-10 -1.606096600000000096e+00 8.295870000000019062e-02 -1.542920318680000236e+00
7.347999999999999855e-10 -1.386097028520000052e+00 1.375604599999999955e+00 6.190186799998886880e-04
7.350999999999999741e-10 -8.992007147999997452e-02 1.444159799999999549e+00 1.422840027930000195e+00
7.357999999999999820e-10 -1.349309800000000337e+00 -1.439710499999999893e+00 1.843640000000000556e-02
7.362000000000000013e-10 -4.035159000000000384e-01 6.638939999999990405e-02 6.062736589599998505e-01
7.363999999999999593e-10 -9.679955999999998451e-01 -1.793909999999999116e-01 9.406491410399999697e-01
7.363999999999999593e-10 -1.352983699999999567e+00 1.569211100000000414e+00 6.744780000000018261e-02
7.366000000000000206e-10 -5.133140000000019354e-02 1.470671699999999582e+00 -1.448415600000000136e+00
7.398999999999999989e-10 -1.560084499999999874e+00 1.445945921580000126e+00 -2.516939999999964761e-02
7.602000000000000218e-10 1.637628499999999931e+00 1.603227699999999922e+00 -2.008263090000433904e-03
7.703000000000000180e-10 -1.542818299999999976e+00 -1.630883299999999814e+00 8.472816308999993329e-02
7.774999999999999517e-10 -1.431058699999999906e+00 -3.540420545999953261e-02 -1.484256799999999377e+00
7.789999999999999983e-10 -1.174607000000000845e-01 1.602580000000000116e+00 -1.482952999999999966e+00
7.791999999999999562e-10 1.566839323459999989e+00 2.640890000000023496e-02 1.497734300000000296e+00
7.822999999999999765e-10 -1.516122600000000098e+00 -6.457050000000008616e-02 -1.331127400000000183e+00
7.824000000000000072e-10 1.566237216120000220e+00 2.628120000000022660e-02 1.497688399999999920e+00
7.828999999999999538e-10 1.481428195829999517e+00 2.844359999999985372e-02 -1.409723099999999896e+00
7.838999999999999503e-10 1.763563000000001602e-01 1.520459273950000245e+00 1.622232299999999849e+00
7.876999999999999786e-10 -9.386550000000040694e-02 -1.543396073950000114e+00 -1.453110600000000030e+00
7.882999999999999558e-10 1.763411000000000561e-01 1.520432359249999976e+00 1.622218199999999833e+00
7.912000000000000182e-10 -1.469509999999979444e-02 1.548042527809999847e+00 -1.466714800000000096e+00
7.919999999999999534e-10 6.622119999999986906e-02 -1.610546327810000067e+00 1.612492700000000001e+00
7.922000000000000147e-10 1.412917300000000376e+00 -1.588560959250000515e+00 -1.163130000000024006e-02
7.926000000000000340e-10 1.318944499999999964e+00 -1.611652999999996227e-01 9.743567000000000755e-01
7.926000000000000340e-10 -1.464257300000000317e+00 1.476115137870000149e+00 5.228589999999996851e-02
7.936000000000000306e-10 -1.461473453859999605e+00 8.018036212999993251e-02 -1.465277599999999847e+00
7.959000000000000123e-10 -1.533755393113000132e+00 1.508512599999999537e+00 -1.218190000000007878e-02
7.974999999999999861e-10 -1.453685262316999571e+00 -2.846790910999978663e-02 -1.525683700000000087e+00
7.977000000000000474e-10 6.930299999999973981e-02 1.493095398000000129e+00 -1.619256800000000052e+00
7.981999999999999940e-10 1.476485000000004044e-01 -1.319378105350000441e+00 1.477464499999999958e+00
7.983000000000000247e-10 -4.006240000000012291e-02 -1.308731194649999985e+00 -1.529829142627999961e+00
7.984999999999999826e-10 -8.934649999999988434e-02 -1.581624799999999942e+00 1.502321300648000291e+00
7.987999999999999713e-10 1.607513299999999701e+00 -8.288859999999995121e-02 1.541555500000000078e+00
8.043000000000000040e-10 6.159140000000008774e-02 1.345282699999999831e+00 1.588292400000000049e+00
8.074000000000000243e-10 -1.569072000000000244e+00 1.533337900000000253e+00 -2.128500000000293352e-03
8.078999999999999708e-10 1.460866031919999752e+00 1.396811800000000048e+00 -4.640700000000011483e-03
8.089999999999999981e-10 -1.117705999999998034e-01 -1.645172900000000160e+00 -1.432876100000000097e+00
8.095999999999999753e-10 2.653030000000011768e-02 1.552297426800000490e+00 1.424087700000000289e+00
8.097000000000000060e-10 -5.808850000000026492e-02 1.514766799999999858e+00 1.428960800000000031e+00
8.152000000000000387e-10 6.926944862000006253e-02 -1.532962799999999515e+00 1.566656000000000049e+00
8.158000000000000159e-10 -1.479254688415000185e+00 -5.188363186000036209e-02 1.481469800000000170e+00
8.162999999999999625e-10 -1.437415755030000186e+00 -9.618016814000002190e-02 -1.422939799999999977e+00
8.182000000000000283e-10 -1.293948200000000215e+00 1.487906267000008165e-02 -1.486101199999999789e+00
8.186999999999999749e-10 -2.840659999999994856e-02 -1.574294200000000199e+00 1.489612400000000170e+00
8.189999999999999635e-10 1.186843239039999887e+00 -1.290570299999999726e+00 -4.816460000000021002e-02
8.190999999999999942e-10 -1.214618800000000221e+00 1.317778436909999851e+00 -7.081949999999971601e-02
8.190999999999999942e-10 1.328204099999999777e+00 -5.727191393999996050e-02 -1.345937599999999623e+00
8.192999999999999522e-10 -1.347539799999999621e+00 9.072589999999977617e-02 1.424665499999999696e+00
8.196000000000000442e-10 1.186850031699999919e+00 -1.290571399999999924e+00 -4.811900000000003674e-02
8.198000000000000021e-10 -1.514045899999999945e+00 9.056125584999999423e-02 1.509288099999999799e+00
8.216000000000000373e-10 -1.480386699999999944e+00 -6.309996137999998589e-02 -1.329974399999999779e+00
8.223999999999999725e-10 1.299651600000000240e+00 1.383037745220000225e+00 3.541559999999953356e-02
8.230999999999999804e-10 1.454808400000000557e+00 -1.520842745220000181e+00 -2.795899999999573726e-03
8.243999999999999656e-10 2.623630000000018447e-02 1.592767008770000103e+00 1.577628999999999948e+00
8.277999999999999745e-10 -1.380377800000000210e+00 1.423278691230000170e+00 8.901670000000007354e-02
8.280999999999999631e-10 6.563804999999999223e-01 -1.674007000000002354e-01 -6.396491999999996958e-01
8.280999999999999631e-10 -7.350009000000000681e-01 1.163866000000002149e-01 8.189720999999995366e-01
8.283999999999999518e-10 6.563795999999998410e-01 -1.673986000000001750e-01 -6.396497999999996020e-01
8.283999999999999518e-10 -7.349966999999998363e-01 1.163846000000002129e-01 8.189704999999996016e-01
8.291999999999999903e-10 6.563804999999999223e-01 -1.673966000000002285e-01 -6.396480999999996087e-01
8.293000000000000210e-10 -7.349844999999997075e-01 1.163848000000001215e-01 8.189591999999993321e-01
8.294999999999999790e-10 6.563785999999998122e-01 -1.673986000000000640e-01 -6.396405999999994485e-01
8.294999999999999790e-10 -7.349776999999996230e-01 1.163885000000000614e-01 8.189556999999993980e-01
8.297999999999999676e-10 6.563777999999996782e-01 -1.673986000000000640e-01 -6.396369999999999001e-01
8.297999999999999676e-10 -7.349641999999998454e-01 1.163981000000000043e-01 8.189579999999996307e-01
8.300000000000000289e-10 6.563720999999994588e-01 -1.674025000000000651e-01 -6.396375999999996953e-01
8.301999999999999869e-10 -7.349454999999995852e-01 1.164035999999999405e-01 8.189404999999996271e-01
8.303000000000000176e-10 6.563638999999997781e-01 -1.674003000000000574e-01 -6.396352999999996847e-01
8.304000000000000482e-10 -7.349253999999996179e-01 1.164113000000000092e-01 8.189297999999997080e-01
8.310999999999999528e-10 6.563574999999997051e-01 -1.674120000000001163e-01 -6.396397999999998696e-01
8.310999999999999528e-10 -7.349055999999996036e-01 1.164168999999999343e-01 8.189308999999997951e-01
8.327000000000000300e-10 6.563510999999996320e-01 -1.674138000000000570e-01 -6.396464999999998957e-01
8.327999999999999572e-10 5.927907999999999511e-01 1.735669000000000795e-01 -7.221278000000005415e-01
8.331000000000000493e-10 1.553220100000000103e+00 -5.759079999999977550e-02 1.506542000000000048e+00
8.334000000000000379e-10 1.109520000000011053e-02 -1.572758599999999785e+00 1.464041400000000159e+00
8.335999999999999958e-10 -1.440615477200000161e+00 -1.303933900000000090e+00 7.473420000000013941e-02
8.340000000000000151e-10 -2.121540000000005088e-02 -1.583337799999999795e+00 1.367382832959999739e+00
8.344000000000000344e-10 -7.332699999999775509e-03 -1.472300699999999907e+00 1.472575802881000095e+00
8.347999999999999503e-10 -7.089836000000000471e-01 6.486253000000001823e-01 -5.411630288100020142e-02
8.347999999999999503e-10 8.263622225100002439e-01 -7.784616000000001979e-01 3.619894864800021067e-02
8.354000000000000310e-10 -7.089574000000000709e-01 6.486081000000002428e-01 -5.410864864800026680e-02
8.354000000000000310e-10 8.263558993400001995e-01 -7.784386000000005357e-01 3.619551757800008179e-02
8.354999999999999583e-10 -7.089326000000002459e-01 6.485891000000004736e-01 -5.410021757800004272e-02
8.355999999999999889e-10 -7.317252860699999806e-01 7.402085999999998833e-01 2.184579999999996733e-02
8.358000000000000503e-10 6.300989000000000173e-01 -6.443280999999997372e-01 -3.296879999999996480e-02
8.358000000000000503e-10 -7.317340860700001226e-01 7.402284999999997339e-01 2.184369999999989306e-02
8.364000000000000275e-10 6.301207000000002001e-01 -6.443585999999998926e-01 -3.297059999999987778e-02
8.364000000000000275e-10 -7.326493860700000749e-01 7.427710999999994623e-01 2.282950000000003726e-02
8.365999999999999855e-10 6.297250000000003123e-01 -6.458147999999996891e-01 -3.244709999999998568e-02
8.367000000000000161e-10 8.310808359699999315e-01 -7.757446000000003394e-01 3.877085653999989834e-02
8.368999999999999741e-10 -7.126386621360001339e-01 6.256410000000003357e-01 -5.596205653999997837e-02
8.370000000000000048e-10 8.316212869400000374e-01 -7.763749000000003120e-01 3.893250637999981500e-02
8.374000000000000241e-10 -7.134319583160001477e-01 6.263582000000001981e-01 -5.619720637999995466e-02
8.374000000000000241e-10 -7.326421397499999211e-01 7.427604000000000983e-01 2.284280000000001379e-02
8.374000000000000241e-10 6.297246000000001898e-01 -6.458023999999997766e-01 -3.248040000000004812e-02
8.374000000000000241e-10 -7.332110397500000154e-01 7.428825999999997265e-01 2.324259999999976969e-02
8.375999999999999820e-10 -1.729075899999999999e+00 -1.546000740380000016e+00 8.568238220000148897e-03
8.380000000000000013e-10 6.457551000000006924e-01 -7.481088596199998442e-01 -2.321059999999975504e-02
8.380000000000000013e-10 9.251052787799997068e-01 -7.124871000000003729e-01 1.528439999999995497e-02
8.388999999999999672e-10 1.528375572950000372e+00 2.085430000000013107e-02 1.398202400000000178e+00
8.429999999999999841e-10 -1.506737472949999823e+00 -1.738028000000002848e-01 -1.439806200000000036e+00
8.445000000000000306e-10 1.624775733500000152e+00 1.533943900000000360e+00 -1.305482262999995563e-02
8.445999999999999578e-10 -7.083190122799999378e-01 6.471234000000002373e-01 -5.483717736999990655e-02
8.446999999999999885e-10 8.284182536599997704e-01 -7.789356000000000613e-01 3.775199745999993639e-02
8.449999999999999771e-10 -7.102153046399999337e-01 6.480027000000000426e-01 -5.576359746000006390e-02
8.449999999999999771e-10 8.291433661199998362e-01 -7.796470000000000899e-01 3.780139800000002076e-02
8.452000000000000385e-10 -7.108322407299998424e-01 6.489067000000000585e-01 -5.598589800000009636e-02
8.452000000000000385e-10 8.295666469400000409e-01 -7.799986000000002084e-01 3.789722683999982578e-02
8.452000000000000385e-10 -7.111698429599999649e-01 6.493796000000000568e-01 -5.616852683999986467e-02
8.452999999999999658e-10 -7.325783544399999681e-01 7.427924999999996336e-01 2.280969999999993975e-02
8.452999999999999658e-10 6.296622000000000607e-01 -6.458453999999997919e-01 -3.242699999999998361e-02
8.452999999999999658e-10 -7.331435544399999005e-01 7.429132999999998876e-01 2.320839999999989300e-02
8.458000000000000157e-10 1.087426000000004667e-01 -1.237426036570000498e+00 1.446761695719999796e+00
8.463999999999999930e-10 7.543711999999995754e-01 -7.437598029399997701e-01 -3.175049571999979947e-02
8.465000000000000237e-10 6.518423000000002077e-01 -6.963407970599995167e-01 1.338823999999999848e-01
8.469000000000000430e-10 -5.639537999999999496e-01 5.314485815499997434e-01 -8.565599999999770620e-03
8.469999999999999702e-10 -9.154392000000002305e-01 9.047359029400000585e-01 1.831480194999962618e-02
8.469999999999999702e-10 7.470106000000000801e-01 -7.326607029400002968e-01 -5.707020194999981588e-02
8.472000000000000316e-10 6.518408000000001090e-01 -6.963417970599998785e-01 1.338823999999998460e-01
8.510999999999999871e-10 -5.639549000000000367e-01 5.314481815499997319e-01 -8.566799999999819004e-03
8.512000000000000178e-10 6.518418000000000267e-01 -6.963597970599997300e-01 1.338835999999997972e-01
8.564999999999999891e-10 -5.639621999999998581e-01 5.314695815499995701e-01 -8.562099999999711608e-03
8.566000000000000198e-10 6.518457000000001944e-01 -6.963738970599993028e-01 1.338801999999997827e-01
8.715000000000000407e-10 -5.639724999999999877e-01 5.314829815499995114e-01 -8.554899999999809879e-03
8.715000000000000407e-10 -9.154327000000004322e-01 9.047373029400003208e-01 1.832200194999979853e-02
8.715000000000000407e-10 -6.807129999999965431e-02 -1.493522300000000191e+00 -1.444498701950000186e+00
8.724000000000000066e-10 1.539731677249999819e+00 1.506847300000000001e+00 2.749459999999999404e-02
8.729999999999999839e-10 6.246432274999984269e-02 -1.502127400000000002e+00 1.587943299999999613e+00
8.758000000000000155e-10 2.222767000000000770e-01 1.405020900000000239e+00 1.414597300000000057e+00
8.759000000000000462e-10 -2.128226656000001271e-02 1.500888499999999848e+00 1.482414266369999734e+00
8.789999999999999631e-10 1.674398500000000123e+00 1.660917399999999766e+00 1.164033630000019248e-03
8.813000000000000483e-10 1.579630800000000335e+00 -9.469693878000012832e-02 -1.490226732440000035e+00
8.817999999999999948e-10 -1.577210000000000445e+00 6.040263878000017711e-02 1.463259114820000040e+00
8.834999999999999993e-10 1.337189199999999856e+00 -6.492804985400002504e-02 1.499978440459999840e+00
8.836000000000000300e-10 1.482856710460000560e+00 -1.551582250145999708e+00 5.522100000000113029e-03
8.836000000000000300e-10 -9.641949491900001501e-01 1.096670000000000561e-01 -8.730779000000000734e-01
