# t	msd	err
1.000000000000566408e-07 3.846244252352442050e-01 0.000000000000000000e+00
2.249999999999919165e-07 3.834530434339697980e-01 9.434272702290593358e-04
4.333333333333257787e-07 4.173127474915973578e-01 2.821734801891620514e-02
9.897435897436352811e-07 4.787804082612651113e-01 2.677299015434479734e-02
1.397444444444427625e-06 6.006115370534499398e-01 1.345348980370990599e-01
2.516362068965518244e-06 7.483202306933395276e-01 4.725534602844976700e-02
4.500456521739134165e-06 9.461803336262487596e-01 5.903541252670932438e-02
7.973032258064507129e-06 1.415032353181956193e+00 6.607128510261815746e-02
1.453223882681570923e-05 2.073275483675649511e+00 7.581242820583383724e-02
2.563826276150640854e-05 2.944842448752364561e+00 7.988082348183840609e-02
4.522614724711885280e-05 4.661501995475271443e+00 9.020585855954862953e-02
8.144353827037797630e-05 7.819249468213071097e+00 9.601051807956502426e-02
1.460756446591528689e-04 1.434511319232680115e+01 1.314125186268185752e-01
2.608951390743844702e-04 2.591247181188394677e+01 1.860876270269350430e-01
4.648353234992640831e-04 4.678200600029222045e+01 2.481859246566959498e-01
8.290069166064430606e-04 8.898442944422775724e+01 3.178854269468268101e-01
1.476362458468836623e-03 1.762298314628067999e+02 4.557284394920222415e-01
2.600449804090092590e-03 2.390774279038231498e+02 5.111187404746817542e-01
4.270673722540922930e-03 1.338426133409172962e+02 3.636413986710938517e-01
