# t	msd	err
1.842088758397486652e-11 4.210691602728815208e-02 1.954792174262417548e-04
5.795276232169497569e-11 1.108574296665358339e-01 2.803401181396368157e-04
9.690946826772989875e-11 1.780469709656194721e-01 3.936689704503776224e-04
1.363881397486972753e-10 2.369915234675926408e-01 5.296705911064805922e-04
1.743895248433004641e-10 2.952909318251369375e-01 6.122241359615597988e-04
2.140299233299445076e-10 3.547354291912958035e-01 6.596459551539590087e-04
2.527763380860507955e-10 4.091422516013055177e-01 7.516819600845616855e-04
2.918626344483828890e-10 4.714675200450378356e-01 8.698803358782072588e-04
3.303628953248132579e-10 5.234554974813110384e-01 1.002114576874397990e-03
3.694542144308228217e-10 5.752109588276855812e-01 1.004686817024536861e-03
4.085618175420268899e-10 6.294564185369958542e-01 1.053227437190310542e-03
4.474414778567840119e-10 6.902732944557126160e-01 1.020704225866080712e-03
4.859878428187763299e-10 7.598232674882283710e-01 1.097781599062879528e-03
5.253874667935945000e-10 8.272770225155370305e-01 1.094024048527067429e-03
5.640543086102519917e-10 8.938732998287375331e-01 1.160219606296475142e-03
6.026138432872937101e-10 9.660668023249789904e-01 1.252960054022224639e-03
6.414726264273098332e-10 1.025701357152706272e+00 1.481458234088684801e-03
6.804791080032172036e-10 1.089450712012354439e+00 1.756978369944907359e-03
7.192409801538277924e-10 1.116528366688968488e+00 1.676803428816617562e-03
7.585976376294015688e-10 1.168808188695344752e+00 1.525470291322030859e-03
7.974291427114437649e-10 1.200996545198847354e+00 1.106204483360959502e-03
8.360233919510828833e-10 1.263206192713712817e+00 9.914247767150411068e-04
8.748271828130358308e-10 1.328688623976694849e+00 1.024128545561173729e-03
9.139862864638904391e-10 1.406869500582188071e+00 1.103216854651454170e-03
9.527575706121565187e-10 1.452101393384622519e+00 9.304142608610224121e-04
9.929378678350713740e-10 1.527353560143197120e+00 6.837416707151451785e-04
1.030688661730770495e-09 1.618177912972214250e+00 7.084257820817286373e-04
1.068377649685847207e-09 1.706190659576520385e+00 7.262651846347887132e-04
1.107612639219017257e-09 1.799705733493478732e+00 7.411672841490082918e-04
1.145598424455773440e-09 1.880871626851953859e+00 8.383501233998558394e-04
1.177445267334440590e-09 1.952930098636296741e+00 9.408765101946556155e-04
