# t	msd	err
1.000000000000112869e-13 6.147934178332029376e+00 1.202970783171701585e-06
2.000000000000225738e-13 6.147932425057994976e+00 nan
4.104349999999996542e-13 7.992313572727337778e+00 1.073690217564908789e+00
7.009523809523613097e-13 6.733449965851793451e+00 9.169248670728592510e-01
1.020415430267070725e-12 7.990489815187460820e+00 2.759058087694017947e-01
1.999852579852592134e-12 1.134422147796300528e+01 4.855535146546754444e-01
3.519124668435009100e-12 1.432615290809301278e+01 4.353504075121152339e-01
5.959991362422076104e-12 2.044201675241258442e+01 5.171177704676491738e-01
1.002433488250654324e-11 3.081029739738750450e+01 5.933592417118139783e-01
1.709186280137774871e-11 5.006754450920323052e+01 6.808983403258050959e-01
2.969293068817905750e-11 8.874523125523225531e+01 9.205386235826532593e-01
5.100716222441930568e-11 1.621389132407373381e+02 1.355781659084063229e+00
8.734479971086290476e-11 3.238401508152087445e+02 1.800916992322171728e+00
1.497415332369134884e-10 6.899700423052800033e+02 2.761848152170965243e+00
2.565002077547840750e-10 1.525233412896869140e+03 4.747287054721747168e+00
4.400350197287658818e-10 3.698178498490749007e+03 8.207737752165190415e+00
7.525243387135598200e-10 9.340095825404507195e+03 1.453127034013874130e+01
1.269196858053997218e-09 2.052007420395825466e+04 2.045508203141014292e+01
2.008566617226257087e-09 4.207213341251818201e+04 4.249326897939581471e+01
