# atom_type event_id atom_id barrier
1.000000000000000000e+00 6.974140000000000000e+05 4.340000000000000000e+03 1.785079209999999916e+00
1.000000000000000000e+00 6.974080000000000000e+05 4.840000000000000000e+02 1.783637279999999992e+00
1.000000000000000000e+00 6.974110000000000000e+05 5.075000000000000000e+03 1.785257040000000073e+00
1.000000000000000000e+00 6.974090000000000000e+05 4.840000000000000000e+02 1.783307610000000043e+00
1.000000000000000000e+00 6.974060000000000000e+05 8.967000000000000000e+03 1.785117089999999962e+00
1.000000000000000000e+00 6.974120000000000000e+05 1.039400000000000000e+04 1.789304159999999921e+00
1.000000000000000000e+00 6.974130000000000000e+05 4.690000000000000000e+03 1.786388270000000000e+00
1.000000000000000000e+00 6.974100000000000000e+05 7.362000000000000000e+03 1.784247729999999921e+00
1.000000000000000000e+00 6.974070000000000000e+05 9.989000000000000000e+03 1.786898969999999975e+00
