# t	msd	err
4.999999999999999536e-11 4.953581533481207444e+00 8.285584110134287805e-02
1.000000000000000553e-10 5.052332354061583430e+00 8.428566030524808905e-02
1.500000000000001024e-10 4.918991407213820999e+00 8.266573787128039807e-02
2.499664991624792546e-10 5.001928416226964380e+00 4.716848895055308216e-02
3.999663978494677249e-10 5.092240150907872298e+00 4.804292056131664879e-02
6.248523206751102433e-10 5.138531523643830923e+00 3.377021842225753911e-02
1.024578866768777884e-09 5.246206989126627640e+00 2.597595440533486885e-02
1.624160206718363588e-09 5.470818733911569254e+00 2.209839597651641271e-02
2.572474081883555899e-09 5.794069995441161858e+00 1.675913114315198682e-02
4.093790849673272392e-09 6.236662923672263048e+00 1.338415529358688051e-02
6.483333333333414549e-09 6.910983319045731932e+00 1.091082447497140027e-02
1.025461796809402962e-08 8.024991436244688359e+00 8.944148668461876853e-03
1.618949517446157541e-08 9.702749271472521642e+00 7.003368616192764615e-03
2.542261410788351082e-08 1.191623223632473128e+01 6.212257795146677343e-03
3.785000000000040179e-08 1.405128565876031566e+01 7.660366597681955193e-03
