# t	msd	err
3.999999999999982956e-14 4.220375270150062211e-03 0.000000000000000000e+00
9.958333333333364528e-14 6.589138717628614979e-03 3.638003373848160008e-04
1.986363636363595313e-13 6.411911707186160499e-03 3.863881042340017342e-04
2.994918367346899827e-13 6.815329060298924886e-03 3.977784673445260871e-04
5.037209302325580831e-13 7.727581358295961336e-03 3.004439961840372889e-04
9.286752577319618464e-13 9.299792323439118671e-03 2.501129616143101865e-04
1.456471538461541554e-12 1.264037171311032000e-02 3.587425589485915148e-04
2.515007447698744303e-12 1.598150185865956918e-02 2.656829431701939587e-04
4.456978655660358043e-12 2.363955866380462040e-02 3.016301716187385316e-04
7.699711618669320850e-12 3.600673829333198711e-02 3.048173385605786934e-04
1.344490558994557340e-11 5.804047630604204644e-02 3.057076056319717704e-04
2.326819825273413197e-11 9.496485589251099646e-02 3.361504806013415050e-04
4.046153174183680874e-11 1.599826528179206508e-01 3.544962447733020932e-04
7.017272133836488788e-11 2.773054138248287614e-01 4.025403109673960983e-04
1.217291530336667403e-10 4.787334311262571584e-01 4.973739787584362335e-04
2.104469899540754899e-10 8.258031091161264214e-01 6.106429481830173440e-04
3.630700162412623500e-10 1.415588164905545732e+00 7.641555339364329135e-04
6.246068812642378623e-10 2.425911045081932560e+00 1.080246156888501523e-03
9.848056647780904554e-10 3.765039170038133154e+00 1.606453343772725655e-03
