# t	msd	err
2.270100165916647430e-11 9.267454094577509682e-02 3.139232453700824569e-04
6.775318379613797901e-11 2.677304590194178324e-01 3.968083726667458373e-04
1.130235646742295182e-10 4.447566517270801767e-01 4.950610992418186295e-04
1.582805542652702228e-10 6.218839980222184982e-01 5.953709463937616577e-04
2.036536950622372337e-10 7.990373748177130864e-01 6.714574476123422436e-04
2.487036138643424412e-10 9.755063223737998612e-01 7.293711387090408152e-04
2.940841747593842947e-10 1.148134357376457748e+00 7.849713175419921344e-04
3.393245062322150606e-10 1.324414292079598710e+00 8.173330396458551236e-04
3.845464794660425229e-10 1.499654042773299167e+00 8.493030709762561595e-04
4.298017277485452822e-10 1.672322412994783347e+00 8.567486439824806808e-04
4.749956570934089392e-10 1.846726214165782531e+00 8.270581977735044776e-04
5.202100789683181615e-10 2.020324220641213753e+00 8.080721804753210596e-04
5.654101078709146397e-10 2.195521070371691863e+00 8.108969946174583504e-04
6.105831596159135605e-10 2.370750629597550674e+00 8.514348332548610319e-04
6.557695783531578378e-10 2.546248720912583252e+00 8.933960805028527252e-04
7.011153320176582622e-10 2.723993083572969098e+00 9.344385296604090655e-04
7.464345905265729945e-10 2.897101730399034736e+00 1.018778795574654247e-03
7.916211332475556188e-10 3.077240527665444869e+00 1.125318533344702538e-03
8.369684557606159405e-10 3.258699789416264370e+00 1.221657036299927382e-03
8.821524027370353249e-10 3.430907883907447609e+00 1.422797829475611411e-03
9.272177521556541165e-10 3.588896354914453468e+00 1.686841686380306880e-03
9.721637185444811118e-10 3.746113144555380359e+00 1.911545443749660235e-03
1.017408660881233280e-09 3.899797470299830149e+00 2.110806596117653731e-03
1.062559104563298622e-09 4.048881602306673599e+00 2.190427659668940132e-03
1.108005708662655228e-09 4.187043215961312903e+00 2.132993271264985863e-03
1.153058344170865294e-09 4.323925223287216291e+00 2.004501040082272249e-03
1.198248820026657539e-09 4.440731512767232658e+00 1.851486062454665198e-03
1.243988657558957948e-09 4.549191680659229853e+00 1.520256932100490319e-03
1.288637968817835926e-09 4.660539899756109605e+00 1.466027447232281112e-03
1.331386624971740874e-09 4.767403903280656330e+00 1.860910819471133437e-03
1.369973269999811882e-09 4.855468795695785822e+00 1.438843076229280897e-03
