# t	msd	err
1.999999999999385633e-15 2.304445463509799119e-01 0.000000000000000000e+00
1.000000000000177493e-14 3.678240499622282833e-01 0.000000000000000000e+00
2.773333333333267221e-14 3.654400595303424204e-01 1.513958654852887720e-01
9.924545454545992193e-14 5.060834477420456112e-01 6.150240926355689947e-02
1.420249999999974687e-13 9.059451704694740926e-01 3.820424412427222971e-01
2.486875816993443004e-13 5.312255868189825758e-01 4.285146137676611872e-02
5.014027149321249802e-13 7.010553901235672125e-01 5.099208598648368590e-02
8.785111821086323934e-13 8.010297833071969853e-01 4.640578475541221048e-02
1.508928985507245704e-12 1.068865351256720331e+00 4.565734501224488068e-02
2.641799140708930277e-12 1.538049714975513238e+00 4.991020102988414503e-02
4.775020512820539229e-12 2.172999060054916498e+00 5.122306020574043939e-02
8.526492415169666590e-12 3.412246075403512879e+00 6.478626485739495677e-02
1.514597354523230015e-11 5.304266131036388110e+00 8.413834758779498157e-02
2.690181809472390105e-11 9.411516230846700637e+00 1.033791779040331565e-01
4.768077162776433333e-11 1.705069897928317602e+01 1.276400214553977674e-01
8.510708188140852400e-11 3.399076947308189034e+01 1.779883701236945059e-01
1.507709119222580729e-10 6.012813738434316946e+01 2.206943952094745920e-01
2.659881253823212254e-10 9.982325949145580068e+01 2.170879358638751200e-01
4.702859250820903139e-10 1.949062067943480656e+02 3.058439539536720875e-01
7.675026471784545710e-10 4.201959051633468789e+02 6.029102631656030331e-01
