# t	msd	err
1.300000000000004558e-14 6.391808689345794825e-01 0.000000000000000000e+00
3.313999999999915247e-14 2.071791102974523291e+00 2.771260428162124478e-01
6.333333333332949571e-14 1.219044183093876965e+00 3.701548521219495402e-01
1.000975609756072987e-13 1.495409914598520240e+00 1.240745315789167497e-01
1.996257731958829233e-13 1.710537261107822893e+00 1.276873468675754908e-01
3.483892215568862970e-13 2.383685706021895889e+00 1.708377413964245195e-01
6.590273972602734883e-13 2.489503583833194256e+00 1.247469242865823502e-01
1.152879492187498981e-12 3.237370193894084203e+00 1.161625005127719518e-01
2.124471208226217104e-12 4.342217910657430124e+00 1.441529564188085977e-01
3.902312573964522982e-12 6.048152783855413439e+00 1.526634638436210889e-01
7.129837523105364239e-12 8.914159297963475836e+00 1.718894944012576420e-01
1.304128592692839321e-11 1.337097846821192704e+01 1.788136586175921028e-01
2.368868848864529178e-11 2.047164297762148877e+01 2.152474867632746258e-01
4.319777203461545680e-11 3.359350971828459365e+01 2.234435041636035624e-01
7.840165170937747744e-11 5.390904506680735864e+01 2.589812847513677796e-01
1.420841656811349308e-10 8.891179869057070562e+01 3.305192191639349519e-01
2.568244841830862198e-10 1.761426832179272992e+02 4.925256610564929804e-01
4.613741718371801302e-10 3.861430360188853115e+02 7.402323569250083279e-01
7.902152024419365406e-10 9.147634156734217186e+02 1.639753353458013096e+00
