# t	msd	err
3.313999999999915247e-14 8.692160908528838713e-06 1.921428921765579848e-06
6.333333333332949571e-14 6.590901277787800936e-06 7.355705816323131705e-07
1.009999999999995696e-13 9.967062452279236689e-06 2.073630491375441955e-06
1.934230769230779261e-13 8.178564675928744315e-06 1.710445656672857971e-06
3.455629629629635451e-13 1.254149856769476575e-05 2.326109243847689208e-06
6.521846153846152682e-13 1.166146682478782620e-05 1.110057705068488717e-06
1.127957746478872559e-12 1.447608049063996086e-05 1.208673534918777582e-06
1.991262790697673991e-12 2.202228146238361268e-05 1.421887606993358134e-06
3.673458846153844536e-12 2.709300832196671834e-05 1.313090405090223409e-06
6.619582531645574085e-12 3.565359005722867615e-05 1.324829677237515852e-06
1.179368021978022176e-11 5.768028512543386634e-05 1.350213830041304915e-06
2.129110997536941705e-11 6.603015259360954482e-05 1.278860553401847782e-06
3.809394058976587699e-11 1.164220709246353505e-04 1.390504319184388234e-06
6.550910027285139208e-11 2.576784719452276441e-04 2.276630551325382107e-06
