# t	msd	err
1.166666666666638566e-11 4.620285132609530145e-04 2.521930440906066524e-07
2.500000000000353258e-11 4.618164906502785286e-04 5.135900684717145710e-07
4.749999999999761292e-11 4.620055457098224154e-04 2.614947981741992426e-07
9.927083333333374662e-11 5.053865789231006770e-04 1.373424252237111015e-05
1.404333333333318713e-10 5.009418659180515368e-04 3.691858329131636479e-05
2.520540540540471014e-10 6.041989700674871852e-04 1.889062286222199140e-05
4.975143769968034731e-10 7.212504623594846774e-04 2.399176369969744621e-05
8.478987951807269146e-10 9.196411584403935222e-04 2.423225562578782145e-05
1.514200238379011208e-09 1.227288775977530486e-03 2.222239956363880286e-05
2.707783498349819563e-09 1.866570035132014390e-03 2.405013991138694156e-05
4.878767589220584843e-09 2.923252587744485775e-03 2.464603333252470579e-05
8.765970343137112603e-09 4.788872037312386261e-03 2.723273503952269292e-05
1.575840616931352330e-08 8.015575871704191946e-03 2.946526410536933887e-05
2.833489005601321011e-08 1.369255623068127772e-02 3.323883247115037279e-05
5.101419400965493652e-08 2.344620652385058859e-02 3.560689297704594964e-05
9.130806110123566627e-08 4.096543918924615973e-02 4.082195460427573452e-05
1.640798842431405431e-07 7.092209968721940871e-02 4.967985992679999790e-05
2.891586615577103581e-07 1.259468744071746971e-01 7.245016772200911840e-05
4.815826664138315894e-07 2.079581968853939367e-01 1.250784157033242052e-04
