# t	msd	err
7.670092044176606056e-09 9.758299205615617034e-02 3.430033915425632191e-04
2.314112285816303734e-08 2.768255431155227098e-01 5.204410419632133538e-04
3.864745197985950905e-08 4.587406062121645034e-01 7.406257431956404097e-04
5.412794135490406304e-08 6.425427347944354661e-01 9.908520128636306989e-04
6.969152061855694572e-08 8.288918889993293071e-01 1.254413054497149210e-03
8.510686685562225771e-08 1.015498371360758156e+00 1.562642235943364393e-03
1.006558100663399882e-07 1.198063131182124819e+00 1.890075042849721125e-03
1.159861190873686282e-07 1.373586286198944961e+00 2.221184237385217131e-03
1.315460384249199917e-07 1.555034976473793851e+00 2.504601041262237079e-03
1.470802785786789535e-07 1.728113969546210882e+00 2.895362325233903893e-03
1.624152129649863783e-07 1.898824478000856963e+00 3.256394096918940016e-03
1.780079947666191792e-07 2.063283081336310332e+00 3.543596988869319314e-03
1.933599798417989278e-07 2.247796025663954200e+00 3.728906617344326848e-03
2.088923710577143744e-07 2.420296374459045552e+00 3.958529862435842921e-03
2.243686122682429045e-07 2.560948690721267518e+00 4.294379997409955053e-03
2.398188645038199562e-07 2.712877969290291791e+00 4.477118336970619360e-03
2.554682046544902291e-07 2.877804794667444988e+00 4.522507755943989093e-03
2.707338949992098610e-07 3.019161098204758087e+00 4.719090406411668645e-03
2.862326442009015494e-07 3.161606939878117029e+00 4.789758431183839364e-03
3.016738594558842992e-07 3.262881784053693668e+00 4.798153543102133024e-03
3.170854174894316121e-07 3.376637470840515576e+00 4.444689170235664039e-03
3.327109468785842461e-07 3.502898250207044928e+00 4.016659977065851518e-03
3.481262802188452422e-07 3.625041879359631736e+00 3.559127079835688445e-03
3.638040187603257634e-07 3.733916243490041253e+00 3.053997747967622436e-03
3.790770420318761200e-07 3.854993829614180356e+00 2.550857221290995635e-03
3.945371617609535510e-07 3.987741532517742993e+00 2.455083800412104916e-03
4.099893866666728752e-07 4.081890405108811848e+00 2.455368066283424803e-03
4.253676159836282140e-07 4.186307797754149185e+00 2.017304999879248988e-03
4.407019752873600433e-07 4.304799016222395025e+00 1.648634837187716020e-03
4.547797857143255567e-07 4.410663068466684322e+00 1.751553108986372105e-03
4.678150256408935782e-07 4.479533124550914458e+00 3.229862499644221840e-03
