# t	msd	err
1.040000000000000036e+01 2.447993111174505965e-01 1.857999958041354083e-03
2.000000000000000000e+01 2.490773203298047578e-01 2.013086491785035306e-03
3.608333333333333570e+01 3.091789561624982419e-01 5.930512305230959541e-02
6.006666666666666998e+01 3.462638187068403650e-01 4.298575691288865352e-02
9.962445414847161373e+01 2.431880037353657542e+00 1.312849420087338348e-01
1.532650602409638623e+02 5.138013813532708030e-01 5.292092647739597699e-02
2.507837307152875326e+02 4.276411096678525148e+00 1.992248118262995582e-01
4.462756183745582916e+02 6.043131552386570071e+00 2.470185824882140113e-01
6.919898437499999773e+02 9.732373827226124874e+00 2.941696579145979262e-01
1.142726917839310090e+03 1.221976670153314437e+01 2.354834102702657306e-01
1.875922637795275023e+03 2.040133764369609182e+01 4.170600824589689171e-01
3.048805458187279783e+03 1.730067092592917888e+01 3.104298889687958085e-01
5.000867056945184231e+03 2.670929967270928884e+01 3.345157825539621377e-01
8.243097489135690921e+03 5.365196749956128741e+01 6.031674922789993509e-01
1.342970834727644251e+04 5.683736306917262482e+01 6.306723760484138630e-01
2.223959318737840294e+04 5.415185411811010141e+01 4.497756394079002740e-01
3.606563212717010174e+04 5.985679130657207736e+01 3.106838532714599754e-01
5.959739734183622204e+04 8.994612259468034665e+01 3.280369739947470165e-01
9.259758052751874493e+04 1.410044686026534180e+02 4.443339151552376798e-01
