# Barrier Energy Step Time
0.000000000000000000e+00 -6.093215000000000146e+03 0.000000000000000000e+00 0.000000000000000000e+00
9.969999999999999973e-01 -6.092217999999999847e+03 5.000000000000000000e-01 5.064000000000000297e-10
0.000000000000000000e+00 -6.093215000000000146e+03 1.000000000000000000e+00 5.064000000000000297e-10
9.969999999999999973e-01 -6.092219000000000051e+03 1.500000000000000000e+00 2.779999999999999913e-09
0.000000000000000000e+00 -6.093215000000000146e+03 2.000000000000000000e+00 2.779999999999999913e-09
9.969999999999999973e-01 -6.092219000000000051e+03 2.500000000000000000e+00 6.834999999999999662e-09
0.000000000000000000e+00 -6.093215000000000146e+03 3.000000000000000000e+00 6.834999999999999662e-09
9.969999999999999973e-01 -6.092217999999999847e+03 3.500000000000000000e+00 7.325000000000000244e-09
0.000000000000000000e+00 -6.093215000000000146e+03 4.000000000000000000e+00 7.325000000000000244e-09
9.969999999999999973e-01 -6.092217999999999847e+03 4.500000000000000000e+00 7.623999999999999315e-09
0.000000000000000000e+00 -6.093215000000000146e+03 5.000000000000000000e+00 7.623999999999999315e-09
9.969999999999999973e-01 -6.092217999999999847e+03 5.500000000000000000e+00 7.791999999999999562e-09
0.000000000000000000e+00 -6.093215000000000146e+03 6.000000000000000000e+00 7.791999999999999562e-09
9.969999999999999973e-01 -6.092217999999999847e+03 6.500000000000000000e+00 8.328999999999999672e-09
0.000000000000000000e+00 -6.093215000000000146e+03 7.000000000000000000e+00 8.328999999999999672e-09
9.969999999999999973e-01 -6.092217999999999847e+03 7.500000000000000000e+00 9.691000000000000552e-09
0.000000000000000000e+00 -6.093215000000000146e+03 8.000000000000000000e+00 9.691000000000000552e-09
9.969999999999999973e-01 -6.092219000000000051e+03 8.500000000000000000e+00 1.002999999999999949e-08
0.000000000000000000e+00 -6.093215000000000146e+03 9.000000000000000000e+00 1.002999999999999949e-08
9.969999999999999973e-01 -6.092219000000000051e+03 9.500000000000000000e+00 1.152999999999999968e-08
0.000000000000000000e+00 -6.093215000000000146e+03 1.000000000000000000e+01 1.152999999999999968e-08
9.969999999999999973e-01 -6.092217999999999847e+03 1.050000000000000000e+01 1.337999999999999970e-08
0.000000000000000000e+00 -6.093215000000000146e+03 1.100000000000000000e+01 1.337999999999999970e-08
9.969999999999999973e-01 -6.092219000000000051e+03 1.150000000000000000e+01 1.598000000000000148e-08
0.000000000000000000e+00 -6.093215000000000146e+03 1.200000000000000000e+01 1.598000000000000148e-08
9.969999999999999973e-01 -6.092217999999999847e+03 1.250000000000000000e+01 1.607000000000000096e-08
0.000000000000000000e+00 -6.093215000000000146e+03 1.300000000000000000e+01 1.607000000000000096e-08
9.969999999999999973e-01 -6.092217999999999847e+03 1.350000000000000000e+01 1.654000000000000120e-08
0.000000000000000000e+00 -6.093215000000000146e+03 1.400000000000000000e+01 1.654000000000000120e-08
9.969999999999999973e-01 -6.092219000000000051e+03 1.450000000000000000e+01 1.871000000000000012e-08
0.000000000000000000e+00 -6.093215000000000146e+03 1.500000000000000000e+01 1.871000000000000012e-08
9.969999999999999973e-01 -6.092217999999999847e+03 1.550000000000000000e+01 1.905999999999999994e-08
0.000000000000000000e+00 -6.093215000000000146e+03 1.600000000000000000e+01 1.905999999999999994e-08
9.969999999999999973e-01 -6.092217999999999847e+03 1.650000000000000000e+01 2.075999999999999862e-08
0.000000000000000000e+00 -6.093215000000000146e+03 1.700000000000000000e+01 2.075999999999999862e-08
9.969999999999999973e-01 -6.092217999999999847e+03 1.750000000000000000e+01 2.101999999999999896e-08
0.000000000000000000e+00 -6.093215000000000146e+03 1.800000000000000000e+01 2.101999999999999896e-08
9.969999999999999973e-01 -6.092219000000000051e+03 1.850000000000000000e+01 2.120999999999999934e-08
0.000000000000000000e+00 -6.093215000000000146e+03 1.900000000000000000e+01 2.120999999999999934e-08
9.969999999999999973e-01 -6.092219000000000051e+03 1.950000000000000000e+01 2.122999999999999886e-08
0.000000000000000000e+00 -6.093215000000000146e+03 2.000000000000000000e+01 2.122999999999999886e-08
9.969999999999999973e-01 -6.092217999999999847e+03 2.050000000000000000e+01 2.148000000000000110e-08
0.000000000000000000e+00 -6.093215000000000146e+03 2.100000000000000000e+01 2.148000000000000110e-08
9.969999999999999973e-01 -6.092217999999999847e+03 2.150000000000000000e+01 2.251000000000000106e-08
0.000000000000000000e+00 -6.093215000000000146e+03 2.200000000000000000e+01 2.251000000000000106e-08
9.969999999999999973e-01 -6.092217999999999847e+03 2.250000000000000000e+01 2.382000000000000088e-08
0.000000000000000000e+00 -6.093215000000000146e+03 2.300000000000000000e+01 2.382000000000000088e-08
9.969999999999999973e-01 -6.092217999999999847e+03 2.350000000000000000e+01 2.429999999999999922e-08
0.000000000000000000e+00 -6.093215000000000146e+03 2.400000000000000000e+01 2.429999999999999922e-08
9.969999999999999973e-01 -6.092217999999999847e+03 2.450000000000000000e+01 2.476000000000000135e-08
0.000000000000000000e+00 -6.093215000000000146e+03 2.500000000000000000e+01 2.476000000000000135e-08
9.969999999999999973e-01 -6.092219000000000051e+03 2.550000000000000000e+01 2.543000000000000007e-08
0.000000000000000000e+00 -6.093215000000000146e+03 2.600000000000000000e+01 2.543000000000000007e-08
9.969999999999999973e-01 -6.092217999999999847e+03 2.650000000000000000e+01 2.560000000000000093e-08
0.000000000000000000e+00 -6.093215000000000146e+03 2.700000000000000000e+01 2.560000000000000093e-08
9.969999999999999973e-01 -6.092219000000000051e+03 2.750000000000000000e+01 2.790999999999999978e-08
0.000000000000000000e+00 -6.093215000000000146e+03 2.800000000000000000e+01 2.790999999999999978e-08
9.969999999999999973e-01 -6.092217999999999847e+03 2.850000000000000000e+01 2.888000000000000119e-08
0.000000000000000000e+00 -6.093215000000000146e+03 2.900000000000000000e+01 2.888000000000000119e-08
9.969999999999999973e-01 -6.092219000000000051e+03 2.950000000000000000e+01 2.921999999999999960e-08
0.000000000000000000e+00 -6.093215000000000146e+03 3.000000000000000000e+01 2.921999999999999960e-08
9.959999999999999964e-01 -6.092219000000000051e+03 3.050000000000000000e+01 3.155999999999999938e-08
0.000000000000000000e+00 -6.093215000000000146e+03 3.100000000000000000e+01 3.155999999999999938e-08
9.969999999999999973e-01 -6.092217999999999847e+03 3.150000000000000000e+01 3.166000000000000027e-08
0.000000000000000000e+00 -6.093215000000000146e+03 3.200000000000000000e+01 3.166000000000000027e-08
9.969999999999999973e-01 -6.092217999999999847e+03 3.250000000000000000e+01 3.198999999999999727e-08
0.000000000000000000e+00 -6.093215000000000146e+03 3.300000000000000000e+01 3.198999999999999727e-08
9.969999999999999973e-01 -6.092219000000000051e+03 3.350000000000000000e+01 3.312000000000000143e-08
0.000000000000000000e+00 -6.093215000000000146e+03 3.400000000000000000e+01 3.312000000000000143e-08
9.969999999999999973e-01 -6.092217999999999847e+03 3.450000000000000000e+01 3.362999999999999740e-08
0.000000000000000000e+00 -6.093215000000000146e+03 3.500000000000000000e+01 3.362999999999999740e-08
9.969999999999999973e-01 -6.092217999999999847e+03 3.550000000000000000e+01 3.773000000000000102e-08
0.000000000000000000e+00 -6.093215000000000146e+03 3.600000000000000000e+01 3.773000000000000102e-08
9.969999999999999973e-01 -6.092217999999999847e+03 3.650000000000000000e+01 3.804000000000000181e-08
0.000000000000000000e+00 -6.093215000000000146e+03 3.700000000000000000e+01 3.804000000000000181e-08
9.969999999999999973e-01 -6.092219000000000051e+03 3.750000000000000000e+01 4.007999999999999891e-08
0.000000000000000000e+00 -6.093215000000000146e+03 3.800000000000000000e+01 4.007999999999999891e-08
9.969999999999999973e-01 -6.092217999999999847e+03 3.850000000000000000e+01 4.043999999999999684e-08
0.000000000000000000e+00 -6.093215000000000146e+03 3.900000000000000000e+01 4.043999999999999684e-08
9.969999999999999973e-01 -6.092219000000000051e+03 3.950000000000000000e+01 4.052000000000000152e-08
0.000000000000000000e+00 -6.093215000000000146e+03 4.000000000000000000e+01 4.052000000000000152e-08
9.959999999999999964e-01 -6.092219000000000051e+03 4.050000000000000000e+01 4.297000000000000030e-08
0.000000000000000000e+00 -6.093215000000000146e+03 4.100000000000000000e+01 4.297000000000000030e-08
9.969999999999999973e-01 -6.092217999999999847e+03 4.150000000000000000e+01 4.383000000000000271e-08
0.000000000000000000e+00 -6.093215000000000146e+03 4.200000000000000000e+01 4.383000000000000271e-08
9.969999999999999973e-01 -6.092219000000000051e+03 4.250000000000000000e+01 4.453000000000000236e-08
0.000000000000000000e+00 -6.093215000000000146e+03 4.300000000000000000e+01 4.453000000000000236e-08
9.969999999999999973e-01 -6.092217999999999847e+03 4.350000000000000000e+01 4.485000000000000125e-08
0.000000000000000000e+00 -6.093215000000000146e+03 4.400000000000000000e+01 4.485000000000000125e-08
9.969999999999999973e-01 -6.092219000000000051e+03 4.450000000000000000e+01 4.502000000000000211e-08
0.000000000000000000e+00 -6.093215000000000146e+03 4.500000000000000000e+01 4.502000000000000211e-08
9.969999999999999973e-01 -6.092217999999999847e+03 4.550000000000000000e+01 4.711000000000000296e-08
0.000000000000000000e+00 -6.093215000000000146e+03 4.600000000000000000e+01 4.711000000000000296e-08
9.969999999999999973e-01 -6.092217999999999847e+03 4.650000000000000000e+01 4.772999999999999792e-08
0.000000000000000000e+00 -6.093215000000000146e+03 4.700000000000000000e+01 4.772999999999999792e-08
9.969999999999999973e-01 -6.092217999999999847e+03 4.750000000000000000e+01 4.980000000000000256e-08
0.000000000000000000e+00 -6.093215000000000146e+03 4.800000000000000000e+01 4.980000000000000256e-08
9.969999999999999973e-01 -6.092217999999999847e+03 4.850000000000000000e+01 5.051999999999999842e-08
0.000000000000000000e+00 -6.093215000000000146e+03 4.900000000000000000e+01 5.051999999999999842e-08
9.969999999999999973e-01 -6.092219000000000051e+03 4.950000000000000000e+01 5.348999999999999789e-08
0.000000000000000000e+00 -6.093215000000000146e+03 5.000000000000000000e+01 5.348999999999999789e-08
9.969999999999999973e-01 -6.092219000000000051e+03 5.050000000000000000e+01 5.387999999999999675e-08
0.000000000000000000e+00 -6.093215000000000146e+03 5.100000000000000000e+01 5.387999999999999675e-08
9.969999999999999973e-01 -6.092217999999999847e+03 5.150000000000000000e+01 5.414000000000000040e-08
0.000000000000000000e+00 -6.093215000000000146e+03 5.200000000000000000e+01 5.414000000000000040e-08
9.969999999999999973e-01 -6.092217999999999847e+03 5.250000000000000000e+01 5.501999999999999901e-08
0.000000000000000000e+00 -6.093215000000000146e+03 5.300000000000000000e+01 5.501999999999999901e-08
9.969999999999999973e-01 -6.092217999999999847e+03 5.350000000000000000e+01 5.662000000000000011e-08
0.000000000000000000e+00 -6.093215000000000146e+03 5.400000000000000000e+01 5.662000000000000011e-08
9.969999999999999973e-01 -6.092217999999999847e+03 5.450000000000000000e+01 5.742999999999999876e-08
0.000000000000000000e+00 -6.093215000000000146e+03 5.500000000000000000e+01 5.742999999999999876e-08
9.969999999999999973e-01 -6.092219000000000051e+03 5.550000000000000000e+01 5.815999999999999934e-08
0.000000000000000000e+00 -6.093215000000000146e+03 5.600000000000000000e+01 5.815999999999999934e-08
9.969999999999999973e-01 -6.092217999999999847e+03 5.650000000000000000e+01 5.874000000000000188e-08
0.000000000000000000e+00 -6.093215000000000146e+03 5.700000000000000000e+01 5.874000000000000188e-08
9.969999999999999973e-01 -6.092217999999999847e+03 5.750000000000000000e+01 5.971999999999999478e-08
0.000000000000000000e+00 -6.093215000000000146e+03 5.800000000000000000e+01 5.971999999999999478e-08
9.969999999999999973e-01 -6.092217999999999847e+03 5.850000000000000000e+01 6.241000000000000100e-08
0.000000000000000000e+00 -6.093215000000000146e+03 5.900000000000000000e+01 6.241000000000000100e-08
9.969999999999999973e-01 -6.092217999999999847e+03 5.950000000000000000e+01 6.244999999999999342e-08
0.000000000000000000e+00 -6.093215000000000146e+03 6.000000000000000000e+01 6.244999999999999342e-08
9.969999999999999973e-01 -6.092217999999999847e+03 6.050000000000000000e+01 6.261000000000000279e-08
0.000000000000000000e+00 -6.093215000000000146e+03 6.100000000000000000e+01 6.261000000000000279e-08
9.969999999999999973e-01 -6.092217999999999847e+03 6.150000000000000000e+01 6.355999999999999475e-08
0.000000000000000000e+00 -6.093215000000000146e+03 6.200000000000000000e+01 6.355999999999999475e-08
9.969999999999999973e-01 -6.092217999999999847e+03 6.250000000000000000e+01 6.530999999999999388e-08
0.000000000000000000e+00 -6.093215000000000146e+03 6.300000000000000000e+01 6.530999999999999388e-08
9.969999999999999973e-01 -6.092217999999999847e+03 6.350000000000000000e+01 6.639000000000000090e-08
0.000000000000000000e+00 -6.093215000000000146e+03 6.400000000000000000e+01 6.639000000000000090e-08
9.969999999999999973e-01 -6.092219000000000051e+03 6.450000000000000000e+01 6.709000000000000055e-08
0.000000000000000000e+00 -6.093215000000000146e+03 6.500000000000000000e+01 6.709000000000000055e-08
9.969999999999999973e-01 -6.092217999999999847e+03 6.550000000000000000e+01 6.774999999999999455e-08
0.000000000000000000e+00 -6.093215000000000146e+03 6.600000000000000000e+01 6.774999999999999455e-08
9.969999999999999973e-01 -6.092217999999999847e+03 6.650000000000000000e+01 6.779000000000000020e-08
0.000000000000000000e+00 -6.093215000000000146e+03 6.700000000000000000e+01 6.779000000000000020e-08
9.969999999999999973e-01 -6.092217999999999847e+03 6.750000000000000000e+01 6.792000000000000203e-08
0.000000000000000000e+00 -6.093215000000000146e+03 6.800000000000000000e+01 6.792000000000000203e-08
9.969999999999999973e-01 -6.092217999999999847e+03 6.850000000000000000e+01 6.814999999999999813e-08
0.000000000000000000e+00 -6.093215000000000146e+03 6.900000000000000000e+01 6.814999999999999813e-08
9.969999999999999973e-01 -6.092219000000000051e+03 6.950000000000000000e+01 6.967000000000000116e-08
0.000000000000000000e+00 -6.093215000000000146e+03 7.000000000000000000e+01 6.967000000000000116e-08
9.969999999999999973e-01 -6.092217999999999847e+03 7.050000000000000000e+01 7.093000000000000053e-08
0.000000000000000000e+00 -6.093215000000000146e+03 7.100000000000000000e+01 7.093000000000000053e-08
9.969999999999999973e-01 -6.092217999999999847e+03 7.150000000000000000e+01 7.248999999999999597e-08
0.000000000000000000e+00 -6.093215000000000146e+03 7.200000000000000000e+01 7.248999999999999597e-08
9.969999999999999973e-01 -6.092217999999999847e+03 7.250000000000000000e+01 7.434000000000000261e-08
0.000000000000000000e+00 -6.093215000000000146e+03 7.300000000000000000e+01 7.434000000000000261e-08
9.969999999999999973e-01 -6.092217999999999847e+03 7.350000000000000000e+01 7.436999999999999692e-08
0.000000000000000000e+00 -6.093215000000000146e+03 7.400000000000000000e+01 7.436999999999999692e-08
9.969999999999999973e-01 -6.092219000000000051e+03 7.450000000000000000e+01 7.588000000000000184e-08
0.000000000000000000e+00 -6.093215000000000146e+03 7.500000000000000000e+01 7.588000000000000184e-08
9.959999999999999964e-01 -6.092219000000000051e+03 7.550000000000000000e+01 7.603999999999999798e-08
0.000000000000000000e+00 -6.093215000000000146e+03 7.600000000000000000e+01 7.603999999999999798e-08
9.969999999999999973e-01 -6.092219000000000051e+03 7.650000000000000000e+01 7.653999999999999584e-08
0.000000000000000000e+00 -6.093215000000000146e+03 7.700000000000000000e+01 7.653999999999999584e-08
9.969999999999999973e-01 -6.092217999999999847e+03 7.750000000000000000e+01 7.664000000000000335e-08
0.000000000000000000e+00 -6.093215000000000146e+03 7.800000000000000000e+01 7.664000000000000335e-08
9.969999999999999973e-01 -6.092217999999999847e+03 7.850000000000000000e+01 7.735000000000000111e-08
0.000000000000000000e+00 -6.093215000000000146e+03 7.900000000000000000e+01 7.735000000000000111e-08
9.969999999999999973e-01 -6.092217999999999847e+03 7.950000000000000000e+01 7.789000000000000462e-08
0.000000000000000000e+00 -6.093215000000000146e+03 8.000000000000000000e+01 7.789000000000000462e-08
9.969999999999999973e-01 -6.092217999999999847e+03 8.050000000000000000e+01 7.828999999999999496e-08
0.000000000000000000e+00 -6.093215000000000146e+03 8.100000000000000000e+01 7.828999999999999496e-08
9.969999999999999973e-01 -6.092217999999999847e+03 8.150000000000000000e+01 7.848999999999999676e-08
0.000000000000000000e+00 -6.093215000000000146e+03 8.200000000000000000e+01 7.848999999999999676e-08
9.969999999999999973e-01 -6.092217999999999847e+03 8.250000000000000000e+01 7.868000000000000044e-08
0.000000000000000000e+00 -6.093215000000000146e+03 8.300000000000000000e+01 7.868000000000000044e-08
9.969999999999999973e-01 -6.092219000000000051e+03 8.350000000000000000e+01 7.924000000000000016e-08
0.000000000000000000e+00 -6.093215000000000146e+03 8.400000000000000000e+01 7.924000000000000016e-08
9.969999999999999973e-01 -6.092217999999999847e+03 8.450000000000000000e+01 8.050999999999999764e-08
0.000000000000000000e+00 -6.093215000000000146e+03 8.500000000000000000e+01 8.050999999999999764e-08
9.969999999999999973e-01 -6.092217999999999847e+03 8.550000000000000000e+01 8.230000000000000242e-08
0.000000000000000000e+00 -6.093215000000000146e+03 8.600000000000000000e+01 8.230000000000000242e-08
9.969999999999999973e-01 -6.092219000000000051e+03 8.650000000000000000e+01 8.284000000000000593e-08
0.000000000000000000e+00 -6.093215000000000146e+03 8.700000000000000000e+01 8.284000000000000593e-08
9.969999999999999973e-01 -6.092217999999999847e+03 8.750000000000000000e+01 8.362000000000000365e-08
0.000000000000000000e+00 -6.093215000000000146e+03 8.800000000000000000e+01 8.362000000000000365e-08
9.969999999999999973e-01 -6.092217999999999847e+03 8.850000000000000000e+01 8.440999999999999947e-08
0.000000000000000000e+00 -6.093215000000000146e+03 8.900000000000000000e+01 8.440999999999999947e-08
9.969999999999999973e-01 -6.092217999999999847e+03 8.950000000000000000e+01 8.496000000000000109e-08
0.000000000000000000e+00 -6.093215000000000146e+03 9.000000000000000000e+01 8.496000000000000109e-08
9.969999999999999973e-01 -6.092219000000000051e+03 9.050000000000000000e+01 8.531000000000000091e-08
0.000000000000000000e+00 -6.093215000000000146e+03 9.100000000000000000e+01 8.531000000000000091e-08
9.969999999999999973e-01 -6.092219000000000051e+03 9.150000000000000000e+01 8.570000000000000639e-08
0.000000000000000000e+00 -6.093215000000000146e+03 9.200000000000000000e+01 8.570000000000000639e-08
9.969999999999999973e-01 -6.092217999999999847e+03 9.250000000000000000e+01 8.580000000000000067e-08
0.000000000000000000e+00 -6.093215000000000146e+03 9.300000000000000000e+01 8.580000000000000067e-08
9.969999999999999973e-01 -6.092219000000000051e+03 9.350000000000000000e+01 8.587999999999999874e-08
0.000000000000000000e+00 -6.093215000000000146e+03 9.400000000000000000e+01 8.587999999999999874e-08
9.969999999999999973e-01 -6.092217999999999847e+03 9.450000000000000000e+01 8.766000000000000541e-08
0.000000000000000000e+00 -6.093215000000000146e+03 9.500000000000000000e+01 8.766000000000000541e-08
9.969999999999999973e-01 -6.092219000000000051e+03 9.550000000000000000e+01 8.858000000000000306e-08
0.000000000000000000e+00 -6.093215000000000146e+03 9.600000000000000000e+01 8.858000000000000306e-08
9.969999999999999973e-01 -6.092217999999999847e+03 9.650000000000000000e+01 8.990000000000000430e-08
0.000000000000000000e+00 -6.093215000000000146e+03 9.700000000000000000e+01 8.990000000000000430e-08
9.969999999999999973e-01 -6.092217999999999847e+03 9.750000000000000000e+01 9.040000000000000216e-08
0.000000000000000000e+00 -6.093215000000000146e+03 9.800000000000000000e+01 9.040000000000000216e-08
9.969999999999999973e-01 -6.092217999999999847e+03 9.850000000000000000e+01 9.046000000000000402e-08
0.000000000000000000e+00 -6.093215000000000146e+03 9.900000000000000000e+01 9.046000000000000402e-08
9.969999999999999973e-01 -6.092219000000000051e+03 9.950000000000000000e+01 9.048000000000000023e-08
0.000000000000000000e+00 -6.093215000000000146e+03 1.000000000000000000e+02 9.048000000000000023e-08
9.969999999999999973e-01 -6.092217999999999847e+03 1.005000000000000000e+02 9.064999999999999447e-08
0.000000000000000000e+00 -6.093215000000000146e+03 1.010000000000000000e+02 9.064999999999999447e-08
9.969999999999999973e-01 -6.092219000000000051e+03 1.015000000000000000e+02 9.118999999999999798e-08
0.000000000000000000e+00 -6.093215000000000146e+03 1.020000000000000000e+02 9.118999999999999798e-08
9.969999999999999973e-01 -6.092217999999999847e+03 1.025000000000000000e+02 9.120999999999999419e-08
0.000000000000000000e+00 -6.093215000000000146e+03 1.030000000000000000e+02 9.120999999999999419e-08
9.969999999999999973e-01 -6.092217999999999847e+03 1.035000000000000000e+02 9.341999999999999876e-08
0.000000000000000000e+00 -6.093215000000000146e+03 1.040000000000000000e+02 9.341999999999999876e-08
9.969999999999999973e-01 -6.092217999999999847e+03 1.045000000000000000e+02 9.359000000000000624e-08
0.000000000000000000e+00 -6.093215000000000146e+03 1.050000000000000000e+02 9.359000000000000624e-08
9.969999999999999973e-01 -6.092217999999999847e+03 1.055000000000000000e+02 9.388000000000000420e-08
0.000000000000000000e+00 -6.093215000000000146e+03 1.060000000000000000e+02 9.388000000000000420e-08
9.969999999999999973e-01 -6.092217999999999847e+03 1.065000000000000000e+02 9.390000000000000041e-08
0.000000000000000000e+00 -6.093215000000000146e+03 1.070000000000000000e+02 9.390000000000000041e-08
9.969999999999999973e-01 -6.092217999999999847e+03 1.075000000000000000e+02 9.395000000000000417e-08
0.000000000000000000e+00 -6.093215000000000146e+03 1.080000000000000000e+02 9.395000000000000417e-08
9.969999999999999973e-01 -6.092217999999999847e+03 1.085000000000000000e+02 9.461999999999999627e-08
0.000000000000000000e+00 -6.093215000000000146e+03 1.090000000000000000e+02 9.461999999999999627e-08
9.969999999999999973e-01 -6.092217999999999847e+03 1.095000000000000000e+02 9.545999999999999585e-08
0.000000000000000000e+00 -6.093215000000000146e+03 1.100000000000000000e+02 9.545999999999999585e-08
9.969999999999999973e-01 -6.092217999999999847e+03 1.105000000000000000e+02 9.562000000000000522e-08
0.000000000000000000e+00 -6.093215000000000146e+03 1.110000000000000000e+02 9.562000000000000522e-08
9.969999999999999973e-01 -6.092219000000000051e+03 1.115000000000000000e+02 9.627999999999999922e-08
0.000000000000000000e+00 -6.093215000000000146e+03 1.120000000000000000e+02 9.627999999999999922e-08
9.969999999999999973e-01 -6.092217999999999847e+03 1.125000000000000000e+02 9.632000000000000487e-08
0.000000000000000000e+00 -6.093215000000000146e+03 1.130000000000000000e+02 9.632000000000000487e-08
9.969999999999999973e-01 -6.092217999999999847e+03 1.135000000000000000e+02 9.649999999999999722e-08
0.000000000000000000e+00 -6.093215000000000146e+03 1.140000000000000000e+02 9.649999999999999722e-08
9.969999999999999973e-01 -6.092217999999999847e+03 1.145000000000000000e+02 9.705999999999999694e-08
0.000000000000000000e+00 -6.093215000000000146e+03 1.150000000000000000e+02 9.705999999999999694e-08
9.969999999999999973e-01 -6.092217999999999847e+03 1.155000000000000000e+02 9.733999999999999680e-08
0.000000000000000000e+00 -6.093215000000000146e+03 1.160000000000000000e+02 9.733999999999999680e-08
9.969999999999999973e-01 -6.092217999999999847e+03 1.165000000000000000e+02 9.746000000000000052e-08
0.000000000000000000e+00 -6.093215000000000146e+03 1.170000000000000000e+02 9.746000000000000052e-08
9.969999999999999973e-01 -6.092217999999999847e+03 1.175000000000000000e+02 9.762999999999999477e-08
0.000000000000000000e+00 -6.093215000000000146e+03 1.180000000000000000e+02 9.762999999999999477e-08
9.969999999999999973e-01 -6.092217999999999847e+03 1.185000000000000000e+02 9.892999999999999979e-08
0.000000000000000000e+00 -6.093215000000000146e+03 1.190000000000000000e+02 9.892999999999999979e-08
9.969999999999999973e-01 -6.092217999999999847e+03 1.195000000000000000e+02 9.943999999999999575e-08
0.000000000000000000e+00 -6.093215000000000146e+03 1.200000000000000000e+02 9.943999999999999575e-08
9.969999999999999973e-01 -6.092217999999999847e+03 1.205000000000000000e+02 1.010000000000000044e-07
0.000000000000000000e+00 -6.093215000000000146e+03 1.210000000000000000e+02 1.010000000000000044e-07
9.969999999999999973e-01 -6.092217999999999847e+03 1.215000000000000000e+02 1.012000000000000062e-07
0.000000000000000000e+00 -6.093215000000000146e+03 1.220000000000000000e+02 1.012000000000000062e-07
9.969999999999999973e-01 -6.092217999999999847e+03 1.225000000000000000e+02 1.027999999999999941e-07
0.000000000000000000e+00 -6.093215000000000146e+03 1.230000000000000000e+02 1.027999999999999941e-07
9.969999999999999973e-01 -6.092217999999999847e+03 1.235000000000000000e+02 1.029999999999999959e-07
0.000000000000000000e+00 -6.093215000000000146e+03 1.240000000000000000e+02 1.029999999999999959e-07
9.969999999999999973e-01 -6.092217999999999847e+03 1.245000000000000000e+02 1.031999999999999977e-07
0.000000000000000000e+00 -6.093215000000000146e+03 1.250000000000000000e+02 1.031999999999999977e-07
9.969999999999999973e-01 -6.092217999999999847e+03 1.255000000000000000e+02 1.040000000000000048e-07
0.000000000000000000e+00 -6.093215000000000146e+03 1.260000000000000000e+02 1.040000000000000048e-07
9.969999999999999973e-01 -6.092219000000000051e+03 1.265000000000000000e+02 1.043000000000000009e-07
0.000000000000000000e+00 -6.093215000000000146e+03 1.270000000000000000e+02 1.043000000000000009e-07
9.969999999999999973e-01 -6.092219000000000051e+03 1.275000000000000000e+02 1.057999999999999945e-07
0.000000000000000000e+00 -6.093215000000000146e+03 1.280000000000000000e+02 1.057999999999999945e-07
9.969999999999999973e-01 -6.092219000000000051e+03 1.285000000000000000e+02 1.133000000000000021e-07
0.000000000000000000e+00 -6.093215000000000146e+03 1.290000000000000000e+02 1.133000000000000021e-07
9.969999999999999973e-01 -6.092217999999999847e+03 1.295000000000000000e+02 1.137999999999999999e-07
0.000000000000000000e+00 -6.093215000000000146e+03 1.300000000000000000e+02 1.137999999999999999e-07
9.969999999999999973e-01 -6.092217999999999847e+03 1.305000000000000000e+02 1.142999999999999978e-07
0.000000000000000000e+00 -6.093215000000000146e+03 1.310000000000000000e+02 1.142999999999999978e-07
9.969999999999999973e-01 -6.092217999999999847e+03 1.315000000000000000e+02 1.145999999999999939e-07
0.000000000000000000e+00 -6.093215000000000146e+03 1.320000000000000000e+02 1.145999999999999939e-07
9.969999999999999973e-01 -6.092217999999999847e+03 1.325000000000000000e+02 1.165999999999999985e-07
0.000000000000000000e+00 -6.093215000000000146e+03 1.330000000000000000e+02 1.165999999999999985e-07
9.969999999999999973e-01 -6.092217999999999847e+03 1.335000000000000000e+02 1.168000000000000003e-07
0.000000000000000000e+00 -6.093215000000000146e+03 1.340000000000000000e+02 1.168000000000000003e-07
9.969999999999999973e-01 -6.092217999999999847e+03 1.345000000000000000e+02 1.172999999999999982e-07
0.000000000000000000e+00 -6.093215000000000146e+03 1.350000000000000000e+02 1.172999999999999982e-07
9.969999999999999973e-01 -6.092217999999999847e+03 1.355000000000000000e+02 1.175000000000000000e-07
0.000000000000000000e+00 -6.093215000000000146e+03 1.360000000000000000e+02 1.175000000000000000e-07
9.969999999999999973e-01 -6.092219000000000051e+03 1.365000000000000000e+02 1.177999999999999960e-07
0.000000000000000000e+00 -6.093215000000000146e+03 1.370000000000000000e+02 1.177999999999999960e-07
9.969999999999999973e-01 -6.092219000000000051e+03 1.375000000000000000e+02 1.186999999999999975e-07
0.000000000000000000e+00 -6.093215000000000146e+03 1.380000000000000000e+02 1.186999999999999975e-07
9.969999999999999973e-01 -6.092217999999999847e+03 1.385000000000000000e+02 1.188000000000000050e-07
0.000000000000000000e+00 -6.093215000000000146e+03 1.390000000000000000e+02 1.188000000000000050e-07
9.969999999999999973e-01 -6.092219000000000051e+03 1.395000000000000000e+02 1.202000000000000043e-07
0.000000000000000000e+00 -6.093215000000000146e+03 1.400000000000000000e+02 1.202000000000000043e-07
9.969999999999999973e-01 -6.092219000000000051e+03 1.405000000000000000e+02 1.214999999999999961e-07
0.000000000000000000e+00 -6.093215000000000146e+03 1.410000000000000000e+02 1.214999999999999961e-07
9.969999999999999973e-01 -6.092217999999999847e+03 1.415000000000000000e+02 1.216000000000000036e-07
0.000000000000000000e+00 -6.093215000000000146e+03 1.420000000000000000e+02 1.216000000000000036e-07
9.969999999999999973e-01 -6.092217999999999847e+03 1.425000000000000000e+02 1.237000000000000026e-07
0.000000000000000000e+00 -6.093215000000000146e+03 1.430000000000000000e+02 1.237000000000000026e-07
9.969999999999999973e-01 -6.092217999999999847e+03 1.435000000000000000e+02 1.238999999999999911e-07
0.000000000000000000e+00 -6.093215000000000146e+03 1.440000000000000000e+02 1.238999999999999911e-07
9.969999999999999973e-01 -6.092217999999999847e+03 1.445000000000000000e+02 1.256000000000000130e-07
0.000000000000000000e+00 -6.093215000000000146e+03 1.450000000000000000e+02 1.256000000000000130e-07
9.969999999999999973e-01 -6.092217999999999847e+03 1.455000000000000000e+02 1.270000000000000123e-07
0.000000000000000000e+00 -6.093215000000000146e+03 1.460000000000000000e+02 1.270000000000000123e-07
9.969999999999999973e-01 -6.092217999999999847e+03 1.465000000000000000e+02 1.272000000000000008e-07
0.000000000000000000e+00 -6.093215000000000146e+03 1.470000000000000000e+02 1.272000000000000008e-07
9.969999999999999973e-01 -6.092217999999999847e+03 1.475000000000000000e+02 1.283000000000000040e-07
0.000000000000000000e+00 -6.093215000000000146e+03 1.480000000000000000e+02 1.283000000000000040e-07
9.969999999999999973e-01 -6.092219000000000051e+03 1.485000000000000000e+02 1.297000000000000033e-07
0.000000000000000000e+00 -6.093215000000000146e+03 1.490000000000000000e+02 1.297000000000000033e-07
9.969999999999999973e-01 -6.092217999999999847e+03 1.495000000000000000e+02 1.298999999999999919e-07
0.000000000000000000e+00 -6.093215000000000146e+03 1.500000000000000000e+02 1.298999999999999919e-07
9.969999999999999973e-01 -6.092217999999999847e+03 1.505000000000000000e+02 1.315999999999999873e-07
0.000000000000000000e+00 -6.093215000000000146e+03 1.510000000000000000e+02 1.315999999999999873e-07
9.969999999999999973e-01 -6.092217999999999847e+03 1.515000000000000000e+02 1.316999999999999948e-07
0.000000000000000000e+00 -6.093215000000000146e+03 1.520000000000000000e+02 1.316999999999999948e-07
9.969999999999999973e-01 -6.092219000000000051e+03 1.525000000000000000e+02 1.318000000000000023e-07
0.000000000000000000e+00 -6.093215000000000146e+03 1.530000000000000000e+02 1.318000000000000023e-07
9.959999999999999964e-01 -6.092219000000000051e+03 1.535000000000000000e+02 1.354000000000000081e-07
0.000000000000000000e+00 -6.093215000000000146e+03 1.540000000000000000e+02 1.354000000000000081e-07
9.969999999999999973e-01 -6.092217999999999847e+03 1.545000000000000000e+02 1.358000000000000116e-07
0.000000000000000000e+00 -6.093215000000000146e+03 1.550000000000000000e+02 1.358000000000000116e-07
9.969999999999999973e-01 -6.092217999999999847e+03 1.555000000000000000e+02 1.361000000000000077e-07
0.000000000000000000e+00 -6.093215000000000146e+03 1.560000000000000000e+02 1.361000000000000077e-07
9.969999999999999973e-01 -6.092217999999999847e+03 1.565000000000000000e+02 1.365000000000000113e-07
0.000000000000000000e+00 -6.093215000000000146e+03 1.570000000000000000e+02 1.365000000000000113e-07
9.969999999999999973e-01 -6.092217999999999847e+03 1.575000000000000000e+02 1.366999999999999998e-07
0.000000000000000000e+00 -6.093215000000000146e+03 1.580000000000000000e+02 1.366999999999999998e-07
9.969999999999999973e-01 -6.092219000000000051e+03 1.585000000000000000e+02 1.369999999999999959e-07
0.000000000000000000e+00 -6.093215000000000146e+03 1.590000000000000000e+02 1.369999999999999959e-07
9.969999999999999973e-01 -6.092219000000000051e+03 1.595000000000000000e+02 1.371000000000000034e-07
0.000000000000000000e+00 -6.093215000000000146e+03 1.600000000000000000e+02 1.371000000000000034e-07
9.969999999999999973e-01 -6.092219000000000051e+03 1.605000000000000000e+02 1.371000000000000034e-07
0.000000000000000000e+00 -6.093215000000000146e+03 1.610000000000000000e+02 1.371000000000000034e-07
9.969999999999999973e-01 -6.092217999999999847e+03 1.615000000000000000e+02 1.379000000000000106e-07
0.000000000000000000e+00 -6.093215000000000146e+03 1.620000000000000000e+02 1.379000000000000106e-07
9.969999999999999973e-01 -6.092217999999999847e+03 1.625000000000000000e+02 1.380999999999999992e-07
0.000000000000000000e+00 -6.093215000000000146e+03 1.630000000000000000e+02 1.380999999999999992e-07
9.969999999999999973e-01 -6.092217999999999847e+03 1.635000000000000000e+02 1.380999999999999992e-07
0.000000000000000000e+00 -6.093215000000000146e+03 1.640000000000000000e+02 1.380999999999999992e-07
9.969999999999999973e-01 -6.092217999999999847e+03 1.645000000000000000e+02 1.389000000000000063e-07
0.000000000000000000e+00 -6.093215000000000146e+03 1.650000000000000000e+02 1.389000000000000063e-07
9.969999999999999973e-01 -6.092219000000000051e+03 1.655000000000000000e+02 1.393999999999999909e-07
0.000000000000000000e+00 -6.093215000000000146e+03 1.660000000000000000e+02 1.393999999999999909e-07
9.969999999999999973e-01 -6.092217999999999847e+03 1.665000000000000000e+02 1.403000000000000056e-07
0.000000000000000000e+00 -6.093215000000000146e+03 1.670000000000000000e+02 1.403000000000000056e-07
9.969999999999999973e-01 -6.092217999999999847e+03 1.675000000000000000e+02 1.406000000000000017e-07
0.000000000000000000e+00 -6.093215000000000146e+03 1.680000000000000000e+02 1.406000000000000017e-07
9.969999999999999973e-01 -6.092217999999999847e+03 1.685000000000000000e+02 1.417000000000000049e-07
0.000000000000000000e+00 -6.093215000000000146e+03 1.690000000000000000e+02 1.417000000000000049e-07
9.969999999999999973e-01 -6.092217999999999847e+03 1.695000000000000000e+02 1.422999999999999971e-07
0.000000000000000000e+00 -6.093215000000000146e+03 1.700000000000000000e+02 1.422999999999999971e-07
9.969999999999999973e-01 -6.092219000000000051e+03 1.705000000000000000e+02 1.446999999999999921e-07
0.000000000000000000e+00 -6.093215000000000146e+03 1.710000000000000000e+02 1.446999999999999921e-07
9.959999999999999964e-01 -6.092219000000000051e+03 1.715000000000000000e+02 1.459000000000000028e-07
0.000000000000000000e+00 -6.093215000000000146e+03 1.720000000000000000e+02 1.459000000000000028e-07
9.969999999999999973e-01 -6.092217999999999847e+03 1.725000000000000000e+02 1.482999999999999978e-07
0.000000000000000000e+00 -6.093215000000000146e+03 1.730000000000000000e+02 1.482999999999999978e-07
9.969999999999999973e-01 -6.092217999999999847e+03 1.735000000000000000e+02 1.485000000000000129e-07
0.000000000000000000e+00 -6.093215000000000146e+03 1.740000000000000000e+02 1.485000000000000129e-07
9.969999999999999973e-01 -6.092219000000000051e+03 1.745000000000000000e+02 1.487000000000000014e-07
0.000000000000000000e+00 -6.093215000000000146e+03 1.750000000000000000e+02 1.487000000000000014e-07
9.969999999999999973e-01 -6.092219000000000051e+03 1.755000000000000000e+02 1.488999999999999900e-07
0.000000000000000000e+00 -6.093215000000000146e+03 1.760000000000000000e+02 1.488999999999999900e-07
9.969999999999999973e-01 -6.092217999999999847e+03 1.765000000000000000e+02 1.506999999999999929e-07
0.000000000000000000e+00 -6.093215000000000146e+03 1.770000000000000000e+02 1.506999999999999929e-07
9.969999999999999973e-01 -6.092217999999999847e+03 1.775000000000000000e+02 1.506999999999999929e-07
0.000000000000000000e+00 -6.093215000000000146e+03 1.780000000000000000e+02 1.506999999999999929e-07
9.969999999999999973e-01 -6.092217999999999847e+03 1.785000000000000000e+02 1.509000000000000079e-07
0.000000000000000000e+00 -6.093215000000000146e+03 1.790000000000000000e+02 1.509000000000000079e-07
9.969999999999999973e-01 -6.092217999999999847e+03 1.795000000000000000e+02 1.510999999999999964e-07
0.000000000000000000e+00 -6.093215000000000146e+03 1.800000000000000000e+02 1.510999999999999964e-07
9.969999999999999973e-01 -6.092217999999999847e+03 1.805000000000000000e+02 1.516999999999999886e-07
0.000000000000000000e+00 -6.093215000000000146e+03 1.810000000000000000e+02 1.516999999999999886e-07
9.969999999999999973e-01 -6.092219000000000051e+03 1.815000000000000000e+02 1.530000000000000068e-07
0.000000000000000000e+00 -6.093215000000000146e+03 1.820000000000000000e+02 1.530000000000000068e-07
9.969999999999999973e-01 -6.092217999999999847e+03 1.825000000000000000e+02 1.530999999999999879e-07
0.000000000000000000e+00 -6.093215000000000146e+03 1.830000000000000000e+02 1.530999999999999879e-07
9.969999999999999973e-01 -6.092217999999999847e+03 1.835000000000000000e+02 1.538999999999999950e-07
0.000000000000000000e+00 -6.093215000000000146e+03 1.840000000000000000e+02 1.538999999999999950e-07
9.969999999999999973e-01 -6.092219000000000051e+03 1.845000000000000000e+02 1.551000000000000058e-07
0.000000000000000000e+00 -6.093215000000000146e+03 1.850000000000000000e+02 1.551000000000000058e-07
9.969999999999999973e-01 -6.092217999999999847e+03 1.855000000000000000e+02 1.556999999999999979e-07
0.000000000000000000e+00 -6.093215000000000146e+03 1.860000000000000000e+02 1.556999999999999979e-07
9.969999999999999973e-01 -6.092217999999999847e+03 1.865000000000000000e+02 1.558000000000000054e-07
0.000000000000000000e+00 -6.093215000000000146e+03 1.870000000000000000e+02 1.558000000000000054e-07
9.969999999999999973e-01 -6.092217999999999847e+03 1.875000000000000000e+02 1.559999999999999940e-07
0.000000000000000000e+00 -6.093215000000000146e+03 1.880000000000000000e+02 1.559999999999999940e-07
9.969999999999999973e-01 -6.092217999999999847e+03 1.885000000000000000e+02 1.562999999999999901e-07
0.000000000000000000e+00 -6.093215000000000146e+03 1.890000000000000000e+02 1.562999999999999901e-07
9.969999999999999973e-01 -6.092217999999999847e+03 1.895000000000000000e+02 1.568000000000000012e-07
0.000000000000000000e+00 -6.093215000000000146e+03 1.900000000000000000e+02 1.568000000000000012e-07
9.969999999999999973e-01 -6.092217999999999847e+03 1.905000000000000000e+02 1.570999999999999972e-07
0.000000000000000000e+00 -6.093215000000000146e+03 1.910000000000000000e+02 1.570999999999999972e-07
9.969999999999999973e-01 -6.092217999999999847e+03 1.915000000000000000e+02 1.580999999999999930e-07
0.000000000000000000e+00 -6.093215000000000146e+03 1.920000000000000000e+02 1.580999999999999930e-07
9.969999999999999973e-01 -6.092217999999999847e+03 1.925000000000000000e+02 1.595999999999999998e-07
0.000000000000000000e+00 -6.093215000000000146e+03 1.930000000000000000e+02 1.595999999999999998e-07
9.969999999999999973e-01 -6.092219000000000051e+03 1.935000000000000000e+02 1.601000000000000109e-07
0.000000000000000000e+00 -6.093215000000000146e+03 1.940000000000000000e+02 1.601000000000000109e-07
9.969999999999999973e-01 -6.092219000000000051e+03 1.945000000000000000e+02 1.608999999999999916e-07
0.000000000000000000e+00 -6.093215000000000146e+03 1.950000000000000000e+02 1.608999999999999916e-07
9.969999999999999973e-01 -6.092217999999999847e+03 1.955000000000000000e+02 1.614000000000000026e-07
0.000000000000000000e+00 -6.093215000000000146e+03 1.960000000000000000e+02 1.614000000000000026e-07
9.969999999999999973e-01 -6.092219000000000051e+03 1.965000000000000000e+02 1.654000000000000120e-07
0.000000000000000000e+00 -6.093215000000000146e+03 1.970000000000000000e+02 1.654000000000000120e-07
9.969999999999999973e-01 -6.092219000000000051e+03 1.975000000000000000e+02 1.664999999999999888e-07
0.000000000000000000e+00 -6.093215000000000146e+03 1.980000000000000000e+02 1.664999999999999888e-07
9.969999999999999973e-01 -6.092217999999999847e+03 1.985000000000000000e+02 1.671000000000000074e-07
0.000000000000000000e+00 -6.093215000000000146e+03 1.990000000000000000e+02 1.671000000000000074e-07
9.969999999999999973e-01 -6.092217999999999847e+03 1.995000000000000000e+02 1.672999999999999959e-07
0.000000000000000000e+00 -6.093215000000000146e+03 2.000000000000000000e+02 1.672999999999999959e-07
9.969999999999999973e-01 -6.092217999999999847e+03 2.005000000000000000e+02 1.676999999999999995e-07
0.000000000000000000e+00 -6.093215000000000146e+03 2.010000000000000000e+02 1.676999999999999995e-07
9.969999999999999973e-01 -6.092217999999999847e+03 2.015000000000000000e+02 1.695000000000000024e-07
0.000000000000000000e+00 -6.093215000000000146e+03 2.020000000000000000e+02 1.695000000000000024e-07
9.969999999999999973e-01 -6.092217999999999847e+03 2.025000000000000000e+02 1.696000000000000099e-07
0.000000000000000000e+00 -6.093215000000000146e+03 2.030000000000000000e+02 1.696000000000000099e-07
9.969999999999999973e-01 -6.092217999999999847e+03 2.035000000000000000e+02 1.713000000000000053e-07
0.000000000000000000e+00 -6.093215000000000146e+03 2.040000000000000000e+02 1.713000000000000053e-07
9.969999999999999973e-01 -6.092219000000000051e+03 2.045000000000000000e+02 1.734000000000000042e-07
0.000000000000000000e+00 -6.093215000000000146e+03 2.050000000000000000e+02 1.734000000000000042e-07
9.969999999999999973e-01 -6.092217999999999847e+03 2.055000000000000000e+02 1.778999999999999982e-07
0.000000000000000000e+00 -6.093215000000000146e+03 2.060000000000000000e+02 1.778999999999999982e-07
9.969999999999999973e-01 -6.092217999999999847e+03 2.065000000000000000e+02 1.781000000000000132e-07
0.000000000000000000e+00 -6.093215000000000146e+03 2.070000000000000000e+02 1.781000000000000132e-07
9.969999999999999973e-01 -6.092217999999999847e+03 2.075000000000000000e+02 1.781999999999999943e-07
0.000000000000000000e+00 -6.093215000000000146e+03 2.080000000000000000e+02 1.781999999999999943e-07
9.969999999999999973e-01 -6.092217999999999847e+03 2.085000000000000000e+02 1.791999999999999900e-07
0.000000000000000000e+00 -6.093215000000000146e+03 2.090000000000000000e+02 1.791999999999999900e-07
9.969999999999999973e-01 -6.092217999999999847e+03 2.095000000000000000e+02 1.795999999999999936e-07
0.000000000000000000e+00 -6.093215000000000146e+03 2.100000000000000000e+02 1.795999999999999936e-07
9.969999999999999973e-01 -6.092217999999999847e+03 2.105000000000000000e+02 1.801000000000000047e-07
0.000000000000000000e+00 -6.093215000000000146e+03 2.110000000000000000e+02 1.801000000000000047e-07
9.969999999999999973e-01 -6.092217999999999847e+03 2.115000000000000000e+02 1.805000000000000082e-07
0.000000000000000000e+00 -6.093215000000000146e+03 2.120000000000000000e+02 1.805000000000000082e-07
9.969999999999999973e-01 -6.092217999999999847e+03 2.125000000000000000e+02 1.809999999999999929e-07
0.000000000000000000e+00 -6.093215000000000146e+03 2.130000000000000000e+02 1.809999999999999929e-07
9.969999999999999973e-01 -6.092217999999999847e+03 2.135000000000000000e+02 1.815000000000000040e-07
0.000000000000000000e+00 -6.093215000000000146e+03 2.140000000000000000e+02 1.815000000000000040e-07
9.969999999999999973e-01 -6.092217999999999847e+03 2.145000000000000000e+02 1.819999999999999886e-07
0.000000000000000000e+00 -6.093215000000000146e+03 2.150000000000000000e+02 1.819999999999999886e-07
9.969999999999999973e-01 -6.092219000000000051e+03 2.155000000000000000e+02 1.819999999999999886e-07
0.000000000000000000e+00 -6.093215000000000146e+03 2.160000000000000000e+02 1.819999999999999886e-07
9.969999999999999973e-01 -6.092217999999999847e+03 2.165000000000000000e+02 1.820999999999999961e-07
0.000000000000000000e+00 -6.093215000000000146e+03 2.170000000000000000e+02 1.820999999999999961e-07
9.969999999999999973e-01 -6.092217999999999847e+03 2.175000000000000000e+02 1.836000000000000029e-07
0.000000000000000000e+00 -6.093215000000000146e+03 2.180000000000000000e+02 1.836000000000000029e-07
9.969999999999999973e-01 -6.092217999999999847e+03 2.185000000000000000e+02 1.847999999999999872e-07
0.000000000000000000e+00 -6.093215000000000146e+03 2.190000000000000000e+02 1.847999999999999872e-07
9.969999999999999973e-01 -6.092217999999999847e+03 2.195000000000000000e+02 1.861000000000000054e-07
0.000000000000000000e+00 -6.093215000000000146e+03 2.200000000000000000e+02 1.861000000000000054e-07
9.969999999999999973e-01 -6.092217999999999847e+03 2.205000000000000000e+02 1.872000000000000087e-07
0.000000000000000000e+00 -6.093215000000000146e+03 2.210000000000000000e+02 1.872000000000000087e-07
9.969999999999999973e-01 -6.092217999999999847e+03 2.215000000000000000e+02 1.883000000000000119e-07
0.000000000000000000e+00 -6.093215000000000146e+03 2.220000000000000000e+02 1.883000000000000119e-07
9.969999999999999973e-01 -6.092217999999999847e+03 2.225000000000000000e+02 1.883999999999999930e-07
0.000000000000000000e+00 -6.093215000000000146e+03 2.230000000000000000e+02 1.883999999999999930e-07
9.969999999999999973e-01 -6.092217999999999847e+03 2.235000000000000000e+02 1.883999999999999930e-07
0.000000000000000000e+00 -6.093215000000000146e+03 2.240000000000000000e+02 1.883999999999999930e-07
9.969999999999999973e-01 -6.092217999999999847e+03 2.245000000000000000e+02 1.886000000000000080e-07
0.000000000000000000e+00 -6.093215000000000146e+03 2.250000000000000000e+02 1.886000000000000080e-07
9.969999999999999973e-01 -6.092219000000000051e+03 2.255000000000000000e+02 1.893000000000000076e-07
0.000000000000000000e+00 -6.093215000000000146e+03 2.260000000000000000e+02 1.893000000000000076e-07
9.969999999999999973e-01 -6.092217999999999847e+03 2.265000000000000000e+02 1.894999999999999962e-07
0.000000000000000000e+00 -6.093215000000000146e+03 2.270000000000000000e+02 1.894999999999999962e-07
9.969999999999999973e-01 -6.092217999999999847e+03 2.275000000000000000e+02 1.910000000000000030e-07
0.000000000000000000e+00 -6.093215000000000146e+03 2.280000000000000000e+02 1.910000000000000030e-07
9.969999999999999973e-01 -6.092217999999999847e+03 2.285000000000000000e+02 1.915999999999999951e-07
0.000000000000000000e+00 -6.093215000000000146e+03 2.290000000000000000e+02 1.915999999999999951e-07
9.969999999999999973e-01 -6.092217999999999847e+03 2.295000000000000000e+02 1.918000000000000102e-07
0.000000000000000000e+00 -6.093215000000000146e+03 2.300000000000000000e+02 1.918000000000000102e-07
9.969999999999999973e-01 -6.092217999999999847e+03 2.305000000000000000e+02 1.925000000000000098e-07
0.000000000000000000e+00 -6.093215000000000146e+03 2.310000000000000000e+02 1.925000000000000098e-07
9.969999999999999973e-01 -6.092217999999999847e+03 2.315000000000000000e+02 1.931000000000000020e-07
0.000000000000000000e+00 -6.093215000000000146e+03 2.320000000000000000e+02 1.931000000000000020e-07
9.969999999999999973e-01 -6.092217999999999847e+03 2.325000000000000000e+02 1.946000000000000088e-07
0.000000000000000000e+00 -6.093215000000000146e+03 2.330000000000000000e+02 1.946000000000000088e-07
9.969999999999999973e-01 -6.092219000000000051e+03 2.335000000000000000e+02 1.967000000000000077e-07
0.000000000000000000e+00 -6.093215000000000146e+03 2.340000000000000000e+02 1.967000000000000077e-07
9.969999999999999973e-01 -6.092217999999999847e+03 2.345000000000000000e+02 1.970000000000000038e-07
0.000000000000000000e+00 -6.093215000000000146e+03 2.350000000000000000e+02 1.970000000000000038e-07
9.969999999999999973e-01 -6.092219000000000051e+03 2.355000000000000000e+02 1.999999999999999909e-07
0.000000000000000000e+00 -6.093215000000000146e+03 2.360000000000000000e+02 1.999999999999999909e-07
9.969999999999999973e-01 -6.092217999999999847e+03 2.365000000000000000e+02 2.014999999999999978e-07
0.000000000000000000e+00 -6.093215000000000146e+03 2.370000000000000000e+02 2.014999999999999978e-07
9.969999999999999973e-01 -6.092217999999999847e+03 2.375000000000000000e+02 2.024000000000000124e-07
0.000000000000000000e+00 -6.093215000000000146e+03 2.380000000000000000e+02 2.024000000000000124e-07
9.969999999999999973e-01 -6.092217999999999847e+03 2.385000000000000000e+02 2.024000000000000124e-07
0.000000000000000000e+00 -6.093215000000000146e+03 2.390000000000000000e+02 2.024000000000000124e-07
9.969999999999999973e-01 -6.092217999999999847e+03 2.395000000000000000e+02 2.037000000000000042e-07
0.000000000000000000e+00 -6.093215000000000146e+03 2.400000000000000000e+02 2.037000000000000042e-07
9.969999999999999973e-01 -6.092217999999999847e+03 2.405000000000000000e+02 2.042999999999999964e-07
0.000000000000000000e+00 -6.093215000000000146e+03 2.410000000000000000e+02 2.042999999999999964e-07
9.969999999999999973e-01 -6.092219000000000051e+03 2.415000000000000000e+02 2.046999999999999999e-07
0.000000000000000000e+00 -6.093215000000000146e+03 2.420000000000000000e+02 2.046999999999999999e-07
9.969999999999999973e-01 -6.092217999999999847e+03 2.425000000000000000e+02 2.053999999999999996e-07
0.000000000000000000e+00 -6.093215000000000146e+03 2.430000000000000000e+02 2.053999999999999996e-07
9.969999999999999973e-01 -6.092217999999999847e+03 2.435000000000000000e+02 2.059000000000000107e-07
0.000000000000000000e+00 -6.093215000000000146e+03 2.440000000000000000e+02 2.059000000000000107e-07
9.969999999999999973e-01 -6.092217999999999847e+03 2.445000000000000000e+02 2.059000000000000107e-07
0.000000000000000000e+00 -6.093215000000000146e+03 2.450000000000000000e+02 2.059000000000000107e-07
9.969999999999999973e-01 -6.092217999999999847e+03 2.455000000000000000e+02 2.063999999999999953e-07
0.000000000000000000e+00 -6.093215000000000146e+03 2.460000000000000000e+02 2.063999999999999953e-07
9.969999999999999973e-01 -6.092217999999999847e+03 2.465000000000000000e+02 2.073999999999999910e-07
0.000000000000000000e+00 -6.093215000000000146e+03 2.470000000000000000e+02 2.073999999999999910e-07
9.969999999999999973e-01 -6.092219000000000051e+03 2.475000000000000000e+02 2.080000000000000096e-07
0.000000000000000000e+00 -6.093215000000000146e+03 2.480000000000000000e+02 2.080000000000000096e-07
9.969999999999999973e-01 -6.092217999999999847e+03 2.485000000000000000e+02 2.091000000000000129e-07
0.000000000000000000e+00 -6.093215000000000146e+03 2.490000000000000000e+02 2.091000000000000129e-07
9.969999999999999973e-01 -6.092217999999999847e+03 2.495000000000000000e+02 2.122000000000000075e-07
0.000000000000000000e+00 -6.093215000000000146e+03 2.500000000000000000e+02 2.122000000000000075e-07
9.969999999999999973e-01 -6.092217999999999847e+03 2.505000000000000000e+02 2.122999999999999886e-07
0.000000000000000000e+00 -6.093215000000000146e+03 2.510000000000000000e+02 2.122999999999999886e-07
9.969999999999999973e-01 -6.092219000000000051e+03 2.515000000000000000e+02 2.126999999999999922e-07
0.000000000000000000e+00 -6.093215000000000146e+03 2.520000000000000000e+02 2.126999999999999922e-07
9.969999999999999973e-01 -6.092219000000000051e+03 2.525000000000000000e+02 2.130999999999999958e-07
0.000000000000000000e+00 -6.093215000000000146e+03 2.530000000000000000e+02 2.130999999999999958e-07
9.969999999999999973e-01 -6.092219000000000051e+03 2.535000000000000000e+02 2.136000000000000069e-07
0.000000000000000000e+00 -6.093215000000000146e+03 2.540000000000000000e+02 2.136000000000000069e-07
9.969999999999999973e-01 -6.092219000000000051e+03 2.545000000000000000e+02 2.139000000000000029e-07
0.000000000000000000e+00 -6.093215000000000146e+03 2.550000000000000000e+02 2.139000000000000029e-07
9.969999999999999973e-01 -6.092217999999999847e+03 2.555000000000000000e+02 2.139000000000000029e-07
0.000000000000000000e+00 -6.093215000000000146e+03 2.560000000000000000e+02 2.139000000000000029e-07
9.969999999999999973e-01 -6.092217999999999847e+03 2.565000000000000000e+02 2.143000000000000065e-07
0.000000000000000000e+00 -6.093215000000000146e+03 2.570000000000000000e+02 2.143000000000000065e-07
9.969999999999999973e-01 -6.092217999999999847e+03 2.575000000000000000e+02 2.143999999999999875e-07
0.000000000000000000e+00 -6.093215000000000146e+03 2.580000000000000000e+02 2.143999999999999875e-07
9.969999999999999973e-01 -6.092217999999999847e+03 2.585000000000000000e+02 2.157999999999999868e-07
0.000000000000000000e+00 -6.093215000000000146e+03 2.590000000000000000e+02 2.157999999999999868e-07
9.969999999999999973e-01 -6.092217999999999847e+03 2.595000000000000000e+02 2.175999999999999897e-07
0.000000000000000000e+00 -6.093215000000000146e+03 2.600000000000000000e+02 2.175999999999999897e-07
9.969999999999999973e-01 -6.092217999999999847e+03 2.605000000000000000e+02 2.195000000000000001e-07
0.000000000000000000e+00 -6.093215000000000146e+03 2.610000000000000000e+02 2.195000000000000001e-07
9.969999999999999973e-01 -6.092219000000000051e+03 2.615000000000000000e+02 2.197999999999999962e-07
0.000000000000000000e+00 -6.093215000000000146e+03 2.620000000000000000e+02 2.197999999999999962e-07
9.969999999999999973e-01 -6.092217999999999847e+03 2.625000000000000000e+02 2.199000000000000037e-07
0.000000000000000000e+00 -6.093215000000000146e+03 2.630000000000000000e+02 2.199000000000000037e-07
9.969999999999999973e-01 -6.092217999999999847e+03 2.635000000000000000e+02 2.200000000000000112e-07
0.000000000000000000e+00 -6.093215000000000146e+03 2.640000000000000000e+02 2.200000000000000112e-07
9.969999999999999973e-01 -6.092217999999999847e+03 2.645000000000000000e+02 2.203000000000000073e-07
0.000000000000000000e+00 -6.093215000000000146e+03 2.650000000000000000e+02 2.203000000000000073e-07
9.969999999999999973e-01 -6.092217999999999847e+03 2.655000000000000000e+02 2.207999999999999919e-07
0.000000000000000000e+00 -6.093215000000000146e+03 2.660000000000000000e+02 2.207999999999999919e-07
9.969999999999999973e-01 -6.092217999999999847e+03 2.665000000000000000e+02 2.256000000000000084e-07
0.000000000000000000e+00 -6.093215000000000146e+03 2.670000000000000000e+02 2.256000000000000084e-07
9.969999999999999973e-01 -6.092217999999999847e+03 2.675000000000000000e+02 2.260000000000000120e-07
0.000000000000000000e+00 -6.093215000000000146e+03 2.680000000000000000e+02 2.260000000000000120e-07
9.969999999999999973e-01 -6.092219000000000051e+03 2.685000000000000000e+02 2.277000000000000074e-07
0.000000000000000000e+00 -6.093215000000000146e+03 2.690000000000000000e+02 2.277000000000000074e-07
9.969999999999999973e-01 -6.092219000000000051e+03 2.695000000000000000e+02 2.278999999999999959e-07
0.000000000000000000e+00 -6.093215000000000146e+03 2.700000000000000000e+02 2.278999999999999959e-07
9.959999999999999964e-01 -6.092219000000000051e+03 2.705000000000000000e+02 2.295000000000000103e-07
0.000000000000000000e+00 -6.093215000000000146e+03 2.710000000000000000e+02 2.295000000000000103e-07
9.969999999999999973e-01 -6.092219000000000051e+03 2.715000000000000000e+02 2.296999999999999988e-07
0.000000000000000000e+00 -6.093215000000000146e+03 2.720000000000000000e+02 2.296999999999999988e-07
9.969999999999999973e-01 -6.092219000000000051e+03 2.725000000000000000e+02 2.315000000000000017e-07
0.000000000000000000e+00 -6.093215000000000146e+03 2.730000000000000000e+02 2.315000000000000017e-07
9.969999999999999973e-01 -6.092217999999999847e+03 2.735000000000000000e+02 2.324999999999999974e-07
0.000000000000000000e+00 -6.093215000000000146e+03 2.740000000000000000e+02 2.324999999999999974e-07
9.969999999999999973e-01 -6.092217999999999847e+03 2.745000000000000000e+02 2.329000000000000010e-07
0.000000000000000000e+00 -6.093215000000000146e+03 2.750000000000000000e+02 2.329000000000000010e-07
9.969999999999999973e-01 -6.092217999999999847e+03 2.755000000000000000e+02 2.330999999999999896e-07
0.000000000000000000e+00 -6.093215000000000146e+03 2.760000000000000000e+02 2.330999999999999896e-07
9.969999999999999973e-01 -6.092217999999999847e+03 2.765000000000000000e+02 2.337999999999999892e-07
0.000000000000000000e+00 -6.093215000000000146e+03 2.770000000000000000e+02 2.337999999999999892e-07
9.969999999999999973e-01 -6.092217999999999847e+03 2.775000000000000000e+02 2.341999999999999928e-07
0.000000000000000000e+00 -6.093215000000000146e+03 2.780000000000000000e+02 2.341999999999999928e-07
9.969999999999999973e-01 -6.092217999999999847e+03 2.785000000000000000e+02 2.365999999999999878e-07
0.000000000000000000e+00 -6.093215000000000146e+03 2.790000000000000000e+02 2.365999999999999878e-07
9.969999999999999973e-01 -6.092219000000000051e+03 2.795000000000000000e+02 2.405000000000000161e-07
0.000000000000000000e+00 -6.093215000000000146e+03 2.800000000000000000e+02 2.405000000000000161e-07
9.969999999999999973e-01 -6.092217999999999847e+03 2.805000000000000000e+02 2.408999999999999932e-07
0.000000000000000000e+00 -6.093215000000000146e+03 2.810000000000000000e+02 2.408999999999999932e-07
9.969999999999999973e-01 -6.092217999999999847e+03 2.815000000000000000e+02 2.411000000000000083e-07
0.000000000000000000e+00 -6.093215000000000146e+03 2.820000000000000000e+02 2.411000000000000083e-07
9.969999999999999973e-01 -6.092217999999999847e+03 2.825000000000000000e+02 2.415999999999999929e-07
0.000000000000000000e+00 -6.093215000000000146e+03 2.830000000000000000e+02 2.415999999999999929e-07
9.969999999999999973e-01 -6.092219000000000051e+03 2.835000000000000000e+02 2.420000000000000229e-07
0.000000000000000000e+00 -6.093215000000000146e+03 2.840000000000000000e+02 2.420000000000000229e-07
9.969999999999999973e-01 -6.092217999999999847e+03 2.845000000000000000e+02 2.443999999999999915e-07
0.000000000000000000e+00 -6.093215000000000146e+03 2.850000000000000000e+02 2.443999999999999915e-07
9.969999999999999973e-01 -6.092217999999999847e+03 2.855000000000000000e+02 2.448000000000000215e-07
0.000000000000000000e+00 -6.093215000000000146e+03 2.860000000000000000e+02 2.448000000000000215e-07
9.969999999999999973e-01 -6.092219000000000051e+03 2.865000000000000000e+02 2.448999999999999761e-07
0.000000000000000000e+00 -6.093215000000000146e+03 2.870000000000000000e+02 2.448999999999999761e-07
9.969999999999999973e-01 -6.092219000000000051e+03 2.875000000000000000e+02 2.450999999999999911e-07
0.000000000000000000e+00 -6.093215000000000146e+03 2.880000000000000000e+02 2.450999999999999911e-07
9.969999999999999973e-01 -6.092217999999999847e+03 2.885000000000000000e+02 2.457999999999999908e-07
0.000000000000000000e+00 -6.093215000000000146e+03 2.890000000000000000e+02 2.457999999999999908e-07
9.969999999999999973e-01 -6.092217999999999847e+03 2.895000000000000000e+02 2.469000000000000205e-07
0.000000000000000000e+00 -6.093215000000000146e+03 2.900000000000000000e+02 2.469000000000000205e-07
9.969999999999999973e-01 -6.092217999999999847e+03 2.905000000000000000e+02 2.471999999999999901e-07
0.000000000000000000e+00 -6.093215000000000146e+03 2.910000000000000000e+02 2.471999999999999901e-07
9.969999999999999973e-01 -6.092217999999999847e+03 2.915000000000000000e+02 2.476000000000000201e-07
0.000000000000000000e+00 -6.093215000000000146e+03 2.920000000000000000e+02 2.476000000000000201e-07
9.969999999999999973e-01 -6.092217999999999847e+03 2.925000000000000000e+02 2.496000000000000116e-07
0.000000000000000000e+00 -6.093215000000000146e+03 2.930000000000000000e+02 2.496000000000000116e-07
9.969999999999999973e-01 -6.092217999999999847e+03 2.935000000000000000e+02 2.500999999999999962e-07
0.000000000000000000e+00 -6.093215000000000146e+03 2.940000000000000000e+02 2.500999999999999962e-07
9.969999999999999973e-01 -6.092217999999999847e+03 2.945000000000000000e+02 2.514999999999999955e-07
0.000000000000000000e+00 -6.093215000000000146e+03 2.950000000000000000e+02 2.514999999999999955e-07
9.969999999999999973e-01 -6.092217999999999847e+03 2.955000000000000000e+02 2.520999999999999876e-07
0.000000000000000000e+00 -6.093215000000000146e+03 2.960000000000000000e+02 2.520999999999999876e-07
9.969999999999999973e-01 -6.092217999999999847e+03 2.965000000000000000e+02 2.541999999999999866e-07
0.000000000000000000e+00 -6.093215000000000146e+03 2.970000000000000000e+02 2.541999999999999866e-07
9.969999999999999973e-01 -6.092217999999999847e+03 2.975000000000000000e+02 2.553000000000000163e-07
0.000000000000000000e+00 -6.093215000000000146e+03 2.980000000000000000e+02 2.553000000000000163e-07
9.969999999999999973e-01 -6.092217999999999847e+03 2.985000000000000000e+02 2.559000000000000084e-07
0.000000000000000000e+00 -6.093215000000000146e+03 2.990000000000000000e+02 2.559000000000000084e-07
9.969999999999999973e-01 -6.092219000000000051e+03 2.995000000000000000e+02 2.573000000000000077e-07
0.000000000000000000e+00 -6.093215000000000146e+03 3.000000000000000000e+02 2.573000000000000077e-07
9.969999999999999973e-01 -6.092219000000000051e+03 3.005000000000000000e+02 2.587000000000000070e-07
0.000000000000000000e+00 -6.093215000000000146e+03 3.010000000000000000e+02 2.587000000000000070e-07
9.969999999999999973e-01 -6.092217999999999847e+03 3.015000000000000000e+02 2.595000000000000142e-07
0.000000000000000000e+00 -6.093215000000000146e+03 3.020000000000000000e+02 2.595000000000000142e-07
9.969999999999999973e-01 -6.092217999999999847e+03 3.025000000000000000e+02 2.611999999999999831e-07
0.000000000000000000e+00 -6.093215000000000146e+03 3.030000000000000000e+02 2.611999999999999831e-07
9.969999999999999973e-01 -6.092217999999999847e+03 3.035000000000000000e+02 2.615000000000000056e-07
0.000000000000000000e+00 -6.093215000000000146e+03 3.040000000000000000e+02 2.615000000000000056e-07
9.969999999999999973e-01 -6.092217999999999847e+03 3.045000000000000000e+02 2.619999999999999903e-07
0.000000000000000000e+00 -6.093215000000000146e+03 3.050000000000000000e+02 2.619999999999999903e-07
9.969999999999999973e-01 -6.092217999999999847e+03 3.055000000000000000e+02 2.622000000000000053e-07
0.000000000000000000e+00 -6.093215000000000146e+03 3.060000000000000000e+02 2.622000000000000053e-07
9.969999999999999973e-01 -6.092219000000000051e+03 3.065000000000000000e+02 2.631000000000000200e-07
0.000000000000000000e+00 -6.093215000000000146e+03 3.070000000000000000e+02 2.631000000000000200e-07
9.969999999999999973e-01 -6.092217999999999847e+03 3.075000000000000000e+02 2.631999999999999745e-07
0.000000000000000000e+00 -6.093215000000000146e+03 3.080000000000000000e+02 2.631999999999999745e-07
9.969999999999999973e-01 -6.092217999999999847e+03 3.085000000000000000e+02 2.647999999999999889e-07
0.000000000000000000e+00 -6.093215000000000146e+03 3.090000000000000000e+02 2.647999999999999889e-07
9.969999999999999973e-01 -6.092217999999999847e+03 3.095000000000000000e+02 2.661999999999999882e-07
0.000000000000000000e+00 -6.093215000000000146e+03 3.100000000000000000e+02 2.661999999999999882e-07
9.969999999999999973e-01 -6.092217999999999847e+03 3.105000000000000000e+02 2.665000000000000107e-07
0.000000000000000000e+00 -6.093215000000000146e+03 3.110000000000000000e+02 2.665000000000000107e-07
9.969999999999999973e-01 -6.092217999999999847e+03 3.115000000000000000e+02 2.665000000000000107e-07
0.000000000000000000e+00 -6.093215000000000146e+03 3.120000000000000000e+02 2.665000000000000107e-07
9.969999999999999973e-01 -6.092217999999999847e+03 3.125000000000000000e+02 2.667000000000000257e-07
0.000000000000000000e+00 -6.093215000000000146e+03 3.130000000000000000e+02 2.667000000000000257e-07
9.969999999999999973e-01 -6.092217999999999847e+03 3.135000000000000000e+02 2.679000000000000100e-07
0.000000000000000000e+00 -6.093215000000000146e+03 3.140000000000000000e+02 2.679000000000000100e-07
9.969999999999999973e-01 -6.092217999999999847e+03 3.145000000000000000e+02 2.688999999999999793e-07
0.000000000000000000e+00 -6.093215000000000146e+03 3.150000000000000000e+02 2.688999999999999793e-07
9.969999999999999973e-01 -6.092217999999999847e+03 3.155000000000000000e+02 2.689999999999999868e-07
0.000000000000000000e+00 -6.093215000000000146e+03 3.160000000000000000e+02 2.689999999999999868e-07
9.969999999999999973e-01 -6.092219000000000051e+03 3.165000000000000000e+02 2.692000000000000018e-07
0.000000000000000000e+00 -6.093215000000000146e+03 3.170000000000000000e+02 2.692000000000000018e-07
9.969999999999999973e-01 -6.092217999999999847e+03 3.175000000000000000e+02 2.693000000000000093e-07
0.000000000000000000e+00 -6.093215000000000146e+03 3.180000000000000000e+02 2.693000000000000093e-07
9.969999999999999973e-01 -6.092217999999999847e+03 3.185000000000000000e+02 2.696999999999999864e-07
0.000000000000000000e+00 -6.093215000000000146e+03 3.190000000000000000e+02 2.696999999999999864e-07
9.969999999999999973e-01 -6.092219000000000051e+03 3.195000000000000000e+02 2.711999999999999932e-07
0.000000000000000000e+00 -6.093215000000000146e+03 3.200000000000000000e+02 2.711999999999999932e-07
9.969999999999999973e-01 -6.092217999999999847e+03 3.205000000000000000e+02 2.713000000000000007e-07
0.000000000000000000e+00 -6.093215000000000146e+03 3.210000000000000000e+02 2.713000000000000007e-07
9.969999999999999973e-01 -6.092217999999999847e+03 3.215000000000000000e+02 2.716000000000000233e-07
0.000000000000000000e+00 -6.093215000000000146e+03 3.220000000000000000e+02 2.716000000000000233e-07
9.969999999999999973e-01 -6.092217999999999847e+03 3.225000000000000000e+02 2.721000000000000079e-07
0.000000000000000000e+00 -6.093215000000000146e+03 3.230000000000000000e+02 2.721000000000000079e-07
9.969999999999999973e-01 -6.092219000000000051e+03 3.235000000000000000e+02 2.723999999999999775e-07
0.000000000000000000e+00 -6.093215000000000146e+03 3.240000000000000000e+02 2.723999999999999775e-07
9.969999999999999973e-01 -6.092219000000000051e+03 3.245000000000000000e+02 2.728000000000000076e-07
0.000000000000000000e+00 -6.093215000000000146e+03 3.250000000000000000e+02 2.728000000000000076e-07
9.969999999999999973e-01 -6.092219000000000051e+03 3.255000000000000000e+02 2.728000000000000076e-07
0.000000000000000000e+00 -6.093215000000000146e+03 3.260000000000000000e+02 2.728000000000000076e-07
9.959999999999999964e-01 -6.092219000000000051e+03 3.265000000000000000e+02 2.731999999999999847e-07
0.000000000000000000e+00 -6.093215000000000146e+03 3.270000000000000000e+02 2.731999999999999847e-07
9.969999999999999973e-01 -6.092217999999999847e+03 3.275000000000000000e+02 2.750000000000000140e-07
0.000000000000000000e+00 -6.093215000000000146e+03 3.280000000000000000e+02 2.750000000000000140e-07
9.969999999999999973e-01 -6.092217999999999847e+03 3.285000000000000000e+02 2.752999999999999836e-07
0.000000000000000000e+00 -6.093215000000000146e+03 3.290000000000000000e+02 2.752999999999999836e-07
9.969999999999999973e-01 -6.092217999999999847e+03 3.295000000000000000e+02 2.752999999999999836e-07
0.000000000000000000e+00 -6.093215000000000146e+03 3.300000000000000000e+02 2.752999999999999836e-07
9.969999999999999973e-01 -6.092217999999999847e+03 3.305000000000000000e+02 2.765000000000000208e-07
0.000000000000000000e+00 -6.093215000000000146e+03 3.310000000000000000e+02 2.765000000000000208e-07
9.969999999999999973e-01 -6.092217999999999847e+03 3.315000000000000000e+02 2.778000000000000126e-07
0.000000000000000000e+00 -6.093215000000000146e+03 3.320000000000000000e+02 2.778000000000000126e-07
9.969999999999999973e-01 -6.092217999999999847e+03 3.325000000000000000e+02 2.779000000000000201e-07
0.000000000000000000e+00 -6.093215000000000146e+03 3.330000000000000000e+02 2.779000000000000201e-07
9.969999999999999973e-01 -6.092217999999999847e+03 3.335000000000000000e+02 2.787999999999999819e-07
0.000000000000000000e+00 -6.093215000000000146e+03 3.340000000000000000e+02 2.787999999999999819e-07
9.969999999999999973e-01 -6.092217999999999847e+03 3.345000000000000000e+02 2.828000000000000177e-07
0.000000000000000000e+00 -6.093215000000000146e+03 3.350000000000000000e+02 2.828000000000000177e-07
9.969999999999999973e-01 -6.092217999999999847e+03 3.355000000000000000e+02 2.830999999999999873e-07
0.000000000000000000e+00 -6.093215000000000146e+03 3.360000000000000000e+02 2.830999999999999873e-07
9.969999999999999973e-01 -6.092219000000000051e+03 3.365000000000000000e+02 2.840000000000000020e-07
0.000000000000000000e+00 -6.093215000000000146e+03 3.370000000000000000e+02 2.840000000000000020e-07
9.969999999999999973e-01 -6.092217999999999847e+03 3.375000000000000000e+02 2.850999999999999787e-07
0.000000000000000000e+00 -6.093215000000000146e+03 3.380000000000000000e+02 2.850999999999999787e-07
9.969999999999999973e-01 -6.092217999999999847e+03 3.385000000000000000e+02 2.859999999999999934e-07
0.000000000000000000e+00 -6.093215000000000146e+03 3.390000000000000000e+02 2.859999999999999934e-07
9.969999999999999973e-01 -6.092219000000000051e+03 3.395000000000000000e+02 2.868000000000000006e-07
0.000000000000000000e+00 -6.093215000000000146e+03 3.400000000000000000e+02 2.868000000000000006e-07
9.969999999999999973e-01 -6.092217999999999847e+03 3.405000000000000000e+02 2.869000000000000081e-07
0.000000000000000000e+00 -6.093215000000000146e+03 3.410000000000000000e+02 2.869000000000000081e-07
9.969999999999999973e-01 -6.092217999999999847e+03 3.415000000000000000e+02 2.873999999999999927e-07
0.000000000000000000e+00 -6.093215000000000146e+03 3.420000000000000000e+02 2.873999999999999927e-07
9.969999999999999973e-01 -6.092217999999999847e+03 3.425000000000000000e+02 2.880999999999999924e-07
0.000000000000000000e+00 -6.093215000000000146e+03 3.430000000000000000e+02 2.880999999999999924e-07
9.969999999999999973e-01 -6.092217999999999847e+03 3.435000000000000000e+02 2.884000000000000149e-07
0.000000000000000000e+00 -6.093215000000000146e+03 3.440000000000000000e+02 2.884000000000000149e-07
9.969999999999999973e-01 -6.092217999999999847e+03 3.445000000000000000e+02 2.884000000000000149e-07
0.000000000000000000e+00 -6.093215000000000146e+03 3.450000000000000000e+02 2.884000000000000149e-07
9.969999999999999973e-01 -6.092219000000000051e+03 3.455000000000000000e+02 2.887999999999999920e-07
0.000000000000000000e+00 -6.093215000000000146e+03 3.460000000000000000e+02 2.887999999999999920e-07
9.969999999999999973e-01 -6.092217999999999847e+03 3.465000000000000000e+02 2.887999999999999920e-07
0.000000000000000000e+00 -6.093215000000000146e+03 3.470000000000000000e+02 2.887999999999999920e-07
9.969999999999999973e-01 -6.092217999999999847e+03 3.475000000000000000e+02 2.911000000000000060e-07
0.000000000000000000e+00 -6.093215000000000146e+03 3.480000000000000000e+02 2.911000000000000060e-07
9.969999999999999973e-01 -6.092217999999999847e+03 3.485000000000000000e+02 2.920999999999999752e-07
0.000000000000000000e+00 -6.093215000000000146e+03 3.490000000000000000e+02 2.920999999999999752e-07
9.969999999999999973e-01 -6.092217999999999847e+03 3.495000000000000000e+02 2.930999999999999974e-07
0.000000000000000000e+00 -6.093215000000000146e+03 3.500000000000000000e+02 2.930999999999999974e-07
9.969999999999999973e-01 -6.092219000000000051e+03 3.505000000000000000e+02 2.940000000000000121e-07
0.000000000000000000e+00 -6.093215000000000146e+03 3.510000000000000000e+02 2.940000000000000121e-07
9.969999999999999973e-01 -6.092217999999999847e+03 3.515000000000000000e+02 2.948000000000000193e-07
0.000000000000000000e+00 -6.093215000000000146e+03 3.520000000000000000e+02 2.948000000000000193e-07
9.969999999999999973e-01 -6.092217999999999847e+03 3.525000000000000000e+02 2.977999999999999800e-07
0.000000000000000000e+00 -6.093215000000000146e+03 3.530000000000000000e+02 2.977999999999999800e-07
9.969999999999999973e-01 -6.092217999999999847e+03 3.535000000000000000e+02 2.984000000000000250e-07
0.000000000000000000e+00 -6.093215000000000146e+03 3.540000000000000000e+02 2.984000000000000250e-07
9.969999999999999973e-01 -6.092217999999999847e+03 3.545000000000000000e+02 3.005999999999999786e-07
0.000000000000000000e+00 -6.093215000000000146e+03 3.550000000000000000e+02 3.005999999999999786e-07
9.969999999999999973e-01 -6.092217999999999847e+03 3.555000000000000000e+02 3.006999999999999861e-07
0.000000000000000000e+00 -6.093215000000000146e+03 3.560000000000000000e+02 3.006999999999999861e-07
9.969999999999999973e-01 -6.092217999999999847e+03 3.565000000000000000e+02 3.009000000000000011e-07
0.000000000000000000e+00 -6.093215000000000146e+03 3.570000000000000000e+02 3.009000000000000011e-07
9.969999999999999973e-01 -6.092217999999999847e+03 3.575000000000000000e+02 3.028999999999999925e-07
0.000000000000000000e+00 -6.093215000000000146e+03 3.580000000000000000e+02 3.028999999999999925e-07
9.969999999999999973e-01 -6.092219000000000051e+03 3.585000000000000000e+02 3.033999999999999772e-07
0.000000000000000000e+00 -6.093215000000000146e+03 3.590000000000000000e+02 3.033999999999999772e-07
9.969999999999999973e-01 -6.092217999999999847e+03 3.595000000000000000e+02 3.033999999999999772e-07
0.000000000000000000e+00 -6.093215000000000146e+03 3.600000000000000000e+02 3.033999999999999772e-07
9.969999999999999973e-01 -6.092217999999999847e+03 3.605000000000000000e+02 3.036999999999999997e-07
0.000000000000000000e+00 -6.093215000000000146e+03 3.610000000000000000e+02 3.036999999999999997e-07
9.969999999999999973e-01 -6.092217999999999847e+03 3.615000000000000000e+02 3.038000000000000072e-07
0.000000000000000000e+00 -6.093215000000000146e+03 3.620000000000000000e+02 3.038000000000000072e-07
9.969999999999999973e-01 -6.092217999999999847e+03 3.625000000000000000e+02 3.038000000000000072e-07
0.000000000000000000e+00 -6.093215000000000146e+03 3.630000000000000000e+02 3.038000000000000072e-07
9.969999999999999973e-01 -6.092219000000000051e+03 3.635000000000000000e+02 3.040999999999999768e-07
0.000000000000000000e+00 -6.093215000000000146e+03 3.640000000000000000e+02 3.040999999999999768e-07
9.969999999999999973e-01 -6.092217999999999847e+03 3.645000000000000000e+02 3.047999999999999765e-07
0.000000000000000000e+00 -6.093215000000000146e+03 3.650000000000000000e+02 3.047999999999999765e-07
9.969999999999999973e-01 -6.092217999999999847e+03 3.655000000000000000e+02 3.048999999999999840e-07
0.000000000000000000e+00 -6.093215000000000146e+03 3.660000000000000000e+02 3.048999999999999840e-07
9.969999999999999973e-01 -6.092219000000000051e+03 3.665000000000000000e+02 3.069999999999999829e-07
0.000000000000000000e+00 -6.093215000000000146e+03 3.670000000000000000e+02 3.069999999999999829e-07
9.969999999999999973e-01 -6.092217999999999847e+03 3.675000000000000000e+02 3.084999999999999897e-07
0.000000000000000000e+00 -6.093215000000000146e+03 3.680000000000000000e+02 3.084999999999999897e-07
9.969999999999999973e-01 -6.092217999999999847e+03 3.685000000000000000e+02 3.140999999999999870e-07
0.000000000000000000e+00 -6.093215000000000146e+03 3.690000000000000000e+02 3.140999999999999870e-07
9.969999999999999973e-01 -6.092219000000000051e+03 3.695000000000000000e+02 3.144000000000000095e-07
0.000000000000000000e+00 -6.093215000000000146e+03 3.700000000000000000e+02 3.144000000000000095e-07
9.969999999999999973e-01 -6.092217999999999847e+03 3.705000000000000000e+02 3.179000000000000077e-07
0.000000000000000000e+00 -6.093215000000000146e+03 3.710000000000000000e+02 3.179000000000000077e-07
9.969999999999999973e-01 -6.092217999999999847e+03 3.715000000000000000e+02 3.180000000000000153e-07
0.000000000000000000e+00 -6.093215000000000146e+03 3.720000000000000000e+02 3.180000000000000153e-07
9.969999999999999973e-01 -6.092217999999999847e+03 3.725000000000000000e+02 3.193000000000000070e-07
0.000000000000000000e+00 -6.093215000000000146e+03 3.730000000000000000e+02 3.193000000000000070e-07
9.969999999999999973e-01 -6.092217999999999847e+03 3.735000000000000000e+02 3.221000000000000056e-07
0.000000000000000000e+00 -6.093215000000000146e+03 3.740000000000000000e+02 3.221000000000000056e-07
9.969999999999999973e-01 -6.092217999999999847e+03 3.745000000000000000e+02 3.224999999999999828e-07
0.000000000000000000e+00 -6.093215000000000146e+03 3.750000000000000000e+02 3.224999999999999828e-07
9.969999999999999973e-01 -6.092219000000000051e+03 3.755000000000000000e+02 3.251999999999999738e-07
0.000000000000000000e+00 -6.093215000000000146e+03 3.760000000000000000e+02 3.251999999999999738e-07
9.969999999999999973e-01 -6.092217999999999847e+03 3.765000000000000000e+02 3.260999999999999885e-07
0.000000000000000000e+00 -6.093215000000000146e+03 3.770000000000000000e+02 3.260999999999999885e-07
9.969999999999999973e-01 -6.092217999999999847e+03 3.775000000000000000e+02 3.280999999999999800e-07
0.000000000000000000e+00 -6.093215000000000146e+03 3.780000000000000000e+02 3.280999999999999800e-07
9.969999999999999973e-01 -6.092217999999999847e+03 3.785000000000000000e+02 3.281999999999999875e-07
0.000000000000000000e+00 -6.093215000000000146e+03 3.790000000000000000e+02 3.281999999999999875e-07
9.969999999999999973e-01 -6.092217999999999847e+03 3.795000000000000000e+02 3.292000000000000097e-07
0.000000000000000000e+00 -6.093215000000000146e+03 3.800000000000000000e+02 3.292000000000000097e-07
9.969999999999999973e-01 -6.092217999999999847e+03 3.805000000000000000e+02 3.294999999999999793e-07
0.000000000000000000e+00 -6.093215000000000146e+03 3.810000000000000000e+02 3.294999999999999793e-07
9.969999999999999973e-01 -6.092217999999999847e+03 3.815000000000000000e+02 3.310999999999999936e-07
0.000000000000000000e+00 -6.093215000000000146e+03 3.820000000000000000e+02 3.310999999999999936e-07
9.969999999999999973e-01 -6.092217999999999847e+03 3.825000000000000000e+02 3.322000000000000233e-07
0.000000000000000000e+00 -6.093215000000000146e+03 3.830000000000000000e+02 3.322000000000000233e-07
9.969999999999999973e-01 -6.092217999999999847e+03 3.835000000000000000e+02 3.322000000000000233e-07
0.000000000000000000e+00 -6.093215000000000146e+03 3.840000000000000000e+02 3.322000000000000233e-07
9.969999999999999973e-01 -6.092219000000000051e+03 3.845000000000000000e+02 3.357000000000000215e-07
0.000000000000000000e+00 -6.093215000000000146e+03 3.850000000000000000e+02 3.357000000000000215e-07
9.969999999999999973e-01 -6.092217999999999847e+03 3.855000000000000000e+02 3.357999999999999761e-07
0.000000000000000000e+00 -6.093215000000000146e+03 3.860000000000000000e+02 3.357999999999999761e-07
9.969999999999999973e-01 -6.092217999999999847e+03 3.865000000000000000e+02 3.365999999999999833e-07
0.000000000000000000e+00 -6.093215000000000146e+03 3.870000000000000000e+02 3.365999999999999833e-07
9.969999999999999973e-01 -6.092217999999999847e+03 3.875000000000000000e+02 3.381999999999999976e-07
0.000000000000000000e+00 -6.093215000000000146e+03 3.880000000000000000e+02 3.381999999999999976e-07
9.969999999999999973e-01 -6.092217999999999847e+03 3.885000000000000000e+02 3.385000000000000202e-07
0.000000000000000000e+00 -6.093215000000000146e+03 3.890000000000000000e+02 3.385000000000000202e-07
9.969999999999999973e-01 -6.092219000000000051e+03 3.895000000000000000e+02 3.394999999999999894e-07
0.000000000000000000e+00 -6.093215000000000146e+03 3.900000000000000000e+02 3.394999999999999894e-07
9.969999999999999973e-01 -6.092217999999999847e+03 3.905000000000000000e+02 3.398000000000000119e-07
0.000000000000000000e+00 -6.093215000000000146e+03 3.910000000000000000e+02 3.398000000000000119e-07
9.969999999999999973e-01 -6.092217999999999847e+03 3.915000000000000000e+02 3.398000000000000119e-07
0.000000000000000000e+00 -6.093215000000000146e+03 3.920000000000000000e+02 3.398000000000000119e-07
9.969999999999999973e-01 -6.092219000000000051e+03 3.925000000000000000e+02 3.400999999999999815e-07
0.000000000000000000e+00 -6.093215000000000146e+03 3.930000000000000000e+02 3.400999999999999815e-07
9.969999999999999973e-01 -6.092217999999999847e+03 3.935000000000000000e+02 3.401999999999999891e-07
0.000000000000000000e+00 -6.093215000000000146e+03 3.940000000000000000e+02 3.401999999999999891e-07
9.969999999999999973e-01 -6.092217999999999847e+03 3.945000000000000000e+02 3.406000000000000191e-07
0.000000000000000000e+00 -6.093215000000000146e+03 3.950000000000000000e+02 3.406000000000000191e-07
9.969999999999999973e-01 -6.092217999999999847e+03 3.955000000000000000e+02 3.406000000000000191e-07
0.000000000000000000e+00 -6.093215000000000146e+03 3.960000000000000000e+02 3.406000000000000191e-07
9.969999999999999973e-01 -6.092217999999999847e+03 3.965000000000000000e+02 3.415999999999999884e-07
0.000000000000000000e+00 -6.093215000000000146e+03 3.970000000000000000e+02 3.415999999999999884e-07
9.969999999999999973e-01 -6.092217999999999847e+03 3.975000000000000000e+02 3.428999999999999801e-07
0.000000000000000000e+00 -6.093215000000000146e+03 3.980000000000000000e+02 3.428999999999999801e-07
9.969999999999999973e-01 -6.092217999999999847e+03 3.985000000000000000e+02 3.435000000000000252e-07
0.000000000000000000e+00 -6.093215000000000146e+03 3.990000000000000000e+02 3.435000000000000252e-07
9.969999999999999973e-01 -6.092217999999999847e+03 3.995000000000000000e+02 3.439000000000000023e-07
0.000000000000000000e+00 -6.093215000000000146e+03 4.000000000000000000e+02 3.439000000000000023e-07
