# t	msd	err
9.999999999996628621e-08 3.850621452538735556e-01 4.070837867066144769e-05
2.249999999999783640e-07 4.347584861217418384e-01 2.457419397002716041e-02
4.800000000000008041e-07 4.374248354104654513e-01 1.937838765181702089e-02
7.200000000000174586e-07 4.952715279421130989e-01 8.207066608528280904e-02
1.077777777777757977e-06 6.056423759446014632e-01 5.147794536376021357e-02
2.379473684210511491e-06 6.865613051750913964e-01 4.458120247321958191e-02
4.452331606217604678e-06 9.315417390391553809e-01 6.127457584730512663e-02
7.438057742782152985e-06 1.360408898729874361e+00 5.629359022535899287e-02
1.351652236652231707e-05 1.786114075697380343e+00 5.653796487598600901e-02
2.411337849280284888e-05 2.940550082314527636e+00 6.702614984744059701e-02
4.240023333333289401e-05 4.777781909560354201e+00 8.016922638587196948e-02
7.602877487722981594e-05 7.939786692689313696e+00 1.096031127133087618e-01
1.356920296047618398e-04 1.407796083390356756e+01 1.387810191555102213e-01
2.406665681200131674e-04 2.435414274933459922e+01 1.529375375920947744e-01
4.269229313304647778e-04 3.993373707805547923e+01 1.773729201979357684e-01
7.581525028553853709e-04 7.053456053645106749e+01 2.332406781427023290e-01
1.341762986178410668e-03 1.368118717668228328e+02 3.556126603788968277e-01
2.345207994358482900e-03 2.568290037452705974e+02 5.887708825039832394e-01
3.828396472900944501e-03 4.529727839627785784e+02 1.147350116624964667e+00
