# t
0.000000000000000000e+00
1.243307699999999965e-12
4.040982900000000072e-12
4.063301100000000093e-12
1.753192200000000103e-11
1.881089100000000142e-11
1.894451399999999950e-11
1.952719999999999862e-11
2.527513400000000106e-11
2.530137599999999868e-11
2.536556699999999880e-11
2.551529299999999973e-11
2.649764299999999867e-11
2.652294600000000031e-11
2.655367499999999994e-11
2.687381800000000035e-11
2.720007699999999964e-11
2.724933999999999989e-11
2.733946199999999905e-11
2.739474900000000000e-11
2.743210300000000154e-11
2.772209600000000050e-11
2.790366199999999941e-11
2.829021799999999985e-11
2.909960299999999862e-11
2.918206099999999710e-11
2.932668899999999873e-11
2.937468899999999691e-11
3.019290499999999796e-11
3.067688100000000022e-11
3.118088400000000222e-11
3.126934400000000163e-11
3.134331900000000162e-11
3.323573900000000215e-11
3.326627399999999966e-11
3.345312299999999803e-11
3.382684999999999858e-11
3.407687399999999865e-11
3.449352299999999994e-11
3.558335900000000180e-11
3.561113699999999752e-11
3.574836399999999843e-11
3.589360000000000207e-11
3.642632300000000075e-11
3.644050099999999742e-11
3.652129299999999706e-11
3.691258799999999959e-11
3.757179199999999973e-11
3.804562799999999695e-11
3.851131899999999693e-11
3.934201100000000088e-11
3.940540299999999859e-11
3.970040699999999833e-11
4.053843300000000311e-11
4.066106000000000284e-11
4.113065099999999880e-11
4.154518299999999940e-11
4.155257300000000024e-11
4.164459099999999852e-11
4.175890600000000156e-11
4.177212500000000039e-11
4.192351600000000281e-11
4.263751099999999870e-11
4.316271299999999846e-11
4.319894099999999947e-11
4.417263300000000230e-11
4.418467500000000024e-11
4.501817100000000080e-11
4.516118999999999772e-11
4.596989999999999782e-11
4.604055900000000292e-11
4.605549399999999714e-11
4.621702499999999814e-11
4.629005899999999777e-11
4.631812499999999819e-11
4.642960199999999791e-11
4.656591700000000227e-11
4.677755699999999752e-11
4.681274399999999859e-11
4.739721600000000119e-11
4.760852800000000096e-11
4.780990300000000302e-11
4.786362300000000090e-11
4.796171699999999759e-11
4.816153199999999738e-11
4.819388300000000276e-11
4.898199799999999834e-11
4.926281699999999737e-11
4.937190299999999980e-11
4.980577200000000250e-11
5.028227199999999951e-11
5.068978600000000076e-11
5.134335000000000215e-11
5.231496700000000269e-11
5.240889299999999734e-11
5.266495299999999857e-11
5.284094000000000163e-11
5.284748099999999705e-11
5.288817599999999822e-11
5.314453899999999988e-11
5.323252499999999708e-11
5.328054099999999803e-11
5.360708099999999797e-11
5.415481500000000243e-11
5.443001899999999775e-11
5.467240200000000072e-11
5.471911399999999855e-11
5.478766500000000170e-11
5.490822599999999788e-11
5.518188700000000074e-11
5.521603599999999715e-11
5.553536899999999849e-11
5.559996600000000034e-11
5.563241200000000240e-11
5.585098499999999963e-11
5.598129899999999717e-11
5.623043400000000104e-11
5.659305899999999698e-11
5.671252500000000083e-11
5.753273899999999849e-11
5.753862699999999823e-11
5.818955000000000018e-11
5.848052700000000172e-11
5.882648900000000113e-11
5.896268799999999668e-11
5.914461999999999361e-11
5.917144500000000142e-11
5.933996000000000154e-11
5.942090799999999430e-11
5.944824700000000156e-11
6.347735000000000518e-11
6.353078899999999594e-11
6.356529099999999578e-11
6.359445500000000319e-11
6.373900899999999442e-11
6.374441099999999795e-11
6.377096499999999796e-11
6.377859299999999402e-11
6.379779700000000336e-11
6.387355799999999391e-11
6.389653900000000576e-11
6.396228900000000112e-11
6.406531100000000560e-11
6.411720799999999803e-11
6.414861599999999542e-11
6.418377800000000145e-11
6.435446399999999465e-11
6.491394199999999951e-11
6.515480399999999687e-11
6.550300500000000277e-11
6.647422300000000563e-11
6.915349699999999759e-11
7.025440500000000613e-11
7.036208000000000183e-11
7.053025200000000428e-11
7.079029300000000301e-11
7.083721400000000517e-11
7.086040499999999608e-11
7.091632199999999558e-11
7.092746200000000274e-11
7.093942999999999674e-11
7.097366300000000286e-11
7.105485699999999546e-11
7.119299899999999465e-11
7.134400900000000331e-11
7.140128699999999361e-11
7.143528700000000094e-11
7.162688400000000012e-11
7.181294899999999828e-11
7.346244499999999374e-11
7.351345000000000116e-11
7.385487799999999403e-11
7.506303200000000266e-11
7.518875499999999954e-11
7.520407799999999802e-11
7.559694799999999854e-11
7.564104499999999902e-11
7.574858999999999722e-11
7.601777399999999415e-11
7.633415600000000450e-11
7.638477800000000408e-11
7.655240899999999796e-11
7.696915100000000124e-11
7.731174899999999743e-11
7.775480599999999846e-11
7.780835900000000333e-11
8.451709399999999877e-11
8.513030699999999724e-11
8.616763899999999878e-11
8.666688700000000239e-11
8.706632499999999454e-11
8.866312400000000105e-11
8.876856799999999488e-11
8.940990299999999378e-11
8.977623999999999996e-11
9.018200500000000616e-11
9.235645499999999393e-11
1.049783100000000025e-10
1.054679900000000016e-10
1.055796500000000036e-10
1.061272399999999960e-10
1.065196700000000010e-10
1.068297900000000026e-10
1.069878299999999981e-10
1.082675400000000062e-10
1.087616399999999978e-10
1.092357099999999944e-10
1.093245299999999948e-10
1.103195899999999960e-10
1.103787500000000000e-10
1.111443000000000041e-10
1.117144900000000017e-10
1.144888500000000053e-10
1.179472300000000073e-10
1.218634000000000044e-10
1.269323400000000015e-10
1.422199900000000082e-10
1.424008599999999995e-10
1.436267499999999973e-10
1.452309000000000015e-10
1.479028400000000120e-10
1.480882799999999919e-10
1.482872200000000100e-10
1.486605599999999940e-10
1.486854800000000071e-10
1.494366899999999922e-10
1.502994000000000032e-10
1.504191800000000009e-10
1.507176700000000096e-10
1.512805399999999951e-10
1.516293300000000114e-10
1.518283800000000026e-10
1.523421400000000082e-10
1.532463099999999902e-10
1.546155699999999936e-10
1.556604099999999995e-10
1.560726299999999903e-10
1.565554899999999945e-10
1.567517399999999979e-10
1.568048099999999889e-10
1.580479400000000125e-10
1.590185499999999875e-10
1.590311000000000072e-10
1.591403399999999952e-10
1.591502700000000018e-10
1.591591900000000070e-10
1.592467200000000123e-10
1.597399799999999972e-10
1.597778999999999927e-10
1.597929100000000108e-10
1.604193400000000070e-10
1.604675600000000029e-10
1.672087599999999920e-10
1.684169100000000112e-10
1.688971999999999924e-10
1.694375100000000087e-10
1.695301400000000113e-10
1.695419600000000104e-10
1.700134699999999897e-10
1.711131499999999872e-10
1.719702100000000066e-10
1.721402799999999932e-10
1.733005200000000016e-10
1.751730899999999882e-10
1.817001499999999994e-10
1.822135599999999969e-10
1.822828400000000008e-10
1.827537700000000072e-10
1.830974800000000120e-10
1.841946300000000096e-10
1.858297899999999882e-10
1.860314000000000096e-10
1.877901400000000083e-10
1.885447399999999986e-10
1.938377599999999990e-10
1.940888600000000127e-10
1.943671700000000045e-10
1.952274800000000001e-10
1.952303900000000126e-10
1.952392299999999975e-10
1.952547900000000100e-10
1.953116699999999902e-10
1.966424200000000066e-10
1.972641599999999966e-10
1.974640399999999887e-10
2.027839499999999892e-10
2.062406199999999993e-10
2.062551100000000016e-10
2.070662500000000086e-10
2.082521300000000064e-10
2.084332599999999927e-10
2.084647399999999929e-10
2.087764800000000119e-10
2.106828799999999982e-10
2.130768800000000108e-10
2.134487300000000006e-10
2.135840700000000108e-10
2.154678099999999961e-10
2.166060400000000038e-10
2.182392999999999972e-10
2.216804099999999949e-10
2.229460899999999948e-10
2.269050199999999895e-10
2.269107699999999871e-10
2.285386599999999955e-10
2.317306200000000064e-10
2.320595299999999980e-10
2.330230000000000131e-10
2.340897499999999877e-10
2.342350000000000188e-10
2.346936700000000048e-10
2.370067000000000249e-10
2.385237000000000104e-10
2.385889499999999757e-10
2.394036100000000242e-10
2.396755199999999921e-10
2.400505499999999823e-10
2.423375899999999790e-10
2.424674799999999838e-10
2.537436000000000046e-10
2.570150499999999809e-10
2.574463300000000142e-10
2.575731100000000202e-10
2.582778099999999754e-10
2.589283599999999882e-10
2.595246299999999966e-10
2.601051099999999759e-10
2.603618300000000027e-10
2.604540199999999840e-10
2.606339100000000041e-10
2.606354900000000115e-10
2.607269599999999907e-10
2.607480300000000174e-10
2.609059399999999896e-10
2.617087900000000061e-10
2.644209400000000028e-10
2.675269299999999783e-10
2.677300000000000153e-10
2.678702699999999893e-10
2.683821500000000212e-10
2.690700099999999746e-10
2.694026100000000154e-10
2.701531500000000144e-10
2.703111399999999811e-10
2.709402399999999805e-10
2.710183799999999808e-10
2.718660699999999808e-10
2.722983600000000155e-10
2.726889699999999780e-10
2.750901899999999967e-10
2.760740400000000150e-10
2.763570400000000129e-10
2.768451299999999989e-10
2.768717499999999854e-10
2.770238700000000144e-10
2.770356000000000003e-10
2.770693099999999823e-10
2.771038499999999912e-10
2.772242799999999893e-10
2.772758199999999889e-10
2.772810299999999850e-10
2.773201600000000198e-10
2.773989899999999919e-10
2.775873400000000102e-10
2.775985400000000132e-10
2.776387099999999763e-10
2.781518399999999931e-10
2.781988899999999986e-10
2.785972799999999803e-10
2.788316799999999956e-10
2.788663799999999934e-10
2.789240899999999746e-10
2.789568199999999855e-10
2.792361100000000001e-10
2.798974499999999990e-10
2.799258799999999834e-10
2.801062500000000221e-10
2.802485399999999989e-10
2.802539400000000142e-10
2.802570500000000129e-10
2.802612899999999790e-10
2.802681000000000199e-10
2.802903100000000067e-10
2.803107000000000027e-10
2.803971400000000122e-10
2.804480200000000185e-10
2.806601100000000151e-10
2.807974700000000023e-10
2.809868400000000148e-10
2.818096800000000033e-10
2.919058499999999986e-10
2.923278200000000213e-10
2.950844200000000219e-10
2.969356899999999912e-10
2.986856499999999880e-10
2.986965599999999916e-10
2.990730700000000089e-10
2.990883499999999891e-10
2.999051899999999777e-10
3.000688800000000037e-10
3.003662299999999747e-10
3.003751300000000201e-10
3.019578100000000252e-10
3.023001499999999758e-10
3.025743199999999817e-10
3.029357200000000008e-10
3.034618700000000114e-10
3.035455800000000088e-10
3.040722899999999808e-10
3.044643499999999920e-10
3.056304599999999897e-10
3.057507100000000132e-10
3.149285600000000137e-10
3.150300400000000199e-10
3.150725299999999780e-10
3.151036300000000173e-10
3.152867599999999950e-10
3.152880300000000172e-10
3.156920500000000048e-10
3.156998300000000240e-10
3.157717000000000109e-10
3.158438500000000043e-10
3.161793599999999801e-10
3.162500299999999980e-10
3.162899200000000062e-10
3.164589700000000244e-10
3.164833899999999816e-10
3.165842099999999944e-10
3.171958000000000060e-10
3.174796000000000004e-10
3.175881400000000237e-10
3.187445299999999939e-10
3.200163299999999853e-10
3.208825600000000120e-10
3.222632900000000062e-10
3.229993500000000216e-10
3.230574399999999895e-10
3.232782899999999764e-10
3.246774700000000100e-10
