# t	msd	err
9.999999999998104311e-12 4.224327071386630925e-03 0.000000000000000000e+00
2.850000000000047027e-11 4.224697964417744797e-03 1.226473881073756499e-06
3.999999999999241725e-11 8.577799299015797033e-03 nan
7.499999999999901722e-11 4.224533985841004251e-03 1.297111029480621661e-06
1.005752212389381031e-10 7.718489078805208271e-03 2.645474017485977274e-04
2.021632653061213927e-10 9.071186301978610700e-03 3.398511708487752408e-04
4.010567484662585171e-10 1.150289580687875214e-02 2.674455509199612875e-04
7.442845824411129409e-10 1.615861524427708584e-02 3.205630302212704192e-04
1.290290719114934322e-09 2.317277217036604539e-02 3.465233078314122186e-04
2.253458080992324658e-09 3.472901306372989244e-02 3.433552047534795741e-04
3.942510081300832307e-09 5.436678279055891239e-02 3.450311666618387186e-04
6.934011014823210201e-09 9.042721318499714889e-02 3.706523097495347929e-04
1.224526323326556562e-08 1.513335621114633156e-01 4.180456127792407336e-04
2.157530040337936311e-08 2.575081318766679339e-01 4.700110774445872522e-04
3.801031183862288030e-08 4.410594811946259020e-01 5.504804369536540334e-04
6.674905461002364749e-08 7.642515055152423464e-01 6.653770605062206758e-04
1.168171082810493049e-07 1.314981857109327024e+00 8.097295378035345879e-04
2.022879793459431262e-07 2.268308461744900306e+00 1.060724790975964282e-03
3.227480153226768314e-07 3.545336030029889063e+00 1.782160139578648633e-03
