# t
0.000000000000000000e+00
2.009053100000000011e-10
2.138572700000000022e-09
3.400312500000000194e-09
3.755565800000000407e-09
6.555314700000000030e-09
7.275295799999999790e-09
7.588138899999999463e-09
9.153469700000000143e-09
9.464014499999999238e-09
9.723523100000000101e-09
1.071247200000000015e-08
1.214973200000000021e-08
1.250841899999999980e-08
1.314332399999999968e-08
1.382828300000000069e-08
1.661747899999999967e-08
1.711235699999999929e-08
1.712361799999999901e-08
1.756919199999999836e-08
1.772772099999999874e-08
1.853049900000000140e-08
1.932335699999999837e-08
2.012013199999999990e-08
2.147800199999999947e-08
2.158146699999999979e-08
2.195911300000000124e-08
2.198324200000000009e-08
2.280411500000000051e-08
2.287626199999999997e-08
2.304317900000000075e-08
2.465816300000000052e-08
2.474314899999999979e-08
2.517895300000000157e-08
2.534106900000000056e-08
2.570965599999999946e-08
2.635725099999999964e-08
2.660768200000000031e-08
2.668523000000000092e-08
2.670144300000000093e-08
2.676057799999999837e-08
2.679397500000000021e-08
2.692756100000000034e-08
2.696265199999999955e-08
2.722070100000000001e-08
2.733031999999999998e-08
2.742105200000000119e-08
2.769957700000000070e-08
2.814555000000000152e-08
2.830994100000000110e-08
2.873768600000000146e-08
2.899457100000000145e-08
2.919215999999999900e-08
3.037718800000000166e-08
3.045102100000000256e-08
3.100155199999999808e-08
3.227480699999999753e-08
3.409882000000000199e-08
3.667893699999999688e-08
3.676957699999999854e-08
3.693263899999999799e-08
3.698184599999999712e-08
3.704700600000000271e-08
3.718413199999999970e-08
3.720473099999999825e-08
3.787752500000000088e-08
3.902710700000000036e-08
4.000936600000000198e-08
4.003024100000000249e-08
4.150201499999999816e-08
4.210160299999999793e-08
4.272298800000000095e-08
4.280244599999999830e-08
4.303398499999999861e-08
4.340218899999999784e-08
4.384423400000000053e-08
4.393518600000000239e-08
4.646331399999999807e-08
4.666600500000000071e-08
4.720630099999999932e-08
4.753749799999999738e-08
4.761219899999999704e-08
4.796573299999999844e-08
4.851527400000000263e-08
4.862867199999999955e-08
4.954574900000000180e-08
4.970588900000000287e-08
4.970655699999999743e-08
4.989275700000000078e-08
5.016429199999999885e-08
5.037710800000000305e-08
5.137227899999999798e-08
5.145005399999999816e-08
5.157824700000000299e-08
5.198102699999999940e-08
5.217617300000000236e-08
5.260240399999999987e-08
5.271498699999999838e-08
5.283710500000000228e-08
5.332932100000000037e-08
5.337036599999999834e-08
5.358713300000000138e-08
5.376985300000000052e-08
5.424241500000000019e-08
5.431193000000000106e-08
5.454934100000000046e-08
5.467794900000000193e-08
5.507779100000000147e-08
5.552731500000000265e-08
5.592014199999999940e-08
5.596574500000000111e-08
5.600009999999999731e-08
5.617667299999999904e-08
5.637407499999999984e-08
5.655459900000000041e-08
5.727423699999999998e-08
5.774326499999999809e-08
5.849058999999999912e-08
5.878185400000000297e-08
5.915813900000000070e-08
5.932337899999999961e-08
5.960258899999999910e-08
5.963024799999999825e-08
5.990535300000000275e-08
6.008227499999999992e-08
6.056533799999999528e-08
6.071982800000000184e-08
6.074696500000000003e-08
6.127879200000000219e-08
6.151791299999999744e-08
6.305187399999999398e-08
6.343426000000000093e-08
6.405941900000000262e-08
6.454437300000000190e-08
6.470593099999999837e-08
6.480669499999999796e-08
6.520943500000000147e-08
6.527707599999999392e-08
6.581055899999999457e-08
6.655884299999999360e-08
6.670487899999999857e-08
6.675398999999999356e-08
6.852515999999999790e-08
6.858733600000000519e-08
6.900319800000000278e-08
6.937951699999999812e-08
6.991939799999999347e-08
7.004027399999999851e-08
7.047448899999999999e-08
7.152435200000000543e-08
7.183743200000000203e-08
7.210414699999999887e-08
7.223573800000000163e-08
7.232007199999999821e-08
7.274827999999999396e-08
7.275849299999999710e-08
7.281990300000000506e-08
7.389261900000000626e-08
7.407079200000000186e-08
7.452978100000000597e-08
7.615905200000000391e-08
7.667995800000000223e-08
7.715182100000000077e-08
7.747363899999999686e-08
7.759070600000000199e-08
7.809801999999999539e-08
7.828947199999999871e-08
7.834789300000000346e-08
7.872932400000000047e-08
7.895260500000000211e-08
7.935126900000000333e-08
8.001726900000000413e-08
8.016999200000000660e-08
8.041028199999999399e-08
8.064890499999999593e-08
8.162790400000000391e-08
8.291933399999999684e-08
8.295931499999999974e-08
8.321611299999999516e-08
8.369823299999999762e-08
8.396151599999999894e-08
8.427912499999999996e-08
8.600170199999999576e-08
8.612371599999999960e-08
8.618035099999999751e-08
8.626633000000000561e-08
8.693932899999999749e-08
8.716817399999999930e-08
8.737441400000000499e-08
8.765740900000000335e-08
8.781185400000000550e-08
8.799711700000000463e-08
8.842904700000000233e-08
8.846821899999999551e-08
8.912996899999999811e-08
8.914133100000000024e-08
8.931392899999999547e-08
8.961375000000000397e-08
8.972512999999999950e-08
8.998973299999999808e-08
9.012078599999999477e-08
9.062899199999999458e-08
9.199920100000000332e-08
9.204489400000000063e-08
9.205441000000000327e-08
9.213648600000000136e-08
9.310919000000000446e-08
9.316613200000000428e-08
9.406187499999999537e-08
9.408115900000000156e-08
9.498772899999999960e-08
9.509343500000000623e-08
9.598918899999999751e-08
9.633789799999999939e-08
9.672476899999999674e-08
9.704500300000000405e-08
9.706025499999999551e-08
9.728958899999999769e-08
9.735345400000000406e-08
9.858529400000000009e-08
9.883930099999999586e-08
9.942877900000000217e-08
9.985148499999999767e-08
1.001782399999999959e-07
1.003745100000000064e-07
1.010378200000000034e-07
1.012609100000000004e-07
1.016531900000000047e-07
1.030344000000000031e-07
1.046956500000000009e-07
1.047474700000000024e-07
1.056772399999999977e-07
1.057031299999999987e-07
1.059004099999999937e-07
1.060602500000000050e-07
1.061395100000000054e-07
1.065822599999999979e-07
1.066793899999999972e-07
1.069124999999999986e-07
1.071929500000000030e-07
1.092011000000000050e-07
1.094020599999999952e-07
1.098526899999999982e-07
1.105635799999999951e-07
1.109120999999999996e-07
1.113351300000000057e-07
1.116468600000000021e-07
1.123862200000000019e-07
1.125188900000000012e-07
1.125921799999999978e-07
1.128818400000000065e-07
1.131532999999999972e-07
1.131747199999999961e-07
1.139799399999999996e-07
1.144330199999999962e-07
1.149871800000000004e-07
1.160365600000000007e-07
1.162611800000000024e-07
1.163658499999999964e-07
1.167419799999999944e-07
1.179634700000000064e-07
1.183539799999999958e-07
1.184981899999999944e-07
1.187861299999999975e-07
1.188805300000000066e-07
1.190015699999999977e-07
1.193061700000000043e-07
1.201289899999999934e-07
1.206022100000000043e-07
1.220999600000000019e-07
1.225313399999999898e-07
1.227497699999999968e-07
1.229677899999999989e-07
1.230891700000000058e-07
1.233121999999999969e-07
1.234261100000000115e-07
1.234267000000000076e-07
1.239591799999999963e-07
1.240498400000000043e-07
1.242853699999999964e-07
1.254880200000000114e-07
1.258197799999999938e-07
1.265028199999999869e-07
1.272022400000000002e-07
1.289225800000000075e-07
1.290122199999999948e-07
1.298292800000000006e-07
1.299462499999999980e-07
1.303966099999999878e-07
1.304500099999999901e-07
1.304520899999999914e-07
1.317911800000000098e-07
1.321044699999999873e-07
1.332280200000000000e-07
1.334210899999999963e-07
1.348110900000000108e-07
1.350707800000000016e-07
1.350874299999999954e-07
1.353723199999999989e-07
1.354730099999999948e-07
1.354829000000000041e-07
1.356228200000000050e-07
1.356763099999999897e-07
1.358663200000000032e-07
1.359995200000000060e-07
1.362609200000000060e-07
1.363768200000000130e-07
1.375797599999999948e-07
1.375889899999999922e-07
1.382357100000000014e-07
1.382396600000000098e-07
1.382677999999999935e-07
1.384461899999999954e-07
1.386579699999999937e-07
1.392134800000000113e-07
1.397549600000000102e-07
1.399978700000000122e-07
1.400850900000000089e-07
1.404135599999999946e-07
1.407916500000000086e-07
1.410452099999999975e-07
1.411285199999999985e-07
1.415423800000000131e-07
1.415980299999999981e-07
1.417398399999999993e-07
1.420571199999999980e-07
1.421974099999999911e-07
1.423523199999999992e-07
1.427569499999999898e-07
1.430726899999999873e-07
1.431983200000000056e-07
1.433253900000000065e-07
1.434218899999999968e-07
1.437158800000000027e-07
1.445278400000000107e-07
1.447998899999999976e-07
1.449393300000000043e-07
1.450915900000000081e-07
1.459739599999999946e-07
1.473964300000000032e-07
1.474185700000000066e-07
1.481008400000000124e-07
1.482526600000000082e-07
1.485432200000000126e-07
1.490886100000000072e-07
1.492170699999999946e-07
1.495077899999999970e-07
1.499624699999999874e-07
1.503918300000000063e-07
1.504316500000000075e-07
1.504544199999999934e-07
1.507968700000000019e-07
1.514555299999999922e-07
1.518289000000000103e-07
1.524659499999999876e-07
1.531774599999999968e-07
1.537070099999999978e-07
1.544823100000000060e-07
1.544844200000000103e-07
1.549767600000000016e-07
1.551608299999999877e-07
1.558291699999999933e-07
1.561323599999999937e-07
1.570826099999999926e-07
1.575179699999999918e-07
1.578683199999999907e-07
1.581000299999999959e-07
1.589597299999999887e-07
1.590831200000000076e-07
1.592682999999999969e-07
1.597982199999999900e-07
1.601580300000000002e-07
1.611582399999999900e-07
1.612964099999999956e-07
1.613204299999999895e-07
1.620789000000000128e-07
1.625862899999999907e-07
1.628641899999999961e-07
1.636750400000000010e-07
1.637690400000000017e-07
1.638050800000000024e-07
1.642461900000000015e-07
1.643327299999999932e-07
1.646384899999999990e-07
1.652503499999999998e-07
1.657786799999999956e-07
1.663497499999999971e-07
1.664766299999999969e-07
1.665488300000000100e-07
1.666716600000000092e-07
1.666974499999999916e-07
1.669440799999999883e-07
1.679938999999999966e-07
1.685921100000000071e-07
1.699421499999999889e-07
1.706674499999999934e-07
1.709794399999999933e-07
1.710670999999999979e-07
1.710764099999999945e-07
1.722444500000000081e-07
1.730938299999999935e-07
1.732848299999999983e-07
1.734057099999999914e-07
1.738912400000000022e-07
1.741280899999999915e-07
1.747224899999999985e-07
1.751186699999999887e-07
1.752393199999999945e-07
1.756541299999999876e-07
1.756863800000000043e-07
1.757306199999999984e-07
1.760048800000000082e-07
1.764531100000000005e-07
1.773487300000000086e-07
1.775912600000000086e-07
1.778608799999999951e-07
1.781241600000000120e-07
1.784436700000000003e-07
1.788927000000000095e-07
1.790403600000000027e-07
1.792662199999999894e-07
1.798841899999999990e-07
1.799785099999999958e-07
1.805691600000000051e-07
1.808117799999999875e-07
1.808169099999999883e-07
1.808946800000000100e-07
1.810641500000000008e-07
1.813558099999999985e-07
1.819703899999999929e-07
1.820262399999999887e-07
1.821052099999999959e-07
1.822539700000000090e-07
1.826179300000000119e-07
1.826913699999999967e-07
1.830028499999999995e-07
1.843027699999999922e-07
1.848143199999999992e-07
1.861544599999999883e-07
1.875293700000000034e-07
1.882149100000000126e-07
1.885018700000000076e-07
1.886670500000000006e-07
1.887712600000000068e-07
1.896634100000000007e-07
1.897922499999999901e-07
1.901391600000000041e-07
1.907840799999999953e-07
1.909352499999999891e-07
1.914728900000000080e-07
1.917733000000000090e-07
1.925196700000000001e-07
1.932056199999999878e-07
1.933195600000000053e-07
1.940780100000000090e-07
1.943641699999999873e-07
1.945048700000000118e-07
1.951855999999999899e-07
1.957323900000000072e-07
1.958557699999999898e-07
1.965185199999999936e-07
1.965336200000000028e-07
1.970607599999999965e-07
1.977988900000000078e-07
1.978928799999999987e-07
1.979711399999999980e-07
1.981184299999999991e-07
1.982903899999999961e-07
1.985048699999999947e-07
1.988981300000000070e-07
1.990966199999999973e-07
1.992644400000000113e-07
2.003177199999999976e-07
2.019337599999999899e-07
2.021239400000000112e-07
2.022146799999999918e-07
2.033749500000000102e-07
2.041978600000000081e-07
2.043054700000000129e-07
2.044702599999999941e-07
2.045041599999999875e-07
2.047446600000000088e-07
2.051895700000000016e-07
2.063822800000000112e-07
2.080847600000000031e-07
2.081625799999999944e-07
2.090268499999999948e-07
2.092279600000000129e-07
2.101504599999999869e-07
2.105691900000000120e-07
2.111345900000000126e-07
2.112959400000000089e-07
2.113965000000000097e-07
2.115324500000000090e-07
2.118521800000000012e-07
2.124351600000000074e-07
2.127370800000000067e-07
2.132232599999999931e-07
2.132503300000000130e-07
2.132757000000000071e-07
2.137040499999999885e-07
2.140507200000000055e-07
2.140771500000000066e-07
2.149302200000000101e-07
2.150702700000000062e-07
2.162554400000000078e-07
2.166563699999999968e-07
2.168442799999999894e-07
2.168763100000000021e-07
2.169673700000000053e-07
2.169762999999999998e-07
2.180258200000000051e-07
2.181965400000000039e-07
2.183858100000000065e-07
2.187651199999999990e-07
2.193029499999999924e-07
2.198888600000000128e-07
2.205989000000000101e-07
2.209676100000000118e-07
2.213577599999999923e-07
2.213701700000000108e-07
2.215786600000000125e-07
2.216279399999999985e-07
2.217127200000000115e-07
2.224854299999999949e-07
2.225745699999999948e-07
2.226595400000000088e-07
2.229864800000000032e-07
2.234642699999999952e-07
2.234961100000000069e-07
2.240263300000000030e-07
2.242801099999999959e-07
2.248368099999999893e-07
2.254726900000000104e-07
2.261865699999999877e-07
2.264202299999999991e-07
2.266979400000000035e-07
2.268391000000000026e-07
2.275151999999999937e-07
2.283066500000000084e-07
2.287746800000000126e-07
2.288555599999999868e-07
2.294609699999999896e-07
2.295615400000000001e-07
2.299381799999999952e-07
2.299976700000000132e-07
2.302820499999999931e-07
2.304441700000000033e-07
2.309313299999999977e-07
2.319889699999999974e-07
2.321489300000000072e-07
2.327265100000000126e-07
2.327300100000000033e-07
2.353662499999999984e-07
2.355261199999999994e-07
2.358968199999999936e-07
2.363651300000000076e-07
2.363733199999999912e-07
2.376087299999999937e-07
2.378242800000000091e-07
2.379156999999999948e-07
2.382668299999999908e-07
2.382870100000000047e-07
2.384469999999999910e-07
2.389246700000000242e-07
2.390996399999999815e-07
2.395039900000000151e-07
2.397885199999999833e-07
2.407437300000000016e-07
2.421137199999999835e-07
2.421304500000000028e-07
2.422490499999999837e-07
2.423247100000000012e-07
2.424503100000000166e-07
2.436778700000000247e-07
2.436938099999999840e-07
2.437099499999999806e-07
2.444189999999999866e-07
2.445002100000000196e-07
2.452946200000000249e-07
2.455797100000000128e-07
2.456552399999999823e-07
2.472362700000000045e-07
2.482286800000000226e-07
2.482795100000000196e-07
2.483734299999999948e-07
2.484031299999999993e-07
2.485654399999999841e-07
2.489105999999999763e-07
2.491584600000000144e-07
2.493332500000000069e-07
2.495165500000000056e-07
2.498262599999999934e-07
2.499977900000000187e-07
2.502670900000000091e-07
2.502802700000000151e-07
2.503545500000000029e-07
2.513147999999999867e-07
2.518597699999999929e-07
2.526246000000000055e-07
2.527548199999999980e-07
2.534365500000000037e-07
2.535133999999999968e-07
2.538951400000000162e-07
2.540698399999999999e-07
2.545510299999999905e-07
2.550420800000000139e-07
2.551167000000000176e-07
2.553985100000000187e-07
2.561562199999999850e-07
2.567860600000000131e-07
2.578554200000000166e-07
2.582927199999999857e-07
2.587741700000000194e-07
2.590277599999999848e-07
2.600906000000000010e-07
2.603635799999999998e-07
2.613299800000000050e-07
2.617752600000000165e-07
2.634999300000000078e-07
2.640625399999999991e-07
2.641900200000000050e-07
2.648987200000000119e-07
2.652347699999999919e-07
2.655829900000000199e-07
2.662679899999999761e-07
2.666801600000000011e-07
2.670144100000000162e-07
2.683066999999999921e-07
2.686315100000000155e-07
2.691340100000000162e-07
2.700156300000000084e-07
2.709522000000000140e-07
2.710166000000000023e-07
2.713157699999999787e-07
2.713512199999999831e-07
2.714621199999999845e-07
2.717903099999999868e-07
2.728703399999999968e-07
2.730740399999999869e-07
2.731983199999999785e-07
2.736946599999999744e-07
2.737702800000000056e-07
2.747572199999999807e-07
2.749579400000000134e-07
2.753272199999999917e-07
2.756227800000000018e-07
2.764107599999999758e-07
2.766854300000000170e-07
2.775647099999999912e-07
2.778717000000000119e-07
2.784596800000000237e-07
2.788021100000000126e-07
2.788227099999999883e-07
2.793207999999999795e-07
2.798153100000000074e-07
2.799147700000000148e-07
2.799658600000000021e-07
2.803610299999999814e-07
2.804969500000000042e-07
2.806241500000000002e-07
2.806409299999999891e-07
2.806709300000000231e-07
2.812287400000000195e-07
2.821629199999999846e-07
2.822408900000000171e-07
2.823791100000000187e-07
2.824194499999999740e-07
2.827198200000000152e-07
2.831007400000000247e-07
2.832664500000000080e-07
2.832995899999999974e-07
2.835611500000000218e-07
2.836116199999999835e-07
2.836461700000000055e-07
2.838347000000000236e-07
2.842138099999999789e-07
2.846869100000000045e-07
2.849072599999999884e-07
2.861490400000000163e-07
2.866470700000000016e-07
2.870125599999999960e-07
2.877465100000000116e-07
2.879317599999999901e-07
2.884648700000000141e-07
2.899382299999999992e-07
2.903558400000000113e-07
2.909030599999999738e-07
2.922640300000000053e-07
2.923971700000000022e-07
2.931116500000000120e-07
2.933359399999999944e-07
2.933540899999999766e-07
2.937700900000000248e-07
2.937710299999999936e-07
2.938605299999999760e-07
2.941711900000000217e-07
2.954177099999999857e-07
2.955646699999999808e-07
2.965058799999999832e-07
2.965875000000000212e-07
2.968582000000000079e-07
2.970457200000000151e-07
2.973139100000000024e-07
2.977867300000000181e-07
2.978871999999999835e-07
2.979409700000000045e-07
2.981041300000000022e-07
2.983456600000000010e-07
2.984764599999999799e-07
2.985059299999999972e-07
2.986883099999999938e-07
2.991997000000000027e-07
2.993537100000000019e-07
2.995695700000000037e-07
3.003200400000000179e-07
3.011844400000000134e-07
3.015818699999999852e-07
3.034580999999999822e-07
3.040095700000000090e-07
3.043721499999999823e-07
3.044313699999999738e-07
3.048227900000000084e-07
3.054858599999999818e-07
3.055843200000000146e-07
3.059802199999999950e-07
3.063049300000000262e-07
3.065712500000000063e-07
3.066657800000000238e-07
3.070084000000000136e-07
3.071015500000000015e-07
3.072337300000000100e-07
3.075612900000000034e-07
3.076139900000000076e-07
3.076829500000000202e-07
3.080683799999999784e-07
3.083135400000000160e-07
3.089290000000000262e-07
3.096726500000000237e-07
3.100336099999999968e-07
3.104446899999999854e-07
3.117210799999999883e-07
3.118174899999999962e-07
3.118506999999999749e-07
3.119976499999999867e-07
3.127987399999999773e-07
3.129472099999999972e-07
3.132571900000000114e-07
3.151730600000000184e-07
3.155245199999999939e-07
3.158875399999999752e-07
3.161823699999999842e-07
3.163008500000000063e-07
3.165604099999999756e-07
3.167008300000000167e-07
3.169524499999999828e-07
3.171868800000000080e-07
3.173228100000000142e-07
3.173904299999999834e-07
3.174132800000000212e-07
3.176685100000000065e-07
3.187482399999999870e-07
3.191557799999999986e-07
3.192275000000000175e-07
3.194465199999999943e-07
3.199165199999999978e-07
3.200178599999999957e-07
3.203948899999999762e-07
3.207366300000000031e-07
3.223186900000000030e-07
3.224586200000000137e-07
3.225746899999999756e-07
3.234633000000000189e-07
3.239105900000000160e-07
3.244018899999999934e-07
3.246058399999999905e-07
3.246296399999999804e-07
3.254548999999999797e-07
3.255426999999999892e-07
3.258622400000000069e-07
3.277818000000000056e-07
3.284933900000000139e-07
3.291758699999999873e-07
3.305785800000000233e-07
3.305797900000000186e-07
3.311070700000000172e-07
3.312318699999999893e-07
3.313399600000000148e-07
3.316529899999999756e-07
3.317878299999999982e-07
3.321845600000000248e-07
3.323998699999999903e-07
3.326345300000000028e-07
3.328456900000000019e-07
3.330258100000000060e-07
3.331783200000000167e-07
3.339397699999999973e-07
3.355543299999999943e-07
3.357250000000000234e-07
3.362014999999999946e-07
3.365657599999999741e-07
