# t	msd	err
1.765333333335655961e-15 1.497119569570171723e-04 7.409022244039840715e-05
3.469599999999551350e-15 1.888126223948028044e-04 9.189380023967505800e-05
9.789999999998810523e-15 1.090422415687193641e-04 3.992537570904512110e-05
1.527880000000075149e-14 6.238940489943708707e-05 2.809476899380509338e-06
3.123272999999961876e-14 1.218328000037526509e-04 4.524445956810796378e-05
5.132239125000017620e-14 1.017680018385363409e-04 3.015204641939796344e-05
9.427938235294218848e-14 1.686599381091201020e-04 2.659934448225598417e-05
1.676016826086951975e-13 1.442293642193286649e-04 2.267237009400315532e-05
2.865816172839502502e-13 1.108735777133664917e-04 1.729406746770637294e-05
5.018474409150321855e-13 1.910104650209709784e-04 1.800780567818413674e-05
8.859805560740736130e-13 1.733052324676018175e-04 1.304771005907069993e-05
1.548782880465114487e-12 1.818990804491099535e-04 1.096668181151505082e-05
2.652475106974954968e-12 2.206645745325752151e-04 1.252758503233417572e-05
4.707474413391913611e-12 4.416498560581897889e-04 1.745925341940146776e-05
8.161105341715969423e-12 8.057694375502178624e-04 2.322685900315203051e-05
1.437711682484667292e-11 1.616325685210802648e-03 3.159308372775126815e-05
2.723429450075154856e-11 3.523760309311625271e-04 1.312801648776832126e-05
4.030052037009124512e-11 1.418201861624234427e-03 2.465471619189077077e-05
