# t
0.000000000000000000e+00
4.147653199999999931e-13
1.741209599999999980e-12
7.626220799999999848e-12
1.353490999999999973e-11
1.356763199999999956e-11
1.640603500000000018e-11
2.548979099999999955e-11
2.769922799999999895e-11
3.042728099999999934e-11
3.188982999999999802e-11
3.220788000000000190e-11
3.845344800000000035e-11
3.894995200000000322e-11
4.065435899999999907e-11
4.174784199999999949e-11
4.588964100000000213e-11
4.803021799999999773e-11
4.824680299999999765e-11
5.039929700000000304e-11
5.434626999999999720e-11
5.555661200000000226e-11
5.813444799999999939e-11
6.062032500000000645e-11
6.313311399999999400e-11
6.953670300000000289e-11
7.026444400000000457e-11
7.986427000000000539e-11
8.258577800000000159e-11
8.302782099999999888e-11
8.442981500000000257e-11
8.684259700000000064e-11
9.126432000000000264e-11
9.809722400000000262e-11
1.008636800000000059e-10
1.024125600000000028e-10
1.026666100000000005e-10
1.041791400000000035e-10
1.067536900000000037e-10
1.071334699999999959e-10
1.079673499999999984e-10
1.106737600000000032e-10
1.166675899999999880e-10
1.188988799999999975e-10
1.193438600000000036e-10
1.211328599999999961e-10
1.268486099999999926e-10
1.283602500000000118e-10
1.300534499999999941e-10
1.361978099999999948e-10
1.406650700000000013e-10
1.427635199999999963e-10
1.502650900000000108e-10
1.511160199999999941e-10
1.551289300000000011e-10
1.615017299999999886e-10
1.618053599999999918e-10
1.714086900000000121e-10
1.757332999999999891e-10
1.817810499999999903e-10
1.827865800000000126e-10
1.873997799999999962e-10
1.962022000000000083e-10
1.976427299999999882e-10
2.004810600000000065e-10
2.022250699999999935e-10
2.150417500000000034e-10
2.150792799999999935e-10
2.155960199999999875e-10
2.259965299999999953e-10
2.260320899999999984e-10
2.264603700000000059e-10
2.394210799999999890e-10
2.412801899999999863e-10
2.424290999999999813e-10
2.456412999999999921e-10
2.603528999999999789e-10
2.640618000000000218e-10
2.712126500000000044e-10
2.724156900000000077e-10
2.742630700000000191e-10
2.829227200000000100e-10
2.849461100000000249e-10
2.851401199999999759e-10
2.860132200000000005e-10
2.860839100000000041e-10
2.913612699999999860e-10
2.922033999999999817e-10
2.966256200000000186e-10
3.033502099999999965e-10
3.072335800000000069e-10
3.088383499999999812e-10
3.096836800000000148e-10
3.145297000000000063e-10
3.146619100000000062e-10
3.209701800000000047e-10
3.237852099999999885e-10
3.245751100000000128e-10
3.252263900000000205e-10
3.295725899999999884e-10
3.334754799999999966e-10
3.395903800000000000e-10
3.399200799999999953e-10
3.419162300000000018e-10
3.458710499999999892e-10
3.461393099999999827e-10
3.463150199999999939e-10
3.524069100000000139e-10
3.528486099999999876e-10
3.561853200000000254e-10
3.578616799999999801e-10
3.578660099999999852e-10
3.605347799999999882e-10
3.639533699999999881e-10
3.642066300000000079e-10
3.660389000000000211e-10
3.676816000000000096e-10
3.710502200000000244e-10
3.759972799999999749e-10
3.810831400000000200e-10
3.845748900000000147e-10
3.861746400000000122e-10
3.886880499999999769e-10
3.911645299999999878e-10
3.950182099999999844e-10
3.972240599999999908e-10
4.010359200000000153e-10
4.062887400000000224e-10
4.094073999999999836e-10
4.106837399999999850e-10
4.112741799999999753e-10
4.120051899999999835e-10
4.158233900000000231e-10
4.201979700000000112e-10
4.205101700000000114e-10
4.209730599999999777e-10
4.311680199999999902e-10
4.311783200000000166e-10
4.472931999999999997e-10
4.490869500000000071e-10
4.499120599999999747e-10
4.531521699999999799e-10
4.535260999999999813e-10
4.632084199999999885e-10
4.694710900000000301e-10
4.721561499999999629e-10
4.758235800000000420e-10
4.793575700000000185e-10
4.807732499999999869e-10
4.813622699999999589e-10
4.833796300000000471e-10
4.860003800000000145e-10
4.896472699999999980e-10
4.944977399999999604e-10
4.946806600000000366e-10
4.973419600000000054e-10
4.983075599999999964e-10
4.983667300000000191e-10
4.988843699999999639e-10
5.053120700000000037e-10
5.136210900000000276e-10
5.189786899999999554e-10
5.196031500000000163e-10
5.216866999999999662e-10
5.228949200000000388e-10
5.272603600000000497e-10
5.285829099999999853e-10
5.311436100000000425e-10
5.325865700000000422e-10
5.329710199999999643e-10
5.433390599999999561e-10
5.435296200000000482e-10
5.440256699999999764e-10
5.445998599999999566e-10
5.487763000000000005e-10
5.491786299999999561e-10
5.567994199999999810e-10
5.605476299999999816e-10
5.624407100000000336e-10
5.701324799999999581e-10
5.717500200000000017e-10
5.719593999999999719e-10
5.770893899999999913e-10
5.784228500000000340e-10
5.795563100000000153e-10
5.817934999999999928e-10
5.874508700000000220e-10
5.887310899999999884e-10
5.961984899999999621e-10
5.970741699999999509e-10
6.001680699999999913e-10
6.018047199999999641e-10
6.027111900000000072e-10
6.054963699999999883e-10
6.057988499999999609e-10
6.070625999999999712e-10
6.175065399999999627e-10
6.187206100000000390e-10
6.190582800000000209e-10
6.294451599999999800e-10
6.338981400000000408e-10
6.344490500000000240e-10
6.388786099999999811e-10
6.406904899999999983e-10
6.428560699999999580e-10
6.455597399999999709e-10
6.461035400000000243e-10
6.490958600000000267e-10
6.530208299999999596e-10
6.549661400000000347e-10
6.551914200000000068e-10
6.603062100000000406e-10
6.615875399999999887e-10
6.617994299999999731e-10
6.661139300000000206e-10
6.665571900000000161e-10
6.798002900000000197e-10
6.809850399999999726e-10
6.891872399999999838e-10
6.900436099999999797e-10
6.969176100000000120e-10
6.969956099999999574e-10
6.979434200000000056e-10
7.002736199999999982e-10
7.048874400000000037e-10
7.100725800000000258e-10
7.150003599999999618e-10
7.169410300000000467e-10
7.190860799999999554e-10
7.251965699999999592e-10
7.334125099999999663e-10
7.337787099999999645e-10
7.342736599999999556e-10
7.349092999999999822e-10
7.362792300000000492e-10
7.366696400000000514e-10
7.377535400000000129e-10
7.390647100000000225e-10
7.442967699999999880e-10
7.457257099999999854e-10
7.486528800000000027e-10
7.494523000000000425e-10
7.511343100000000405e-10
7.511852500000000039e-10
7.522820400000000005e-10
7.541819999999999915e-10
7.546037700000000022e-10
7.608676999999999698e-10
7.647978000000000077e-10
7.651156100000000282e-10
7.696987599999999970e-10
7.708475000000000101e-10
7.709942700000000398e-10
7.723381699999999570e-10
7.734496599999999866e-10
7.780520200000000199e-10
7.801160999999999878e-10
7.814251400000000216e-10
7.987575299999999988e-10
8.018278999999999624e-10
8.079615500000000491e-10
8.128748500000000015e-10
8.151846699999999909e-10
8.198299300000000511e-10
8.201216400000000234e-10
8.205312099999999707e-10
8.213451299999999798e-10
8.244240499999999806e-10
8.280404699999999911e-10
8.290984100000000112e-10
8.303447899999999851e-10
8.321749099999999850e-10
8.388465300000000038e-10
8.402251199999999776e-10
8.427832000000000474e-10
8.433646500000000051e-10
8.448655300000000426e-10
8.456179400000000483e-10
8.461277200000000312e-10
8.483548600000000104e-10
8.490725000000000166e-10
8.529579400000000457e-10
8.546764800000000252e-10
8.546826300000000211e-10
8.550265900000000022e-10
8.551224699999999810e-10
8.579748800000000104e-10
8.581112099999999588e-10
8.587770300000000106e-10
8.588585000000000074e-10
8.652589299999999569e-10
8.676452000000000180e-10
8.698607099999999915e-10
8.730939400000000060e-10
8.754680100000000037e-10
8.770779100000000315e-10
8.776172200000000392e-10
8.811113199999999558e-10
8.869600599999999630e-10
8.874797999999999570e-10
8.877228199999999593e-10
8.912882899999999619e-10
8.942066399999999800e-10
8.949344199999999719e-10
8.952823099999999857e-10
8.973465200000000157e-10
9.003714500000000114e-10
9.008640299999999915e-10
9.013379999999999950e-10
9.037094699999999911e-10
9.054280599999999865e-10
9.060382499999999654e-10
9.062041800000000436e-10
9.185702799999999685e-10
9.274147600000000136e-10
9.338460399999999745e-10
9.343238099999999485e-10
9.348955399999999304e-10
9.350966999999999893e-10
9.351877199999999284e-10
9.360582500000000334e-10
9.365087499999999172e-10
9.397320000000000384e-10
9.497603800000000757e-10
9.511647499999999129e-10
9.517470000000000222e-10
9.522656800000000505e-10
9.539292500000000019e-10
9.562713100000000942e-10
9.599984199999999863e-10
9.646638699999999270e-10
9.680967299999999055e-10
9.694519600000000429e-10
9.724852700000000423e-10
9.749925399999999006e-10
9.758801799999999176e-10
9.808607099999999184e-10
9.811863199999999437e-10
9.826844099999999604e-10
9.853067100000000083e-10
9.857104699999999233e-10
9.903502299999999880e-10
9.975051099999999317e-10
9.998505600000000293e-10
1.002777100000000032e-09
1.011099399999999967e-09
1.014504800000000043e-09
1.015989000000000016e-09
1.021345899999999928e-09
1.027131299999999948e-09
1.031242399999999987e-09
1.031844899999999934e-09
1.037872199999999931e-09
1.039852600000000087e-09
1.043380800000000017e-09
1.046098300000000013e-09
1.046942500000000079e-09
1.046976300000000100e-09
1.049349599999999976e-09
1.052170199999999957e-09
1.057776100000000040e-09
1.060742399999999937e-09
1.066104299999999995e-09
1.066622399999999921e-09
1.067900300000000099e-09
1.077254700000000027e-09
1.079969899999999910e-09
1.084431500000000010e-09
1.086453600000000017e-09
1.090356199999999974e-09
1.093370899999999997e-09
1.101999100000000044e-09
1.105514700000000093e-09
1.110589000000000082e-09
1.111192800000000030e-09
1.113717000000000033e-09
1.116852699999999956e-09
1.118295000000000014e-09
1.119568199999999935e-09
1.122976400000000076e-09
1.126521999999999969e-09
1.127845000000000048e-09
1.130996899999999966e-09
1.135587700000000099e-09
1.137138700000000066e-09
1.141886499999999994e-09
1.144082799999999903e-09
1.146069999999999952e-09
1.146390999999999914e-09
1.154160399999999997e-09
1.156509299999999953e-09
1.159203700000000030e-09
1.166892799999999951e-09
1.167094399999999902e-09
1.169672300000000066e-09
1.169754700000000070e-09
1.170825399999999959e-09
1.171237299999999946e-09
1.181502199999999982e-09
1.183016899999999958e-09
1.184680699999999900e-09
1.185834600000000048e-09
1.190544500000000096e-09
1.195140899999999946e-09
1.198046599999999964e-09
1.199142700000000093e-09
1.210870300000000072e-09
1.213601699999999949e-09
1.213691899999999958e-09
1.217262800000000058e-09
1.234167400000000091e-09
1.236166800000000099e-09
1.241157599999999941e-09
1.244409400000000064e-09
1.244501699999999915e-09
1.247338799999999986e-09
1.253648600000000079e-09
1.253726400000000064e-09
1.255540100000000020e-09
1.256803200000000030e-09
1.260537099999999977e-09
1.269476700000000028e-09
1.269667600000000083e-09
1.272248599999999994e-09
1.273482299999999938e-09
1.274611699999999928e-09
1.276152599999999984e-09
1.279243699999999959e-09
1.279483400000000061e-09
1.279628399999999961e-09
1.280369299999999978e-09
1.283553600000000091e-09
1.292522700000000033e-09
1.302528800000000082e-09
1.304118499999999977e-09
1.305979699999999979e-09
1.306451299999999972e-09
1.306751900000000048e-09
1.312456499999999954e-09
1.312762900000000018e-09
1.313236000000000075e-09
1.316951700000000011e-09
1.317758399999999911e-09
1.320785499999999957e-09
1.325360199999999921e-09
1.327331899999999992e-09
1.329899600000000005e-09
1.334377699999999988e-09
1.335936300000000103e-09
1.336265499999999991e-09
1.345965699999999928e-09
1.346455499999999932e-09
1.357640199999999937e-09
1.361032100000000053e-09
1.362205000000000054e-09
1.362431099999999957e-09
1.362783999999999954e-09
1.367949500000000064e-09
1.371402299999999947e-09
1.373873399999999980e-09
1.379839699999999970e-09
1.383106599999999944e-09
1.395218899999999925e-09
1.395552600000000006e-09
1.400204299999999906e-09
1.402961300000000086e-09
1.404315700000000042e-09
1.406936099999999897e-09
1.410173299999999916e-09
1.411358099999999988e-09
1.415651899999999951e-09
1.419934699999999923e-09
1.420067699999999927e-09
1.420076500000000044e-09
1.422510899999999958e-09
1.422897100000000025e-09
1.425962400000000047e-09
1.426968999999999976e-09
1.431976200000000083e-09
1.432081100000000021e-09
1.433440699999999980e-09
1.436650399999999918e-09
1.436705599999999936e-09
1.442339699999999909e-09
1.443156100000000006e-09
1.444452799999999973e-09
1.446504599999999935e-09
1.448486100000000028e-09
1.448707799999999976e-09
1.449628399999999994e-09
1.449692599999999987e-09
1.450872399999999912e-09
1.451412999999999980e-09
1.455694599999999983e-09
1.456698799999999974e-09
1.458636300000000103e-09
1.459630999999999961e-09
1.463260200000000034e-09
1.463983600000000056e-09
1.470168899999999961e-09
1.471974500000000023e-09
1.475775899999999981e-09
1.480304900000000059e-09
1.481034000000000037e-09
1.483141900000000098e-09
1.511041000000000097e-09
1.512688000000000060e-09
1.514754100000000031e-09
1.520683000000000093e-09
1.526317499999999987e-09
1.528853500000000029e-09
1.531862200000000000e-09
1.532065199999999984e-09
1.535861900000000098e-09
1.536787600000000087e-09
1.539160099999999916e-09
1.540668599999999983e-09
1.544189699999999925e-09
1.549594199999999914e-09
1.552181999999999924e-09
1.554022399999999913e-09
1.557435100000000041e-09
1.558772599999999986e-09
1.567016399999999920e-09
1.568424700000000100e-09
1.568552500000000100e-09
1.572953800000000003e-09
1.576813900000000061e-09
1.594269999999999914e-09
1.603640000000000058e-09
1.604958800000000039e-09
1.605137400000000103e-09
1.607315299999999937e-09
1.607723000000000033e-09
1.609719599999999976e-09
1.617558500000000086e-09
1.620311099999999897e-09
1.620602800000000032e-09
1.621789500000000089e-09
1.625611499999999996e-09
1.626383100000000081e-09
1.628629400000000005e-09
1.634699499999999996e-09
1.642726300000000033e-09
1.648509900000000100e-09
1.654790399999999952e-09
1.664731100000000040e-09
1.665239200000000087e-09
1.668014200000000007e-09
1.669239999999999914e-09
1.671530099999999946e-09
1.674248700000000085e-09
1.676042200000000013e-09
1.690256899999999956e-09
1.694213000000000010e-09
1.696344100000000021e-09
1.696449400000000087e-09
1.701618699999999961e-09
1.702687500000000072e-09
1.703419100000000020e-09
1.704067099999999996e-09
1.705592699999999931e-09
1.709871400000000043e-09
1.711503500000000013e-09
1.720100000000000088e-09
1.721970700000000016e-09
1.722320299999999996e-09
1.726026600000000037e-09
1.726269099999999998e-09
1.726788300000000068e-09
1.727099899999999929e-09
1.728538500000000048e-09
1.731396300000000100e-09
1.733542700000000026e-09
1.734730399999999988e-09
1.746051600000000079e-09
1.746250499999999997e-09
1.746346899999999914e-09
1.754257300000000069e-09
1.781418900000000101e-09
1.782903499999999994e-09
1.785777000000000088e-09
1.787732000000000005e-09
1.795154900000000062e-09
1.797213699999999981e-09
1.798606299999999912e-09
1.798898299999999936e-09
1.802501700000000056e-09
1.804573499999999983e-09
1.805138900000000097e-09
1.809577500000000103e-09
1.810647999999999929e-09
1.814574500000000060e-09
1.818264099999999948e-09
1.818798300000000043e-09
1.819227100000000040e-09
1.820635199999999950e-09
1.825123900000000003e-09
1.829185999999999933e-09
1.834167599999999944e-09
1.835216099999999994e-09
1.837670400000000049e-09
1.839242499999999917e-09
1.846681100000000016e-09
1.851152900000000059e-09
1.854373100000000035e-09
1.855004300000000031e-09
1.862310599999999936e-09
1.862658200000000106e-09
1.863139500000000088e-09
1.869538500000000078e-09
1.869895799999999824e-09
1.871136499999999932e-09
1.876179499999999870e-09
1.876633499999999835e-09
1.879370999999999796e-09
1.879588299999999995e-09
1.883550399999999894e-09
1.889714899999999992e-09
1.890832699999999800e-09
1.891740800000000176e-09
1.893377800000000054e-09
1.901231200000000030e-09
1.904077699999999996e-09
1.909035099999999944e-09
1.913649899999999869e-09
1.915506699999999915e-09
1.921118099999999891e-09
1.922694900000000017e-09
1.927239499999999898e-09
1.931753399999999919e-09
1.932976200000000110e-09
1.935885499999999829e-09
1.937560799999999921e-09
1.940386499999999873e-09
1.951450700000000138e-09
1.952287600000000152e-09
1.956897100000000042e-09
1.963819000000000040e-09
1.964886099999999816e-09
1.967249199999999957e-09
1.969469300000000008e-09
1.973478700000000095e-09
1.974000699999999817e-09
1.978708399999999991e-09
1.979393299999999942e-09
1.985361800000000013e-09
1.988999199999999804e-09
1.990562300000000113e-09
1.994430299999999794e-09
1.994985999999999918e-09
1.997252899999999999e-09
1.999559000000000167e-09
2.001861600000000047e-09
2.001890200000000065e-09
2.009903999999999887e-09
2.012463100000000054e-09
2.023021700000000035e-09
2.027612000000000008e-09
2.029709499999999855e-09
2.030316100000000075e-09
2.030813499999999813e-09
2.031063899999999811e-09
2.036196300000000123e-09
2.037593700000000137e-09
2.043446400000000104e-09
2.044694099999999961e-09
2.045731799999999878e-09
2.045918699999999899e-09
2.046068500000000088e-09
2.046898299999999907e-09
2.049848399999999809e-09
2.058172700000000175e-09
2.059345100000000017e-09
2.062443900000000172e-09
2.067937999999999978e-09
2.073626300000000065e-09
2.077346999999999940e-09
2.077456500000000104e-09
2.082971199999999860e-09
2.086005200000000038e-09
2.091347599999999876e-09
2.098560700000000057e-09
2.099131700000000096e-09
2.103202900000000031e-09
2.103356699999999841e-09
2.109712200000000026e-09
2.110899300000000004e-09
2.116033299999999999e-09
2.116183499999999902e-09
2.119717799999999916e-09
2.120037999999999829e-09
2.132435599999999973e-09
2.135620699999999927e-09
2.136427200000000176e-09
2.143561299999999989e-09
2.146213099999999929e-09
2.146896100000000101e-09
2.150438699999999865e-09
2.151873200000000125e-09
2.152169000000000119e-09
2.155387800000000062e-09
2.159785200000000170e-09
2.163314799999999925e-09
2.170568599999999845e-09
2.172038499999999809e-09
2.173999499999999985e-09
2.176792799999999949e-09
2.179724599999999808e-09
2.179962399999999925e-09
2.187502899999999833e-09
2.195655299999999996e-09
2.197965799999999913e-09
2.202156599999999923e-09
2.214376199999999987e-09
2.215760099999999833e-09
2.236191399999999938e-09
2.238452100000000110e-09
2.240378199999999914e-09
2.241371500000000153e-09
2.241473199999999898e-09
2.243539300000000076e-09
2.244401399999999851e-09
2.244996400000000095e-09
2.247779200000000021e-09
2.249182899999999976e-09
2.251997200000000016e-09
2.255348099999999883e-09
2.262896000000000082e-09
2.263439700000000104e-09
2.263479099999999842e-09
2.267664799999999880e-09
2.270411499999999879e-09
2.274258599999999929e-09
2.279951100000000113e-09
2.288466400000000153e-09
2.291861199999999952e-09
2.292569599999999949e-09
2.297231700000000063e-09
2.298544499999999993e-09
2.302643899999999818e-09
2.303550999999999876e-09
2.303827599999999953e-09
2.310745599999999949e-09
2.311805399999999880e-09
2.312122800000000142e-09
2.315209799999999844e-09
2.317322600000000019e-09
2.319536000000000002e-09
2.320011500000000204e-09
2.320309300000000008e-09
2.325714700000000077e-09
2.325811800000000011e-09
2.333203600000000080e-09
2.338810599999999893e-09
2.345069299999999828e-09
2.346345400000000052e-09
2.346497699999999798e-09
2.348071799999999890e-09
2.354768700000000130e-09
2.354858400000000186e-09
2.360539099999999918e-09
2.361444599999999880e-09
2.363162499999999903e-09
2.365848299999999927e-09
2.370716199999999883e-09
2.372973599999999830e-09
2.377124299999999879e-09
2.377994500000000168e-09
2.378937999999999835e-09
2.379767099999999844e-09
2.380793299999999817e-09
2.381243100000000098e-09
2.390733900000000079e-09
2.393837099999999983e-09
2.395422199999999859e-09
2.398188299999999838e-09
2.406507799999999915e-09
2.412770000000000137e-09
2.419698300000000108e-09
2.420532199999999993e-09
2.422690000000000037e-09
2.425704400000000171e-09
2.429338500000000151e-09
2.430930300000000096e-09
2.432829299999999946e-09
2.434165699999999954e-09
2.434976399999999888e-09
2.445413500000000015e-09
2.451455700000000005e-09
2.455550399999999987e-09
2.459610099999999979e-09
2.462266699999999793e-09
2.462655700000000132e-09
2.463330100000000044e-09
2.466828100000000067e-09
2.472071000000000034e-09
2.472843899999999913e-09
2.475568299999999834e-09
2.478646800000000135e-09
2.479724399999999949e-09
2.484916399999999821e-09
2.490708599999999941e-09
2.502253299999999933e-09
2.504774099999999886e-09
2.507238700000000122e-09
2.510082099999999926e-09
2.514262800000000025e-09
2.514827700000000187e-09
2.520967599999999888e-09
2.521909100000000158e-09
2.528332199999999972e-09
2.532494299999999933e-09
2.532636400000000149e-09
2.536358099999999929e-09
2.539913299999999987e-09
2.548370400000000086e-09
2.551555600000000072e-09
2.551941200000000154e-09
2.553877900000000028e-09
2.559135700000000196e-09
2.559494299999999943e-09
2.561745299999999918e-09
2.564186100000000011e-09
2.568022800000000054e-09
2.572028000000000044e-09
2.577685100000000111e-09
2.579541700000000094e-09
2.582837699999999831e-09
2.585973699999999850e-09
2.591299500000000188e-09
2.592544600000000043e-09
2.597975099999999841e-09
2.598355000000000174e-09
2.598629299999999932e-09
2.601525299999999960e-09
2.601946899999999937e-09
2.606499699999999951e-09
2.614243400000000113e-09
2.616911499999999871e-09
2.618187900000000192e-09
2.622169099999999975e-09
2.622325899999999914e-09
2.629681900000000152e-09
2.631865200000000053e-09
2.632557799999999977e-09
2.637924799999999799e-09
2.639999300000000173e-09
2.640605000000000106e-09
2.641446599999999964e-09
2.641652699999999902e-09
2.643814800000000076e-09
2.647695300000000019e-09
2.650449900000000054e-09
2.651604600000000044e-09
2.652167700000000046e-09
2.655534199999999922e-09
2.655568300000000039e-09
2.658080899999999859e-09
2.660974000000000204e-09
2.666481600000000178e-09
2.669618099999999942e-09
2.671239200000000128e-09
2.675710400000000186e-09
2.676105399999999956e-09
2.679003599999999858e-09
2.683472800000000106e-09
2.686268099999999880e-09
2.689519499999999875e-09
2.690033199999999846e-09
2.693457800000000046e-09
2.693693000000000161e-09
2.695780999999999875e-09
2.696935899999999928e-09
2.697758000000000188e-09
2.702902499999999807e-09
2.705895799999999833e-09
2.707332499999999967e-09
2.718625599999999993e-09
2.721998300000000191e-09
2.722329100000000175e-09
2.723080499999999818e-09
2.731865799999999899e-09
2.734351599999999862e-09
2.734931499999999842e-09
2.737967899999999958e-09
2.738406700000000041e-09
2.741530699999999957e-09
2.743721500000000181e-09
2.745647199999999857e-09
2.745828100000000034e-09
2.748141400000000016e-09
2.749735499999999867e-09
2.763232699999999807e-09
2.765604699999999889e-09
2.766823299999999982e-09
2.767116700000000038e-09
2.774681899999999962e-09
2.775059900000000102e-09
2.776275500000000067e-09
2.776779599999999873e-09
2.778388199999999796e-09
2.779060000000000121e-09
2.779173599999999937e-09
2.780716500000000010e-09
2.782425800000000188e-09
2.783561800000000007e-09
2.796309400000000051e-09
2.799510899999999856e-09
2.803579699999999853e-09
2.806610399999999807e-09
2.807345700000000107e-09
2.808772600000000012e-09
2.810117300000000185e-09
2.810912799999999823e-09
2.814921800000000196e-09
2.815981300000000031e-09
2.816967400000000043e-09
2.819877900000000144e-09
2.821386600000000068e-09
2.823444600000000145e-09
2.824975099999999988e-09
2.825395099999999869e-09
2.830800299999999874e-09
2.830935399999999927e-09
2.833127899999999865e-09
2.837245999999999862e-09
2.838988599999999901e-09
2.839010000000000105e-09
2.839070399999999920e-09
2.840005999999999964e-09
2.841220199999999895e-09
2.842210800000000101e-09
2.842765000000000161e-09
2.847877299999999856e-09
2.855162499999999859e-09
2.862312799999999873e-09
2.863059199999999989e-09
2.869762899999999915e-09
2.871265800000000059e-09
2.871808400000000143e-09
2.875407600000000165e-09
2.883974899999999824e-09
2.889120599999999826e-09
2.894444199999999876e-09
2.901098500000000185e-09
2.909290500000000150e-09
2.910033700000000073e-09
2.911040099999999939e-09
2.920523700000000106e-09
2.921632800000000036e-09
2.923073599999999823e-09
2.923082899999999892e-09
2.925784199999999894e-09
2.927397900000000202e-09
2.928773499999999885e-09
2.930297200000000042e-09
2.945060599999999945e-09
2.948753800000000153e-09
2.949107900000000120e-09
2.949111600000000059e-09
2.950777600000000082e-09
2.959139199999999930e-09
2.966849200000000103e-09
2.971822200000000061e-09
2.973486299999999892e-09
2.974962999999999956e-09
2.983747599999999814e-09
2.985251799999999959e-09
2.985691000000000169e-09
2.993406900000000155e-09
2.996723899999999969e-09
3.001317999999999913e-09
3.002790299999999815e-09
3.006468999999999950e-09
3.011339599999999940e-09
3.014254100000000075e-09
3.017441000000000189e-09
3.018171400000000168e-09
3.018771900000000098e-09
3.021898600000000048e-09
3.024477299999999845e-09
3.031213400000000173e-09
3.031371300000000049e-09
3.034776300000000205e-09
3.039183799999999809e-09
3.040254800000000001e-09
3.041444399999999949e-09
3.043859899999999836e-09
3.047740899999999939e-09
3.051333099999999797e-09
3.054246099999999868e-09
3.056071000000000086e-09
3.056894499999999964e-09
3.061507100000000015e-09
3.065383299999999828e-09
3.075537599999999970e-09
3.079298699999999902e-09
3.079909999999999966e-09
3.086939900000000064e-09
3.090049900000000066e-09
3.096143900000000025e-09
3.098812199999999847e-09
3.101848499999999931e-09
3.102974699999999935e-09
3.103331299999999871e-09
3.104542199999999992e-09
3.107335399999999924e-09
3.109314700000000142e-09
3.114283500000000002e-09
3.116077900000000010e-09
3.117907600000000103e-09
3.118957599999999805e-09
3.119268500000000063e-09
3.121609899999999904e-09
3.125402700000000015e-09
3.127564899999999807e-09
3.128753899999999977e-09
3.129138999999999900e-09
3.130196499999999924e-09
3.135292400000000182e-09
3.137087600000000031e-09
3.151008799999999886e-09
3.155384600000000138e-09
3.155397500000000115e-09
3.156097900000000043e-09
3.164255999999999955e-09
3.166933799999999911e-09
3.171283400000000084e-09
3.172750700000000046e-09
3.173777599999999829e-09
3.176567099999999822e-09
3.179642599999999994e-09
3.182854200000000124e-09
3.184760300000000170e-09
3.185924599999999911e-09
3.196613900000000196e-09
3.199392399999999991e-09
3.208867499999999931e-09
3.215206100000000106e-09
3.215743699999999838e-09
3.217893300000000163e-09
3.221655199999999937e-09
3.222405500000000055e-09
3.223105200000000174e-09
3.229036800000000063e-09
3.232336799999999835e-09
3.232985300000000176e-09
3.236200499999999799e-09
3.237584899999999806e-09
3.246789199999999862e-09
3.246895799999999929e-09
3.249371099999999853e-09
3.252141499999999962e-09
3.270225800000000095e-09
3.273523499999999961e-09
3.275369799999999969e-09
3.276463299999999889e-09
3.276486499999999840e-09
3.278479499999999876e-09
3.282657599999999974e-09
3.284508899999999922e-09
3.284942900000000129e-09
3.292874799999999900e-09
3.294272700000000074e-09
3.297827700000000068e-09
3.298072000000000189e-09
3.303105299999999930e-09
3.305809700000000093e-09
3.312927199999999991e-09
3.313235799999999929e-09
3.313759799999999875e-09
3.317199900000000052e-09
3.317672999999999902e-09
3.325858200000000181e-09
3.327939100000000114e-09
3.328229800000000136e-09
3.330082099999999989e-09
3.330699900000000057e-09
3.331575800000000096e-09
3.333175900000000205e-09
3.334179700000000068e-09
3.335117900000000114e-09
3.335124200000000054e-09
3.339363300000000158e-09
3.339628499999999910e-09
3.343058400000000144e-09
3.349809799999999973e-09
3.350299799999999834e-09
3.355258300000000132e-09
3.357626100000000117e-09
3.361331500000000078e-09
3.363109999999999980e-09
3.366546999999999997e-09
3.368839700000000029e-09
3.372484999999999858e-09
3.375515699999999811e-09
3.377768299999999882e-09
3.378988099999999944e-09
3.386823399999999941e-09
3.388459299999999882e-09
3.391184400000000026e-09
3.392462199999999965e-09
3.392569699999999905e-09
3.394054300000000006e-09
3.394372099999999981e-09
3.398889900000000005e-09
3.399492799999999873e-09
3.399724899999999827e-09
3.403289600000000018e-09
3.405318800000000014e-09
3.405718299999999977e-09
3.423837700000000132e-09
3.425989100000000204e-09
3.427822400000000205e-09
3.430316599999999950e-09
3.434742199999999947e-09
3.435065900000000150e-09
3.436907499999999901e-09
3.437037700000000046e-09
3.438450399999999974e-09
3.442894099999999951e-09
3.443745099999999910e-09
3.444645499999999900e-09
3.446288400000000004e-09
3.447087900000000090e-09
3.453440100000000051e-09
3.454115100000000154e-09
3.454200400000000049e-09
3.458397700000000063e-09
3.459574400000000034e-09
3.463805500000000070e-09
3.464291399999999864e-09
3.472098600000000002e-09
3.474094400000000104e-09
3.480426000000000116e-09
3.480748599999999967e-09
3.484275099999999976e-09
3.487408900000000121e-09
3.489991800000000017e-09
3.490524300000000190e-09
3.494944300000000057e-09
3.496107499999999862e-09
3.500552100000000126e-09
3.501010999999999999e-09
3.503774900000000103e-09
3.505958500000000100e-09
3.507993100000000162e-09
3.509838299999999820e-09
3.509879200000000036e-09
3.514203500000000003e-09
3.514956899999999869e-09
3.515004200000000057e-09
3.520591799999999890e-09
3.521002300000000051e-09
3.521767399999999925e-09
3.524307899999999954e-09
3.528056700000000101e-09
3.530725600000000114e-09
3.534289999999999797e-09
3.534494900000000179e-09
3.540369300000000032e-09
3.540916199999999833e-09
3.540952799999999920e-09
3.541416400000000050e-09
3.550340300000000059e-09
3.551967300000000058e-09
3.553240699999999835e-09
3.554016400000000193e-09
3.556816899999999970e-09
3.563807599999999980e-09
3.564549599999999935e-09
3.564739899999999799e-09
3.565290599999999984e-09
3.568214000000000061e-09
3.574036000000000168e-09
3.574090300000000106e-09
3.574691699999999910e-09
3.582428399999999908e-09
3.589044800000000130e-09
3.589317899999999918e-09
3.592379799999999891e-09
3.598861799999999869e-09
3.605736899999999839e-09
3.610360600000000119e-09
3.611434800000000090e-09
3.611944600000000059e-09
3.616177100000000127e-09
3.617312300000000105e-09
3.619696299999999876e-09
3.621794700000000010e-09
3.629589900000000046e-09
3.630645599999999910e-09
3.632026900000000169e-09
3.634921799999999846e-09
3.636791399999999837e-09
3.638514299999999800e-09
3.643668199999999935e-09
3.645327699999999954e-09
3.645928199999999884e-09
3.650177000000000184e-09
3.652938900000000065e-09
3.653596499999999999e-09
3.653698999999999999e-09
3.653904200000000064e-09
3.658144999999999882e-09
3.660771900000000156e-09
3.664767299999999916e-09
3.666556199999999825e-09
3.666769900000000118e-09
3.667543699999999870e-09
3.667707299999999908e-09
3.670213699999999820e-09
3.670915899999999909e-09
3.671000600000000026e-09
3.671441299999999887e-09
3.673231599999999829e-09
3.675843599999999902e-09
3.678932899999999924e-09
3.687760300000000190e-09
3.702269400000000094e-09
3.705944599999999941e-09
3.708441500000000134e-09
3.719211099999999960e-09
3.721944699999999918e-09
3.722589299999999843e-09
3.723645100000000153e-09
3.725454699999999630e-09
3.726676799999999598e-09
3.732922899999999652e-09
3.735011100000000256e-09
3.739779900000000055e-09
3.745025899999999770e-09
3.745281200000000089e-09
3.749317100000000352e-09
3.749795999999999983e-09
3.749900400000000175e-09
3.750351400000000012e-09
3.751524800000000172e-09
3.755467999999999837e-09
3.760088300000000274e-09
3.760275699999999628e-09
3.760611199999999869e-09
3.761163899999999865e-09
3.764768499999999954e-09
3.766681400000000099e-09
3.768465799999999814e-09
3.771855099999999928e-09
3.774182099999999728e-09
3.774994999999999949e-09
3.776223500000000303e-09
3.780341600000000300e-09
3.781480200000000120e-09
3.787421399999999761e-09
3.788657400000000024e-09
3.789558200000000141e-09
3.793602099999999646e-09
3.800103199999999923e-09
3.800713600000000113e-09
3.817372700000000056e-09
3.822451500000000239e-09
3.830672400000000318e-09
3.831241799999999846e-09
3.834542599999999873e-09
3.836642700000000135e-09
3.840896999999999708e-09
3.843573300000000012e-09
3.845113100000000338e-09
3.845250800000000392e-09
3.846884900000000173e-09
3.848446700000000067e-09
3.849831199999999691e-09
3.851272900000000179e-09
3.856029500000000224e-09
3.861964100000000242e-09
3.867519500000000150e-09
3.868126199999999988e-09
3.871370800000000298e-09
3.872424400000000320e-09
3.883585000000000295e-09
3.885027900000000338e-09
3.885469499999999659e-09
3.888527700000000107e-09
3.889067300000000062e-09
3.895334000000000065e-09
3.896978399999999820e-09
3.898702300000000102e-09
3.899879299999999755e-09
3.901546400000000129e-09
3.903145600000000365e-09
3.908654000000000180e-09
3.913348500000000282e-09
3.915598899999999652e-09
3.917065899999999933e-09
3.937341899999999750e-09
3.938670499999999753e-09
3.939341400000000204e-09
3.940666699999999982e-09
3.952193800000000154e-09
3.953671999999999869e-09
3.956216100000000218e-09
3.956891699999999686e-09
3.957755499999999589e-09
3.962346199999999690e-09
3.966167500000000201e-09
3.967712799999999798e-09
3.968221099999999702e-09
3.971328300000000053e-09
3.972985199999999657e-09
3.983210700000000161e-09
3.985011600000000173e-09
3.999174300000000083e-09
4.004596000000000385e-09
4.005139399999999897e-09
4.006119599999999683e-09
4.009628599999999903e-09
4.012777500000000312e-09
4.014848799999999665e-09
4.015833600000000090e-09
4.018417399999999859e-09
4.023201100000000272e-09
4.024105099999999755e-09
4.024478799999999766e-09
4.025032800000000175e-09
4.030406500000000065e-09
4.030553199999999680e-09
4.032050000000000361e-09
4.032247300000000389e-09
4.032322799999999640e-09
4.035927599999999793e-09
4.036295400000000405e-09
4.038652399999999842e-09
4.039189499999999827e-09
4.040387699999999622e-09
4.051886099999999744e-09
4.057139300000000100e-09
4.057921200000000365e-09
4.067876199999999842e-09
4.069805100000000124e-09
4.070498999999999635e-09
4.071030800000000413e-09
4.072520000000000325e-09
4.076782900000000158e-09
4.077260400000000170e-09
4.078819399999999999e-09
4.079591999999999782e-09
4.083997899999999703e-09
4.084158400000000408e-09
4.084902700000000269e-09
4.094748699999999740e-09
4.095730800000000131e-09
4.097997999999999894e-09
4.108197400000000349e-09
4.109729599999999907e-09
4.110629799999999833e-09
4.118849300000000293e-09
4.119557200000000131e-09
4.120713699999999867e-09
4.120897399999999696e-09
4.121391900000000164e-09
4.122169599999999918e-09
4.123720399999999614e-09
4.126297799999999825e-09
4.126533899999999814e-09
4.129481399999999715e-09
4.130291199999999775e-09
4.131048499999999644e-09
4.139559100000000254e-09
4.141514299999999821e-09
4.146196900000000266e-09
4.146732299999999709e-09
4.154011599999999900e-09
4.155385600000000313e-09
4.159452199999999609e-09
4.162206800000000058e-09
4.166133800000000348e-09
4.171544100000000325e-09
4.173174399999999721e-09
4.175806499999999998e-09
4.178174599999999664e-09
4.178856400000000281e-09
4.180861199999999943e-09
4.181666200000000128e-09
4.184132699999999728e-09
4.186365300000000042e-09
4.188051699999999950e-09
4.189894400000000052e-09
4.192433699999999698e-09
4.192650900000000279e-09
4.194421399999999699e-09
4.196703199999999980e-09
4.200540599999999833e-09
4.201661299999999738e-09
4.215384800000000264e-09
4.217095799999999743e-09
4.225054599999999816e-09
4.226689099999999724e-09
4.227539700000000383e-09
4.232956599999999982e-09
4.233658599999999594e-09
4.234568100000000003e-09
4.235058099999999864e-09
4.235220400000000315e-09
4.238159800000000116e-09
4.238487999999999684e-09
4.242015299999999948e-09
4.245293900000000342e-09
4.247297200000000353e-09
4.261167199999999603e-09
4.263529099999999775e-09
4.263623500000000088e-09
4.266113499999999736e-09
4.271650000000000236e-09
4.274105399999999607e-09
4.276289900000000304e-09
4.279328000000000135e-09
4.279798799999999666e-09
4.284669999999999846e-09
4.285073900000000385e-09
4.286031999999999743e-09
4.287044699999999962e-09
4.287617399999999715e-09
4.292515400000000167e-09
4.292589699999999864e-09
4.298772499999999591e-09
4.307378500000000006e-09
4.308538199999999935e-09
4.317346200000000222e-09
4.317679099999999634e-09
4.321018400000000353e-09
4.321121800000000227e-09
4.329140000000000211e-09
4.332428499999999625e-09
4.333989900000000219e-09
4.342650299999999777e-09
4.342865499999999720e-09
4.342920299999999818e-09
4.343986099999999593e-09
4.345498100000000156e-09
4.345784799999999731e-09
4.348891900000000050e-09
4.358245799999999819e-09
4.362862900000000063e-09
4.363049499999999989e-09
4.367879800000000367e-09
4.371298099999999799e-09
4.373056899999999625e-09
4.375492700000000193e-09
4.378254200000000359e-09
4.379521299999999783e-09
4.383227800000000095e-09
4.386148899999999852e-09
4.387745900000000214e-09
4.390533599999999633e-09
4.391104499999999640e-09
4.393735300000000330e-09
4.394913500000000366e-09
4.395808999999999621e-09
4.398940100000000146e-09
4.404338000000000306e-09
4.408105300000000147e-09
4.408437100000000036e-09
4.415787799999999825e-09
4.422590100000000163e-09
4.426360900000000292e-09
4.429259600000000354e-09
4.429645600000000149e-09
4.432117499999999817e-09
4.434358600000000358e-09
4.441170699999999684e-09
4.446618900000000162e-09
4.449240100000000272e-09
4.450527400000000345e-09
4.450737300000000254e-09
4.452946499999999725e-09
4.454107099999999941e-09
4.455844300000000327e-09
4.456968199999999598e-09
4.457961100000000123e-09
4.458542800000000263e-09
4.458603399999999729e-09
4.459099199999999784e-09
4.459295400000000288e-09
4.459316500000000397e-09
4.466315699999999808e-09
4.468135500000000054e-09
4.471500799999999962e-09
4.471934500000000074e-09
4.472991999999999684e-09
4.476141100000000157e-09
4.476814999999999910e-09
4.478384999999999937e-09
4.482094200000000282e-09
4.491901799999999920e-09
4.494698899999999855e-09
4.494731100000000193e-09
4.497351600000000081e-09
4.497729999999999936e-09
4.501962199999999908e-09
4.502262299999999618e-09
4.508603600000000240e-09
4.511145099999999760e-09
4.513716999999999872e-09
4.523490300000000157e-09
4.523897300000000030e-09
4.526407000000000166e-09
4.529220600000000398e-09
4.531271799999999961e-09
4.534349700000000071e-09
4.534829700000000053e-09
4.535459099999999683e-09
4.539457300000000336e-09
4.539496100000000297e-09
4.541734600000000009e-09
4.549552199999999740e-09
4.549927900000000389e-09
4.552609399999999869e-09
4.556980300000000214e-09
4.558823399999999616e-09
4.558936900000000228e-09
4.560221300000000203e-09
4.562317600000000082e-09
4.563762800000000030e-09
4.566348500000000405e-09
4.567399200000000330e-09
4.567554600000000236e-09
4.569904799999999987e-09
4.573272099999999705e-09
4.575959800000000335e-09
4.579034900000000379e-09
4.580244899999999799e-09
4.581943999999999620e-09
4.582223400000000176e-09
4.584433199999999839e-09
4.585170599999999982e-09
4.591158300000000383e-09
4.595863599999999792e-09
4.598055799999999635e-09
4.602880299999999818e-09
4.609462000000000145e-09
4.611164400000000191e-09
4.617197900000000302e-09
4.622121099999999688e-09
4.622926099999999873e-09
4.631814200000000050e-09
4.637120299999999898e-09
4.641134199999999766e-09
4.641282099999999763e-09
4.643782500000000244e-09
4.643808500000000260e-09
4.653601500000000207e-09
4.662515400000000337e-09
4.663406599999999876e-09
4.667372700000000223e-09
4.669421299999999785e-09
4.671329300000000023e-09
4.679164300000000337e-09
4.679397900000000356e-09
4.680153899999999811e-09
4.692732000000000003e-09
4.694251100000000348e-09
4.700010700000000002e-09
4.705229900000000273e-09
4.706713800000000150e-09
4.707645700000000255e-09
4.709520199999999740e-09
4.710779099999999859e-09
4.711498199999999958e-09
4.713344100000000253e-09
4.716372899999999600e-09
4.719726499999999914e-09
4.721597900000000066e-09
4.721646499999999842e-09
4.726185199999999910e-09
4.726303300000000334e-09
4.736168200000000040e-09
4.736450899999999994e-09
4.738286700000000377e-09
4.738927600000000364e-09
4.740646799999999975e-09
4.741299899999999715e-09
4.741818499999999594e-09
4.747916599999999618e-09
4.754785999999999839e-09
4.762683500000000224e-09
4.767321799999999782e-09
4.769114200000000393e-09
4.771140500000000291e-09
4.772259699999999718e-09
4.776914500000000400e-09
4.779036600000000230e-09
4.788620000000000365e-09
4.789727700000000262e-09
4.792846500000000175e-09
4.797257700000000132e-09
4.799383899999999615e-09
4.800740200000000176e-09
4.804103700000000337e-09
4.809645800000000142e-09
4.811110899999999816e-09
4.814616699999999844e-09
4.816855200000000384e-09
4.818851299999999754e-09
4.821449700000000041e-09
4.822081200000000341e-09
4.826728700000000350e-09
4.830809800000000132e-09
4.831788800000000362e-09
4.841116600000000082e-09
4.845233100000000396e-09
4.853393000000000054e-09
4.854316900000000091e-09
4.855405999999999849e-09
4.859748400000000208e-09
4.865477199999999970e-09
4.876646300000000173e-09
4.878025999999999922e-09
4.879281699999999847e-09
4.880977700000000335e-09
4.884929500000000259e-09
4.888123100000000027e-09
4.888308699999999634e-09
4.888325500000000027e-09
4.888799199999999655e-09
4.891794299999999840e-09
4.893876200000000091e-09
4.895131599999999921e-09
4.896223299999999681e-09
4.897641099999999994e-09
4.898221499999999720e-09
4.902585899999999648e-09
4.903793499999999957e-09
4.904982300000000064e-09
4.917272000000000140e-09
4.920536400000000143e-09
4.922426799999999734e-09
4.928697100000000057e-09
4.930030599999999968e-09
4.930254200000000108e-09
4.935126699999999875e-09
4.936714199999999690e-09
4.940013700000000129e-09
4.950468200000000013e-09
4.956770199999999688e-09
4.961808800000000291e-09
4.962516700000000129e-09
4.964808899999999589e-09
4.966064300000000246e-09
4.969041999999999848e-09
4.970265600000000295e-09
4.970427999999999951e-09
4.979608899999999993e-09
4.987136499999999925e-09
4.991123600000000348e-09
4.994423700000000151e-09
4.995200899999999746e-09
5.004976299999999874e-09
5.006299399999999778e-09
5.006526200000000110e-09
5.007896300000000108e-09
5.010687199999999720e-09
5.012511699999999810e-09
5.028602599999999780e-09
5.029560299999999838e-09
5.035150300000000022e-09
5.036414900000000303e-09
5.043766200000000284e-09
5.044636099999999650e-09
5.045257800000000134e-09
5.047601700000000358e-09
5.054438300000000049e-09
5.055122899999999904e-09
5.057095600000000087e-09
5.058928799999999642e-09
5.064907399999999623e-09
5.066073900000000066e-09
5.069404599999999698e-09
5.072256000000000398e-09
5.081417600000000078e-09
5.081649200000000286e-09
5.084963699999999717e-09
5.094324600000000062e-09
5.094872800000000278e-09
5.101941400000000304e-09
5.105730599999999682e-09
5.106730800000000052e-09
5.115977599999999595e-09
5.117577099999999926e-09
5.118158900000000099e-09
5.129186499999999863e-09
5.129203300000000255e-09
5.129729900000000203e-09
5.129809800000000030e-09
5.130200599999999702e-09
5.131954599999999652e-09
5.140446400000000059e-09
5.140480500000000176e-09
5.141784099999999654e-09
5.147066300000000155e-09
5.150393700000000389e-09
5.152382299999999850e-09
5.154639699999999798e-09
5.155995900000000327e-09
5.157280899999999666e-09
5.166851299999999793e-09
5.170718700000000110e-09
5.175616499999999671e-09
5.176244200000000413e-09
5.176626899999999984e-09
5.177274899999999753e-09
5.183444400000000204e-09
5.185258200000000192e-09
5.191299300000000245e-09
5.194026200000000135e-09
5.196066400000000328e-09
5.198266500000000208e-09
5.201654199999999811e-09
5.202108499999999873e-09
5.204008600000000074e-09
5.204548700000000188e-09
5.208422400000000032e-09
5.213051099999999838e-09
5.218043599999999809e-09
5.232473799999999790e-09
5.234849400000000193e-09
5.237693500000000221e-09
5.238632300000000044e-09
5.238855099999999928e-09
5.242038299999999691e-09
5.242149799999999665e-09
5.243489900000000025e-09
5.255160999999999778e-09
5.257228000000000242e-09
5.258994099999999914e-09
5.263090799999999707e-09
5.269056799999999808e-09
5.271207899999999784e-09
5.272314500000000157e-09
5.272695900000000141e-09
5.273993400000000156e-09
5.278562299999999925e-09
5.279223199999999670e-09
5.279714599999999977e-09
5.280474499999999848e-09
5.287854699999999942e-09
5.288788799999999921e-09
5.289255499999999799e-09
5.291454100000000028e-09
5.291631200000000234e-09
5.293065399999999985e-09
5.293384399999999930e-09
5.293628099999999859e-09
5.296013600000000109e-09
5.300219600000000001e-09
5.300767200000000025e-09
5.307165299999999728e-09
5.308328099999999819e-09
5.308490899999999602e-09
5.308782099999999784e-09
5.316785700000000077e-09
5.320425199999999711e-09
5.321328399999999766e-09
5.321909499999999716e-09
5.323977499999999672e-09
5.335042099999999650e-09
5.335744200000000121e-09
5.339151900000000309e-09
5.342957499999999951e-09
5.348537200000000161e-09
5.367286299999999629e-09
5.367452599999999701e-09
5.369810400000000220e-09
5.370883599999999872e-09
5.372682500000000074e-09
5.373122599999999744e-09
5.375344800000000051e-09
5.375842699999999949e-09
5.375983300000000100e-09
5.376053900000000272e-09
5.377938599999999699e-09
5.382102500000000233e-09
5.384204500000000274e-09
5.385319199999999921e-09
5.389316500000000287e-09
5.391553100000000221e-09
5.392065899999999906e-09
5.394892100000000017e-09
5.397531100000000012e-09
5.400587399999999854e-09
5.401576900000000122e-09
5.406495299999999632e-09
5.407244700000000292e-09
5.410714599999999628e-09
5.416493699999999708e-09
5.424470099999999602e-09
5.426065200000000185e-09
5.432320399999999831e-09
5.432760600000000361e-09
5.433473500000000138e-09
5.433525100000000043e-09
5.435747100000000286e-09
5.436748800000000308e-09
5.437402900000000366e-09
5.440167699999999931e-09
5.443368700000000404e-09
5.445271399999999779e-09
5.445941099999999848e-09
5.448179600000000388e-09
5.449789499999999898e-09
5.450545300000000116e-09
5.452882799999999954e-09
5.455084600000000376e-09
5.458955500000000154e-09
5.464746699999999955e-09
5.474304200000000105e-09
5.474978199999999890e-09
5.475136299999999830e-09
5.490531599999999747e-09
5.490545900000000169e-09
5.494248800000000161e-09
5.500260099999999813e-09
5.500597499999999833e-09
5.505333399999999897e-09
5.513210899999999698e-09
5.513777900000000116e-09
5.520767299999999711e-09
5.526916100000000181e-09
5.529078100000000323e-09
5.534770199999999967e-09
5.535345499999999722e-09
5.537273999999999877e-09
5.540291699999999822e-09
5.542334399999999985e-09
5.542368099999999974e-09
5.544856299999999875e-09
5.548255199999999740e-09
5.561306200000000132e-09
5.564185499999999800e-09
5.564495200000000089e-09
5.564563400000000322e-09
5.565408199999999960e-09
5.566221700000000372e-09
5.568582500000000193e-09
5.569889199999999833e-09
5.570889100000000108e-09
5.572177699999999768e-09
5.583009099999999855e-09
5.583902600000000127e-09
5.584429600000000202e-09
5.586578500000000304e-09
5.588623300000000309e-09
5.590306500000000024e-09
5.594181600000000314e-09
5.604110299999999679e-09
5.605038800000000354e-09
5.605822000000000207e-09
5.611258600000000296e-09
5.611619400000000330e-09
5.616466300000000209e-09
5.621901099999999724e-09
5.622927100000000047e-09
5.623694299999999763e-09
5.624760200000000397e-09
5.624831099999999837e-09
5.630104099999999887e-09
5.630187199999999907e-09
5.638546400000000231e-09
5.649185900000000358e-09
5.657174099999999877e-09
5.658269700000000053e-09
5.665843899999999950e-09
5.669166100000000181e-09
5.670361399999999878e-09
5.673226299999999918e-09
5.682903800000000271e-09
5.683572099999999893e-09
5.685235599999999946e-09
5.688244699999999632e-09
5.693684900000000040e-09
5.694835799999999646e-09
5.705292500000000231e-09
5.708960199999999755e-09
5.710817500000000375e-09
5.715372099999999721e-09
5.716599799999999820e-09
5.717130000000000088e-09
5.717363500000000075e-09
5.722125900000000315e-09
5.722166299999999958e-09
5.723144199999999838e-09
5.728000400000000200e-09
5.728639000000000281e-09
5.732474799999999623e-09
5.738205600000000023e-09
5.746702999999999734e-09
5.748269400000000267e-09
5.750099200000000392e-09
5.759690199999999641e-09
5.770288199999999773e-09
5.774766699999999677e-09
5.775111899999999701e-09
5.786286399999999971e-09
5.787082699999999864e-09
5.788377199999999751e-09
5.789354300000000202e-09
5.791065099999999617e-09
5.796676700000000069e-09
5.798910499999999938e-09
5.799863400000000120e-09
5.800962499999999757e-09
5.805460600000000118e-09
5.811210099999999861e-09
5.811462199999999987e-09
5.816673600000000253e-09
5.818137000000000213e-09
5.823105199999999881e-09
5.824229700000000171e-09
5.829072500000000397e-09
5.829390800000000119e-09
5.838076000000000138e-09
5.839311600000000273e-09
5.840942399999999829e-09
5.843145299999999774e-09
5.843788200000000398e-09
5.846677199999999849e-09
5.849028599999999982e-09
5.851062899999999949e-09
5.857026099999999985e-09
5.873475900000000211e-09
5.879285199999999991e-09
5.883129300000000326e-09
5.884431300000000121e-09
5.885420100000000166e-09
5.887117600000000304e-09
5.887663899999999914e-09
5.891034099999999729e-09
5.895068899999999642e-09
5.896908699999999646e-09
5.899439599999999923e-09
5.900859700000000143e-09
5.904268199999999759e-09
5.908614999999999867e-09
5.912805099999999654e-09
5.922040299999999634e-09
5.922140900000000270e-09
5.923625500000000370e-09
5.924334499999999732e-09
5.932945300000000022e-09
5.933444899999999634e-09
5.933487800000000075e-09
5.934798600000000194e-09
5.940452500000000068e-09
5.941884499999999945e-09
5.941949299999999922e-09
5.953380500000000130e-09
5.961267699999999713e-09
5.968832399999999891e-09
5.971828799999999663e-09
5.977113500000000134e-09
5.981038299999999724e-09
6.000973900000000219e-09
6.001866100000000076e-09
6.013913899999999969e-09
6.018791899999999836e-09
6.018926399999999697e-09
6.020891800000000035e-09
6.024904999999999679e-09
6.029288800000000001e-09
6.034274200000000189e-09
6.042609300000000275e-09
6.043300699999999817e-09
6.044001900000000000e-09
6.046670300000000268e-09
6.047183900000000207e-09
6.051841600000000159e-09
6.053534699999999721e-09
6.053665099999999930e-09
6.060581500000000244e-09
6.062340500000000134e-09
6.062937400000000157e-09
6.066939400000000367e-09
6.067918399999999770e-09
6.068267500000000211e-09
6.069900100000000340e-09
6.071715099999999883e-09
6.079252100000000330e-09
6.080516899999999848e-09
6.081787599999999592e-09
6.083663899999999651e-09
6.085758699999999878e-09
6.087207400000000115e-09
6.088291699999999998e-09
6.091129899999999799e-09
6.093402200000000360e-09
6.106208399999999645e-09
6.109984299999999745e-09
6.118146500000000137e-09
6.123508000000000274e-09
6.130327800000000400e-09
6.136198299999999837e-09
6.137225799999999811e-09
