# t
0.000000000000000000e+00
2.704682699999999784e-13
5.550240899999999496e-13
1.644397100000000084e-12
2.600469599999999896e-12
2.956246700000000165e-12
3.220985799999999989e-12
3.369342199999999917e-12
5.883681599999999941e-12
6.157719599999999909e-12
6.457776699999999685e-12
6.471146199999999773e-12
6.680821599999999915e-12
6.825531200000000186e-12
7.310649800000000445e-12
7.362120900000000657e-12
7.367246699999999848e-12
7.376079099999999692e-12
7.555017200000000254e-12
7.564032899999999282e-12
8.474041200000000802e-12
9.042408399999999519e-12
9.470022699999999207e-12
9.888104900000000651e-12
1.000874899999999956e-11
1.111497399999999973e-11
1.133456499999999978e-11
1.205591599999999950e-11
1.205792700000000039e-11
1.261819599999999980e-11
1.267090700000000006e-11
1.282797900000000067e-11
1.283702299999999988e-11
1.337496600000000043e-11
1.338186399999999998e-11
1.340706599999999985e-11
1.428693799999999976e-11
1.451571500000000021e-11
1.467214700000000134e-11
1.477864899999999845e-11
1.483100000000000092e-11
1.577099299999999894e-11
1.592301399999999991e-11
1.601628099999999865e-11
1.609492499999999909e-11
1.612226399999999989e-11
1.722533000000000048e-11
1.748049400000000147e-11
1.911181899999999906e-11
1.914632300000000006e-11
2.250111399999999992e-11
2.376120599999999879e-11
2.377904300000000095e-11
2.469393799999999934e-11
2.583792200000000058e-11
2.636627500000000016e-11
2.645845500000000149e-11
2.685405599999999848e-11
2.690756699999999849e-11
2.691055900000000022e-11
2.709917799999999930e-11
2.741643799999999950e-11
2.746864700000000078e-11
2.819918400000000090e-11
2.857265800000000081e-11
2.999300099999999849e-11
3.011079299999999888e-11
3.050898700000000315e-11
3.294558699999999865e-11
3.308363799999999701e-11
3.410332899999999967e-11
3.413508000000000120e-11
3.563821999999999918e-11
3.563938600000000018e-11
3.607500599999999909e-11
3.853011999999999981e-11
3.857686300000000261e-11
3.890273200000000295e-11
3.911930899999999826e-11
4.020327399999999726e-11
4.105915199999999993e-11
