# atom_type event_id atom_id barrier
1.000000000000000000e+00 6.974140000000000000e+05 9.420000000000000000e+02 1.022973069999999929e+00
1.000000000000000000e+00 6.974080000000000000e+05 1.300000000000000000e+03 1.021518280000000001e+00
1.000000000000000000e+00 6.974110000000000000e+05 2.070000000000000000e+02 1.025989859999999920e+00
1.000000000000000000e+00 6.974090000000000000e+05 1.520000000000000000e+02 1.023560159999999941e+00
1.000000000000000000e+00 6.974060000000000000e+05 6.530000000000000000e+02 1.023746000000000045e+00
1.000000000000000000e+00 6.974120000000000000e+05 1.100000000000000000e+02 1.023740110000000092e+00
1.000000000000000000e+00 6.974130000000000000e+05 3.470000000000000000e+02 1.026249109999999964e+00
1.000000000000000000e+00 6.974100000000000000e+05 5.180000000000000000e+02 1.021740139999999908e+00
1.000000000000000000e+00 6.974070000000000000e+05 6.170000000000000000e+02 1.023929609999999935e+00
