# t	msd	err
9.999999999997251281e-14 6.402452302991532354e-03 1.087773845928928897e-03
2.666666666667139812e-13 8.579376480487498416e-03 1.256867773564338744e-06
4.412499999999983470e-13 5.313788758018628613e-03 6.665913256128798816e-04
7.764705882352905180e-13 6.802133682159297937e-03 7.379198503798544990e-04
1.072023121387285945e-12 7.415087957682394218e-03 2.812228359872784517e-04
2.471808510638287553e-12 9.171324592048500299e-03 2.616913908738239072e-04
4.494195121951197638e-12 1.135424439723029671e-02 3.413984500921570398e-04
7.581198871650223264e-12 1.414697619671775528e-02 3.145762545864266521e-04
1.360215631542216149e-11 2.011810521127955706e-02 2.784003098382832760e-04
2.442027429467092583e-11 3.073432091876045907e-02 2.933350428695599894e-04
4.340608787099803524e-11 4.943068549805288564e-02 2.985674031876014859e-04
7.718997540453066128e-11 8.109263275456185527e-02 3.045258432210190395e-04
1.363228438228439054e-10 1.407918214236099086e-01 3.232994879043680396e-04
2.421487385847125399e-10 2.475603268826233605e-01 3.693632937385780512e-04
4.302088394603026061e-10 4.352990010438643753e-01 4.331098121974481211e-04
7.636463507292556829e-10 7.589212613819185105e-01 5.073246980251528392e-04
1.351924161198016790e-09 1.341879647256015273e+00 6.964413563026326977e-04
2.375446316770413761e-09 2.319653319918933754e+00 9.888024801015670058e-04
3.881700862199882756e-09 3.783567055726736683e+00 1.825594674448330563e-03
