# t	msd	err
9.000000000000000000e+00 1.723967497812303826e-05 2.407045410379238432e-06
1.400000000000000000e+01 1.789671549028375120e-03 1.453737397348807804e-03
2.766666666666666785e+01 9.182846483235655201e-04 8.211009112578721751e-04
4.175000000000000000e+01 1.346758047248645517e-03 1.154133309192542124e-03
6.308333333333333570e+01 1.372525426200299969e-03 6.772915323638013753e-04
1.041500000000000057e+02 1.398620686997404002e-03 5.993425466773892249e-04
1.913103448275862206e+02 8.458249593098284176e-04 2.058848700725486862e-04
2.827521126760563561e+02 1.659639208907012862e-03 3.083735774538069632e-04
4.406694736842104589e+02 3.072247083619977000e-03 3.396299439072010822e-04
7.656827309236948622e+02 4.711757037521398760e-03 1.997073921285712629e-04
1.276182624113475185e+03 6.350873784617660708e-03 2.477736189843310908e-04
1.977253035143770148e+03 9.563683657810902877e-03 2.720941753550337305e-04
3.350812162162161712e+03 1.457191895210923488e-02 2.860471917576259395e-04
5.349150858034321573e+03 2.580866329271707879e-02 3.146125480554602021e-04
8.586463839285712311e+03 4.381380069253951876e-02 2.811022739272879501e-04
