# t
0.000000000000000000e+00
1.180506399999999977e-13
1.994637399999999984e-13
2.236998200000000031e-13
2.038130799999999977e-12
5.802034600000000300e-12
6.058437399999999894e-12
7.273240199999999929e-12
7.302082600000000210e-12
8.104891999999999752e-12
8.106932700000000014e-12
1.011081699999999941e-11
1.264047400000000004e-11
1.302384699999999997e-11
1.356910300000000053e-11
1.488411900000000083e-11
2.617613400000000136e-11
2.748210599999999922e-11
2.875330300000000120e-11
2.911844499999999932e-11
3.076507199999999943e-11
3.077882100000000049e-11
3.247869599999999742e-11
3.508216900000000159e-11
3.604410699999999825e-11
3.668933799999999728e-11
3.840533899999999741e-11
3.872348499999999855e-11
5.310270600000000094e-11
5.316967999999999847e-11
5.320406500000000186e-11
5.329056900000000304e-11
5.389514499999999815e-11
5.504224899999999745e-11
5.518487099999999785e-11
5.525441299999999792e-11
5.749991499999999794e-11
5.774073799999999864e-11
7.777239999999999605e-11
7.835632800000000127e-11
7.857237200000000556e-11
7.957084800000000123e-11
8.008077999999999434e-11
8.039789199999999958e-11
8.907652199999999973e-11
9.287600499999999448e-11
9.328342600000000020e-11
9.445386200000000072e-11
9.473452099999999786e-11
9.622890400000000075e-11
9.816181800000000274e-11
1.003422799999999972e-10
1.011980600000000015e-10
1.012164999999999963e-10
1.013546100000000029e-10
1.031455900000000009e-10
1.032028200000000023e-10
1.041636500000000056e-10
1.054053799999999965e-10
1.056503100000000028e-10
1.056840100000000050e-10
1.061058700000000029e-10
1.061794999999999977e-10
1.062810599999999983e-10
1.066681999999999998e-10
1.070802999999999988e-10
1.128025899999999967e-10
1.131626000000000017e-10
1.152467399999999949e-10
1.164524599999999943e-10
1.169839500000000115e-10
1.170451999999999941e-10
1.196391400000000075e-10
1.210988300000000102e-10
1.211781400000000009e-10
1.213988699999999960e-10
1.265017700000000033e-10
1.274740899999999961e-10
1.299563900000000062e-10
1.328433300000000000e-10
1.339115900000000062e-10
1.341563800000000092e-10
1.346043599999999893e-10
1.421128700000000033e-10
1.422809200000000129e-10
1.428514800000000043e-10
1.428599000000000052e-10
1.441453100000000079e-10
1.508622000000000128e-10
1.517409699999999889e-10
1.533873100000000107e-10
1.567767700000000099e-10
1.570390799999999937e-10
1.571977799999999954e-10
1.585846700000000043e-10
1.598312600000000090e-10
1.621878300000000117e-10
1.643454599999999963e-10
1.678743500000000015e-10
1.680371499999999919e-10
1.682200500000000048e-10
1.685662900000000095e-10
1.691435899999999885e-10
1.751078099999999928e-10
1.752531399999999925e-10
1.753021199999999877e-10
1.753547699999999948e-10
1.779357999999999875e-10
1.801250500000000014e-10
1.858670000000000004e-10
1.860692699999999892e-10
1.868429399999999890e-10
1.868751200000000056e-10
1.869108399999999977e-10
1.869698699999999912e-10
1.869804800000000026e-10
1.875900600000000041e-10
1.876328699999999919e-10
1.876971699999999903e-10
1.883315600000000062e-10
1.887316200000000084e-10
1.894717900000000052e-10
1.904215400000000102e-10
1.907109999999999890e-10
1.925971500000000084e-10
1.935005700000000098e-10
1.945053199999999954e-10
1.957732099999999915e-10
1.958257499999999997e-10
1.961837899999999920e-10
1.963625700000000047e-10
1.964691999999999981e-10
1.968251900000000090e-10
1.969587599999999927e-10
1.970117700000000007e-10
1.970832699999999937e-10
1.982698200000000034e-10
1.986096700000000031e-10
2.081258800000000090e-10
2.082519299999999943e-10
2.201585300000000098e-10
2.205054899999999908e-10
2.210545800000000090e-10
2.222495199999999894e-10
2.223080699999999902e-10
2.224210399999999988e-10
2.224526799999999879e-10
2.225800699999999971e-10
2.233677900000000038e-10
2.252011900000000101e-10
2.263152099999999880e-10
2.272237700000000097e-10
2.319768099999999905e-10
2.320562499999999916e-10
2.356323899999999885e-10
2.370031999999999949e-10
2.370345400000000176e-10
2.371016400000000039e-10
2.376205199999999925e-10
2.377669400000000140e-10
2.381173399999999903e-10
2.392119300000000094e-10
2.394830600000000182e-10
2.409356099999999833e-10
2.414849400000000109e-10
2.433321900000000119e-10
2.438327600000000161e-10
2.440086599999999948e-10
2.449961499999999946e-10
2.530833699999999873e-10
2.539398600000000008e-10
2.556629100000000117e-10
2.568076399999999977e-10
2.568557899999999920e-10
2.575666800000000178e-10
2.715456400000000247e-10
2.752459500000000074e-10
2.755995800000000001e-10
2.774445100000000060e-10
2.778693100000000209e-10
2.783114399999999974e-10
2.787830200000000041e-10
2.788253700000000107e-10
2.791711100000000112e-10
2.792423299999999977e-10
2.801327699999999766e-10
2.801682000000000211e-10
2.809356399999999789e-10
2.828527699999999941e-10
2.829415200000000059e-10
2.830034199999999889e-10
2.830554200000000213e-10
2.834361999999999833e-10
2.865532699999999960e-10
2.874525600000000044e-10
2.877485000000000016e-10
2.877720600000000052e-10
2.878329700000000242e-10
2.878534199999999773e-10
2.886059799999999791e-10
2.945385599999999942e-10
3.018366499999999805e-10
3.029944800000000065e-10
3.185689300000000074e-10
3.203696699999999786e-10
3.217651500000000218e-10
3.217916300000000050e-10
3.220934800000000146e-10
3.223112200000000028e-10
3.232226899999999854e-10
3.232788200000000109e-10
3.233965199999999969e-10
3.234344600000000040e-10
3.235402600000000223e-10
3.258586100000000116e-10
3.259230100000000160e-10
3.261644500000000110e-10
3.262837599999999829e-10
3.263985700000000197e-10
3.269403700000000043e-10
3.275402700000000014e-10
3.275940799999999801e-10
3.279467399999999945e-10
3.281075600000000051e-10
3.286467300000000096e-10
3.371311799999999864e-10
3.380624199999999949e-10
3.380713899999999901e-10
3.388574000000000049e-10
3.389868400000000213e-10
3.395636499999999889e-10
3.402486299999999858e-10
3.403656699999999786e-10
3.423483599999999959e-10
3.432970100000000120e-10
3.450887099999999863e-10
3.492760900000000125e-10
3.525525999999999888e-10
3.530065100000000187e-10
3.530483800000000067e-10
3.544031300000000221e-10
3.554483499999999888e-10
3.555324400000000247e-10
3.573276899999999932e-10
3.582373800000000081e-10
3.584807299999999812e-10
3.596406199999999814e-10
3.596713700000000126e-10
3.598345399999999968e-10
3.600098800000000141e-10
3.620193099999999837e-10
3.631169900000000158e-10
3.631468199999999812e-10
3.659020299999999936e-10
3.662931400000000121e-10
3.666481900000000232e-10
3.708786300000000134e-10
3.710378900000000024e-10
3.716873399999999747e-10
3.755712799999999910e-10
3.781500699999999831e-10
3.793183200000000013e-10
3.796308199999999937e-10
3.798972500000000035e-10
3.819742000000000208e-10
3.853262599999999887e-10
3.862935899999999831e-10
4.009850500000000018e-10
4.019055399999999956e-10
4.025664499999999918e-10
4.029921900000000065e-10
4.112740299999999792e-10
4.120027999999999868e-10
4.182178000000000010e-10
4.182989700000000056e-10
4.192312300000000083e-10
4.195170099999999825e-10
4.222211299999999837e-10
4.222823900000000109e-10
4.225057299999999747e-10
4.227608899999999798e-10
4.235001800000000115e-10
4.247919300000000034e-10
4.261362900000000052e-10
4.262941899999999845e-10
4.280209800000000089e-10
4.301549100000000125e-10
4.308439099999999778e-10
4.311553199999999744e-10
4.327875799999999850e-10
4.332686100000000056e-10
4.334521200000000217e-10
4.348774099999999929e-10
4.366175399999999890e-10
4.369450900000000227e-10
4.370241000000000212e-10
4.449061200000000009e-10
4.449139499999999844e-10
4.471914700000000173e-10
4.472384500000000212e-10
4.534607299999999986e-10
4.548621200000000025e-10
4.564499300000000093e-10
4.567989200000000118e-10
4.596945699999999800e-10
4.596967999999999878e-10
4.632418799999999943e-10
4.645925499999999809e-10
4.651049300000000171e-10
4.676491800000000004e-10
4.680532700000000413e-10
4.683812200000000474e-10
4.722405899999999553e-10
4.728628000000000227e-10
4.757640699999999523e-10
4.806851700000000130e-10
4.888032399999999653e-10
4.889063499999999947e-10
4.891977200000000034e-10
4.893749200000000346e-10
4.926920399999999695e-10
4.929168300000000336e-10
4.941827199999999608e-10
4.947616099999999917e-10
4.949838799999999970e-10
4.961769100000000251e-10
5.024122500000000194e-10
5.059114199999999805e-10
5.087144799999999950e-10
5.198820199999999695e-10
5.260821799999999991e-10
5.315289100000000287e-10
5.324188599999999963e-10
5.341455699999999745e-10
5.361159799999999857e-10
5.432051900000000061e-10
5.447580199999999568e-10
5.451354999999999525e-10
5.457281400000000237e-10
5.471845299999999826e-10
5.477752400000000383e-10
5.482526499999999596e-10
5.484232200000000280e-10
5.492090500000000164e-10
5.506295900000000244e-10
5.519725600000000380e-10
5.584085300000000050e-10
5.584308799999999951e-10
5.630289299999999573e-10
5.660877499999999615e-10
5.667697000000000058e-10
5.672988500000000422e-10
5.697646500000000400e-10
5.718318400000000067e-10
5.718774500000000082e-10
5.719784599999999886e-10
5.727850899999999899e-10
5.738243799999999586e-10
5.745963200000000067e-10
5.746311799999999934e-10
5.746339799999999554e-10
5.747359600000000176e-10
5.748981699999999646e-10
5.750312899999999858e-10
5.750462599999999808e-10
5.766681099999999921e-10
5.785469600000000368e-10
5.809072000000000514e-10
5.809875599999999632e-10
5.828028999999999872e-10
5.829247999999999680e-10
5.829922200000000355e-10
5.835277799999999852e-10
5.835404600000000154e-10
5.835847700000000161e-10
5.839185500000000401e-10
5.840541700000000310e-10
5.851158799999999914e-10
5.852681599999999577e-10
5.860113900000000149e-10
5.861271700000000300e-10
5.873642599999999790e-10
5.913295399999999817e-10
5.922461399999999659e-10
5.923384799999999949e-10
5.929731500000000432e-10
5.934878599999999639e-10
5.940254200000000342e-10
5.949682599999999664e-10
5.958800000000000144e-10
5.982326500000000290e-10
5.999859299999999777e-10
6.016440599999999942e-10
6.024053499999999561e-10
6.056466399999999963e-10
6.058842300000000048e-10
6.061076900000000378e-10
6.082192900000000370e-10
6.254039200000000205e-10
6.264297399999999552e-10
6.296787900000000289e-10
6.300126399999999512e-10
6.307235400000000216e-10
6.336168900000000321e-10
6.341256199999999905e-10
6.348114599999999928e-10
6.366825500000000039e-10
6.368013799999999573e-10
6.372544700000000050e-10
6.373050700000000048e-10
6.423170100000000300e-10
6.425221000000000182e-10
6.436410199999999554e-10
6.445583699999999719e-10
6.480331900000000292e-10
6.511268700000000201e-10
6.528293100000000372e-10
6.536894499999999734e-10
6.544379099999999607e-10
6.558311200000000248e-10
6.595623600000000132e-10
6.601015300000000177e-10
6.613179599999999570e-10
6.634329900000000363e-10
6.636628099999999668e-10
6.639088199999999503e-10
6.654581000000000101e-10
6.667159699999999864e-10
6.667382200000000481e-10
6.712559299999999807e-10
6.744916300000000381e-10
6.750022999999999532e-10
6.750839000000000121e-10
6.753799600000000269e-10
6.754444499999999670e-10
6.756472499999999904e-10
6.816795599999999707e-10
6.925671900000000121e-10
7.011610899999999817e-10
7.012233500000000175e-10
7.031674699999999613e-10
7.061965799999999660e-10
7.078593400000000315e-10
7.086023999999999518e-10
7.105063200000000057e-10
7.110088599999999968e-10
7.111129500000000491e-10
7.113789700000000420e-10
7.138662699999999658e-10
7.159067400000000176e-10
7.159664699999999499e-10
7.161145000000000090e-10
7.165008899999999912e-10
7.165618599999999672e-10
7.167178100000000488e-10
7.169176599999999589e-10
7.177276200000000085e-10
7.183425300000000237e-10
