# t	msd	err
1.999999999999385633e-15 6.330253855513022641e-06 0.000000000000000000e+00
1.000000000000177493e-14 8.130818285349546235e-06 0.000000000000000000e+00
2.773333333333267221e-14 1.556837514320040633e-05 3.396746434334892800e-06
9.922429906542522806e-14 1.447005292138059600e-05 1.332895084919316554e-06
1.420249999999974687e-13 2.608418702704495004e-05 5.607809059234081632e-06
2.469123287671239275e-13 1.301190545754494678e-05 1.039332669310167766e-06
4.528169014084529709e-13 1.456147133770642881e-05 1.238555072644542692e-06
7.898227848101219962e-13 1.559836161618943142e-05 8.485374346188334396e-07
1.458500705882355880e-12 1.961107768488584325e-05 9.150841823001775068e-07
2.570372348484855762e-12 2.495849827111360593e-05 9.104809470619771145e-07
4.566415159345370512e-12 3.001457332205751709e-05 7.854732364502239959e-07
8.101447145022757267e-12 4.611883123085872927e-05 9.097873719545979673e-07
1.421315242966765424e-11 5.950331103530791797e-05 8.659135148187329855e-07
2.522773240365106794e-11 1.034470169311932239e-04 1.061683357716087175e-06
4.484140037983100798e-11 1.986934701236812799e-04 1.462957092094713535e-06
7.959277135399232776e-11 3.690125962863070571e-04 1.816351930503930601e-06
1.397887738133934234e-10 6.899415763727356852e-04 2.184601353691255911e-06
2.459217342063281531e-10 1.574967066454816293e-03 3.616422987543160581e-06
4.335365176955106316e-10 4.732244888504735097e-03 8.169339825594151911e-06
7.006469354764720078e-10 1.352130784521582245e-02 2.459947220020626318e-05
