# time dx dy dz
1.180999999999999966e-13 -7.699376999999999471e-01 6.154333000000000720e-01 -1.355361715999998592e-02
1.995000000000000082e-13 -5.553978000000001636e-01 7.126481999999998429e-01 -2.707467432000000562e-02
2.236999999999999960e-13 1.361979388310000205e+00 -7.595510000000005313e-02 1.405975190309999956e+00
2.038000000000000000e-12 -1.683144399999999985e+00 -1.524474349853999655e+00 1.034815690199999416e-01
5.801999999999999713e-12 -1.466845600000000083e+00 1.238384452613999542e+00 -1.273804999999999521e-01
6.058000000000000238e-12 -8.992681000000002367e-01 -1.854186436999989696e-02 1.389030399999999998e+00
7.273000000000000211e-12 -1.896838999999999609e-01 1.614208955740000118e+00 1.524184794880000471e+00
7.301999999999999380e-12 -1.984166000000000263e-01 1.188664525218999790e+00 -1.590769674300000380e+00
8.105000000000000704e-12 1.226588315810000163e+00 1.471038273310001920e-01 1.459155200000000097e+00
8.107000000000000090e-12 1.581851014990000026e+00 5.084529087999989372e-02 -1.605109400000000131e+00
1.010999999999999953e-11 -1.444065214990000179e+00 1.501412900880000123e+00 -3.749656366999998269e-02
1.263999999999999945e-11 -9.880652599996153640e-04 -1.502957866309999835e+00 -1.373981484470000014e+00
1.302000000000000066e-11 -6.487653474000044940e-02 1.495539066309999665e+00 1.382343303340000107e+00
1.356999999999999973e-11 -1.377256999999999731e+00 1.532142612823999883e+00 5.003539999999997989e-02
1.488000000000000122e-11 1.533026699999999964e+00 2.165738127000008117e-02 1.406565483593000154e+00
2.618000000000000033e-11 1.323323891780000539e+00 -1.426080516869999926e+00 1.442844956000000067e-02
2.747999999999999842e-11 1.465099700000000116e+00 1.102256422319999984e+00 4.513612063000005392e-02
2.875000000000000089e-11 1.314449000000000201e+00 -1.157368142659999988e+00 -8.946027147999996432e-02
2.911999999999999870e-11 -2.756741999999999804e-01 -1.053558257339999971e+00 1.493149300000000235e+00
3.077000000000000076e-11 -1.285823799999999739e+00 1.222121847289999730e+00 9.862753505999981296e-02
3.078000000000000254e-11 -1.751305924340000209e+00 -1.608344999999999692e+00 6.017116621999993309e-02
3.248000000000000054e-11 1.574246773320000070e+00 1.546684699999999690e+00 3.180523505999975631e-02
3.508000000000000320e-11 -1.619750000000005907e-02 1.520186061840000047e+00 1.483281064939999894e+00
3.603999999999999911e-11 -1.294420023804000008e+00 1.546846138159999828e+00 -1.572766322000004879e-02
3.668999999999999815e-11 1.398533841793999866e+00 -1.535205656849999878e+00 5.271549515999977842e-02
3.840999999999999971e-11 -1.294446823803999891e+00 1.546876956850000040e+00 -1.573416321999998591e-02
3.872000000000000303e-11 1.398542563833999886e+00 -1.535210398710000090e+00 5.273190985999995362e-02
5.310000000000000275e-11 1.432027900000000020e+00 8.286956259999929408e-03 -1.345799800000000435e+00
5.317000000000000225e-11 -6.431790999999997815e-01 -5.508454000000000406e-01 5.108910000000006779e-02
5.320000000000000111e-11 -5.811272000000000659e-01 -9.010813000000001960e-01 1.056657000000001123e-01
5.328999999999999770e-11 -1.756259900000000540e+00 -1.638778199999999297e+00 2.754219999999987095e-02
5.390000000000000257e-11 3.167420000000011060e-02 1.446906005869999845e+00 1.479741800000000218e+00
5.503999999999999812e-11 -1.726740516800001624e-01 1.146866300000000116e+00 1.075306100000000153e+00
5.517999999999999712e-11 -1.309175483199999102e-01 -1.207796441789999786e+00 9.107738999999996921e-01
5.525000000000000308e-11 -1.350058600000000109e+00 3.004151800000146033e-03 1.340034603039999883e+00
5.750000000000000177e-11 -1.557121853539999767e+00 1.661320100000000188e+00 -2.558100000000007590e-02
5.773999999999999913e-11 1.519188653539999434e+00 -8.135567450000005807e-03 1.731422100000000075e+00
7.776999999999999355e-11 1.637832500000000024e+00 1.535840000000003244e-02 1.421118376719999965e+00
7.836000000000000134e-11 1.512973200000000018e+00 1.455410499999999718e+00 1.086795832499998921e-01
7.857000000000000630e-11 -1.954176696000000379e-01 -1.577725578744999968e+00 -1.323404800000000048e+00
7.957000000000000285e-11 3.868500000000005268e-02 1.418852370315000000e+00 -1.272829410579999987e+00
8.007999999999999643e-11 -1.086694999999999744e-01 -1.546015382771999791e+00 1.479656910580000373e+00
8.040000000000000153e-11 2.070646885000021475e-02 -1.717791381718000165e+00 1.483766527989999640e+00
8.908000000000000413e-11 -8.773804121000008949e-02 -1.467692100000000055e+00 1.572713972010000072e+00
9.287999999999999359e-11 2.615160604999992172e-02 1.664334999999999898e+00 -1.550428602980000292e+00
9.327999999999999997e-11 -8.625610604999998932e-02 -1.466242199999999940e+00 1.570945702980000025e+00
9.444999999999999437e-11 2.646820634999994676e-02 1.668587900000000124e+00 -1.553442357020000220e+00
9.473000000000000530e-11 1.407253097994999980e+00 -1.497732394999981564e-02 -1.331229042980000221e+00
9.623000000000000012e-11 -1.414325458839999827e+00 -1.649507605000009869e-02 1.419859674259999816e+00
9.816000000000000017e-11 -8.765611527000014003e-02 -1.469496100000000194e+00 1.573823125740000162e+00
1.003000000000000052e-10 -1.396792471739999986e+00 1.537146999999999819e+00 1.011218429999993784e-02
1.011999999999999969e-10 -1.412430872359999867e+00 -2.787119999999998488e-02 1.229029324219999886e+00
1.011999999999999969e-10 -1.611060975240000026e+00 1.171824500000000047e+00 1.078919148000007100e-02
1.013999999999999936e-10 1.404377942380000244e+00 1.493691500000000172e+00 1.215608000000000521e-01
1.030999999999999981e-10 -1.047000099999999989e+00 -6.183015696000010442e-02 -1.281495171440000025e+00
1.032000000000000029e-10 -1.429766800000000115e+00 3.635530000000003481e-02 1.401839200000000396e+00
1.041999999999999995e-10 1.778673999999998701e-01 -1.289480974700000004e+00 -1.230601434690000051e+00
1.054000000000000057e-10 -1.469867600000000163e+00 -1.464304754559999644e+00 -7.702070000000005301e-02
1.056999999999999943e-10 8.264761000000000468e-01 -3.615277107500013132e-02 -7.103251000000001536e-01
1.056999999999999943e-10 5.852870100399999442e-01 -2.102525708499993623e-02 -7.229510543299999537e-01
1.061000000000000007e-10 -4.460960000000000480e-01 -1.959502528500001867e-02 5.189619027100000892e-01
1.062000000000000055e-10 -9.560798682400001303e-01 2.476007107500001470e-02 8.694141999999999149e-01
1.062999999999999974e-10 1.414477016640000029e+00 1.416916752029999893e+00 1.038656536000009956e-02
1.067000000000000038e-10 1.062588800000000333e+00 -1.495316252029999848e+00 1.624091672999999902e-02
1.070999999999999972e-10 -4.002938024999994071e-02 -1.531019599999999592e+00 -1.480056597836000076e+00
1.128000000000000008e-10 -2.396664273600003503e-02 -1.405999294589999948e+00 1.439237540039999930e+00
1.131999999999999942e-10 -2.023709991100000605e-02 1.454427461730000593e+00 -1.594003397889999896e+00
1.152000000000000003e-10 -1.568151705040000010e+00 -1.333482100000000337e+00 -4.350969999999999838e-02
1.165000000000000113e-10 1.547534066879999948e+00 1.504213560499999769e+00 -7.235250000000012505e-02
1.170000000000000096e-10 1.593495200000000001e+00 1.436013999999999902e+00 -2.250442999999998084e-01
1.170000000000000096e-10 -1.460884898830000056e+00 1.653154100000000293e+00 9.148789999999962230e-02
1.196000000000000058e-10 -9.713282638900014310e-02 1.556129800000000341e+00 -1.481013855740000107e+00
1.211000000000000006e-10 6.076232000000001410e-01 5.929947999999999331e-01 -1.615004978289998339e-01
1.212000000000000054e-10 -8.019685103500002743e-01 -7.448464910639999159e-01 7.646706331999988948e-02
1.213999999999999892e-10 -1.413975800000000005e+00 -1.529483677014000342e+00 7.669910310999997205e-02
1.265000000000000026e-10 -1.430569799999999780e+00 1.461954181481999848e+00 1.613519688999998092e-02
1.274999999999999992e-10 1.390788363620000023e+00 -1.186931546000005722e-02 -1.456906299999999765e+00
1.299999999999999905e-10 1.545848600000000239e+00 1.467309031150000109e+00 1.408371999999999125e-01
1.327999999999999964e-10 1.456327403170000423e+00 3.802936884999981448e-02 -1.492299199999999937e+00
1.338999999999999977e-10 -1.065735321000003261e-02 -1.483985716219999862e+00 1.438662200000000002e+00
1.342000000000000122e-10 1.069070000000002518e-02 -1.376814800000000005e+00 1.511304199999999875e+00
1.346000000000000057e-10 -1.554228799999999744e+00 -1.588733900000000254e+00 1.480386000000001590e-01
1.421000000000000056e-10 1.593083299999999980e+00 -1.346579999999977795e-02 1.388014999999999777e+00
1.422999999999999894e-10 1.503123299999999940e+00 7.138443553699969080e-02 -1.570255646030000118e+00
1.428999999999999925e-10 1.589438499999999976e+00 1.058066644630004105e-01 1.463814999999999866e+00
1.428999999999999925e-10 -8.256154651999998706e-02 -1.406756500000000187e+00 1.518652831669999870e+00
1.440999999999999987e-10 9.638395026999971305e-02 1.627985715079999895e+00 -1.587213399999999996e+00
1.508999999999999907e-10 -8.257104651999998268e-02 -1.406781699999999802e+00 1.518651831669999508e+00
1.517000000000000035e-10 9.638799435999961807e-02 1.627973609859999948e+00 -1.587202299999999511e+00
1.534000000000000079e-10 1.456983386597000329e+00 3.740399999999709929e-03 -1.389547400000000543e+00
1.567999999999999910e-10 1.578508500000000092e+00 -3.657409999999999828e-02 -1.323825999999999947e+00
1.570000000000000007e-10 1.493835700000000211e+00 -4.357645546000012832e-02 1.500020492129999994e+00
1.572000000000000103e-10 2.751100000000006318e-03 1.673641761319999866e+00 1.530652407869999898e+00
1.586000000000000003e-10 -1.496840299999999679e+00 -1.569364573080000103e+00 -2.706221492999996356e-02
1.598000000000000065e-10 1.426336501230000220e+00 -1.443843599999999894e+00 1.724215000000001718e-01
1.621999999999999931e-10 1.619666214290000017e+00 -6.872317825000012759e-02 1.507250876599999678e+00
1.642999999999999910e-10 -5.427700000000001967e-02 -1.503834107369999895e+00 1.615036912460000362e+00
1.679000000000000096e-10 1.306066100000000230e+00 -1.136907600000000018e+00 -1.032851890600000599e-01
1.679999999999999885e-10 -1.422570399999999902e+00 -1.506696099999999872e+00 5.135460000000002800e-02
1.681999999999999982e-10 1.443299999999999805e+00 9.387842920000040101e-03 -1.515742331628399997e+00
1.685999999999999916e-10 -1.469093299999999491e+00 -9.057060041500002157e-02 -1.474110985889999670e+00
1.690999999999999899e-10 1.638795400000000235e+00 -1.579812899999999853e+00 5.646260630000002334e-02
1.750999999999999950e-10 -1.407960196769999506e+00 -1.495256700000000105e+00 -5.731395796999996795e-02
1.753000000000000047e-10 -1.745675303229999864e+00 -1.604954500000000284e+00 9.469511246999999521e-02
1.753000000000000047e-10 9.824327897700000367e-01 1.020787300000000064e+00 -9.407012470000012186e-03
1.754000000000000095e-10 1.526605908000000067e+00 7.084460000000011859e-02 -1.536001097480000244e+00
1.779000000000000009e-10 1.518016181900000205e+00 -1.448652500000000121e+00 -1.161460147499999984e-01
1.801000000000000036e-10 -1.562999581899999990e+00 1.320175325390000154e+00 6.380752292999997133e-02
1.858999999999999991e-10 1.517254581900000066e+00 -1.449262899999999910e+00 -1.152787887000000233e-01
1.861000000000000088e-10 -1.476304669789999968e+00 -1.830735936999998426e-02 -1.578685730400000153e+00
1.867999999999999908e-10 1.305812405249999752e+00 1.991986169999945822e-03 1.478609539700000086e+00
1.868999999999999957e-10 7.164923000000000819e-01 5.496306701000056028e-03 -7.089366999999999752e-01
1.868999999999999957e-10 5.995526263339999717e-01 -1.174501067010000482e-01 -6.893689999999998985e-01
1.870000000000000005e-10 -5.051468263340000986e-01 2.594410000000000466e-02 5.125720999999998639e-01
1.870000000000000005e-10 -7.983242969200000649e-01 -4.253690670099993798e-02 8.446100000000000829e-01
1.876000000000000036e-10 7.012689000000000838e-01 5.254906700999942282e-03 -7.001731000000002147e-01
1.876000000000000036e-10 5.995507263340003057e-01 -1.174473067010000510e-01 -6.893669999999999520e-01
1.877000000000000084e-10 1.706965173666000091e+00 -1.439333674320000256e+00 2.303202139899998557e-02
1.883000000000000115e-10 -9.800273363000006066e-02 -1.315399169239999999e+00 9.695135999999999754e-01
1.887000000000000049e-10 -6.004980353000008431e-02 1.403301184130000046e+00 1.556194799999999656e+00
1.894999999999999918e-10 -1.430876443479999649e+00 1.029786131110000252e-01 -1.441696300000000042e+00
1.904000000000000094e-10 1.498775390449999634e+00 3.524209999999995679e-02 1.466276500000000205e+00
1.906999999999999980e-10 -1.439145179999989921e-02 1.602606500000000711e+00 -1.610891300000000026e+00
1.926000000000000122e-10 1.484264999999999946e+00 -1.452016799999999996e+00 -1.732899999999776980e-03
1.935000000000000039e-10 -1.451976357400001083e-01 -1.411645000000000039e+00 -1.349703921570000187e+00
1.945000000000000004e-10 -8.373372800000167260e-04 -1.169345399999999868e+00 -1.512171467619999987e+00
1.958000000000000115e-10 -7.341099999999961545e-03 -1.433268500000000056e+00 -1.501288281939999969e+00
1.958000000000000115e-10 1.325463404520000221e+00 -1.354066388849999747e+00 9.603885712999990498e-02
1.962000000000000049e-10 8.842076049000008320e-02 -1.460771200000000158e+00 1.293503999999999987e+00
1.963999999999999887e-10 6.766192847000004895e-02 -1.443484299999999942e+00 -1.396528699999999734e+00
1.964999999999999935e-10 2.744689181999993011e-02 1.384486700000000070e+00 -1.253480499999999775e+00
1.968000000000000080e-10 1.604090300000000191e+00 1.569295239150000132e+00 -4.134265899999961524e-03
1.969999999999999918e-10 -1.421400099999999833e+00 -1.099688000000004218e-01 1.428086299999999920e+00
1.969999999999999918e-10 -1.422827600000000192e+00 1.966239999999992716e-02 -1.414419899999999952e+00
1.970999999999999966e-10 7.843573099000022975e-02 1.432644600000000379e+00 -1.503887907039999972e+00
1.983000000000000028e-10 -1.975149100000000102e+00 2.706600600000000245e+00 -1.273543088019999825e+00
1.985999999999999914e-10 1.364454400000000067e+00 1.583566331759999724e+00 7.414959278000005094e-02
2.081000000000000103e-10 -1.240243000000001983e-01 -1.552182100000000009e+00 -1.642221699999999895e+00
2.082999999999999941e-10 1.067374000000000378e-01 1.572694999999999954e+00 1.503841200000000100e+00
2.201999999999999996e-10 -1.239860000000000406e-01 -1.552194699999999816e+00 -1.642243199999999792e+00
2.204999999999999882e-10 1.237401599999999879e+00 1.498554199999999614e+00 -1.910019999999988671e-02
2.210999999999999913e-10 1.385100100000000278e+00 1.001827047000006243e-02 -1.164508789070000105e+00
2.221999999999999927e-10 -1.286445800000000084e+00 1.246169813080000077e+00 1.426696697000012781e-02
2.222999999999999975e-10 -3.140909999999973168e-02 1.614600616450000192e+00 -1.561813588179999934e+00
2.224000000000000023e-10 1.427221400000000084e+00 8.983790000000000386e-01 1.012099212099999423e-01
2.225000000000000071e-10 1.431089299999999787e+00 1.347455788890000061e+00 6.680680000000002727e-02
2.226000000000000120e-10 1.406960645679000033e+00 1.233324185560000119e+00 -2.569381081000016165e-02
2.233999999999999989e-10 -2.442868782900018548e-02 1.370525993229999795e+00 -1.550474099999999744e+00
2.252000000000000082e-10 -9.588321003999993042e-02 -1.405494000000000021e+00 -1.456940699999999644e+00
2.263000000000000095e-10 1.280575500000000311e+00 3.147905532000003226e-02 -1.544299200000000205e+00
2.272000000000000012e-10 -9.468159999999997689e-02 1.490356500000000306e+00 1.620508400000000293e+00
2.320000000000000002e-10 1.492792099999999955e+00 1.456724300000000083e+00 -4.464369999999995287e-02
2.321000000000000050e-10 -1.618755358559999857e+00 -7.665295413600059504e-03 1.623492342859999882e+00
2.355999999999999929e-10 -8.660280000000009082e-02 -1.620046004586399802e+00 -1.433614600000000294e+00
2.370000000000000088e-10 -1.444593541439999962e+00 -1.442917616189999919e+00 7.344630000000057501e-02
2.370000000000000088e-10 7.397558959999972483e-02 1.452586999239999788e+00 1.503152599999999506e+00
2.370999999999999877e-10 1.339083610400000346e+00 1.462703582999999696e+00 -1.531579999999964359e-02
2.375999999999999860e-10 -1.402281827040000373e+00 -1.428937499999999972e+00 1.046529999999997462e-01
2.377999999999999957e-10 -3.183257295999998571e-02 1.524777058500000004e+00 1.302903346500000392e+00
2.380999999999999843e-10 -1.111831565680000189e+00 -1.581823999999998620e-01 1.405502504169999778e+00
2.392000000000000115e-10 -1.471802534319999634e+00 1.634112999999998705e-01 -1.596868604170000427e+00
2.395000000000000001e-10 -1.005497034600000977e-01 1.581374400000000291e+00 1.323127600000000070e+00
2.409000000000000160e-10 1.535446237559999982e+00 1.581591399999999981e+00 -2.037223157000017659e-02
2.414999999999999932e-10 1.542234262440000059e+00 -1.396158999999997929e-01 -1.261892243629999966e+00
2.432999999999999767e-10 -1.013419999999998905e-01 1.242364916519999918e+00 -1.348820600000000258e+00
2.437999999999999749e-10 2.066443999999997838e-01 1.547020583480000155e+00 1.368211000000000066e+00
2.439999999999999846e-10 1.330588399999999893e+00 7.409910947000014625e-02 -1.045423799999999792e+00
2.449999999999999811e-10 1.695241649699998909e-01 1.709550399999999915e+00 1.533617900000000311e+00
2.530999999999999842e-10 1.438147500000000356e+00 1.343574099999999882e+00 7.557086650999990385e-02
2.539000000000000228e-10 -1.277486599999999584e+00 1.453585599999999811e+00 2.566945139999998737e-03
2.557000000000000062e-10 -1.508005160379999765e+00 5.568110000000009441e-02 -1.455429014570000179e+00
2.567999999999999817e-10 3.780322219999965316e-03 -1.436121899999999840e+00 -1.299743746259999888e+00
2.569000000000000124e-10 4.957379999999995956e-02 -1.534932363130000033e+00 1.457774595239999860e+00
2.576000000000000203e-10 7.225446825999985723e-02 1.602164236389999941e+00 1.491274795989999902e+00
2.714999999999999930e-10 3.627716699999963823e-03 -1.512525215150000157e+00 -1.465751778540000494e+00
2.751999999999999906e-10 7.222491236000012915e-02 1.602338256209999701e+00 1.491838995990000249e+00
2.756000000000000099e-10 1.588105110869999947e+00 -1.556709671840000198e+00 1.366311999999997029e-01
2.773999999999999933e-10 -1.417559619099999779e-01 -1.537307338519999789e+00 1.423633699999999891e+00
2.778999999999999916e-10 1.484033788020000078e+00 1.603039000000001241e-02 1.378738530809999752e+00
2.783000000000000109e-10 -1.525664288019999981e+00 -5.456098723999999733e-02 1.316732744090000296e+00
2.788000000000000092e-10 -9.738276238000033447e-02 1.463959000000000010e+00 1.363319999999999643e+00
2.788000000000000092e-10 -1.631487000000000132e+00 -1.475096799999999764e+00 5.811650000000002925e-02
2.791999999999999768e-10 -1.947419999999996931e-02 -1.293123799999999601e+00 -1.421303800000000006e+00
2.791999999999999768e-10 2.133333851689999783e+00 -1.506299862499999309e-01 2.329344199303999829e+00
2.800999999999999943e-10 -1.903094371600005386e-01 -1.446484300000000278e+00 1.379802845055999816e+00
2.802000000000000250e-10 -7.829699999999467641e-03 1.505802099999999921e+00 -1.595696000069999787e+00
2.808999999999999812e-10 -2.674100000000026456e-02 1.647329299999999996e+00 1.354990007330000079e+00
2.828999999999999743e-10 1.423931200000000175e+00 3.787510000000003652e-02 1.188005499999999603e+00
2.828999999999999743e-10 -7.677633000000000374e-01 8.337080000000000879e-02 6.584638999999997688e-01
2.830000000000000050e-10 9.698773000000000533e-01 -1.482256999999999325e-01 -8.985582708999999557e-01
2.830999999999999840e-10 -1.551620400000000011e+00 5.217260000000001341e-02 1.431021483522000093e+00
2.834000000000000243e-10 -3.978130000000035249e-02 -1.524896099999999866e+00 1.587933246519999564e+00
2.866000000000000236e-10 1.397897900000000249e+00 8.514749999999982055e-02 1.512892699999999646e+00
2.874999999999999895e-10 1.531770700000000041e+00 1.379559899999999839e+00 -4.615896300000112834e-03
2.876999999999999991e-10 1.458858822760000118e+00 1.388468517099999744e+00 -7.275500369999995942e-02
2.877999999999999781e-10 -5.907968999999999582e-01 2.426514000000000726e-01 -7.268542999999999532e-01
2.877999999999999781e-10 -9.180283701400000496e-01 -1.088881999999999628e-01 -7.808844000000000340e-01
2.879000000000000088e-10 1.498024000000000022e+00 -1.511330168549999797e+00 4.299399999999982402e-02
2.886000000000000167e-10 1.519092900000000412e+00 5.472146854999987431e-02 1.586428128169999896e+00
2.945000000000000170e-10 -1.262700000000255285e-03 1.558170872480000080e+00 -1.566703670539999926e+00
3.017999999999999814e-10 -1.462284596119999502e+00 1.483820227519999868e+00 4.179377678000001373e-02
3.029999999999999876e-10 1.449680595859999865e+00 9.234239999999993564e-02 1.605182327339999659e+00
3.186000000000000165e-10 -1.482269300000000012e+00 1.160510000000014585e-02 1.459558495759999852e+00
3.203999999999999999e-10 1.480091000000000490e+00 1.171860000000016222e-02 -1.487205600000000016e+00
3.218000000000000158e-10 1.423885499999999915e+00 1.473776899999999834e+00 -2.860254490999983995e-02
3.218000000000000158e-10 1.300962399999999963e+00 1.596764500000000142e+00 4.473369999999995961e-02
3.221000000000000044e-10 -1.500832600000000294e+00 -1.515096759249999980e+00 -2.865179999999989402e-02
3.223000000000000141e-10 1.655597099999999822e+00 -1.922828100000000262e+00 -3.248332713100001712e-01
3.231999999999999799e-10 1.301387800000000095e+00 1.692013999999999463e-01 1.382674443790000041e+00
3.233000000000000106e-10 7.295509999999992556e-02 -6.250100000000000655e-01 7.643092000000000219e-01
3.233999999999999896e-10 -2.044359999999991601e-02 7.888513999999999804e-01 -9.103986000000000578e-01
3.233999999999999896e-10 7.293479999999991081e-02 -6.250147999999999815e-01 7.643072000000000754e-01
3.235000000000000203e-10 -1.517619999999989672e-02 -7.028773999999999855e-01 6.878242000000001077e-01
3.258999999999999809e-10 1.962925999999999838e-01 5.272835000000000161e-01 -5.394820000000000171e-01
3.258999999999999809e-10 -2.585170147999992646e-02 7.813183999999999685e-01 -8.903476999999999641e-01
3.262000000000000213e-10 7.959870147999999201e-02 -6.122121000000000368e-01 7.402050000000000018e-01
3.263000000000000002e-10 -2.583682576000000120e-02 7.813387999999998890e-01 -8.903788999999999731e-01
3.263999999999999792e-10 -1.377394374240000108e+00 -1.571456500000000256e+00 5.625580000000005021e-02
3.268999999999999775e-10 1.361601700000000026e+00 4.348000000000129539e-04 1.487988961899999740e+00
3.275000000000000064e-10 1.454521999999999871e+00 -4.223111494000002936e-02 -1.347024219460000172e+00
3.275999999999999854e-10 5.781040000000012280e-02 9.961197000000001633e-01 -1.683828042440000505e+00
3.279000000000000257e-10 -1.227748800000000085e+00 -3.963531000000000692e-01 1.317594500000000446e+00
3.280999999999999837e-10 -1.598359668140000078e+00 -1.527091299999999485e+00 5.702660000000031593e-02
3.285999999999999820e-10 1.313661199999999862e+00 5.528699999999872605e-03 1.409344599999999836e+00
3.371000000000000043e-10 -1.302415199999999995e+00 1.235366800000000431e+00 1.456441624999999518e-01
3.381000000000000009e-10 -5.291145000000001541e-01 -6.917854000000001058e-01 3.836535832999992540e-02
3.381000000000000009e-10 -9.252682000000003182e-01 -8.169648000000000465e-01 -3.619299999999985029e-02
3.388999999999999878e-10 6.854981000000004432e-01 5.874848999999997545e-01 1.274967999999998547e-01
3.390000000000000184e-10 6.745858000000001242e-01 8.191089131110003141e-01 2.536032609999998647e-02
3.395999999999999957e-10 -7.255470000000044384e-02 1.369937986888999815e+00 -1.146915537940000007e+00
3.402000000000000246e-10 -2.182474929949999698e+00 2.440416444380000272e+00 -1.497645917999995691e-02
3.403999999999999826e-10 -1.392562069987999918e+00 -1.360465944380000014e+00 8.966337905999997859e-02
3.422999999999999967e-10 1.492785099938000126e+00 -1.329881000000003588e-01 1.436026620940000109e+00
3.432999999999999932e-10 -1.493003183715999604e+00 8.468830000000013292e-02 -1.380065208480000027e+00
3.450999999999999767e-10 -1.506319716284000076e+00 -3.045660000000011136e-02 -1.554159291519999542e+00
3.493000000000000242e-10 -1.471685300000000085e+00 7.620190000000012787e-02 -1.566446296490000112e+00
3.526000000000000025e-10 2.279033303000022048e-02 -1.375063699999999889e+00 1.494684696490000242e+00
3.530000000000000218e-10 -1.326773569139999998e+00 -4.274549060000004674e-02 -1.524517900000000203e+00
3.530000000000000218e-10 1.492944969139999856e+00 1.497057000000000526e-01 1.484961600000000104e+00
3.543999999999999859e-10 -1.594477900000000226e+00 1.619415100000000107e+00 9.694390000000005503e-02
3.553999999999999825e-10 1.522072167260000164e+00 -1.421164633030000068e+00 -4.002020564000008385e-02
3.555000000000000131e-10 -1.594486200000000409e+00 1.619378900000000066e+00 9.693630000000004465e-02
3.572999999999999966e-10 1.522066267260000050e+00 -1.421137033029999941e+00 -4.000780564000000483e-02
3.582000000000000142e-10 -1.348723500000000630e+00 -1.501233600000000390e+00 1.025783711299999290e-01
3.585000000000000028e-10 1.624446745980000273e+00 -2.268114000000000519e-01 1.681286978850000002e+00
3.595999999999999783e-10 -1.475912074240000038e+00 1.301384999999999903e-01 -1.704837698239999977e+00
3.597000000000000090e-10 1.864317000000002555e-01 -1.483074100000000062e+00 -1.379847971129999573e+00
3.597999999999999880e-10 1.442544000000000048e+00 1.547202047809999925e+00 -2.810154420000349207e-03
3.599999999999999976e-10 1.471296399999999727e+00 -1.460698247809999906e+00 3.981835441999981295e-02
3.619999999999999907e-10 2.561278516000026206e-02 1.465832599999999486e+00 1.553329832980000269e+00
3.631000000000000179e-10 -3.579299999999993598e-02 1.709032216469999810e+00 1.580801099999999737e+00
3.631000000000000179e-10 1.569804900000000059e+00 2.819059999999970478e-02 -1.529953999999999592e+00
3.658999999999999979e-10 1.367344200000000232e+00 -4.176430000000001808e-02 1.630532299999999823e+00
3.663000000000000172e-10 -1.477461400000000369e+00 6.820670000000000899e-02 -1.585497107639999737e+00
3.666000000000000058e-10 1.446700000000855635e-03 1.438129600000000119e+00 -1.594610200000000422e+00
3.708999999999999806e-10 -4.673650000000001414e-02 -1.534226899999999949e+00 1.538892790299999813e+00
3.710000000000000113e-10 -6.117551102000018393e-02 1.386664374299999558e+00 1.389604696646000725e+00
3.717000000000000192e-10 -1.371479407190000499e+00 1.326237099999999947e+00 -4.248534804000003717e-02
3.755999999999999748e-10 1.899440719000011768e-02 -1.482753149020000105e+00 1.581115767258000071e+00
3.781999999999999968e-10 -1.579475199999999635e+00 -1.473142499999999799e+00 -7.618550000000012812e-02
3.793000000000000240e-10 1.600398999999996796e-01 1.514485397349999651e+00 -1.651496799999999876e+00
3.796000000000000126e-10 -1.420815439209999642e+00 1.377280500000000130e+00 -1.114640000000011177e-02
3.799000000000000013e-10 1.430651699999999860e+00 -1.437841500000000217e+00 1.340020000000016753e-02
3.820000000000000250e-10 -1.421290139209999914e+00 1.377416900000000055e+00 -1.239010000000029255e-02
3.853000000000000033e-10 1.430586700000000100e+00 -1.438004600000000410e+00 1.375500000000015599e-02
3.862999999999999998e-10 -1.421459639209999848e+00 1.377469500000000124e+00 -1.332849999999982660e-02
4.010000000000000111e-10 1.430529699999999682e+00 -1.438182000000000293e+00 1.414600000000010294e-02
4.018999999999999770e-10 -5.774820000000011055e-02 -1.446933972899999699e+00 1.489411199999999713e+00
4.025999999999999849e-10 1.554071800000000003e+00 -2.304941604999996563e-02 1.422791382999999854e+00
4.030000000000000042e-10 -1.008215000000000083e-01 1.483597816050000295e+00 -1.450890382999999950e+00
4.113000000000000169e-10 1.453059662180000267e+00 5.393236283999983116e-02 1.453616999999999937e+00
4.120000000000000248e-10 -1.538619262180000558e+00 -3.560769999999990887e-02 -1.485768400000000211e+00
4.182000000000000138e-10 1.557336611510000246e+00 1.314576206719999973e+00 -1.111316365699997200e-01
4.182999999999999927e-10 2.515851420660000226e+00 2.330339240730000316e+00 -9.293591249999899606e-03
4.192000000000000103e-10 -1.373785722520000085e+00 -1.477594299999999805e+00 -1.039333414999999983e-01
4.194999999999999989e-10 1.701119221039999907e+00 -1.521024799999999733e+00 4.106330000000005254e-02
4.221999999999999999e-10 1.483775396530000013e+00 1.495290000000000230e+00 -3.446609517999994765e-02
4.222999999999999789e-10 1.262279300000000104e+00 -1.521929500000000157e+00 -1.918009517300000577e-01
4.224999999999999886e-10 -1.525688000000000155e+00 -1.550657400000000186e+00 -1.602149999999999408e-02
4.227999999999999772e-10 1.494645899999999639e+00 2.277757000000001919e-01 -1.485340000000000105e+00
4.234999999999999851e-10 1.542257400000000445e+00 1.672302099999999792e+00 8.416819999999991531e-02
4.248000000000000220e-10 1.375852700000000040e+00 3.460399999999985710e-02 -1.424363200000000163e+00
4.261000000000000072e-10 -1.285150500000000306e+00 -1.606174399240000605e+00 4.836841017000031995e-02
4.263000000000000168e-10 1.116122119639999744e+00 -1.167698000759999744e+00 5.016419999999970070e-02
4.280000000000000213e-10 1.386538599999999066e+00 2.163416859999986452e-02 -1.542505687349999821e+00
4.302000000000000240e-10 3.874680000000016444e-02 1.382731431400000321e+00 1.092851899999999876e+00
4.308000000000000013e-10 1.485697700000000010e+00 -1.195547936280000334e+00 -7.989899999999938718e-03
4.312000000000000206e-10 -1.727781999999999929e+00 1.031969200000000253e+00 4.432708434000000308e-02
4.327999999999999944e-10 -1.673730757200001529e-01 1.278075999999999768e+00 -1.163873699999999900e+00
4.332999999999999926e-10 -1.559738960849999856e+00 1.158304000000001943e-01 -1.586198700000000184e+00
4.335000000000000023e-10 1.363188506236000297e+00 -1.526731392469999893e+00 -9.060849999999975868e-02
4.349000000000000181e-10 -5.742364538600028961e-02 1.533633299999999533e+00 1.363740100000000233e+00
4.366000000000000226e-10 -1.441864899999999894e+00 5.089843240000017921e-02 -1.500998899999999914e+00
4.369000000000000112e-10 1.659491800000000072e+00 -3.256903500000000395e+00 -1.478995900000000141e+00
4.369999999999999902e-10 1.589261899999999894e+00 1.874553214999991751e-02 -1.571934899999999580e+00
4.448999999999999836e-10 5.185282321899997715e-02 1.396679999999999922e+00 -1.472608399999999929e+00
4.448999999999999836e-10 -2.352022321900001933e-02 1.340954852730000146e+00 1.615160599999999835e+00
4.472000000000000170e-10 -6.146946999999999273e-01 4.914664851999996087e-02 -4.313425999999999649e-01
4.472000000000000170e-10 7.898340999999999834e-01 -7.994924364000005612e-02 6.125373000000000623e-01
4.534999999999999849e-10 1.464170600000000100e+00 -1.524331525799999865e+00 -8.491822350000013953e-02
4.549000000000000008e-10 -4.260060000000015501e-02 1.506944600000000190e+00 -1.484876665440000298e+00
4.563999999999999956e-10 4.169500000000242457e-03 -1.540065600000000146e+00 1.548119965440000190e+00
4.568000000000000149e-10 1.550841359209999659e+00 -1.542071999999999665e+00 7.612083455999987813e-02
4.597000000000000255e-10 -1.516368699999999681e+00 1.456841355619999945e+00 -3.754272630000000943e-02
4.597000000000000255e-10 -1.563317300000000021e+00 1.527310402050000349e+00 -4.079841911999995685e-02
4.632000000000000135e-10 -1.037666000000000976e-01 -1.538005012049999509e+00 1.597764299999999693e+00
4.645999999999999776e-10 1.491719999999999935e+00 -1.430999673486000434e+00 -1.681582999999997885e-01
4.650999999999999759e-10 -1.532035699999999556e+00 7.008549999999996727e-02 -1.534237051800000362e+00
4.676000000000000189e-10 1.488218199999999936e+00 1.325577500000000297e+00 -7.612819999999997922e-02
4.680999999999999655e-10 -1.634337100000000209e+00 1.496476399999999929e+00 -2.284710872599997611e-01
4.683999999999999541e-10 1.448202799999999568e+00 9.789480735000008482e-02 -1.536003015370000391e+00
4.721999999999999824e-10 2.019957683000023207e-02 -1.508848297950000195e+00 -1.423801384630000166e+00
4.728999999999999903e-10 1.371404723049999941e+00 1.006848420300001379e-01 1.380832999999999977e+00
4.757999999999999493e-10 3.750030000000013908e-02 -1.545544494530000090e+00 1.519978101259999992e+00
4.807000000000000047e-10 -1.400570000000006532e-02 1.558607893882000051e+00 -1.548570048709999813e+00
4.888000000000000078e-10 -1.456721400000000166e+00 -1.268920125700000734e-01 1.497150200000000098e+00
4.889000000000000385e-10 -5.587499999999551159e-03 -1.516629299999999958e+00 1.482075999999999727e+00
4.892000000000000271e-10 1.580830599999999642e+00 1.289189299999999649e+00 -1.160417000000000254e-01
4.893999999999999850e-10 1.532560099999999759e+00 1.106054914000023648e-02 -1.417669500000000138e+00
4.926999999999999633e-10 -1.531270800000000154e+00 -1.524525914259999837e+00 -4.298991813699971909e-02
4.929000000000000246e-10 -8.561129999999987639e-02 1.377301600000000237e+00 1.310271018879999971e+00
4.942000000000000098e-10 2.029095000000000204e-01 -1.432327599999999590e+00 1.318883099999999864e+00
4.947999999999999871e-10 -3.719200000000089101e-03 1.320977299999999799e+00 1.382422599999999946e+00
4.950000000000000484e-10 1.368776400000000226e+00 3.130150000000003763e-02 1.585046699999999920e+00
4.962000000000000029e-10 1.768664999999998155e-01 1.571491399999999761e+00 1.629162088600000224e+00
5.024000000000000435e-10 1.419957099999999972e+00 -1.415485263610000155e+00 -4.567348860000014499e-02
5.058999999999999797e-10 -1.447329200000000204e+00 1.424290478599999910e+00 -1.609031139999986260e-02
5.087000000000000114e-10 1.473813700000000004e+00 8.608069999999976019e-02 -1.482286988600000077e+00
5.199000000000000348e-10 2.214773869999984990e-02 1.321678250860000015e+00 1.587241000000000346e+00
5.260999999999999720e-10 -4.845971782999995009e-02 -1.414403147100000036e+00 -1.474385100000000115e+00
5.314999999999999741e-10 -1.562949899999999781e+00 -1.595500599999999158e+00 -6.398999999999432919e-03
5.324000000000000433e-10 -1.326652300000000118e+00 -2.773970000000022806e-02 -1.585581499999999977e+00
5.341000000000000478e-10 1.365007300000000257e+00 3.704850000000015076e-02 1.575312700000000454e+00
5.361000000000000409e-10 1.585694800000000182e+00 1.526902900000000063e+00 -6.271180000000042831e-02
5.432000000000000474e-10 -1.500500200000000062e+00 5.344399999999943640e-03 1.481592187770000013e+00
5.448000000000000212e-10 1.379401563380000084e+00 6.230459999999996001e-02 1.386523112230000132e+00
5.451000000000000098e-10 -1.549048363379999849e+00 7.310179999999999456e-02 -1.527067906659999919e+00
5.456999999999999871e-10 1.379407063379999965e+00 6.230550000000012467e-02 1.386530865910000188e+00
5.472000000000000336e-10 -1.416825063380000360e+00 1.478391500000000303e+00 -5.918330000000013302e-02
5.478000000000000108e-10 1.601049000000000500e-01 -1.949966199999999761e+00 -1.341750208419999923e+00
5.482999999999999574e-10 2.686499999999993060e-02 1.515698399999999779e+00 1.350374184949999945e+00
5.483999999999999881e-10 2.214468000000000825e-01 7.340734116900001771e-01 1.461468900000000071e+00
5.492000000000000267e-10 1.571464800000000217e+00 -1.529913016157999905e+00 -2.698336943000010507e-02
5.506000000000000425e-10 -1.544986900000000496e+00 1.499077616158000170e+00 3.764360000000010337e-02
5.519999999999999550e-10 1.569681099999999940e+00 9.637442604999982287e-02 1.625144777240000060e+00
5.583999999999999535e-10 3.989600000000004254e-02 -1.568756197991000079e+00 1.410007700000000197e+00
5.583999999999999535e-10 8.054600000000022852e-03 1.516693965721000126e+00 -1.441194599999999992e+00
5.630000000000000204e-10 -1.567865199999999959e+00 -1.491699134319999676e+00 -9.398290000000000810e-02
5.661000000000000407e-10 8.399999999983420729e-05 1.334599471649999813e+00 1.408901199999999854e+00
5.668000000000000486e-10 1.639309000000001848e-01 1.502418662670000238e+00 -1.529234232276000416e+00
5.672999999999999952e-10 1.609386200000000100e+00 -4.161484321999990577e-02 -1.138742167723999943e+00
5.698000000000000383e-10 -1.329019999999994650e-02 1.189836677370000206e+00 -1.399811806349999799e+00
5.718000000000000314e-10 3.703992999999999869e-01 7.424944999999999462e-01 7.224569063500001498e-01
5.718999999999999586e-10 -3.375052000000000052e-01 6.838182000000001537e-01 6.584339000000000164e-01
5.719999999999999893e-10 3.773766000000000065e-01 -6.086041000000000922e-01 -5.526972000000001106e-01
5.728000000000000279e-10 -3.362330000000000041e-01 6.848282000000001091e-01 6.582976999999999856e-01
5.738000000000000244e-10 -1.408500799999999886e+00 -4.284885679000001446e-02 1.323178899999999825e+00
5.745999999999999596e-10 -6.038079999999994285e-02 2.595485256790000417e+00 2.665090599830000073e+00
5.745999999999999596e-10 1.035142999999999702e+00 3.498138499999986495e-02 1.776171100000000003e+00
5.745999999999999596e-10 7.916912000000001504e-01 7.086972129100003182e-01 -6.085106124999992150e-02
5.746999999999999903e-10 7.581687999999997540e-01 7.254266840579997044e-01 7.729866124999991428e-02
5.749000000000000517e-10 8.372321567999997660e-02 1.395546900000000035e+00 1.432801599999999898e+00
5.749999999999999789e-10 -1.503204715680000358e+00 -1.654545799999999733e+00 3.760999999999889432e-03
5.749999999999999789e-10 -1.136228542505000050e+00 1.458789999999998144e-01 -1.433748393500000162e+00
5.766999999999999834e-10 -1.406147357495000305e+00 -5.654759999999969811e-02 -1.577900799999999659e+00
5.785000000000000186e-10 1.417236668730000204e+00 1.400782120000151898e-03 1.596149999289999677e+00
5.809000000000000309e-10 7.570653127000023797e-02 1.308602600000000171e+00 1.263584800000000286e+00
5.809999999999999582e-10 1.430507308809999767e+00 1.461706600000000078e+00 2.069231000000002485e-01
5.827999999999999934e-10 -1.355832908809999626e+00 -1.426175199999999865e+00 -4.213680000000016856e-02
5.829000000000000240e-10 1.541337999999999653e+00 1.930199999999993032e-02 -1.175086199999999970e+00
5.829999999999999513e-10 -1.498155799999999704e+00 -1.541849864259999592e+00 -5.188700000000001644e-02
5.835000000000000013e-10 -6.000384999999995861e-01 -1.422622999999999804e-01 8.991905000000002257e-01
5.835000000000000013e-10 2.425894099999999831e+00 1.281919999999999726e-01 -2.680776700000000456e+00
5.836000000000000320e-10 1.400102224559999664e+00 -3.193800000000024397e-03 -1.447088699999999672e+00
5.839000000000000206e-10 1.331800600199999796e+00 -1.470380099999999857e+00 -4.825412433999994727e-02
5.840999999999999785e-10 4.745930000000014859e-02 -1.332381299999999991e+00 1.349355624340000004e+00
5.850999999999999751e-10 -1.435933700000000091e+00 1.497457300000000213e+00 8.792830000000008417e-02
5.853000000000000364e-10 1.255970199999999704e+00 2.419987630999998612e-02 1.597589483290000167e+00
5.860000000000000444e-10 -3.708179999999977605e-02 -1.314098420920000176e+00 1.426174577679999889e+00
5.860999999999999716e-10 -1.359684099999999951e+00 -1.485041790799999928e-01 1.441534539029999618e+00
5.873999999999999568e-10 -1.348744999999999528e-01 -1.472950521780000077e+00 -1.506121800000000066e+00
5.913000000000000157e-10 1.394375999999996341e-01 1.363312899999999939e+00 -1.377172455790000249e+00
5.921999999999999816e-10 1.442505500000000440e+00 1.428889015529999806e+00 -4.641802804999953236e-02
5.923000000000000123e-10 1.389755899999999933e+00 -1.383360999999999841e+00 -3.850910000000008770e-02
5.930000000000000202e-10 1.269403800000000082e+00 -1.346122999999999625e-01 1.609202400000000477e+00
5.934999999999999668e-10 1.373483857960000165e+00 1.223627199999999915e+00 -1.892753838300002545e-01
5.940000000000000167e-10 -1.557815221859999655e+00 7.433130000000012783e-02 1.478895877710000084e+00
5.950000000000000133e-10 -1.324312277139999772e+00 -1.464186878110000034e+00 2.069170612000017367e-02
5.958999999999999791e-10 -2.197599999999999554e-02 -1.609997578200000223e+00 1.461237199999999792e+00
5.981999999999999609e-10 -1.514968099999999929e+00 1.511120000000007457e-02 1.616306136529999993e+00
5.999999999999999960e-10 1.450258000000000269e+00 -1.455787900000000246e+00 1.571290000000002962e-02
6.015999999999999698e-10 9.956479999999987007e-02 -1.641584377239999615e+00 -1.561631499999999839e+00
6.024000000000000084e-10 -1.517402700000000326e+00 -1.323686520590000137e+00 -5.783929999999995464e-02
6.055999999999999560e-10 1.357322200000000034e+00 1.152781978300000537e-01 1.151328199999999802e+00
6.059000000000000480e-10 1.087101918999997668e-01 -1.647716417330000294e+00 1.499724599340000353e+00
6.061000000000000060e-10 -1.394902791899999883e+00 -1.580513099999999893e+00 5.794419999999997350e-02
6.082000000000000297e-10 -1.130870000000002012e-01 1.578700799999999571e+00 1.475620900000000235e+00
6.254000000000000324e-10 1.135833999999999178e-01 1.395119829320000004e+00 1.356429300000000282e+00
6.264000000000000289e-10 1.414080918137000431e+00 1.545381699999999858e+00 -1.991562064000018673e-02
6.297000000000000072e-10 -1.292736718137000196e+00 -1.270693999999998325e-01 -1.341307000000000027e+00
6.299999999999999958e-10 -1.312384483749999387e+00 1.542396510980000190e+00 -1.655928000000000400e-01
6.307000000000000037e-10 1.541654183749999962e+00 1.777096000000001341e-01 1.481770899999999891e+00
6.335999999999999627e-10 -1.539326794349999972e+00 -1.124993000000001908e-01 -1.505913599999999963e+00
6.341000000000000127e-10 1.540820294350000008e+00 5.480740000000003387e-02 -1.596256389590000158e+00
6.348000000000000206e-10 1.483659395720000163e+00 1.524043700000000001e+00 5.637678430000023222e-02
6.366999999999999830e-10 4.787660427999992918e-02 1.474136399999999680e+00 1.508321815699999568e+00
6.368000000000000137e-10 -1.028680999999999346e-01 1.540536100000000186e+00 1.550246299999999744e+00
6.372999999999999603e-10 3.292679999999997831e-02 -1.483802117760000039e+00 -1.599436199999999975e+00
6.372999999999999603e-10 -1.028441999999999690e-01 1.540532199999999463e+00 1.550235900000000111e+00
6.423000000000000464e-10 1.237781100000000079e+00 -1.331358399999999831e+00 1.290870000000011314e-02
6.425000000000000043e-10 -1.546446762190000435e+00 -1.431567772191999488e+00 -2.112941999999999876e-01
6.436000000000000316e-10 -1.317710999999999855e+00 1.963560000000021122e-02 1.364397385660000017e+00
6.446000000000000281e-10 -1.402494499999999977e+00 -1.343592999999998483e-01 1.542646259260000097e+00
6.480000000000000370e-10 1.311527299999999618e+00 1.512032209600000288e+00 4.657170000000002141e-02
6.510999999999999540e-10 1.659583200000000147e+00 -1.003491234500002438e-01 1.674473605759999817e+00
6.527999999999999584e-10 1.314332700000000020e+00 1.471662100000000084e+00 -7.573229999999994688e-02
6.537000000000000277e-10 5.538675362000002045e-02 -1.497998600000000291e+00 1.490200100000000027e+00
6.544000000000000356e-10 -1.610651153620000109e+00 1.502274200000000004e+00 -4.199223181999987842e-02
6.558000000000000515e-10 -1.625415100000000113e+00 1.425917999999999797e+00 -1.597708706400002010e-01
6.595999999999999763e-10 -1.526660885729999695e+00 3.658900000000014918e-02 1.304149265589999995e+00
6.601000000000000263e-10 -1.374764714269999910e+00 -5.857858223000005082e-02 -1.210630063129999545e+00
6.612999999999999808e-10 9.048499999999876087e-03 1.393853180679999859e+00 -1.476654000000000133e+00
6.634000000000000045e-10 -2.960059499999882771e-03 1.489578517460000029e+00 -1.446313900000000263e+00
6.636999999999999932e-10 -1.381185653200000196e+00 -3.678599999999795922e-03 -1.479656599999999989e+00
6.638999999999999511e-10 1.519355200000000128e+00 2.295159999999983602e-02 -1.359943900000000205e+00
6.655000000000000283e-10 8.203939999999963761e-02 1.633508099999999796e+00 -1.560028200000000309e+00
6.666999999999999828e-10 -1.355376600000000042e+00 1.386732999999999993e+00 3.427300000000098323e-03
6.666999999999999828e-10 1.493944299999999670e+00 -1.481394199999999550e+00 -1.917899999999944649e-03
6.713000000000000496e-10 1.495909099999999992e+00 -1.558613099999999640e+00 -6.302723279999977724e-03
6.744999999999999972e-10 -1.338281499999999902e+00 7.390501023999987429e-02 -1.461245576719999884e+00
6.750000000000000472e-10 2.669381999999998478e-01 8.143288975999998791e-02 -6.075071000000000776e-01
6.750999999999999745e-10 9.136630000000003360e-01 8.966650000000006560e-02 -8.803076000000000789e-01
6.753999999999999631e-10 -5.060839000000000309e-01 5.131710000000002520e-02 7.549659999999999149e-01
6.753999999999999631e-10 -3.683540999999997956e-01 -6.743411204999991138e-02 6.536364999999999537e-01
6.756000000000000245e-10 1.476451299999999689e+00 -1.065173879499999587e-01 1.647770997130000303e+00
6.817000000000000344e-10 1.478182933279999833e+00 -1.480227752029999788e+00 6.399455725000000039e-02
6.925999999999999658e-10 -1.371881350259999799e+00 1.197480480000095993e-03 1.510259000000000018e+00
7.012000000000000188e-10 7.594979999999995623e-02 -1.586757180479999807e+00 -1.473968999999999863e+00
7.012000000000000188e-10 4.117119999999957480e-02 -1.647472900000000351e+00 1.583373900000000223e+00
7.032000000000000119e-10 1.561191899999999855e+00 1.446513300000000779e-01 1.702152388000000016e+00
7.062000000000000015e-10 -1.432339247810000105e+00 -3.994488382000022098e-02 -1.526294000000000040e+00
7.079000000000000060e-10 -1.395258999999999805e+00 7.741970000000011898e-02 1.526111623050000254e+00
7.086000000000000139e-10 3.404250000000007270e-02 -1.238672053500000203e+00 1.537047276949999874e+00
7.104999999999999763e-10 -1.376283599999999607e+00 1.245482499999999826e+00 1.179879999999979695e-02
7.110000000000000263e-10 1.630579999999950264e-02 -5.778316999999996151e-01 5.318347000000001046e-01
7.110999999999999536e-10 5.964200000000134672e-03 7.167387999999996762e-01 -5.939076000000000910e-01
7.114000000000000456e-10 1.611847013279999796e+00 -1.541735222629999846e+00 -6.348330000000013129e-02
7.138999999999999853e-10 -2.546551328000021264e-02 -1.548217799999999977e+00 1.556206800000000001e+00
7.158999999999999784e-10 2.720358000000001608e-01 -7.016032967699996625e-01 -5.761699999999999600e-01
7.160000000000000090e-10 -2.687036000000001534e-01 7.702185967699997082e-01 6.910781000000002505e-01
7.161000000000000397e-10 -1.083759600000000045e+00 -1.339079484129999997e+00 1.054842999999995312e-01
7.164999999999999556e-10 -2.133560000000004342e-01 6.448509000000000047e-01 -3.731729999999994912e-02
7.165999999999999863e-10 5.918177000000003352e-01 -7.382903000000000659e-01 4.783570000000012673e-02
7.167000000000000169e-10 1.325828600119999701e+00 -1.668472999999999762e-01 1.011872100000000163e+00
7.168999999999999749e-10 -1.357997976310000077e+00 -1.551185093400000437e+00 1.272315999999998892e-01
7.177000000000000135e-10 -1.428770199999999990e+00 -1.399648399999999793e+00 8.773800000000039900e-02
7.182999999999999907e-10 -1.037957504400000425e-01 -1.537281200000000014e+00 -1.499631900000000240e+00
7.184000000000000214e-10 1.569555100000000092e+00 -1.468155799999999900e+00 -7.640542951999987342e-02
7.236999999999999928e-10 -9.160430000000002737e-02 1.486027843820000083e+00 1.442785300000000159e+00
7.279000000000000403e-10 1.480564123633000051e+00 -1.463370389190000065e+00 6.906322145999985174e-02
7.286000000000000482e-10 -1.471098223632999691e+00 3.200930139999969004e-02 -1.477219700000000024e+00
7.362000000000000013e-10 -1.015777000000000485e-01 -1.318102099999999943e+00 1.405327900000000074e+00
7.364999999999999899e-10 7.398809999999991782e-02 -1.291894999999999794e+00 -1.314976900000000004e+00
7.366000000000000206e-10 -2.084905723199997341e-01 -6.983388999999999847e-01 6.262053000000000758e-01
7.366000000000000206e-10 1.825409723199997725e-01 -8.474879000000000717e-01 8.042525999999997621e-01
7.367999999999999786e-10 -1.552043900000000143e+00 -1.457280486241999906e+00 3.388800300000022192e-02
7.371999999999999979e-10 8.424800000000001177e-01 -7.758893000000000040e-01 1.955629700000005577e-02
7.371999999999999979e-10 6.227018999999999194e-01 -6.215159000000001210e-01 9.896999999999545050e-03
7.373999999999999558e-10 7.417999999998758920e-04 1.607560300000000275e+00 1.680629800879999802e+00
7.377000000000000478e-10 1.456054599999999644e+00 7.828693480000141480e-03 1.498784599120000394e+00
7.394999999999999796e-10 -1.391279199999999605e+00 9.374999999999904243e-03 1.328056099999999962e+00
7.394999999999999796e-10 -1.516294400000000264e+00 8.692382897999989533e-02 -1.602087000000000483e+00
7.416000000000000033e-10 1.397180700000000275e+00 -3.136549999999985183e-02 1.317773900000000609e+00
7.417000000000000340e-10 1.448178999999999661e+00 1.172170000000011258e-02 1.485483599999999571e+00
7.431000000000000499e-10 -1.266263599999999601e+00 3.366560000000010100e-02 -1.377726999999999702e+00
7.431000000000000499e-10 1.150300000000004097e-02 1.463367499999999932e+00 1.349967199999999590e+00
7.435999999999999964e-10 -5.164727101999998238e-02 1.277733700000000194e+00 -1.375997400000000148e+00
7.437000000000000271e-10 1.232088710199999576e-01 -1.420534299999999917e+00 1.482053500000000135e+00
7.470000000000000054e-10 -1.531703799999999394e+00 1.401329958839999890e+00 1.228377999999999415e-01
7.471000000000000360e-10 1.747663399999999978e+00 1.620368899999999890e+00 -2.988829999999989551e-02
7.553999999999999970e-10 1.564605562959999752e+00 1.433806525040000057e+00 9.997269999999988666e-02
7.572000000000000322e-10 -1.571123200000000164e+00 -1.434208600000000278e+00 -1.044053883199998201e-01
7.576999999999999788e-10 -1.068608918999999352e-01 1.468438097240000406e+00 -1.486626000000000225e+00
7.596000000000000446e-10 8.335879999999970535e-02 -1.329417191899999739e+00 1.468550699999999987e+00
7.612000000000000184e-10 -5.063229999999996345e-02 -1.429116200000000170e+00 -1.498857417449999785e+00
7.620999999999999842e-10 2.906800000000007642e-02 -1.409665674420000236e+00 1.453350096389999901e+00
7.623000000000000456e-10 1.233279999999993548e-02 1.413874374420000191e+00 -1.427448587720000273e+00
7.629999999999999501e-10 6.967360000000016873e-02 1.530460999999999849e+00 1.594383887719999837e+00
7.639000000000000194e-10 -1.741182400000000019e+00 -1.544927393130000270e+00 7.289970000000015049e-02
7.650999999999999739e-10 1.738775300000000357e+00 1.607156899999999888e+00 -2.445770000000005440e-02
7.657999999999999818e-10 1.426305799999999735e+00 -1.160859999999999947e-01 -1.448645200000000077e+00
7.663999999999999591e-10 8.383909992499998243e-01 -1.018010196409999901e+00 -1.587432999999998928e-01
7.663999999999999591e-10 6.309092007500001209e-01 -3.681344315699999203e-01 2.473700000000000343e-01
7.673000000000000283e-10 1.543881899999999918e+00 -4.324525221000015407e-02 -1.758266499999999954e+00
7.697000000000000407e-10 -1.580333200000000105e+00 -1.635053747789999790e+00 2.691250000000006137e-02
7.706000000000000066e-10 -1.470550000000020452e-02 1.559243900000000238e+00 1.631241187309999896e+00
7.711999999999999838e-10 1.524744300000000274e+00 1.293237500000000262e+00 -3.028158730999999659e-02
7.721999999999999804e-10 -1.421562600000000121e+00 -1.423066893480000372e+00 2.579008730999995946e-02
7.728999999999999883e-10 -4.412719999999986653e-02 -1.543453700000000151e+00 1.516404512689999873e+00
7.831000000000000151e-10 -1.476149999999992746e-02 1.584657699999999947e+00 1.494225399999999926e+00
7.835000000000000344e-10 1.402225013030000023e+00 1.337292600000000276e+00 -3.460789999999996230e-02
7.844000000000000003e-10 -1.350028314730000067e+00 1.328391389480000129e+00 2.705362456000001692e-02
7.852000000000000389e-10 -1.542883798300000331e+00 -1.065875933000002551e-01 -1.506919168540000076e+00
7.855000000000000275e-10 -1.516988595652999816e+00 3.062069999999994518e-02 -1.580928561119999909e+00
7.859999999999999741e-10 1.028079309299999577e-01 -1.488616928119999905e+00 -1.437240700000000260e+00
7.861000000000000048e-10 -3.331166697000026433e-02 1.572557197890000147e+00 1.489243499999999942e+00
7.910999999999999875e-10 -7.388518706099996836e-01 5.782708669999997442e-02 8.286767068399998326e-01
7.912000000000000182e-10 -6.473310118160000570e-01 -4.515254250000010072e-02 6.911505931600002706e-01
7.930999999999999806e-10 5.618896000000001001e-01 5.217339205999992763e-02 -6.083115315700000636e-01
7.933999999999999692e-10 -6.469573118160002467e-01 -4.633422779999997465e-02 6.916742315699997423e-01
7.957999999999999816e-10 5.620327000000001627e-01 5.294495660999994774e-02 -6.084665699899997060e-01
7.959000000000000123e-10 -6.464081118159996642e-01 -4.746817869999996053e-02 6.921125699899993711e-01
7.974999999999999861e-10 5.619963999999999515e-01 5.382425290000002888e-02 -6.084549699899995945e-01
7.974999999999999861e-10 -6.460703118159998315e-01 -4.803819499000012982e-02 6.921656699900001763e-01
7.994999999999999792e-10 5.619220999999998689e-01 5.432195290000001869e-02 -6.084050699900001025e-01
7.994999999999999792e-10 -6.457577118159996132e-01 -4.845035535999990539e-02 6.922124699900004119e-01
8.010999999999999530e-10 1.427545399999999853e+00 1.194782999999999817e-01 1.505565200000000159e+00
8.033000000000000074e-10 1.439240899999999934e+00 -1.410673491480000097e+00 2.839969999999988892e-02
8.033000000000000074e-10 -1.547393300000000416e+00 -3.866100000000005643e-02 -1.567788800000000426e+00
8.034000000000000381e-10 -1.248551637219995486e-01 -1.457011359140000017e+00 1.597307100000000313e+00
8.044000000000000346e-10 6.721086372199987224e-02 1.458535059139999923e+00 -1.423575699999999333e+00
8.072999999999999936e-10 -1.245307637219997682e-01 -1.456567959140000035e+00 1.597741999999999774e+00
8.108000000000000332e-10 -1.452720636278000299e+00 -9.629344085999955172e-02 1.570347399999999505e+00
8.186000000000000476e-10 -1.955250000000013574e-02 1.588051699999999844e+00 -1.567182599999999759e+00
8.186999999999999749e-10 1.240825999999994045e-01 -1.610117123633000080e+00 1.532367800000000280e+00
8.209000000000000294e-10 -1.918799999999986489e-02 1.587976499999999902e+00 -1.566753100000000343e+00
8.220999999999999838e-10 1.241666999999999771e-01 -1.610488823632999722e+00 1.532035100000000316e+00
8.236000000000000304e-10 1.471742399999999895e+00 -3.375930000000015863e-02 1.423413000000000039e+00
8.240000000000000497e-10 -1.460302299999999498e+00 4.264343690999980452e-02 -1.445386300000000013e+00
8.249000000000000155e-10 -7.011700000000176125e-03 -1.465058200000000088e+00 1.483903500000000264e+00
8.266000000000000200e-10 1.564868713402999711e+00 1.338721999999998857e-01 -1.405604499999999701e+00
8.274999999999999859e-10 -1.607036313402999683e+00 8.686449320000261265e-03 1.433028600000000319e+00
8.287999999999999711e-10 1.564830820751999862e+00 1.338787999999995759e-01 -1.405577299999999807e+00
8.294999999999999790e-10 1.364059279247999967e+00 -1.292240300000000008e+00 -3.656120999999998844e-01
8.296000000000000096e-10 1.456734883910000056e+00 -1.593330400000000147e+00 -9.576469999999995264e-02
8.314000000000000448e-10 1.491626913940000243e+00 5.441609999999993258e-02 1.580978700000000181e+00
8.334000000000000379e-10 1.367629399999999773e+00 -1.598666820739999883e+00 -2.074350000000002581e-02
8.337000000000000265e-10 3.203770000000021045e-02 1.483999004230000196e+00 1.417582500000000190e+00
8.364000000000000275e-10 1.501863361999450364e-03 -1.422316045729999701e+00 1.587708560250000067e+00
8.368000000000000468e-10 1.405251105938000622e+00 1.352576400000000234e+00 1.135624397499998828e-01
8.394000000000000172e-10 1.458042899999999698e+00 8.700479999999989611e-02 1.512355600000000244e+00
8.407000000000000023e-10 -1.614222985719999670e+00 -1.514638000000000928e-01 -1.519510199999999811e+00
8.435000000000000340e-10 1.455594899999999692e+00 8.729419999999994684e-02 1.511779199999999879e+00
8.435999999999999613e-10 1.338051500000000393e+00 1.171882599999999774e+00 1.342449999999998922e-01
8.466999999999999816e-10 -7.640050999999998815e-01 7.206590000000001606e-01 1.098177000000000597e-01
8.466999999999999816e-10 -5.252394000000001340e-01 5.464442999999998829e-01 -1.218208999999995656e-01
8.468000000000000123e-10 4.202418000000001097e-01 -4.084833999999999410e-01 9.297029999999958938e-02
8.468000000000000123e-10 -5.252282999999997593e-01 5.464519999999996047e-01 -1.217998000000001801e-01
8.471000000000000009e-10 -1.105747878649999905e+00 -1.487419299999999778e+00 7.038800000000178247e-03
8.486999999999999747e-10 -1.654854999999999521e-01 -1.614558011519999559e+00 1.506151400000000251e+00
8.507999999999999985e-10 -1.336233899999999863e+00 1.452837047080000277e+00 5.065442651399990059e-02
8.513999999999999757e-10 -1.423985399999999846e+00 -7.543783556000022150e-02 1.418076348679999654e+00
8.516000000000000371e-10 1.481579100000000038e+00 -1.450996999999999648e+00 -1.817960000000004572e-02
8.516000000000000371e-10 1.275419100000000139e+00 1.409315499999999943e+00 1.316859999999999142e-01
8.533999999999999688e-10 1.278609100000000165e+00 -1.387400000000020214e-02 -1.499308400000000319e+00
8.534999999999999995e-10 -2.166366600000000364e+00 1.661499999999812432e-03 2.480160855450000312e+00
8.576000000000000164e-10 -5.942080000000001666e-02 -1.644720588183999466e+00 1.347301000000000082e+00
8.581999999999999936e-10 1.465217999999999909e+00 -2.097772733600009043e-02 -1.491027621210000209e+00
8.607000000000000367e-10 -1.525215699999999952e+00 3.937582733600007712e-02 1.484727821210000132e+00
8.610000000000000253e-10 4.747999999999993198e-02 -1.511848899275999969e+00 -1.474017000000000355e+00
8.611999999999999832e-10 1.507745418979999918e+00 1.534400840779999831e+00 -4.720214091999985762e-02
8.625999999999999991e-10 -1.532697899999999835e+00 -1.484884440780000148e+00 -6.404059079999996351e-03
8.625999999999999991e-10 1.507752818980000020e+00 1.534395340779999728e+00 -4.720784092000004928e-02
8.631000000000000491e-10 1.412086875479999781e+00 1.556898600000000465e+00 3.759594092000018151e-02
8.680000000000000011e-10 -1.228631800000000052e+00 -3.857470000000051691e-02 1.482360099999999736e+00
8.697000000000000056e-10 1.526990599999999976e+00 -1.533934222692999949e+00 -8.364361670000033944e-02
8.698999999999999635e-10 6.703900000000018178e-02 1.255162822693000280e+00 1.354126399999999730e+00
8.709999999999999908e-10 1.232859800000000172e+00 1.067961399999999950e+00 -1.334189135699992423e-02
8.711000000000000214e-10 -1.400942400000000143e+00 -1.150683200000000017e+00 -2.801900000000079327e-03
8.711999999999999487e-10 -8.406099999999958050e-03 -1.395477253560000186e+00 -1.285926699999999645e+00
8.714000000000000101e-10 -1.466990999999999934e+00 -2.773046439999676815e-03 1.544069299999999867e+00
8.718000000000000294e-10 -1.540752299999999853e+00 -1.631223899999999727e+00 -1.016790000000016014e-02
8.719999999999999873e-10 1.537175599999999864e+00 1.635817099999999691e+00 -1.177210000000006307e-02
8.728999999999999532e-10 1.247737700000000283e+00 -1.081284605050000014e+00 -3.534159999999997304e-02
8.735999999999999611e-10 -1.374449300000000429e+00 -1.456991799999999948e+00 -5.971890000000007470e-02
8.739999999999999804e-10 1.327193400000000079e+00 1.408404999999999685e+00 8.323080000000004919e-02
8.745000000000000304e-10 2.772090000000010379e-02 1.548346808120000029e+00 1.377479899999999979e+00
8.755999999999999542e-10 -1.473253900000000005e+00 1.504334791880000077e+00 -6.057760000000003697e-02
8.761000000000000042e-10 1.380640200000000206e+00 1.426834099999999994e+00 7.186909999999996357e-02
8.768000000000000121e-10 1.391670100000000243e+00 1.302220000000000155e+00 2.468278999999999890e-01
8.815000000000000062e-10 1.181140000000033274e-02 -1.489301100000000044e+00 -1.374542500000000222e+00
8.823999999999999721e-10 -6.715080000000014926e-02 1.514546000000000170e+00 1.456764499999999796e+00
8.850000000000000458e-10 -1.425260200000000088e+00 2.864273205000006373e-02 -1.453260400000000008e+00
8.856999999999999503e-10 1.363552963549999664e+00 1.453524393300001938e-01 -1.284004100000000204e+00
8.859000000000000117e-10 1.488502157440000140e+00 1.819200286199999517e-01 -1.444545799999999769e+00
8.862000000000000003e-10 -5.853300000000033476e-03 1.278462474239999702e+00 -1.526660700000000093e+00
8.897000000000000399e-10 -6.822900000000020615e-03 -1.512812699999999566e+00 1.494894899999999804e+00
8.920999999999999489e-10 -6.363900000000005663e-03 1.278241500000000030e+00 -1.527154799999999923e+00
8.935999999999999954e-10 -5.413349999999972351e-02 -2.814833985950000006e+00 -2.768931599999999271e+00
8.937000000000000261e-10 1.542199499999999723e+00 -1.439912314050000086e+00 -4.740979999999973826e-02
8.937999999999999534e-10 4.055490000000000483e-02 1.551442027160999881e+00 1.244775900000000046e+00
8.947999999999999499e-10 -1.022057999999999467e+00 1.109400872838999463e+00 2.309454000000000784e-01
8.947999999999999499e-10 -5.848470000000059732e-02 1.553656600000000054e+00 1.627849899999999961e+00
8.961999999999999658e-10 -5.524206499999989584e-02 1.370766700000000338e+00 -1.351806499999999911e+00
8.984000000000000202e-10 -1.596657909239999951e+00 -2.575619999999992013e-02 -1.284483727330000491e+00
8.988999999999999668e-10 -1.446634325760000062e+00 1.498188027679999923e+00 4.639990000000027148e-02
9.079999999999999664e-10 1.711739399999999911e+00 1.492817099999999897e+00 -2.182170000000003413e-02
9.083999999999999857e-10 -1.517958600000000047e+00 -9.612820000000008025e-02 -1.516258200000000222e+00
9.096999999999999709e-10 -1.576076722699999877e+00 -3.681299999999873562e-03 1.593140000000000001e+00
9.115000000000000060e-10 -1.398775077300000280e+00 -9.603339917000028314e-02 1.584834899999999713e+00
9.116999999999999640e-10 -1.393068799999999108e+00 -1.209004607599999614e+00 -4.543120000000012287e-02
9.122000000000000139e-10 1.417583499999999441e+00 1.215078307600000240e+00 6.111211010000014432e-02
9.127999999999999912e-10 -1.293138277700000449e+00 1.528149916999987923e-02 -1.469819699999999507e+00
9.150999999999999729e-10 -7.495240227999991345e-02 1.484466541039999976e+00 -1.343744019812000090e+00
9.159000000000000115e-10 4.648800000000050114e-03 1.674354461550000117e+00 1.328638497700000087e+00
9.177000000000000466e-10 -1.599272899999999886e+00 -1.044521025900000816e-01 -1.485473097699999911e+00
9.197000000000000397e-10 1.594662582630000047e+00 7.578000000000022218e-02 -1.682521143740000058e+00
9.203000000000000170e-10 1.542969317369999871e+00 -8.238999999998497525e-04 -1.413079000000000196e+00
9.204000000000000476e-10 1.443344600000000089e+00 -9.073179999999972378e-02 -1.346698071069999392e+00
9.214000000000000442e-10 -3.067769999999991892e-02 -1.491342825219000190e+00 1.495090871069999938e+00
9.224999999999999680e-10 -1.021862000000002269e-01 1.523405499999999968e+00 -1.323939524740000095e+00
9.228999999999999873e-10 -1.608570299999999786e+00 8.298300000000063958e-03 1.536974924739999748e+00
9.234999999999999646e-10 -1.437448611629999595e+00 3.518220000000013559e-02 1.498715799999999598e+00
9.240000000000000145e-10 -1.493206488370000029e+00 -7.900617565999992764e-02 -1.583732099999999976e+00
9.240000000000000145e-10 5.897653999999996621e-01 -2.225742433999972070e-02 8.616031000000000661e-01
9.240000000000000145e-10 9.190728096199999309e-01 1.086298999999998349e-01 7.312214000000003544e-01
9.241000000000000452e-10 1.529918990380000121e+00 -1.355300000000302096e-03 -1.392951000000000050e+00
9.244999999999999611e-10 -1.449369990380000139e+00 3.055700000000009103e-02 1.511000400000000354e+00
9.268000000000000462e-10 -1.469285309619999591e+00 -7.052702722000030178e-02 -1.575818700000000572e+00
9.268000000000000462e-10 5.805822000000003813e-01 -2.792537277999980472e-02 8.502935000000000354e-01
9.268000000000000462e-10 9.192255711999998136e-01 1.087722000000000411e-01 7.310127000000000708e-01
9.281999999999999587e-10 1.530124628800000330e+00 -1.070700000000202046e-03 -1.393393000000000104e+00
9.288000000000000393e-10 1.583720000000016226e-02 1.542200200000000354e+00 1.447898206869999704e+00
9.308999999999999597e-10 9.841610000000014513e-02 1.466333391539999642e+00 -1.492194411910000129e+00
9.315999999999999676e-10 -1.643600000000028372e-02 1.668342508460000317e+00 -1.584288200000000257e+00
9.373000000000000617e-10 1.498169588649999939e+00 -5.907939999999996250e-02 1.484023200000000209e+00
9.401999999999999172e-10 9.926910000000016554e-02 1.530998599999999765e+00 1.384598548079999603e+00
9.421999999999999103e-10 2.208789076999981282e-02 1.586137100000000189e+00 1.388606939917000016e+00
9.442999999999999341e-10 5.970309229999887224e-03 -1.425209988710000042e+00 1.417316200000000137e+00
9.448999999999999113e-10 -1.486306699999999648e+00 1.495203100000000340e+00 -1.304844999999999478e-01
9.454000000000000647e-10 -1.536232800000000509e+00 -3.508660000000013435e-02 -1.613324700000000167e+00
9.475999999999999124e-10 -1.583112199999999969e+00 -7.941879999999976181e-02 -1.405144700000000135e+00
9.477999999999999737e-10 1.596150700000000366e+00 -2.066490783000005452e-02 -1.522666199999999970e+00
9.491999999999999896e-10 -9.011963548000019586e-02 -1.547234926400000266e+00 -1.491165699999999594e+00
9.507000000000000361e-10 5.931090000000015239e-02 -1.338303073600000115e+00 -1.519242900000000063e+00
9.509999999999999213e-10 -6.618899060000127399e-03 1.414880300000000313e+00 -1.403622522809999662e+00
9.518999999999999906e-10 -3.835439649999994316e-02 1.500815600000000138e+00 -1.434207477190000635e+00
9.527000000000000292e-10 -2.371703499999752718e-03 -1.402568099999999429e+00 1.545309088759999838e+00
9.543999999999999302e-10 5.066359999999991981e-02 1.444012700000000038e+00 1.426409014899999717e+00
9.548000000000000529e-10 -1.118034999999999723e-01 -1.493696299999999644e+00 -1.389409314900000414e+00
9.548000000000000529e-10 -1.517648400000000342e+00 -4.505660000000022425e-02 1.469791602650000417e+00
9.582000000000000619e-10 2.527820000000003536e-02 1.543449235859999824e+00 1.489551899999999485e+00
9.583999999999999164e-10 1.443279400000000434e+00 -1.626091435860000267e+00 4.041500000000014525e-02
9.612999999999999788e-10 1.003496999999999306e-01 -1.399458499999999939e+00 -1.518940900000000038e+00
9.651999999999999343e-10 -8.711230000000032281e-02 1.458733000000000057e+00 1.575366430969999509e+00
9.751000000000000759e-10 1.002459000000001932e-01 -1.399418100000000331e+00 -1.518968800000000119e+00
9.758999999999999077e-10 -7.798730000000014817e-02 -1.423014699999999966e+00 -1.294183536799999423e+00
9.772000000000000997e-10 1.285296999999998857e-01 1.487066500000000069e+00 1.355914936799999415e+00
9.774999999999999849e-10 -1.409426400000000301e+00 1.533136611869999832e+00 4.060010000000047192e-02
9.778000000000000769e-10 -1.207885099999999934e+00 6.004399999999909809e-03 -1.353923091999999828e+00
9.779999999999999315e-10 7.784800000000008380e-02 1.417010500000000395e+00 1.494211829579999762e+00
9.781999999999999928e-10 4.323507982000018846e-02 1.626976400230000674e+00 -1.515143659460000292e+00
9.832000000000000789e-10 -1.470872879820000145e+00 -1.189889716044199908e+00 -6.689771146000000890e-02
9.835999999999999948e-10 -1.408914200000000116e+00 -1.120164999999999911e-01 1.588083000000000133e+00
9.837000000000000255e-10 -1.276544900000000204e+00 1.485868899999999826e+00 -8.644800000000105178e-03
9.841999999999999721e-10 1.489489600000000413e+00 -1.608424699999999818e+00 -3.538639115999998863e-02
9.841999999999999721e-10 1.630763999999999658e+00 2.811657758000032925e-02 1.491731400000000374e+00
9.862999999999999959e-10 -1.412034799999999812e+00 8.487132241999961746e-02 1.269661799999999952e+00
9.867999999999999424e-10 1.665725899999999982e+00 1.371348599999999474e+00 -2.307710000000003092e-02
9.871000000000000345e-10 1.334148200000000006e+00 1.608278100000000155e+00 6.515859999999995544e-02
9.878000000000000424e-10 1.352823900000000190e+00 1.464107633630000294e+00 -8.919460000000006827e-02
9.879999999999998969e-10 4.428350000000026709e-02 1.473330499999999876e+00 1.517970699999999340e+00
9.920999999999999138e-10 -5.917120000000002378e-01 -6.511278000000000343e-01 1.153496000000002741e-01
9.924000000000000058e-10 -9.624216000000000992e-01 -6.810941000000003687e-01 -6.358276472000012891e-02
9.925000000000000365e-10 7.485053999999998764e-01 5.243796257000002958e-01 7.463536472000009692e-02
9.925000000000000365e-10 6.786517000000000799e-01 7.906410999999997635e-01 -8.507839999999998459e-02
9.927999999999999217e-10 -5.763033000000001849e-01 -6.394473999999999991e-01 1.189284000000000452e-01
9.927999999999999217e-10 6.786855000000000526e-01 7.906153000000001319e-01 -8.509269999999999334e-02
9.955999999999999534e-10 -5.763197000000001013e-01 -6.394711000000000700e-01 1.189292000000000266e-01
9.955999999999999534e-10 6.787194000000000838e-01 7.905963000000000296e-01 -8.511240000000022676e-02
9.999000000000000316e-10 -5.763325999999999727e-01 -6.394968999999999237e-01 1.189350000000001378e-01
1.000000000000000062e-09 6.787598000000001353e-01 7.905712999999999768e-01 -8.513169999999997684e-02
1.002999999999999949e-09 -5.763576999999999728e-01 -6.395195000000000185e-01 1.189375000000000154e-01
1.002999999999999949e-09 6.787867000000000761e-01 7.905475999999999059e-01 -8.515029999999991495e-02
1.002999999999999949e-09 8.100400000000010370e-02 1.655294299999999996e+00 -1.508487899999999993e+00
1.010000000000000028e-09 1.376524600000000209e+00 -1.377610100000000282e+00 2.418799434999979736e-02
1.010999999999999921e-09 -2.631130000000014846e-02 1.501906400000000197e+00 1.550332805650000090e+00
1.014999999999999907e-09 -1.554594900000000113e+00 1.546035859959999925e+00 6.521460000000003920e-02
1.016000000000000007e-09 -1.532918547520000008e+00 4.830641494000001424e-02 -1.376769899999999769e+00
1.016000000000000007e-09 2.879838051800003296e-01 -7.761482999999997912e-01 7.087368999999998920e-01
1.016000000000000007e-09 -3.600653999999998689e-01 -7.872662999999997524e-01 8.301701084400000541e-01
1.016000000000000007e-09 2.305102999999997515e-01 5.396342999999997891e-01 -5.807839000000001306e-01
1.016000000000000007e-09 -2.664142674799997446e-01 1.006430300000000111e+00 -8.872284999999999755e-01
1.018000000000000000e-09 1.541749806519999932e+00 -1.513716599999999524e+00 1.997679999999957268e-02
1.019000000000000100e-09 1.379984600000000672e+00 1.438381199999999360e+00 3.012300000000106559e-03
1.019999999999999993e-09 1.367289899999999392e+00 2.111918600999987405e-02 -1.387695300000000076e+00
1.021000000000000093e-09 1.380084765909999955e+00 4.008959999999991974e-02 1.516540900000000303e+00
1.021999999999999986e-09 1.509120534089999577e+00 1.287666710700000050e-01 -1.205552800000000424e+00
1.021999999999999986e-09 -1.442539899999999875e+00 1.575454289299999810e-01 -1.521752082159999908e+00
1.023000000000000086e-09 1.126032900000000225e+00 -1.233101999999999920e+00 1.256395821600000962e-01
1.023000000000000086e-09 1.343461100000000297e+00 -1.563140000000003138e-02 1.276688037270000242e+00
1.023999999999999979e-09 6.082070000000011634e-02 -1.420637999999999845e+00 1.360931473710000228e+00
1.025000000000000079e-09 7.651769999999992466e-02 -1.222460699999999845e+00 -1.391817378489999868e+00
1.025999999999999972e-09 -1.853071999999998665e-01 1.569876657680000065e+00 -1.125782821510000087e+00
1.025999999999999972e-09 8.518390000000003459e-02 1.553548642320000228e+00 1.462033399999999483e+00
1.027999999999999966e-09 -1.239157900000000145e+00 -7.321230000000000793e-02 1.154041499999999720e+00
1.029000000000000066e-09 1.463243099999999686e+00 -1.275796100000000433e+00 7.408700000000434382e-03
1.029000000000000066e-09 5.607770000000045219e-02 1.608975599999999950e+00 1.583264200000000343e+00
1.031000000000000059e-09 -1.271241500000000135e+00 1.358616100000000548e+00 -5.921500000000079478e-03
1.031000000000000059e-09 1.421756700000000206e+00 -1.478204799999999874e+00 -6.386619999999970654e-02
1.033000000000000052e-09 -1.273564000000000140e+00 1.358827800000000474e+00 -6.099600000000038325e-03
1.033000000000000052e-09 -1.241392499999999677e+00 1.623462399999999750e+00 -8.294700000000224116e-03
1.035000000000000045e-09 1.459859624399999944e+00 -3.870380000000005205e-02 1.427872100000000088e+00
1.035000000000000045e-09 -1.465448599999999768e+00 1.088693000000000577e-01 1.440609999999999502e+00
1.035000000000000045e-09 1.073202999999999380e-01 6.142252999999999741e-01 -7.448539999999999051e-01
1.035000000000000045e-09 -3.591389999999981819e-02 -6.766529000000001126e-01 8.492676999999999587e-01
1.037999999999999931e-09 1.073193999999998011e-01 6.142178000000000360e-01 -7.448355999999995980e-01
1.037999999999999931e-09 -3.591289999999978944e-02 -6.766434000000001170e-01 8.492406999999995154e-01
1.037999999999999931e-09 1.073242999999997338e-01 6.142043999999999837e-01 -7.448185999999994422e-01
1.037999999999999931e-09 -5.430173607999994045e-02 9.176258000000001580e-01 -6.828534696000005955e-01
1.039000000000000031e-09 1.627117054700000787e-01 -7.791463000000001804e-01 6.087502696000002267e-01
1.039000000000000031e-09 -5.429998408000001608e-02 9.176255000000002049e-01 -6.828784990000000832e-01
1.039999999999999924e-09 -1.331129678159999941e+00 -1.400421200000000033e+00 -7.609710100000008359e-02
1.039999999999999924e-09 1.398099550820000259e+00 1.360069101119999901e+00 -5.814435739999651576e-03
1.045999999999999903e-09 5.550868587599997461e-01 -6.330872000000001831e-01 4.860357399996961814e-04
1.045999999999999903e-09 9.553275000000003292e-01 -7.136493999999997673e-01 -3.696929999999986477e-02
1.045999999999999903e-09 1.323470599999999608e+00 1.394510199999999811e+00 4.568439999999979878e-02
1.045999999999999903e-09 1.536782599999999999e+00 -1.327774000000000010e+00 1.258893999999998181e-01
1.047000000000000003e-09 -1.516972499999999613e+00 -6.303029999999984478e-02 1.498596590220000468e+00
1.047000000000000003e-09 -7.046620000000025641e-02 -1.390354200000000429e+00 -1.346682943210000261e+00
1.047000000000000003e-09 1.563567000000000151e+00 -9.829240000000004363e-02 -1.631928200000000384e+00
1.050000000000000096e-09 -1.342683000000001736e-01 1.288179495070000069e+00 -1.575644999999999740e+00
1.050999999999999990e-09 -1.427930900000000003e+00 -8.428189999999999293e-02 -1.463487100000000263e+00
1.052999999999999983e-09 -1.322876690220000206e+00 1.641767000000000643e-01 1.307651328925000245e+00
1.052999999999999983e-09 1.812319902199999166e-01 1.349014100000000216e+00 -1.208393828925000246e+00
1.054999999999999976e-09 1.331058200000000191e+00 -1.091842573300000480e-01 -1.325440599999999858e+00
1.054999999999999976e-09 -1.533074051099999835e+00 -5.416280000000000400e-02 -1.377940200000000281e+00
1.054999999999999976e-09 -1.596262000000000070e+00 -1.459714999999998097e-01 1.244341800000000386e+00
1.056000000000000076e-09 1.580197821490000099e+00 3.623979999999982216e-02 -1.171488000000000085e+00
1.056999999999999969e-09 -1.596232600000000001e+00 -1.460018999999997957e-01 1.244322899999999787e+00
1.056999999999999969e-09 7.835869999999989233e-02 1.477576900000000082e+00 -1.144630399999999826e+00
1.058000000000000069e-09 -7.573400000000021781e-03 1.626781200000000149e+00 1.549342700000000406e+00
1.058000000000000069e-09 -2.920780000000017251e-02 1.127279399999999709e+00 -1.311727500000000379e+00
1.058000000000000069e-09 -1.310259999999990876e-02 1.335866900000000301e+00 -1.383847385213999859e+00
1.058999999999999962e-09 -8.288250000000013662e-02 -1.434050999999999743e+00 1.391130685214000184e+00
1.060000000000000062e-09 1.278471300000000088e+00 -1.388086999999999516e-01 1.523326762309999527e+00
1.060999999999999955e-09 1.373925299999999794e+00 1.467825299999999888e+00 1.304134550000024539e-02
1.064999999999999941e-09 1.692296000000001466e-01 1.504137099999999894e+00 -1.200837964240999867e+00
1.066000000000000041e-09 -1.239435150000010866e-02 -1.437342999999999593e+00 1.363555411781000037e+00
1.066000000000000041e-09 1.590906069140000101e+00 -9.708184992000024049e-02 1.369838704820000030e+00
1.074000000000000014e-09 1.355810650610000057e+00 -1.584937100000000321e+00 -7.709999999999855858e-03
1.074000000000000014e-09 1.502415004840000012e+00 -2.419690000000002811e-02 -1.631740799999999991e+00
1.074000000000000014e-09 -1.195586031919999792e+00 -1.538720000000003141e-02 -1.353655699999999795e+00
