# t	msd	err
1.000000000000017226e-11 5.925070704824541963e+02 5.373879520820501909e+01
2.749999999999809558e-11 9.928911229396228464e+02 2.114176125872322416e+02
4.764705882352952739e-11 7.084588552177929159e+02 1.574302950903152407e+02
7.409090909090858479e-11 5.407386575737560861e+02 6.366647871081551102e+01
1.059448818897642493e-10 1.065093094442700703e+03 7.518403375646396114e+01
2.044061302681973100e-10 1.744646790259828776e+03 1.275867766581561114e+02
3.592382812500002713e-10 2.564996929135783830e+03 1.421706232308586095e+02
6.522182795698929002e-10 4.347666192476967808e+03 1.632247202504066763e+02
1.199043916913948073e-09 8.303577188089027914e+03 2.002977300429172942e+02
2.100781667268120276e-09 1.769407086103059555e+04 2.788028838251085517e+02
3.655884130478285330e-09 4.076983179317520262e+04 4.409691179651172774e+02
6.395878034944431741e-09 9.534670149523178407e+04 7.215017849027084367e+02
1.117489294179612916e-08 2.170582709946369287e+05 1.237479808776232858e+03
1.958686457409499796e-08 4.830279219762836583e+05 2.119919860319199415e+03
3.422008959636931914e-08 1.005875302158602164e+06 3.140100977137875361e+03
5.969379032760857175e-08 1.949713284989282489e+06 5.133658232515172131e+03
1.038246039506408601e-07 3.442242017161400989e+06 6.426940162875228452e+03
1.806867728713235249e-07 7.270892213406280614e+06 1.222382279702046435e+04
2.860504775965901668e-07 1.523804326845712960e+07 2.495095079819535749e+04
