# t	msd	err
3.999999999999982956e-14 6.147931022440659810e+00 0.000000000000000000e+00
9.958333333333364528e-14 6.276015234522708930e+00 2.858024243954332411e-01
1.986363636363595313e-13 6.846562552190071038e+00 4.057301506615765274e-01
2.994918367346899827e-13 7.151677482013856668e+00 5.424788690415848214e-01
5.037209302325580831e-13 7.613429855237816568e+00 3.836872712791892792e-01
9.286752577319618464e-13 9.285281494492135579e+00 3.752865020201325841e-01
1.456471538461541554e-12 1.302100774926868532e+01 5.407222284810992985e-01
2.515007447698744303e-12 1.636533614684310933e+01 4.353722378646636693e-01
4.456978655660358043e-12 2.467510805577697042e+01 5.421551106683873966e-01
7.699711618669320850e-12 3.623637995239933929e+01 5.647595295020981787e-01
1.344490558994557340e-11 5.763788569252641025e+01 6.388999490179448904e-01
2.326819825273413197e-11 1.044857632465283501e+02 8.970257958621273842e-01
4.046153174183680874e-11 1.889693879302463415e+02 1.171084730765889592e+00
7.017272133836488788e-11 3.464931663649151119e+02 1.397733777908770403e+00
1.217291530336667403e-10 7.218018623656788577e+02 1.877508491086095299e+00
2.104469899540754899e-10 1.715100545027697081e+03 3.384968818223359044e+00
3.630700162412623500e-10 4.739195601618352157e+03 6.267325010394188212e+00
6.246068812642378623e-10 1.356031508470203880e+04 1.322122721925321542e+01
9.848056647780904554e-10 2.899165679102068680e+04 2.081149978768518238e+01
