# t	msd	err
3.128663482811157104e-12 3.650872332939881365e-02 2.007305019736291783e-04
9.784367457551682376e-12 1.001004175384891531e-01 2.722648630969417161e-04
1.629814602042348079e-11 1.591162971692325900e-01 3.068595408751856606e-04
2.288072436423304715e-11 2.197292979641646271e-01 3.340406783633287466e-04
2.939383888934156219e-11 2.806522361959126188e-01 3.289409656058287531e-04
3.581015285546775399e-11 3.431101166982615247e-01 3.459715738358778883e-04
4.239063688399685762e-11 4.107836378833122359e-01 3.678696536966490549e-04
4.888684827651471882e-11 4.770013957319785280e-01 4.253548355598665430e-04
5.545481521474837247e-11 5.366176766239402207e-01 4.304035028038159360e-04
6.205710354776634762e-11 6.010156410813595196e-01 4.549967060726701042e-04
6.856503946525118749e-11 6.698752596203237930e-01 4.610476159279522151e-04
7.501812778267554368e-11 7.360008417899316369e-01 5.108108912681803490e-04
8.150003679234719469e-11 7.967959542763266567e-01 4.962911185802517874e-04
8.797457070268885360e-11 8.650497393805566260e-01 4.803588922496528622e-04
9.463734932585690383e-11 9.303413516233428604e-01 5.241052255163242265e-04
1.011877338780788240e-10 9.958897118155808359e-01 5.305519963654581122e-04
1.076892371713248834e-10 1.070846694479150374e+00 5.856750174495718633e-04
1.140964914613892829e-10 1.132780488105567418e+00 6.671912261569154902e-04
1.206688929533670040e-10 1.192775438491353368e+00 7.015722639224823091e-04
1.271009082781458786e-10 1.248999393124916590e+00 6.334801284109114203e-04
1.337579039417843376e-10 1.313809744401321478e+00 5.850034459800659836e-04
1.403325255804947507e-10 1.377341545597718708e+00 5.495792978607021585e-04
1.468237504605117354e-10 1.451010931270460214e+00 6.130159913918547436e-04
1.532778936330571731e-10 1.517665464182798463e+00 7.768625688416963115e-04
1.596193107881379101e-10 1.571245558795812736e+00 8.322343102062445359e-04
1.663556156160500926e-10 1.619295612672952300e+00 6.563377765112741189e-04
1.730286039913283728e-10 1.693396205699839951e+00 8.103951675419504693e-04
1.792926681358993358e-10 1.767660064487984295e+00 8.680474516474884434e-04
1.856856943716051675e-10 1.838345272925357543e+00 7.723702043327118627e-04
1.919551722972898045e-10 1.917965760911077178e+00 7.584585500287127288e-04
1.975257584158833373e-10 1.973432739508323319e+00 1.414101650708197034e-03
