# t
0.000000000000000000e+00
1.609527099999999886e-05
2.020777999999999848e-05
6.127683199999999668e-05
6.597267199999999610e-05
9.430059600000000551e-05
9.883743100000000152e-05
1.020805899999999990e-04
1.157797700000000036e-04
1.259403800000000032e-04
1.339982399999999898e-04
1.442810400000000127e-04
1.603868300000000095e-04
1.659774900000000073e-04
1.673930899999999942e-04
1.723291700000000081e-04
1.793014000000000109e-04
1.985967599999999928e-04
2.017879500000000100e-04
2.103490899999999942e-04
2.124861900000000114e-04
2.136382000000000038e-04
2.261174100000000052e-04
2.289505999999999963e-04
2.329424900000000005e-04
2.358806300000000015e-04
2.380925800000000100e-04
2.448122600000000046e-04
2.483779000000000195e-04
2.492050299999999988e-04
2.540683300000000171e-04
2.759576999999999820e-04
2.928675299999999827e-04
2.992918700000000249e-04
3.013647299999999934e-04
3.086361899999999904e-04
3.184710899999999866e-04
3.222137300000000237e-04
3.445718699999999980e-04
3.569781099999999770e-04
3.657182399999999735e-04
3.658775200000000030e-04
3.665459999999999834e-04
3.689973899999999911e-04
3.726350199999999870e-04
3.950579300000000064e-04
4.016034199999999992e-04
4.055311199999999988e-04
4.120383099999999957e-04
4.251665399999999986e-04
4.385676799999999975e-04
4.416018999999999977e-04
4.467020200000000217e-04
4.478918999999999934e-04
4.512072099999999927e-04
4.664994799999999729e-04
4.981848799999999931e-04
5.052020199999999800e-04
5.061841799999999489e-04
5.307736299999999850e-04
5.365096099999999571e-04
5.660837000000000160e-04
5.684398900000000318e-04
5.749595100000000174e-04
6.072575899999999634e-04
6.084208700000000259e-04
6.098783099999999582e-04
6.099382199999999615e-04
6.296116100000000290e-04
6.332252800000000292e-04
6.540252299999999757e-04
6.653244300000000317e-04
6.750422399999999549e-04
6.814480700000000168e-04
6.841304799999999497e-04
6.914921799999999711e-04
6.953593400000000454e-04
7.036185599999999693e-04
7.065024800000000533e-04
7.138926999999999556e-04
7.164328100000000440e-04
7.169857100000000434e-04
7.294020100000000485e-04
7.317010100000000345e-04
7.372060699999999529e-04
7.429335999999999709e-04
7.439555499999999993e-04
7.516357400000000339e-04
7.550084100000000343e-04
7.606420299999999473e-04
7.673174600000000041e-04
7.770356000000000181e-04
7.818563000000000379e-04
7.871319399999999805e-04
7.888916400000000511e-04
7.909114700000000097e-04
7.953611200000000256e-04
8.085942200000000328e-04
8.168442000000000151e-04
8.456943899999999842e-04
8.461394599999999891e-04
8.563986400000000131e-04
8.615416300000000409e-04
8.622060800000000240e-04
8.838258999999999569e-04
8.869815600000000499e-04
9.001124500000000491e-04
9.013780400000000453e-04
9.023940199999999677e-04
9.063240899999999841e-04
9.077739699999999839e-04
9.351522500000000520e-04
9.503493999999999917e-04
9.540063600000000523e-04
9.749877700000000348e-04
9.772409699999999068e-04
9.780713499999999644e-04
9.807360500000000814e-04
9.898758399999999825e-04
9.970686400000000876e-04
9.985570300000000572e-04
1.002978000000000073e-03
1.004145799999999963e-03
1.004456799999999981e-03
1.005970199999999979e-03
1.017942499999999932e-03
1.028460199999999989e-03
1.033130300000000045e-03
1.034719500000000087e-03
1.037893800000000075e-03
1.038508000000000053e-03
1.042910300000000077e-03
1.047518299999999989e-03
1.061558399999999909e-03
1.072849000000000068e-03
1.099702300000000030e-03
1.113451099999999928e-03
1.115392800000000045e-03
1.120847799999999958e-03
1.125808299999999946e-03
1.144313299999999986e-03
1.149234799999999902e-03
1.157297899999999930e-03
1.162579099999999990e-03
1.163219600000000046e-03
1.170799099999999962e-03
1.176622800000000054e-03
1.184786900000000046e-03
1.186058499999999988e-03
1.197209700000000099e-03
1.198020400000000081e-03
1.201047700000000031e-03
1.201508999999999910e-03
1.206088899999999998e-03
1.210562299999999982e-03
1.219904200000000022e-03
1.227231700000000090e-03
1.236248699999999926e-03
1.243797999999999952e-03
1.243987800000000057e-03
1.244245400000000079e-03
1.248386200000000052e-03
1.294502600000000097e-03
1.328708100000000093e-03
1.353073599999999981e-03
1.353418699999999917e-03
1.358466900000000104e-03
1.366729599999999892e-03
1.369268299999999976e-03
1.374983599999999966e-03
1.391967399999999950e-03
1.392035200000000085e-03
1.393276400000000069e-03
1.394805500000000000e-03
1.396287900000000052e-03
1.408127799999999959e-03
1.409353199999999976e-03
1.437424600000000068e-03
1.438917199999999912e-03
1.454863100000000067e-03
1.472608200000000101e-03
1.475579700000000105e-03
1.484348900000000008e-03
1.516158000000000089e-03
1.516944299999999990e-03
1.518883099999999986e-03
1.525515600000000062e-03
1.525699200000000004e-03
1.526982099999999896e-03
1.550080599999999892e-03
1.558914900000000093e-03
1.581349699999999928e-03
1.585745200000000018e-03
1.591179799999999913e-03
1.591952200000000062e-03
1.593177099999999909e-03
1.599501199999999986e-03
1.602572399999999944e-03
1.604495600000000041e-03
1.609324999999999992e-03
1.610098599999999899e-03
1.616526500000000028e-03
1.623499700000000058e-03
1.628663100000000063e-03
1.632976300000000061e-03
1.636066999999999947e-03
1.638207000000000031e-03
1.643480099999999932e-03
1.646439900000000066e-03
1.660227000000000014e-03
1.683317099999999964e-03
1.691231600000000059e-03
1.692783800000000061e-03
1.696958699999999952e-03
1.705094299999999983e-03
1.708009400000000053e-03
1.720746700000000016e-03
1.724618999999999935e-03
1.739843600000000020e-03
1.741601200000000025e-03
1.745267999999999906e-03
1.746847599999999927e-03
1.750380699999999970e-03
1.753346800000000084e-03
1.755460799999999976e-03
1.767975300000000074e-03
1.768277900000000047e-03
1.774490799999999934e-03
1.785998700000000034e-03
1.792003699999999934e-03
1.799702399999999949e-03
1.811043000000000028e-03
1.812967699999999986e-03
1.822339299999999962e-03
1.845635700000000006e-03
1.848406500000000091e-03
1.865728199999999943e-03
1.866438999999999902e-03
1.880595799999999936e-03
1.890105399999999916e-03
1.897841699999999960e-03
1.904349899999999932e-03
1.905445800000000025e-03
1.917489299999999971e-03
1.918138599999999992e-03
1.931468800000000043e-03
1.932339200000000000e-03
1.939708799999999896e-03
1.941148499999999916e-03
1.946389399999999895e-03
1.952362999999999928e-03
1.956326699999999790e-03
1.956460100000000178e-03
1.964119500000000018e-03
1.970853700000000080e-03
1.971945499999999858e-03
1.975531799999999828e-03
2.001355800000000074e-03
2.002346400000000037e-03
2.005258299999999883e-03
2.006723000000000187e-03
2.012062399999999928e-03
2.013963699999999930e-03
2.015263499999999947e-03
2.016250700000000052e-03
2.019013799999999897e-03
2.027426599999999912e-03
2.027958800000000117e-03
2.031004900000000189e-03
2.038191200000000029e-03
2.041714000000000029e-03
2.043835199999999991e-03
2.051092000000000019e-03
2.053727600000000188e-03
2.070572000000000124e-03
2.075644599999999958e-03
2.078113800000000195e-03
2.081790799999999868e-03
2.129016599999999839e-03
2.136797900000000049e-03
2.140735600000000152e-03
2.173623300000000064e-03
2.187482799999999981e-03
2.189806900000000178e-03
2.192959700000000206e-03
2.205519700000000208e-03
2.208842199999999992e-03
2.220420600000000064e-03
2.221161699999999947e-03
2.221537400000000127e-03
2.230894399999999896e-03
2.240938300000000147e-03
2.252356100000000097e-03
2.254725700000000197e-03
2.259521999999999919e-03
2.259624000000000008e-03
2.266851099999999883e-03
2.268756299999999913e-03
2.271026199999999842e-03
2.283257300000000010e-03
2.286592400000000188e-03
2.301707400000000195e-03
2.308636599999999966e-03
2.315910400000000154e-03
2.321316500000000088e-03
2.326948399999999827e-03
2.340184600000000132e-03
2.343277099999999981e-03
2.348348499999999839e-03
2.357111399999999978e-03
2.390530999999999993e-03
2.399636699999999935e-03
2.401842999999999860e-03
2.406633300000000138e-03
2.408660999999999875e-03
2.430798899999999946e-03
2.451017900000000086e-03
2.458288400000000016e-03
2.475837399999999966e-03
2.476812100000000145e-03
2.503630900000000051e-03
2.529913700000000192e-03
2.534306100000000093e-03
2.535047199999999976e-03
2.535286700000000115e-03
2.548239299999999988e-03
2.558193299999999941e-03
2.561871700000000092e-03
2.562744400000000183e-03
2.575172000000000138e-03
2.578217600000000040e-03
2.586268200000000142e-03
2.588011700000000109e-03
2.599376100000000064e-03
2.600919599999999918e-03
2.643885999999999806e-03
2.649970000000000190e-03
2.652648100000000106e-03
2.654020600000000195e-03
2.668907999999999784e-03
2.686005500000000160e-03
2.713369800000000037e-03
2.724065800000000179e-03
2.730806000000000119e-03
2.740590800000000053e-03
2.744923900000000114e-03
2.752672099999999879e-03
2.769261299999999960e-03
2.770072100000000193e-03
2.775788200000000022e-03
2.781410299999999888e-03
2.789308900000000199e-03
2.814325500000000070e-03
2.824391900000000188e-03
2.837404100000000002e-03
2.853377199999999891e-03
2.874896300000000151e-03
2.913359500000000085e-03
2.920776300000000030e-03
2.923906100000000022e-03
2.928597299999999900e-03
2.929312400000000025e-03
2.931434100000000157e-03
2.940321599999999851e-03
2.947621599999999866e-03
2.949928699999999904e-03
2.957512499999999985e-03
2.975620899999999874e-03
2.983903799999999829e-03
2.984990900000000173e-03
2.991724600000000064e-03
2.996802099999999833e-03
3.010359800000000051e-03
3.051224300000000052e-03
3.057156399999999812e-03
3.068169199999999999e-03
3.101964799999999862e-03
3.108138099999999907e-03
3.119038900000000065e-03
3.126551699999999788e-03
3.141725000000000160e-03
3.161966699999999800e-03
3.166018699999999849e-03
3.178033700000000052e-03
3.183202100000000027e-03
3.191332600000000054e-03
3.198877399999999847e-03
3.208741599999999968e-03
3.210004600000000013e-03
3.213996399999999917e-03
3.219863700000000131e-03
3.220065099999999854e-03
3.220369700000000075e-03
3.223144500000000006e-03
3.246796200000000212e-03
3.247664899999999806e-03
3.262870299999999849e-03
3.265067200000000038e-03
3.267923399999999971e-03
3.270243300000000037e-03
3.295711599999999984e-03
3.299778399999999876e-03
3.304282799999999805e-03
3.307521099999999933e-03
3.318153800000000174e-03
3.320951500000000108e-03
3.323425400000000213e-03
3.336791600000000180e-03
3.341575600000000045e-03
3.343894699999999838e-03
3.349390199999999901e-03
3.349422900000000210e-03
3.353155699999999829e-03
3.360714800000000162e-03
3.377105999999999945e-03
3.382768999999999880e-03
3.388823500000000179e-03
3.406642000000000090e-03
3.429236100000000037e-03
3.431358900000000111e-03
3.431621000000000150e-03
3.435305400000000179e-03
3.436951199999999790e-03
3.440214300000000135e-03
3.449240000000000118e-03
3.450368499999999835e-03
3.451978599999999849e-03
3.454685600000000079e-03
3.459733500000000163e-03
3.477362800000000174e-03
3.498319900000000041e-03
3.503647800000000197e-03
3.504085399999999802e-03
3.513962600000000019e-03
3.531865800000000191e-03
3.537807200000000086e-03
3.553708999999999948e-03
3.553971600000000158e-03
3.573306999999999959e-03
3.589935099999999862e-03
3.591332000000000031e-03
3.602508999999999833e-03
3.617429900000000004e-03
3.618354900000000148e-03
3.620693600000000120e-03
3.624305999999999882e-03
3.629158999999999857e-03
3.638037800000000054e-03
3.638675300000000171e-03
3.642886799999999967e-03
3.648573899999999880e-03
3.654698799999999900e-03
3.656408999999999788e-03
3.662313700000000179e-03
3.667448099999999836e-03
3.678827300000000067e-03
3.683654900000000055e-03
3.685261000000000006e-03
3.686472899999999973e-03
3.702767699999999843e-03
3.707190600000000169e-03
3.707891799999999891e-03
3.721556600000000201e-03
3.729529100000000125e-03
3.750873599999999825e-03
3.753167500000000132e-03
3.755633700000000214e-03
3.758200399999999872e-03
3.780550200000000211e-03
3.793501600000000109e-03
3.793953200000000150e-03
3.813611299999999839e-03
3.816947499999999958e-03
3.831924000000000007e-03
3.833094500000000168e-03
3.854805700000000016e-03
3.854924699999999829e-03
3.855059399999999793e-03
3.862581999999999821e-03
3.890665000000000182e-03
3.891031999999999998e-03
3.891034199999999880e-03
3.892414399999999993e-03
3.902150599999999834e-03
3.918389199999999621e-03
3.918589200000000168e-03
3.922462500000000428e-03
3.924218200000000219e-03
3.928987600000000309e-03
3.929885000000000149e-03
3.937763500000000111e-03
3.940587399999999872e-03
3.942929199999999600e-03
3.946878800000000291e-03
3.963934700000000359e-03
3.975115999999999893e-03
3.983545399999999931e-03
3.984524899999999578e-03
3.985564399999999737e-03
3.991440199999999813e-03
3.992876400000000374e-03
4.023034699999999790e-03
4.025265200000000161e-03
4.028577000000000199e-03
4.029853600000000112e-03
4.031863000000000113e-03
4.034332199999999917e-03
4.036095699999999765e-03
4.063577399999999777e-03
4.085710700000000015e-03
4.089650999999999703e-03
4.093518699999999788e-03
4.098763600000000264e-03
4.109044899999999938e-03
4.135473500000000358e-03
4.140710500000000308e-03
4.144732299999999599e-03
4.147545199999999946e-03
4.155750100000000190e-03
4.161035000000000428e-03
4.163330100000000276e-03
4.168052099999999816e-03
4.171414800000000297e-03
4.176870200000000130e-03
4.183897300000000326e-03
4.191408899999999639e-03
4.191622199999999951e-03
4.205458500000000197e-03
4.207468300000000334e-03
4.211584600000000192e-03
4.219137700000000213e-03
4.219854799999999719e-03
4.227635399999999689e-03
4.232879000000000155e-03
4.233902000000000325e-03
4.241171999999999651e-03
4.261415900000000041e-03
4.261674899999999891e-03
4.269053200000000152e-03
4.275181299999999962e-03
4.276258500000000400e-03
4.282072799999999888e-03
4.284319299999999643e-03
4.292664800000000128e-03
4.295258799999999988e-03
4.297063999999999745e-03
4.315068600000000233e-03
4.317142399999999644e-03
4.322742499999999814e-03
4.328750999999999606e-03
4.344011200000000121e-03
4.349154400000000177e-03
4.354593300000000021e-03
4.369796900000000317e-03
4.378434599999999829e-03
4.389738300000000336e-03
4.389893700000000419e-03
4.396173300000000284e-03
4.401221500000000036e-03
4.403100400000000206e-03
4.423459299999999914e-03
4.427068200000000217e-03
4.429048700000000338e-03
4.434046599999999852e-03
4.459972100000000016e-03
4.461066500000000247e-03
4.470545000000000248e-03
4.474843899999999923e-03
4.486848499999999615e-03
4.520458199999999836e-03
4.539682300000000281e-03
4.540498599999999788e-03
4.549678700000000381e-03
4.550005000000000195e-03
4.557711800000000153e-03
4.567647999999999674e-03
4.571121800000000311e-03
4.571706000000000034e-03
4.577938999999999620e-03
4.594252099999999658e-03
4.595238800000000026e-03
4.596446500000000296e-03
4.605541399999999591e-03
4.613248700000000153e-03
4.630087599999999949e-03
4.642865799999999765e-03
4.655763700000000067e-03
4.657366999999999931e-03
4.671489400000000160e-03
4.675772299999999583e-03
4.677847300000000270e-03
4.678871700000000050e-03
4.681007000000000050e-03
4.681878199999999629e-03
4.690256799999999691e-03
4.698563299999999887e-03
4.703385800000000304e-03
4.708750999999999735e-03
4.720244200000000244e-03
4.720283799999999870e-03
4.723262699999999578e-03
4.724215700000000163e-03
4.724878899999999937e-03
4.728660400000000118e-03
4.734690899999999605e-03
4.735671599999999662e-03
4.742141299999999733e-03
4.750763699999999666e-03
4.753066000000000235e-03
4.769335100000000015e-03
4.771827400000000323e-03
4.773321500000000245e-03
4.783518900000000365e-03
4.788856699999999994e-03
4.796613800000000191e-03
4.826950400000000127e-03
4.835886200000000246e-03
4.839959100000000049e-03
4.848970999999999663e-03
4.850459300000000210e-03
4.851480000000000029e-03
4.857517100000000032e-03
4.868146500000000015e-03
4.870223299999999582e-03
4.892805600000000275e-03
4.914508700000000396e-03
4.918833400000000196e-03
4.920976500000000253e-03
4.925712900000000366e-03
4.925755999999999885e-03
4.940911600000000292e-03
4.978277300000000238e-03
4.986363300000000269e-03
4.990598700000000408e-03
5.013041700000000003e-03
5.019898299999999737e-03
5.041166799999999976e-03
5.041250399999999861e-03
5.041445599999999638e-03
5.048086999999999713e-03
5.049580399999999830e-03
5.054327299999999620e-03
5.054542799999999815e-03
5.058210999999999957e-03
5.062018899999999599e-03
5.066356600000000363e-03
5.084742300000000270e-03
5.087045099999999709e-03
5.087687399999999728e-03
5.100025999999999692e-03
5.108167099999999863e-03
5.113936500000000086e-03
5.117204000000000197e-03
5.121200599999999568e-03
5.122597700000000240e-03
5.122602599999999742e-03
5.140607600000000367e-03
5.144665500000000259e-03
5.149072099999999798e-03
5.157400099999999953e-03
5.161675899999999990e-03
5.162471699999999879e-03
5.166020700000000139e-03
5.169794699999999930e-03
5.170232399999999569e-03
5.172227199999999796e-03
5.174488700000000330e-03
5.198473099999999930e-03
5.224444200000000031e-03
5.233128099999999686e-03
5.233580600000000034e-03
5.234627199999999578e-03
5.235930500000000355e-03
5.258712500000000192e-03
5.261013499999999884e-03
5.270302400000000283e-03
5.274048800000000203e-03
5.278755799999999831e-03
5.290981299999999825e-03
5.293270499999999830e-03
