# t	msd	err
2.000000000000048614e-07 4.611736935158315654e-04 0.000000000000000000e+00
4.000000000000097228e-07 4.625751164875330072e-04 0.000000000000000000e+00
7.333333333333602287e-07 5.383019170964134948e-04 6.971957275876363618e-05
1.035555555555542770e-06 5.028859508649055924e-04 1.557984751189532693e-05
2.072043010752705430e-06 5.412762895352323097e-04 2.057909268475188592e-05
3.617365269461088303e-06 6.109343785574578847e-04 2.383278311619341835e-05
6.537165775401085246e-06 7.516283679707590681e-04 1.939031774255720947e-05
1.155777351247598779e-05 1.069084720124673961e-03 2.311127220934348838e-05
1.967433025404153647e-05 1.403336486199599281e-03 2.321412243701786581e-05
3.358071111111090749e-05 2.097005812294618597e-03 2.510610879739603587e-05
5.734139023481335442e-05 3.216097249482309170e-03 2.658246318591018327e-05
9.868391065292108971e-05 5.028969761346068976e-03 2.834392547851912034e-05
1.690697690469884892e-04 8.069610740903843116e-03 2.883714149530969289e-05
2.885358958701538597e-04 1.358763975219514850e-02 3.241759647710230050e-05
4.922496710494579132e-04 2.304275307599543132e-02 3.890341073058015895e-05
8.420833383643962699e-04 3.893438262870992789e-02 4.597521740632294455e-05
1.434556364025331822e-03 6.597940114880668228e-02 5.338716469496829106e-05
2.444275953279198728e-03 1.120730189176597641e-01 7.199603865269015891e-05
3.825750951341045161e-03 1.755997838090045393e-01 1.087382033741591489e-04
