# time dx dy dz
3.592999999999999946e-07 1.006838869995353020e-05 -1.614161213779999882e+00 -1.613876106350000228e+00
8.843999999999999519e-07 1.595350876819999986e+00 -1.596112005520000210e+00 -3.778487639999651444e-04
3.486999999999999818e-06 1.605729065119999799e+00 -1.605787817819999796e+00 -4.653279789999754598e-04
3.672000000000000164e-06 1.626171395050000301e+00 -1.318245132000001388e-02 1.616073384794000312e+00
3.774999999999999856e-06 -1.627421231949000235e+00 1.266327641000010960e-02 -1.622951638404000141e+00
4.363000000000000409e-06 1.626160680360000166e+00 -1.320456612999999606e-02 1.616058140694000222e+00
4.509000000000000367e-06 1.616099268669999756e+00 1.612467180889999741e+00 9.306803979998602011e-04
4.600000000000000004e-06 -1.618471933409999952e+00 -1.615479080939999701e+00 -5.338896219999728597e-04
5.105000000000000251e-06 1.615139102940000182e+00 -2.275356669999999137e-03 1.614566741248999904e+00
5.509999999999999761e-06 1.598199524570999897e+00 1.594489594005000122e+00 7.324884590001468077e-04
5.540000000000000321e-06 1.615307806158999604e+00 -1.592811632702299862e+00 2.838126515999963087e-03
5.594000000000000143e-06 8.045174900000062745e-03 -1.618226414126700208e+00 1.614780489935999874e+00
5.594000000000000143e-06 1.615370921459999831e+00 -1.137848435999910118e-03 -1.613350007204000347e+00
5.689999999999999732e-06 1.615461215290000085e+00 -7.736311000000406848e-04 -1.614192987417000014e+00
6.194999999999999979e-06 3.282040901998739546e-04 1.611350337665999888e+00 1.611660084529000336e+00
6.695999999999999926e-06 1.614610569869800116e+00 2.631668598999840382e-03 -1.613151711859000192e+00
7.011999999999999950e-06 1.615541546589999822e+00 6.220837500001168618e-04 -1.614219734531000094e+00
7.024999999999999656e-06 1.621268770000072745e-03 -1.613947128432000166e+00 -1.615077966089999872e+00
7.447999999999999671e-06 -1.163510680000007236e-03 1.616924690121999797e+00 1.617557376149999948e+00
7.469999999999999630e-06 1.617468770000074496e-03 -1.613947805272000213e+00 -1.615077966089999872e+00
7.934000000000000609e-06 -1.613407198460000025e+00 1.610734480110000311e+00 1.676051800000338994e-04
8.117000000000000381e-06 -1.612875004749000141e+00 -1.613960830934000112e+00 -1.373159922000009641e-03
8.118999999999999684e-06 -1.595996563768999899e+00 2.334349180000139246e-04 1.595512327500000049e+00
8.270999999999999246e-06 -1.261535085200012930e-02 1.616055780166000488e+00 1.625915403090000044e+00
8.450000000000000412e-06 -1.614258602962999722e+00 -1.614316585318999797e+00 9.422008900002026843e-04
8.553999999999999755e-06 1.615929458569999699e+00 1.618493585606299856e+00 -1.499079757999623305e-03
8.681999999999999207e-06 -8.639051269999612100e-04 1.614952588224700225e+00 -1.611957649682000282e+00
9.062000000000000651e-06 1.613668600120000018e+00 1.615304831815999709e+00 3.648370000169150890e-06
9.490999999999999423e-06 1.613267800290000054e+00 3.833337372000034972e-03 1.613155383957000311e+00
1.075000000000000041e-05 5.267549899998934162e-04 -1.595564177308000042e+00 1.595977831942399838e+00
1.078000000000000013e-05 1.616899499320000100e+00 -1.108007247400000575e-02 1.625957658270599904e+00
1.079999999999999993e-05 -1.615387026660000114e+00 1.612718040539999897e+00 -9.576206279998276602e-04
1.111000000000000035e-05 9.745646699997896189e-04 1.597397457405999921e+00 1.599102160407999795e+00
1.134999999999999975e-05 -1.718684700000115001e-04 -1.587327813746000071e+00 1.605243763719999883e+00
1.142000000000000077e-05 1.605361708980000079e+00 1.594393538919999909e+00 1.028063883999999484e-02
1.173999999999999941e-05 -1.605859766590000071e+00 6.202221385000011855e-03 1.619432061220000385e+00
1.203000000000000002e-05 -7.556129999802298214e-06 -1.613336642896999962e+00 1.615843128249999872e+00
1.225999999999999951e-05 -3.450598300000599916e-04 1.616289199932999798e+00 -1.617344016350000135e+00
1.225999999999999951e-05 -1.614044354539999837e+00 -1.613231362445999739e+00 1.558329400000015106e-03
1.231000000000000072e-05 -1.956744860000050185e-03 1.611749514860000065e+00 -1.614012344522999909e+00
1.271000000000000028e-05 -1.613581096370000134e+00 1.615858198980000271e+00 8.661985240000355177e-04
1.317999999999999917e-05 1.613550348819999813e+00 5.671891399998434851e-04 1.615327609428999889e+00
1.320000000000000067e-05 -1.614446459750000340e+00 1.613632860000185909e-03 1.613918397660000004e+00
1.359000000000000033e-05 1.024191280000090205e-03 -1.612323625510000191e+00 1.618817422020000008e+00
1.362999999999999994e-05 -2.104063450000026592e-03 1.611865417770000031e+00 1.612576846259999863e+00
1.389000000000000084e-05 -1.238741100000094811e-04 1.614278482459999831e+00 -1.612441881640000130e+00
1.430000000000000031e-05 -1.614357167969999951e+00 -1.614475919759999378e+00 2.626675370000913778e-04
1.445000000000000056e-05 1.595739406189999876e+00 2.547635899996791853e-04 1.595171504187999911e+00
1.458999999999999922e-05 -1.591478234979999851e+00 2.912558591000230512e-03 1.610353447015000050e+00
1.502000000000000019e-05 -1.619360739323999709e+00 -1.616342319766999935e+00 1.068423824199987715e-02
1.527999999999999939e-05 -1.615966709462000050e+00 -1.617995003503999829e+00 5.633670499999958448e-03
1.584999999999999902e-05 -1.597688802500000005e+00 -1.279102519999741894e-03 1.593330376040000385e+00
1.592000000000000004e-05 -1.627503764061100089e+00 1.615384482207999906e+00 1.112597579999998615e-02
1.618999999999999915e-05 1.594900102966000155e+00 -2.444672649998594609e-04 -1.594599591569999975e+00
1.620999999999999896e-05 -1.604486395266000232e+00 1.616628047740000129e+00 -1.171647301999984014e-02
1.637000000000000082e-05 -1.614595534281000111e+00 1.340737040000061038e-03 1.613045121579999908e+00
1.652999999999999928e-05 1.612640532764000323e+00 7.243860699999907617e-04 1.614951899220000042e+00
1.677999999999999858e-05 1.613724445497000115e+00 1.614266400199999563e+00 1.582116350000155325e-03
1.694000000000000044e-05 1.615900895324999809e+00 -1.612058210245999934e+00 1.053460740000007004e-03
1.722999999999999936e-05 1.614113769308000323e+00 1.616467601276000199e+00 4.714968200000436288e-04
1.768000000000000013e-05 1.617713014100999658e+00 1.613597870349999575e+00 4.650316999998591570e-05
1.775000000000000116e-05 -1.612605720861000069e+00 1.196873639999985941e-03 1.614377933479999694e+00
1.785999999999999841e-05 1.615701398151000223e+00 -1.149112800000033109e-03 -1.617340566499999799e+00
1.874999999999999836e-05 1.617889459252000117e+00 1.025104750000171983e-03 1.617684162410000015e+00
1.961999999999999850e-05 5.073020969999940313e-04 1.596345818760000146e+00 -1.595445190720000017e+00
2.063000000000000069e-05 1.616922337740000160e+00 1.195347586800010915e-02 -1.624480480919999748e+00
2.095000000000000101e-05 1.453472809999997771e-03 1.614960515447000144e+00 1.612775734860000032e+00
2.099999999999999884e-05 -1.612123397438000261e+00 -1.611935448184999897e+00 -5.111482200002570586e-04
2.112000000000000108e-05 1.613378502068000042e+00 -1.614316781599999917e+00 3.199891400000474864e-04
2.112999999999999929e-05 1.615898088939999866e+00 -2.498359284000109797e-03 1.613277950980000153e+00
2.201000000000000103e-05 -1.596649212200000001e+00 -1.594250751996000082e+00 4.029138040000189609e-03
2.201999999999999924e-05 -1.605133324494000036e+00 -1.605439738259999860e+00 3.044929899997683188e-04
2.203999999999999905e-05 1.614376155073000252e+00 1.614359667500000040e+00 3.744977899999171571e-04
2.241999999999999879e-05 -1.622987782288999759e+00 -1.105820071399983041e-02 -1.615146120149999920e+00
2.265000000000000167e-05 1.623811780738999566e+00 1.073388358600004845e-02 1.621663654839999857e+00
2.292000000000000078e-05 1.603596040830000291e+00 -1.201685554999983377e-02 -1.614765171100000174e+00
2.322000000000000130e-05 2.629646499996973752e-04 1.612933978110000277e+00 -1.614683162419999984e+00
2.375000000000000131e-05 -1.613363037380000087e+00 1.027295579999866395e-03 1.612716954550000192e+00
2.379999999999999913e-05 -1.614967626664799649e+00 1.614342479376600359e+00 4.523661999946229119e-05
2.392000000000000137e-05 -1.619673887946200042e+00 1.517566004001095819e-04 1.613741171079999592e+00
2.396999999999999920e-05 1.619999023556200068e+00 -6.897949504002776587e-04 -1.616652171079999700e+00
2.402999999999999863e-05 1.612514603654799927e+00 1.176056272600015887e-03 1.614378698789999955e+00
2.404000000000000023e-05 -1.614376181737000149e+00 -1.613372789519199824e+00 1.060453910000076425e-03
2.404000000000000023e-05 -1.614439014862999899e+00 -1.614455674494999826e+00 5.847396899997720811e-04
2.419000000000000048e-05 -1.180724039000175885e-03 -1.615906485533999959e+00 1.614212993400000018e+00
2.440999999999999838e-05 -1.615079913591999983e+00 1.240430920002549668e-04 1.617806106600000238e+00
2.443999999999999978e-05 1.611091597633000028e+00 -1.780522682000046375e-03 1.614479199999999892e+00
2.474999999999999851e-05 1.614091757396999949e+00 -2.783818600000653731e-04 -1.612437156069999933e+00
2.483999999999999934e-05 7.913653600001100547e-04 -1.614016668549999700e+00 -1.613804016900000526e+00
2.487000000000000075e-05 -1.613309710768999983e+00 -1.156230399000054629e-03 -1.614844413500000186e+00
2.529999999999999833e-05 1.612629782426000080e+00 1.613487109040000256e+00 -1.694549489999475078e-03
2.547999999999999999e-05 -1.616645651276000351e+00 -1.616368596727000284e+00 1.404556779999510674e-03
2.561999999999999865e-05 1.614242430568999964e+00 -1.616544784529999834e+00 -2.217368569999819856e-03
2.568999999999999967e-05 -4.768622000011438905e-05 1.613217159201999928e+00 -1.614311759840000082e+00
2.574000000000000089e-05 1.308520720000261317e-03 -1.614482238089999910e+00 1.615108554969999943e+00
2.582000000000000012e-05 -2.899332700001420668e-04 -1.595685778530000043e+00 -1.595444994470000211e+00
2.616000000000000026e-05 -1.616155776612600237e+00 -1.250323654000001089e-02 -1.625369925230000234e+00
2.682000000000000071e-05 -1.383280974000147649e-04 1.612836683347999900e+00 1.611979986590000413e+00
2.697000000000000097e-05 -1.614336952099999944e+00 -1.613183904498000087e+00 -1.095499470000053195e-03
2.703000000000000040e-05 -1.267475970099944064e-03 -1.614210942060000376e+00 1.614284506610000225e+00
2.720999999999999867e-05 -4.977106042000276325e-04 1.612550074250000520e+00 1.615442519449999503e+00
2.722999999999999848e-05 1.613356446416300383e+00 -1.652794899998921707e-04 1.615457547809999950e+00
2.741999999999999836e-05 -1.612854840225000252e+00 -2.151172719999363755e-04 1.617621500000000268e+00
2.777000000000000009e-05 -7.592195369000576122e-04 1.614549233436000097e+00 1.616554400000000058e+00
2.780000000000000149e-05 1.617779053689899715e+00 7.374225490000829719e-04 -1.615293553610000155e+00
2.830999999999999831e-05 1.614784051529999598e+00 2.657183309999588527e-04 -1.613505561969999835e+00
2.835000000000000131e-05 -1.612369676804000118e+00 1.614235842595000081e+00 6.339438799994601137e-04
2.924999999999999947e-05 -3.452507159997129319e-04 1.615600125367999684e+00 1.612379847810000211e+00
2.943999999999999935e-05 1.613594995659999753e+00 1.529661229999923489e-03 1.615342300000000009e+00
2.996000000000000114e-05 1.614938760519999850e+00 1.043273099999903917e-03 -1.613045006400000148e+00
3.058000000000000198e-05 -1.614404690790000263e+00 2.138704540000092771e-03 -1.616919101350000165e+00
3.061000000000000000e-05 1.614268984140000196e+00 -1.345726860000034941e-03 -1.613355488800000348e+00
3.066000000000000122e-05 1.614360935600000158e+00 1.614224335130000076e+00 -1.420902789999976172e-03
3.085999999999999930e-05 1.394048900000194324e-03 -1.615066922999999655e+00 -1.614492456120000030e+00
3.126999999999999707e-05 6.160964500000350695e-04 -1.612249239799999900e+00 1.611383402279999988e+00
3.130000000000000187e-05 -1.614679336440000501e+00 -1.616996306814260320e+00 1.205622130000297363e-03
3.134000000000000148e-05 1.616420736440000283e+00 1.618271337297260137e+00 -8.069844799999848113e-04
3.146000000000000033e-05 -1.614187108800000159e+00 -1.616924858118000019e+00 6.809894300002579566e-04
3.167000000000000002e-05 -6.254519400002165122e-04 -1.595933318739999773e+00 -1.595932930440000064e+00
3.219999999999999664e-05 -1.615921284511599998e+00 -1.626031470841000193e+00 -1.405711425000018278e-02
3.258999999999999799e-05 -3.128829094000210032e-04 1.595636590800999954e+00 -1.593478077949999960e+00
3.359999999999999679e-05 4.973795100016989087e-05 -1.606250987972700051e+00 1.608138560730000277e+00
3.388000000000000088e-05 -1.440000240000036428e-03 -1.615571617636299973e+00 -1.613530417059999778e+00
3.403999999999999935e-05 -5.836072200000618805e-04 1.612077862288999963e+00 -1.615301523739999912e+00
3.420999999999999942e-05 -1.616370063093199860e+00 -1.613713151530999923e+00 -2.744515699999927703e-03
3.440000000000000268e-05 1.595379652263199777e+00 -3.767306189998457719e-04 1.595600094999999996e+00
3.454999999999999955e-05 -1.602094331237999825e+00 1.615130364300000343e+00 1.196948283999990127e-02
3.511000000000000096e-05 1.602534341638000015e+00 -1.622543444150000180e+00 -1.308948475299989873e-02
3.524000000000000141e-05 -1.602416867217300034e+00 -2.746938234000841257e-04 -1.600685216169999814e+00
3.541000000000000148e-05 -3.129305426998185702e-04 1.613574041663400127e+00 -1.614561104170000316e+00
3.622999999999999702e-05 -3.681677100002833658e-04 1.614997263045999887e+00 1.613019517630000177e+00
3.652000000000000271e-05 -1.615983986185000276e+00 1.614875809431999709e+00 -1.260229469999742330e-03
3.665999999999999798e-05 1.618082002575000233e+00 -1.617320774924300597e+00 1.957581989999976433e-03
3.677000000000000201e-05 1.613636666370000139e+00 1.242779358700675778e-03 -1.614284666250000111e+00
3.734999999999999985e-05 1.615083838219999901e+00 6.669426713997556825e-04 1.613704071890000202e+00
3.763999999999999876e-05 -1.612592787440000341e+00 6.019719586002059142e-04 1.614150436809999700e+00
3.833000000000000063e-05 -1.613685535623999634e+00 1.573296299999067324e-04 -1.612888806940000030e+00
3.872999999999999680e-05 -1.616318667486000171e+00 -1.000155602000368793e-03 1.613437877299999990e+00
3.877999999999999801e-05 -1.180748444399811782e-03 -1.613141692367999536e+00 1.615270877949999573e+00
3.967999999999999956e-05 -1.402598655600267993e-03 1.613176093150000323e+00 1.616817423820000155e+00
3.970000000000000276e-05 1.614307303699000551e+00 1.226156699999925159e-04 -1.612867079319999952e+00
3.986000000000000122e-05 -1.617617771189000297e+00 4.780488099998536633e-04 1.617744252520000314e+00
4.020000000000000136e-05 2.727265619998642254e-04 1.614008975491000086e+00 -1.612910010660000282e+00
4.025999999999999739e-05 -1.611626564796999839e+00 1.615573767444999920e+00 1.069942139999863640e-03
4.028000000000000059e-05 1.611075465746599988e+00 1.327688260999980788e-03 -1.615694936449999730e+00
4.047999999999999868e-05 -1.613847090534599626e+00 1.614890891034000298e+00 -1.046366679999980549e-03
4.088000000000000162e-05 -1.612716597449999956e+00 5.267855280001497789e-04 -1.617170876990000394e+00
4.109000000000000131e-05 -1.598411395770000354e+00 8.462882732000569230e-04 1.597388201709999844e+00
4.110000000000000290e-05 -1.186906130699984761e-02 -1.617648412885199782e+00 -1.606061524164000165e+00
4.170999999999999876e-05 -1.615462835274000142e+00 1.242610716999575926e-03 1.613586983273999964e+00
4.199999999999999768e-05 1.612645442064999823e+00 -1.614504700681000271e+00 6.328554999999319586e-04
4.217999999999999934e-05 -2.343804399998736829e-04 1.612705228968200011e+00 -1.613390092850000457e+00
4.254999999999999749e-05 -1.613648447797999763e+00 1.613856813528799616e+00 -8.550272399997802062e-04
4.268999999999999954e-05 -6.326506160000624915e-04 1.616003096159999819e+00 1.615011788049999897e+00
4.293999999999999884e-05 4.382680380000019207e-04 1.614997379230000085e+00 1.614393675459999677e+00
4.308000000000000089e-05 -1.614324215399999929e+00 1.540157259999963731e-03 1.615277356200000236e+00
4.309000000000000249e-05 1.612649980591999821e+00 1.615193311809999921e+00 1.167334934000008317e-03
4.348999999999999866e-05 -1.229422054000020798e-03 1.617400190045999997e+00 1.614414200000000132e+00
4.352999999999999827e-05 -1.594652291678000378e+00 -1.596043688935999905e+00 1.908353441999898707e-03
4.360000000000000269e-05 1.600562974487999668e+00 -1.050444348229993830e-02 1.617327600000000087e+00
4.459999999999999989e-05 -9.649879999841688705e-06 -1.614613688307700023e+00 1.615317500000000184e+00
4.479000000000000315e-05 1.614097023220000038e+00 -1.615446617778000027e+00 1.975791320000001502e-03
4.487999999999999721e-05 -1.617206430910000048e+00 1.618287491594999850e+00 -1.025856369999916026e-03
4.488999999999999881e-05 1.116024500001071707e-04 -1.615242580301679887e+00 1.615108599999999894e+00
4.504999999999999727e-05 -1.615409682558999638e+00 -2.692340444320093402e-03 1.617794100000000013e+00
4.511000000000000009e-05 1.617341336158999887e+00 2.297411476319949266e-03 -1.619546912450000153e+00
4.547999999999999824e-05 -1.615299850678999949e+00 -2.656954555319953649e-03 1.617586299999999699e+00
4.572999999999999754e-05 -5.809052230000555372e-04 1.596493779270000246e+00 1.595321600000000339e+00
4.575000000000000074e-05 5.164106236000082228e-03 -1.610438653761000261e+00 -1.610277286814000286e+00
4.581999999999999837e-05 -7.751564280000077661e-03 1.613748035810999681e+00 -1.610750199090000168e+00
4.644000000000000260e-05 1.098288904320031401e-03 -1.612471239045999871e+00 -1.617133896579999730e+00
4.674999999999999794e-05 -2.543976595000018749e-03 -1.615197313645400090e+00 1.615483999999999698e+00
4.686000000000000197e-05 3.934234886999983874e-03 1.616567221123400344e+00 -1.620574674533999948e+00
4.716000000000000248e-05 -1.867948045200162541e-03 1.614142327290000178e+00 1.614393100000000025e+00
4.726999999999999974e-05 -1.614886349039999835e+00 -7.990817200001058569e-04 1.612547000000000175e+00
4.763000000000000306e-05 8.089237020000091417e-04 1.595730795680000202e+00 1.598110099999999978e+00
4.781999999999999955e-05 1.615338000381999706e+00 -1.600631598880000173e+00 1.284014279800024805e-02
4.819999999999999930e-05 6.950168570000470059e-04 -1.613700464083000163e+00 -1.612463127320000300e+00
4.826999999999999694e-05 1.616193331489599982e+00 5.789250240000151822e-04 -1.615981781119999683e+00
4.855000000000000103e-05 1.613037199748399875e+00 -1.615919960334700090e+00 -1.613664178999912879e-03
4.863000000000000027e-05 1.615328864905200223e+00 -1.347047043299964830e-03 1.613182099999999952e+00
4.945999999999999740e-05 -1.611335118105200026e+00 -9.952527350000073270e-04 1.615638400000000363e+00
4.966000000000000226e-05 1.614878180673000152e+00 7.153878169999794423e-04 -1.617654815019999859e+00
4.966999999999999709e-05 1.485662326999842575e-03 1.595137571568999935e+00 1.596357499999999874e+00
4.996999999999999760e-05 2.136240644000020165e-03 1.609157446478000075e+00 1.610687300000000377e+00
5.014999999999999927e-05 -3.479096430000033942e-03 -1.615291159553000178e+00 -1.617305550149999993e+00
5.093999999999999678e-05 1.616387417366000001e+00 1.036281864800014940e-02 -1.601280334020000140e+00
5.098000000000000318e-05 -1.609567825040000066e+00 1.613612752832999764e+00 -7.248373699997182409e-04
5.109000000000000043e-05 1.616497836810000033e+00 1.953039300999964700e-03 -1.615814501170000472e+00
5.118000000000000126e-05 4.532515899999239178e-04 -1.594901220800000186e+00 -1.595731489549999882e+00
5.173000000000000108e-05 1.616598004527000310e+00 -1.125042438199996830e-02 -1.626290596590000082e+00
5.191000000000000274e-05 -1.623297618246999807e+00 1.142735805999978149e-02 1.627433948689999799e+00
5.229000000000000249e-05 -1.615095016970000019e+00 -1.224374801799998913e-02 -1.625781302350000068e+00
5.236000000000000013e-05 -1.613228969490000164e+00 1.612387681840000253e+00 -1.975160059999980788e-03
5.256999999999999981e-05 1.611398450499999857e+00 5.846503699999459729e-04 1.612708899999999890e+00
5.283000000000000071e-05 1.613798109317999829e+00 -1.613471316067000227e+00 6.144360000001950449e-04
5.300000000000000078e-05 1.361950215000088272e-03 -1.616107325322299948e+00 1.613399499999999875e+00
5.317000000000000084e-05 -1.613887815263000070e+00 4.618841120016935892e-05 -1.611768863220000458e+00
5.322999999999999688e-05 -2.614334099998610363e-04 -1.614428049332000015e+00 1.614198799999999823e+00
5.335999999999999733e-05 1.612987542467000157e+00 -1.616215705180000128e+00 -7.617048000009606426e-05
5.352999999999999740e-05 -1.595682345857000195e+00 -1.366807659999996543e-03 1.596090299999999740e+00
5.360999999999999663e-05 1.587774413707999877e+00 -6.061286230001575875e-04 1.605274199999999762e+00
5.442999999999999895e-05 1.620384017330000148e+00 1.617219226432999868e+00 1.368673022200006875e-02
5.500999999999999678e-05 1.495385039200070607e-03 1.617902454928000111e+00 1.615776000000000101e+00
5.518999999999999844e-05 1.214069912799950555e-03 1.613029159751999897e+00 1.616762199999999705e+00
5.530999999999999730e-05 -1.615329705659999782e+00 -1.612578950022999891e+00 1.014700954999963115e-03
5.577000000000000306e-05 -1.595163283790000275e+00 -8.850866579999700379e-04 1.596184000000000047e+00
5.593000000000000152e-05 -1.626340888594000056e+00 1.615744598667999909e+00 1.205812479999992040e-02
5.623999999999999686e-05 -1.615906750341000064e+00 1.614794624415200053e+00 9.157931900000411234e-04
5.645000000000000332e-05 -7.553786089000147363e-04 1.617458360084800040e+00 1.615825800000000090e+00
5.657000000000000217e-05 -1.615972796958000224e+00 -1.612582114330000094e+00 1.298991019999939413e-03
5.705999999999999918e-05 -2.640362721999944037e-03 -1.612820107633199829e+00 1.613456993109999793e+00
5.767999999999999663e-05 -1.764001482800273135e-04 1.612818157263199659e+00 1.616994700000000229e+00
5.800000000000000034e-05 5.623716887992458169e-05 1.614414132329000218e+00 -1.612507208985999974e+00
5.801000000000000194e-05 -1.611393387113000175e+00 1.073532712000111952e-03 -1.613305855029999902e+00
5.886000000000000227e-05 -2.775027812000017795e-03 -1.614615347929999611e+00 1.616474099999999581e+00
5.896999999999999952e-05 -1.596330924170000110e+00 1.595410441719000039e+00 6.276379000003107222e-05
5.976999999999999864e-05 1.599854471949999857e+00 1.196669849999985186e-02 1.617714046140000139e+00
5.985999999999999947e-05 1.612114578879999982e+00 1.617483205775999799e+00 1.537664839999810813e-03
5.996999999999999673e-05 2.256472211999930449e-03 1.613794306123999656e+00 1.614684866009999942e+00
6.008000000000000075e-05 1.613392304637000230e+00 2.605486520000141644e-03 1.617645483300000020e+00
6.023999999999999922e-05 4.438844191000044723e-03 -1.596728389789999980e+00 -1.597782245269999901e+00
6.026999999999999724e-05 6.042961750000414110e-04 1.587775173049999822e+00 -1.604275061370000310e+00
6.035000000000000325e-05 1.617157937695999914e+00 7.992878629999956852e-03 -1.625993499164000156e+00
6.065999999999999859e-05 -1.623851818415999793e+00 -7.996640260000097145e-03 1.627200804639999721e+00
6.070999999999999980e-05 4.392197691900051604e-03 -1.599077194245999589e+00 -1.613531183339999675e+00
6.087999999999999987e-05 -4.740898139899932251e-03 1.594946056216000052e+00 -1.603580058449999957e+00
6.094000000000000268e-05 -1.615383538659999729e+00 5.825988969999959521e-03 -1.627386351071999915e+00
6.098999999999999712e-05 1.624096659455999792e+00 -5.163112220000053848e-03 1.629249753659999911e+00
6.202000000000000590e-05 1.058825259999951474e-04 1.603521408959000194e+00 1.586938546340000311e+00
6.219999999999999401e-05 -1.616365087827000391e+00 1.280589525699988435e-02 -1.606599909223999756e+00
6.363999999999999377e-05 -1.615215515442999905e+00 -1.612237182501000010e+00 -1.102398150000179471e-03
6.428000000000000120e-05 1.612634738332200168e+00 -3.403461590000031022e-04 -1.614660415019999906e+00
6.438999999999999845e-05 -6.391299519997728495e-05 1.613101020830000065e+00 -1.615093267600000271e+00
6.465999999999999417e-05 2.247364827999476288e-04 1.615266974659999910e+00 -1.615726213319999882e+00
6.530000000000000160e-05 1.613786932712200306e+00 1.615364493820000247e+00 -1.590782873999996294e-03
6.546000000000000007e-05 1.615089823920000001e+00 1.615697918749999573e+00 -8.447256889999518736e-04
6.619000000000000155e-05 -1.617170737094000277e+00 -1.615711487640000055e+00 5.152357399999451734e-04
6.650999999999999848e-05 1.595826213874000032e+00 6.410312199999466682e-04 1.595659195359999893e+00
6.666999999999999695e-05 1.605325912639999686e+00 6.563315099999084221e-04 -1.587901999369999873e+00
6.671999999999999817e-05 -1.598463541759999940e+00 1.617019494450000039e+00 -8.243522137799911761e-03
6.703000000000000028e-05 5.514222799999357605e-04 -1.595285484379999952e+00 1.595108199999999865e+00
6.708999999999999632e-05 1.616269133640000133e+00 -1.058593298999992334e-02 -1.601135194279999840e+00
6.719999999999999357e-05 1.616555998307999786e+00 2.406935499998930084e-04 -1.616016623673999675e+00
6.796000000000000662e-05 9.553134610000770400e-04 -1.596395731178999799e+00 -1.595058557325399917e+00
6.805000000000000068e-05 -1.615236262628999997e+00 -1.181582922100010008e-02 -1.625772466644600067e+00
6.831999999999999640e-05 -1.614906782719000011e+00 1.612651982210000057e+00 -1.605974658999968774e-03
6.833000000000000477e-05 -3.115567763998239315e-04 -1.612346722629999896e+00 1.617633800000000122e+00
6.883999999999999820e-05 1.612366959252000020e+00 1.610812889770000256e+00 -4.802823090000074568e-03
6.886000000000000139e-05 7.513741200000702844e-04 1.614240706229999711e+00 -1.613575238659999966e+00
6.920999999999999635e-05 -3.413252200002019369e-04 -1.616750650019999735e+00 1.616537199999999785e+00
6.938000000000000319e-05 -1.613660253039999937e+00 -1.613605486740000483e+00 3.222966699998330853e-04
7.056000000000000206e-05 -1.219623899999522365e-04 1.613689384440000207e+00 1.614402699999999857e+00
7.056999999999999688e-05 -1.613735166279000266e+00 -2.857945999995949518e-05 -1.612207534669999998e+00
7.064000000000000129e-05 -1.165942578000012109e-03 -1.613464378640000252e+00 -1.613948866930000170e+00
7.069999999999999733e-05 -1.614728916402000003e+00 -9.862228000000782587e-04 1.612766200000000705e+00
7.105000000000000584e-05 -1.615715047319999931e+00 1.613120819160000163e+00 -2.079498000001058985e-05
7.111000000000000187e-05 1.617919641799999919e+00 -1.615850080540000011e+00 3.678557429999985973e-04
7.118000000000000629e-05 1.612633385370000116e+00 1.613302186359999890e+00 -6.272825900000924583e-04
7.127999999999999517e-05 1.614541104900000024e+00 7.801413699999870666e-04 -1.613674406849999743e+00
7.131000000000000674e-05 1.615079192897999949e+00 -1.613533159920000015e+00 -1.005124377999845001e-03
7.132999999999999638e-05 1.615306800179999946e+00 -1.615245643025000399e+00 -2.957557700001673361e-04
7.189999999999999939e-05 1.285546694799882166e-03 1.612754781484999844e+00 -1.614360883530000068e+00
7.198999999999999345e-05 -1.612254264402800175e+00 1.615739700799999845e+00 -2.346087478000042931e-03
7.247000000000000241e-05 -2.175369799998550825e-04 -1.612909167486999973e+00 -1.617666034910000050e+00
7.257999999999999966e-05 1.594702904329999837e+00 1.594604497006000265e+00 1.648674190000057284e-03
7.260999999999999768e-05 -1.603728368501900148e+00 1.175303816099976424e-02 1.614426700000000103e+00
7.263000000000000087e-05 2.231790719000982873e-04 -1.595449369520000049e+00 -1.595528517279999781e+00
7.268999999999999691e-05 1.600455336980000087e+00 -8.541034600000470614e-03 1.591903685176999872e+00
7.276999999999999615e-05 1.604295804880000009e+00 -1.730135159999809892e-03 -1.592061919770999978e+00
7.294000000000000299e-05 -1.590741183040000006e+00 -1.545209719999901792e-03 -1.609784105105999785e+00
7.307999999999999826e-05 -3.013688812000143383e-03 1.617273511689999665e+00 1.604536256979999909e+00
7.315999999999999749e-05 1.611897369838000138e+00 -1.611457840249999940e+00 -7.159465579998636198e-04
7.318999999999999551e-05 1.614927414114000204e+00 -1.614187419773000176e+00 3.952895419996604875e-04
7.321999999999999353e-05 -2.356728210000130774e-03 -1.614464893268999779e+00 -1.612432055700000255e+00
7.388000000000000415e-05 2.104017619999983338e-03 -1.616150748008000182e+00 -1.615805554549999634e+00
7.409000000000000384e-05 1.613557713200000077e+00 -2.654122397000002395e-03 -1.614774076470000264e+00
7.420000000000000109e-05 -1.609884987315400640e+00 -1.615304238533000092e+00 -1.363751939999902638e-03
7.425000000000000230e-05 1.613771413945400024e+00 -1.615266868190000205e+00 -6.761434100001522448e-04
7.443000000000000397e-05 1.615163708519000041e+00 -3.182331595000159434e-03 1.612104562980000155e+00
7.472999999999999771e-05 -1.595647896025000012e+00 -3.767398449999567918e-04 1.595566813059999811e+00
7.472999999999999771e-05 -1.604976615480999902e+00 -2.918706699999650228e-04 1.605734620300000248e+00
7.488000000000000135e-05 -1.607294917721000083e+00 1.601878089539999772e+00 8.357841529000093264e-03
7.499999999999999343e-05 -1.325896765199992104e-02 -1.601183024140000022e+00 -1.608729121749999935e+00
7.614999999999999428e-05 1.611151534050000222e+00 -1.615621403439999604e+00 2.603204099998202015e-04
7.627999999999999473e-05 1.616430406000000097e+00 -1.613884059872000343e+00 4.919857300004324037e-04
7.655999999999999882e-05 1.157603820000405789e-03 -1.615557490010000485e+00 -1.613882079100000144e+00
7.669999999999999409e-05 6.636686400002256292e-04 -1.615731265439999564e+00 -1.615492742549999416e+00
7.695999999999999499e-05 -1.614441913280000307e+00 1.612297799877999482e+00 -1.175115189999981907e-03
7.757999999999999922e-05 -1.616206878444000239e+00 1.613541471529000404e+00 6.666651999996664468e-04
7.762000000000000561e-05 -5.541922389994862266e-04 -1.612890803768999515e+00 1.612015892889999913e+00
7.781000000000000210e-05 1.594868806752999912e+00 -1.595669530931400182e+00 3.985251100004911888e-04
7.865999999999999566e-05 -1.602195584900000247e+00 -1.373027841660007242e-02 1.618914799999999765e+00
7.868999999999999368e-05 -1.613632378060000150e+00 -5.878706600000449534e-04 -1.613344562520000025e+00
7.875999999999999809e-05 3.012980600002879150e-04 1.616338354529999854e+00 -1.613632064119999932e+00
7.878999999999999611e-05 -1.109303532000061043e-03 1.610455429526000071e+00 1.609623009419999695e+00
7.893999999999999975e-05 -1.614851811437999940e+00 8.020891039996836183e-04 -1.612081537629999728e+00
7.914000000000000461e-05 -1.006298410000105569e-03 -1.613552890719000210e+00 1.613578005269999727e+00
7.954999999999999561e-05 -1.614996482485000051e+00 -3.730541699996808326e-04 1.614159578220000224e+00
7.988999999999999574e-05 -1.616058414504999874e+00 -1.246826156999961133e-03 -1.613880997350000124e+00
7.998000000000000335e-05 -1.615844951878000257e+00 3.010994494002106059e-04 -1.614262989020000205e+00
8.009000000000000060e-05 -1.723056832999820751e-03 1.613866346334999813e+00 -1.615220698939999977e+00
8.009000000000000060e-05 -1.614737268805000348e+00 -1.612815081801000083e+00 -1.540260799999980217e-03
8.024999999999999907e-05 1.612778277202719934e+00 3.035802900000533940e-04 1.613164139029999999e+00
8.050000000000000515e-05 1.613734299590280141e+00 -6.248396690001767340e-04 1.614848687620000334e+00
8.066999999999999844e-05 -1.613561923308799884e+00 -1.613725337343000055e+00 8.698167100000370969e-04
8.067999999999999326e-05 1.619019727497799988e+00 1.615570387989900158e+00 -2.902231879999919197e-03
8.105000000000000496e-05 1.592858499000403228e-04 1.615023949628100031e+00 1.617728399999999844e+00
8.147999999999999915e-05 -1.594494988750000175e+00 -6.336872430000584089e-04 -1.595268384383999649e+00
8.197000000000000293e-05 -1.625805193139999716e+00 1.617681190284999904e+00 -9.354544405999861562e-03
8.239000000000000230e-05 1.612439218201199953e+00 9.489300100001406453e-04 1.612892073040000263e+00
8.242999999999999514e-05 -4.179909562000505910e-04 1.615112740249999845e+00 -1.613235473850000101e+00
8.250999999999999437e-05 1.615555439658000081e+00 -1.614436336345999923e+00 -1.082302960000391945e-03
8.265999999999999802e-05 -1.595659639429999777e+00 2.025499350001014331e-04 -1.595069888319999851e+00
8.304000000000000454e-05 -1.112083321699988345e-02 -1.616965389922999874e+00 1.600809238289999659e+00
8.310999999999999540e-05 -6.753530109997857821e-04 1.613199631492999941e+00 1.614055451920000106e+00
8.333000000000000346e-05 1.613691251914000091e+00 1.614682443079999530e+00 1.143430698679987097e-03
8.349000000000000193e-05 1.615250633789999668e+00 1.041616339999997540e-03 -1.612983723830000438e+00
8.406999999999999976e-05 -1.611990288132000071e+00 1.439070700000874082e-04 -1.616724980949999502e+00
8.407999999999999459e-05 1.279615020000294395e-04 -1.613968280515000187e+00 -1.614959691070000591e+00
8.419000000000000539e-05 -1.614595724630000229e+00 -8.854390849995061492e-04 1.612519368669999897e+00
8.445000000000000629e-05 7.802496600004260596e-04 -1.617895082140000440e+00 -1.615837409130000069e+00
8.448000000000000431e-05 1.593955105950000117e+00 6.860612983994934452e-04 1.596055868809999723e+00
8.459999999999999638e-05 1.605180419871000019e+00 -5.870145909999714695e-04 1.605166767500000535e+00
8.469999999999999881e-05 -1.599486219711000246e+00 -1.617382835998000257e+00 1.248800013999960476e-02
8.488999999999999530e-05 1.614103354510000532e+00 -1.615738127610000241e+00 1.228352159999981409e-03
8.558000000000000394e-05 2.053275047000292786e-03 1.613974465952000337e+00 1.616915599999999786e+00
8.564999999999999480e-05 -1.613873664647800243e+00 -6.364449310000230668e-04 -1.613810472559999987e+00
8.566000000000000318e-05 -6.407002360000048184e-04 -1.617065274773999750e+00 1.614334872559999745e+00
8.571999999999999921e-05 -1.595707418758999907e+00 1.596092976890000070e+00 -2.983772409999412012e-04
8.598000000000000011e-05 -1.605377789829000035e+00 -1.587819133340000244e+00 3.499964000000634415e-04
8.648999999999999353e-05 -1.343085821200011923e-02 1.604810132092000075e+00 1.620941100000000024e+00
8.660999999999999916e-05 -1.159458088999890937e-03 1.611697374508000546e+00 -1.612953326979999602e+00
8.671000000000000159e-05 -5.268214600001597248e-04 1.615324116580000080e+00 -1.614102340060000085e+00
8.679999999999999565e-05 -2.294116999998763173e-04 -1.612605160101000301e+00 -1.615067423680000003e+00
8.689999999999999808e-05 -1.616116886279000742e+00 1.612162022171000464e+00 -1.707697899998440565e-04
8.710000000000000294e-05 1.320093928999982458e-03 1.597354512940000193e+00 1.594541449690000334e+00
8.744999999999999790e-05 -1.616997362179999786e+00 1.294976219899990864e-02 -1.601662674259999974e+00
8.749000000000000429e-05 1.595379662619999861e+00 1.596020018351000047e+00 -5.929276000019110399e-05
8.749999999999999911e-05 1.604774325380000199e+00 1.606100187338999952e+00 -1.857411200000035414e-04
8.844000000000000028e-05 1.159558373040003865e-02 1.626607700721000249e+00 -1.616965838190000060e+00
8.920999999999999460e-05 -1.594675854270999782e+00 1.134998149999982830e-03 -1.596078531159999869e+00
8.925000000000000099e-05 1.587855742257999969e+00 1.013791849999917671e-03 -1.605813381210000390e+00
8.943999999999999748e-05 1.624898475053000002e+00 1.619439278499999801e+00 -1.382606749999996942e-02
8.951999999999999671e-05 1.595630883332999961e+00 -1.595933511194400189e+00 -1.445510030000001726e-03
8.971000000000000675e-05 1.614074023131800040e+00 -1.612663339348600067e+00 -1.089606309999988695e-03
8.974999999999999959e-05 9.536911242199968761e-03 1.605689050768999815e+00 1.615732551819999863e+00
9.014999999999999576e-05 1.261747950000002838e-03 1.613187745503999571e+00 -1.613749125550000052e+00
9.147000000000000345e-05 1.614462925760000278e+00 9.155286100001602811e-04 1.614005858179999642e+00
9.189000000000000282e-05 -1.612571769540000144e+00 1.857624231000114430e-03 1.616672543920000038e+00
9.210999999999999732e-05 1.612123005179999957e+00 -1.614217701468000143e+00 -9.355247599999172436e-04
9.215000000000000372e-05 -1.613853008480000017e+00 1.616887026437999975e+00 2.315553439999923357e-03
9.225000000000000615e-05 1.612264633555000160e+00 1.613902902838999953e+00 -4.637657199997968598e-04
9.233000000000000538e-05 1.596771330985000237e+00 1.365929619999872724e-03 1.596177962280000084e+00
9.242999999999999426e-05 1.207059391399999820e-02 -1.615665562700999924e+00 1.625475906829999984e+00
9.249000000000000385e-05 1.020415702880063391e-03 -1.614679435928999762e+00 -1.611875460879999888e+00
9.372000000000000393e-05 -1.613663759346879889e+00 1.612490873631000188e+00 3.950126599999263799e-04
9.404000000000000087e-05 -1.037569489999889960e-03 -1.614153777488000152e+00 -1.613809160659999797e+00
9.406999999999999889e-05 -3.415566900000222006e-04 -1.615688419583000135e+00 1.612138171379999818e+00
9.422000000000000253e-05 1.613692074928000153e+00 -1.263692908700036512e-03 -1.614090903500000174e+00
9.433999999999999461e-05 -1.616862134908000126e+00 1.084418418700040972e-03 1.617004003499999953e+00
9.474000000000000433e-05 -2.002092799998911321e-04 1.612468846723000393e+00 1.614242679760000243e+00
9.493999999999999564e-05 -1.615066721533000127e+00 -1.215707503000244220e-03 -1.613964992460000136e+00
9.513000000000000568e-05 -1.596430192836999939e+00 1.596562333700000114e+00 3.011029899999961845e-04
9.611999999999999451e-05 -1.626361756370000355e+00 1.203526395999993809e-02 -1.616370238049999575e+00
9.618000000000000410e-05 1.612046131740000554e+00 9.002970500001355320e-04 -1.615463502630000159e+00
9.640999999999999342e-05 -1.614416069602000459e+00 1.613363108299999737e+00 -2.222192440000074140e-03
9.652000000000000423e-05 -1.614920616167999867e+00 1.224696750000268215e-03 1.612908804689999975e+00
9.660999999999999829e-05 1.617311225338999847e+00 -7.516549100000935457e-04 -1.615701751019999799e+00
9.665999999999999950e-05 -9.069630060000305471e-04 -1.612836999550000039e+00 1.613304038569999932e+00
9.684000000000000117e-05 -6.107552833199827525e-04 1.612615569319999942e+00 1.614592751930000070e+00
9.705000000000000085e-05 -1.614503601053680182e+00 3.757324600000438476e-04 1.614899747730000001e+00
9.712000000000000526e-05 -1.616791811036000226e+00 1.612619397280000033e+00 -3.402929879999724849e-04
9.754999999999999945e-05 -1.613930077633999982e+00 1.616702766429999993e+00 2.144740290000003193e-03
9.755999999999999427e-05 1.611933348123999910e+00 1.167512859999858543e-03 1.615689022509999795e+00
9.794999999999999562e-05 -3.600211089999571460e-04 -1.595205199840000088e+00 1.595949169310000082e+00
9.814000000000000566e-05 1.616638317621999832e+00 -1.624876043625000044e+00 1.253537115999990743e-02
9.815000000000000048e-05 -1.623196819682999781e+00 1.626508640484999990e+00 -1.245722915699985778e-02
9.820999999999999652e-05 1.627367142599945964e-04 1.587646507309999899e+00 1.605638708179999874e+00
9.833999999999999697e-05 1.616701653612039991e+00 7.993828149999854249e-03 1.627481299999999909e+00
9.846999999999999742e-05 1.233730489800260836e-03 1.614272994799999861e+00 1.616117599999999932e+00
9.878999999999999435e-05 6.502035879999978896e-04 -1.613080809840000240e+00 1.615861800000000015e+00
9.890000000000000516e-05 -3.284165469999988929e-04 1.615995309840000171e+00 -1.618080112859999975e+00
9.927999999999999813e-05 -1.614366698162999825e+00 1.325494660000005797e-03 -1.613880159080000265e+00
9.953000000000000421e-05 -6.311699099998853424e-04 1.614559227230000005e+00 -1.612869391979999678e+00
9.995999999999999840e-05 -3.328122799999598883e-04 1.615054940740000333e+00 -1.614899431270000463e+00
1.001999999999999961e-04 -1.610954358991999680e+00 1.617184032279999961e+00 -1.215939069999906995e-03
1.011000000000000044e-04 -4.706855807999963184e-03 1.617404915530000320e+00 1.612824400000000047e+00
1.012999999999999957e-04 1.633131659999944793e-03 1.613376500000000213e+00 -1.613857263879999948e+00
1.012999999999999957e-04 -1.693905250000762386e-04 1.614726899999999965e+00 1.613925899999999913e+00
1.013999999999999982e-04 -1.614165711611999843e+00 1.789076919999945704e-03 1.614215999999999873e+00
1.013999999999999982e-04 -1.615721795762000257e+00 1.011134860000040270e-03 1.615184699999999918e+00
1.016000000000000030e-04 -1.480042300599907152e-03 1.614017500000000105e+00 -1.614410447140000038e+00
1.017999999999999943e-04 1.612815111574599891e+00 1.060406300000035513e-03 -1.613973916620000004e+00
1.021000000000000016e-04 7.005775000001636388e-04 1.614448600000000011e+00 1.613207100000000116e+00
1.023000000000000065e-04 1.616117628069999812e+00 -6.446066399999022915e-04 -1.614698227689999932e+00
1.023000000000000065e-04 -1.596608763529999919e+00 -5.327667000000935356e-05 -1.595204274150999968e+00
1.028999999999999940e-04 1.590694097202999924e+00 -1.602138660220000066e+00 -9.430970818999923760e-03
1.040999999999999960e-04 7.999822807000289693e-03 -1.624679620490000254e+00 -1.619324889650000099e+00
1.040999999999999960e-04 -3.957328629999867786e-04 1.612689900000000121e+00 -1.615769302639999960e+00
1.044000000000000033e-04 -2.009029269999735093e-04 1.613586599999999871e+00 -1.615137846400000132e+00
1.045999999999999946e-04 1.613968126720999763e+00 -1.613117358000000001e+00 -1.624131619999909714e-03
1.049000000000000019e-04 1.612422594165999978e+00 6.788244700000321298e-04 1.616787086149999775e+00
1.051999999999999957e-04 2.291922051600074530e-03 -1.595939698541000151e+00 -1.596744867499999998e+00
1.056000000000000054e-04 1.619314802393999830e+00 -1.625156464878999785e+00 -9.528113619999918973e-03
1.056999999999999943e-04 -1.625007463773900263e+00 1.625633295651999877e+00 9.848503699999943198e-03
1.061000000000000040e-04 7.446095360000935109e-04 1.587295573777999902e+00 -1.604805305650000236e+00
1.065000000000000002e-04 1.617093679881999924e+00 1.620968039460000121e+00 -1.296846453000000815e-02
1.069999999999999988e-04 1.615366424300000325e+00 1.819691030000004667e-03 1.613520176310000220e+00
1.075999999999999998e-04 -1.594260111210000108e+00 -1.594074159039999827e+00 -7.336130000010210317e-05
1.078000000000000047e-04 -7.609443128000287042e-03 -1.610847368300000415e+00 -1.606517320870000542e+00
1.080999999999999984e-04 -1.445558932000017742e-03 -1.602809954944000026e+00 1.591978474084000172e+00
1.084999999999999946e-04 -1.617024885249999988e+00 1.598148552053999971e+00 9.800569506000233327e-03
1.088000000000000019e-04 -3.322768620000458341e-04 1.613555900000000598e+00 1.617706297579999841e+00
1.089000000000000043e-04 1.612230970307000133e+00 1.615383099999999628e+00 -8.504549899997558386e-04
1.091999999999999980e-04 1.730575908999934607e-03 -1.614825961959999834e+00 1.616036300000000203e+00
1.097999999999999991e-04 1.612415444024000166e+00 1.615875100000000231e+00 5.160366429999242374e-04
1.106000000000000049e-04 1.616888595199999834e+00 1.613372800000000051e+00 1.420178492999996100e-03
1.106000000000000049e-04 -1.613743351664000070e+00 2.532815579999984999e-03 -1.614273342990000026e+00
1.106999999999999938e-04 1.614108007716999804e+00 -1.613021830609999707e+00 -1.382120069999814242e-03
1.106999999999999938e-04 2.487751411000250611e-03 1.612823499999999743e+00 1.613821957700000143e+00
1.106999999999999938e-04 -1.615839043440000067e+00 1.338903420000175926e-03 1.612161642299999809e+00
1.108999999999999987e-04 1.619248434504000134e+00 -2.822691360000212368e-03 -1.613131631519999942e+00
1.111000000000000035e-04 -1.597292048592000135e+00 6.634697699999456133e-04 -1.596914197288999748e+00
1.112000000000000060e-04 1.587468825480000456e+00 2.820539200001997114e-04 -1.604682335330999798e+00
1.123999999999999945e-04 1.621089017875999572e+00 7.862729060001683035e-04 1.600134088289999923e+00
1.125999999999999994e-04 1.614811799920999880e+00 -2.250752500000674505e-04 -1.614554505839999932e+00
1.127000000000000018e-04 1.439082307000119285e-03 -1.614486562870000030e+00 1.613381482599999917e+00
1.128000000000000042e-04 1.010875787999906267e-03 -1.615047765219999931e+00 1.613941084920000435e+00
1.129999999999999955e-04 -1.612291090512000036e+00 2.861697300000631827e-04 1.614016700000000082e+00
1.132000000000000004e-04 -1.881704589999817550e-03 -1.596595612708000100e+00 -1.594605705960000286e+00
1.133000000000000028e-04 -1.617981295279999898e+00 1.607376253918000319e+00 -6.918835869999889754e-03
1.141999999999999976e-04 1.622234406690000075e+00 -1.608448053917999943e+00 8.431510939999969922e-03
1.143000000000000000e-04 -1.617510730917000039e+00 1.601161716418000314e+00 -1.116285184999979418e-02
1.149000000000000010e-04 1.612337068206999735e+00 1.615348900000000310e+00 -1.241731599999351676e-04
1.149000000000000010e-04 -1.614436215350000037e+00 2.353852109000215131e-03 1.616544900000000062e+00
1.152999999999999972e-04 -1.614876138743199352e+00 -1.556028839999955976e-03 1.612537500000000179e+00
1.157999999999999958e-04 -1.232889268899980007e-03 1.614845199999999981e+00 -1.612546076999999745e+00
1.160000000000000007e-04 -7.096440500001243183e-04 1.615066600000000019e+00 1.614113100000000189e+00
1.160000000000000007e-04 -1.614920975420000238e+00 2.769444919999898558e-03 1.613336299999999834e+00
1.160000000000000007e-04 1.613493636119999852e+00 1.613662699999999894e+00 1.951201839999853593e-03
1.163999999999999969e-04 1.614010352820000271e+00 -1.612930315315299845e+00 7.591315199999182535e-04
1.163999999999999969e-04 1.615205292849999807e+00 1.613689600000000057e+00 1.734934900000928426e-04
1.166000000000000017e-04 1.616623038868000073e+00 -1.614101426519999993e+00 7.597119000005148060e-05
1.168999999999999955e-04 1.404729448999941788e-03 -1.613952555889999640e+00 1.614204500000000042e+00
1.169999999999999979e-04 -1.613188666876999910e+00 -9.116784110000941688e-04 -1.612933906979999943e+00
1.172000000000000027e-04 -1.613853420000167186e-03 -1.615718812739999954e+00 -1.613906901760000068e+00
1.173999999999999941e-04 -1.614556600273000075e+00 -1.281815565999461226e-03 -1.615056073479999910e+00
1.178000000000000038e-04 -1.617732573660999762e+00 1.613895299999999811e+00 -2.411844320000078312e-03
1.178000000000000038e-04 1.614964003284000027e+00 -4.580328900000707470e-04 1.614119483840000147e+00
1.179000000000000062e-04 -1.596458600492999924e+00 1.596256399999999465e+00 4.081610820001191353e-04
1.183000000000000024e-04 -1.625417264507999837e+00 -1.601139135449999529e+00 -1.848925300002328062e-04
1.184999999999999937e-04 -3.023464220001014706e-04 1.595726399999999989e+00 1.596679700000000146e+00
1.188000000000000010e-04 -6.415570739999685440e-04 1.605174700000000065e+00 1.605998899999999896e+00
1.189000000000000034e-04 1.071004761100256570e-03 -1.610515578122699853e+00 -1.612999083592100202e+00
1.190000000000000058e-04 -1.616316417708099973e+00 7.984197700000299214e-03 -1.605672684980000264e+00
1.191999999999999971e-04 -1.403040659999960646e-03 -1.612987664600000315e+00 1.614339900000000050e+00
1.192999999999999996e-04 1.612943502626000170e+00 -9.803008770001286898e-04 -1.613830551409999758e+00
1.197999999999999982e-04 -1.614399537965000020e+00 1.615803000000000544e+00 5.312146000014186797e-05
1.199000000000000006e-04 1.615925359461999999e+00 1.614135808099999680e+00 -3.137671988000023671e-03
1.199000000000000006e-04 -1.990463580003856616e-04 1.597793819629999890e+00 -1.593026044169999933e+00
1.200000000000000030e-04 3.249599600000374622e-04 1.605384728260000005e+00 1.587836393899999976e+00
1.201000000000000055e-04 -1.616566024182999994e+00 1.450335365000009202e-02 -1.604827802930000047e+00
1.201999999999999943e-04 -7.090591200001328254e-04 1.615204101460000041e+00 1.613669499999999868e+00
1.202999999999999968e-04 5.498292600001897235e-04 -1.617660528480000082e+00 -1.616521777109999780e+00
1.205000000000000016e-04 1.612344157333000183e+00 1.434394579999780268e-03 -1.615236601550000373e+00
1.206000000000000041e-04 3.196418989998539009e-04 1.614944760249999778e+00 -1.615400417350000062e+00
1.212000000000000051e-04 -1.615416108221999769e+00 1.615727393140000245e+00 -1.663244660000039784e-03
1.212999999999999940e-04 -1.615036282430999837e+00 1.615146359110000152e+00 -7.084997699999817655e-04
1.218000000000000061e-04 1.618704707776000173e+00 -1.616798209870000003e+00 3.289699299999782056e-04
1.218999999999999950e-04 -1.276740229999573373e-04 1.595652520599999846e+00 1.595335055160000071e+00
1.218999999999999950e-04 -3.291104209999558966e-04 1.606091883559999989e+00 1.605215396959999818e+00
1.221000000000000134e-04 1.615961629384000009e+00 1.467760000000014470e-02 -1.599548506389999902e+00
1.221999999999999888e-04 -1.595454368850000249e+00 1.596094875543000224e+00 5.677358700001591384e-04
1.222999999999999912e-04 -8.223692429799804582e-03 -1.604191417880000081e+00 1.613864931269999747e+00
1.222999999999999912e-04 -1.543307989999850166e-03 -1.613603166959999946e+00 -1.614542065659999803e+00
1.223999999999999936e-04 -2.368954400001153232e-04 1.616524307907099889e+00 1.615225779910000270e+00
1.225999999999999985e-04 -2.680515400001748372e-04 -1.613542459829999665e+00 1.614914099999999797e+00
1.225999999999999985e-04 -1.614611578729999941e+00 -1.614816829000000231e+00 1.340617830000168098e-03
1.225999999999999985e-04 -1.614887160839999947e+00 -1.692611440000049098e-03 1.615093399999999901e+00
1.227000000000000009e-04 2.681883399998641337e-04 1.614845542940000156e+00 -1.620679700339999751e+00
1.231000000000000106e-04 -1.617028667640999950e+00 1.827999999998971073e-04 -1.608579554119999866e+00
1.232999999999999884e-04 1.611915999930999988e+00 -1.616421060246999719e+00 -3.565525999998948176e-04
1.236999999999999981e-04 -1.613395373880000205e+00 4.677731599999103429e-04 -1.615131641769999682e+00
1.236999999999999981e-04 1.612364174783999626e+00 -1.614479209019999972e+00 -3.439891960000088580e-03
1.238000000000000005e-04 -1.611505832452000186e+00 -3.314414600000584708e-04 -1.612611020765999825e+00
1.238000000000000005e-04 -1.519179794000090128e-03 -1.614620639761999987e+00 -1.616083859813999934e+00
1.238000000000000005e-04 -1.615091045626299904e+00 -7.324640100000879422e-04 1.615185711650000133e+00
1.243000000000000127e-04 -1.615791292477700036e+00 -2.357291930000060542e-03 -1.616577092520000036e+00
1.243000000000000127e-04 1.612205348443999764e+00 1.615238325099999983e+00 -1.361041530000082784e-03
1.243999999999999880e-04 -1.374746439997238338e-04 -1.613689602296999759e+00 1.613870563069999875e+00
1.245999999999999929e-04 1.614513887876000364e+00 -4.499812599999698098e-04 1.615959136929999929e+00
1.246999999999999953e-04 -9.741883000004731034e-05 -1.595859426250000102e+00 -1.595136758630999907e+00
1.250000000000000026e-04 1.616859785719999554e+00 -1.625366176118000050e+00 -1.065276434900011213e-02
1.257999999999999949e-04 -1.612577703839999987e+00 -1.618942400307000096e+00 -2.613424299999925551e-04
1.257999999999999949e-04 1.595065667190000092e+00 4.688962500000878018e-04 -1.595897676469999915e+00
1.257999999999999949e-04 -1.604529602850000458e+00 1.618580157659999852e+00 -1.107486849000007857e-02
1.259999999999999998e-04 1.681667106000164997e-03 1.614147110979999855e+00 -1.615304721279999800e+00
1.266999999999999897e-04 -4.570982480002221582e-04 -1.614673568910000023e+00 -1.617332459716000148e+00
1.269999999999999970e-04 -1.614529512486000185e+00 -1.613616998869999986e+00 -1.247739773999824182e-03
1.269999999999999970e-04 -1.614360861291999738e+00 -1.197677769999815935e-03 -1.616539334689999885e+00
1.276000000000000116e-04 -1.597141275878000144e+00 1.594943750679999939e+00 2.899953000000676795e-04
1.279999999999999942e-04 1.591064415298000245e+00 1.609005099999999855e+00 -4.569018569999984923e-03
1.287000000000000112e-04 -1.593158606890000106e+00 1.605884972360000162e+00 9.837670999998660015e-05
1.289999999999999914e-04 -9.227606110000063921e-03 1.627280995110000017e+00 1.616029598919999977e+00
1.290999999999999938e-04 -7.822623299999992633e-04 1.616026695570000005e+00 1.615898657089999801e+00
1.295000000000000036e-04 1.613357614982000143e+00 1.518698260000025599e-03 -1.612838747850000143e+00
1.297000000000000084e-04 -1.612880408301999857e+00 -1.614342715979999898e+00 -2.079390999997631113e-04
1.298000000000000109e-04 -1.531277000019161047e-05 1.613754311300000133e+00 1.613910938610000123e+00
1.303999999999999983e-04 1.616226183587999854e+00 -1.614621936109999822e+00 4.051153999994278401e-05
1.305000000000000008e-04 1.615101053902000316e+00 -2.663657000035119307e-05 -1.613272720570000374e+00
1.310000000000000129e-04 1.616004999510000317e+00 1.616316291520000004e+00 1.382079319999954085e-04
1.310999999999999882e-04 2.762576309999856608e-03 1.614948887299999747e+00 -1.616729848051999818e+00
1.316000000000000004e-04 4.045183100000063290e-05 -1.612543705579999820e+00 -1.615025564199999986e+00
1.321999999999999879e-04 5.863593513999879395e-04 1.614949466390000143e+00 -1.618574570206999796e+00
1.321999999999999879e-04 -1.595667951842400178e+00 -1.595550327549999370e+00 -2.526742129999963709e-04
1.323999999999999927e-04 -1.613079040919999985e+00 -1.613647422180000124e+00 -8.481540699999796061e-04
1.323999999999999927e-04 -7.667636370000062082e-03 1.603560199999999769e+00 1.616707410540000112e+00
1.329000000000000049e-04 1.611900213580000019e+00 1.627613949999850897e-03 1.613316259980000389e+00
1.333999999999999899e-04 4.653924759997945040e-04 -1.613883792580000032e+00 -1.612548096410000298e+00
1.337999999999999997e-04 -1.613479360505999605e+00 -6.389999999988288729e-05 1.614190887870000202e+00
1.342000000000000094e-04 -1.615230787290000247e+00 -1.430636569999845387e-03 1.614187555029999555e+00
1.343000000000000118e-04 -1.615768412989999847e+00 -1.614112729988999906e+00 1.405270540000363999e-03
1.343999999999999871e-04 -1.618358827410000256e+00 -1.615882868020000140e+00 2.426507099999899910e-03
1.345999999999999920e-04 1.147287900000423019e-04 -1.615452006932000195e+00 1.612674366290000050e+00
1.346999999999999944e-04 -1.614467603480000069e+00 -1.632752240000067898e-03 1.615575051660000039e+00
1.354000000000000114e-04 -1.615646421610000161e+00 -7.437784099998678844e-04 1.615366939909999466e+00
1.354999999999999868e-04 -1.615688347189999874e+00 -2.477547799999758361e-04 1.615469237579999939e+00
1.354999999999999868e-04 -1.615840653319999820e+00 -8.395476000000153330e-05 -1.612037748449999697e+00
1.354999999999999868e-04 -2.449083493999838334e-03 -1.615146742959999937e+00 -1.613852413770000105e+00
1.357999999999999941e-04 -9.651184400000512031e-04 -1.615154315619999892e+00 1.613062057120000059e+00
1.359999999999999989e-04 -3.315480899999667663e-04 -1.615718775880000013e+00 -1.613718353010000106e+00
1.361000000000000014e-04 1.615966724469999782e+00 -1.396049309999991724e-03 -1.615640051009999745e+00
1.361000000000000014e-04 6.865633499999138772e-04 1.612915099999999935e+00 -1.615524999230000036e+00
1.364000000000000087e-04 -1.613487135079999968e+00 6.981889999999142324e-04 -1.615307599850000386e+00
1.365000000000000111e-04 -1.613612927339999725e+00 3.116611197999976258e-03 1.614047801009999894e+00
1.365000000000000111e-04 1.609813350060000037e+00 -3.154494529999957858e-03 1.613293873779999554e+00
1.366000000000000135e-04 -1.614075043459999970e+00 1.899507799989685539e-05 1.615270155960000009e+00
1.372000000000000010e-04 -1.613719806600000028e+00 -1.613155547599999906e+00 1.236789250000074752e-03
1.375000000000000083e-04 1.594564656741999986e+00 -6.408593699998980410e-04 -1.595100501690000172e+00
1.375000000000000083e-04 -1.602148156741999951e+00 -1.616779287050000180e+00 -1.090230251000008123e-02
1.376000000000000107e-04 1.594749631650999921e+00 -1.087176123999985655e-03 1.594669090140000023e+00
1.377000000000000131e-04 9.483117878999891212e-03 1.613056299999999776e+00 1.625404212229999867e+00
1.377999999999999885e-04 8.505441600004516427e-04 1.613849599999999995e+00 -1.611405039679999707e+00
1.379999999999999933e-04 -9.132968000016275165e-05 1.596202799999999922e+00 1.595754992479999412e+00
1.386000000000000079e-04 1.601695757240999995e+00 1.609951178419999795e+00 1.030945714900038598e-02
1.392999999999999978e-04 1.060910697899969737e-02 -1.602707125980000091e+00 -1.614142602539999860e+00
1.395000000000000027e-04 1.610843569470000070e+00 -1.611858536610000225e+00 1.787009399999865255e-03
1.396000000000000051e-04 4.688128420000181942e-03 -1.616218412140000282e+00 1.611361666969999940e+00
1.404999999999999999e-04 -1.617603413180000116e+00 -8.127259699998168330e-04 1.615326051620000092e+00
1.409000000000000096e-04 1.615364229649999928e+00 -8.623026369999676512e-04 -1.614219719337000258e+00
1.410000000000000120e-04 1.617442912110000020e+00 -4.387458470002511199e-04 -1.613608491792999811e+00
1.412999999999999922e-04 -1.615444069690000095e+00 1.612709000000000170e+00 6.264462199997433700e-04
1.413999999999999947e-04 1.616683869690000108e+00 -1.615795180720000168e+00 -6.045229999998014137e-04
1.415999999999999995e-04 1.615005492809999499e+00 -6.064253900001370656e-04 -1.614044223819999679e+00
1.425999999999999967e-04 1.438192450000042033e-03 1.613601700000000028e+00 -1.615129870780000143e+00
1.425999999999999967e-04 -1.594154196799999923e+00 1.597801100000000085e+00 -1.321406389999973952e-03
1.426999999999999992e-04 -1.604866112989999927e+00 -1.586814614450000160e+00 -6.957039099999764043e-04
1.432999999999999866e-04 -1.625087787009999785e+00 -5.885990269999970964e-03 -1.615652277151999883e+00
1.432999999999999866e-04 1.627727627980000147e+00 6.969365970000137439e-03 1.623424600311999644e+00
1.440000000000000036e-04 -1.052493164199994058e-02 -1.608989622180000190e+00 -1.607205949450999816e+00
1.444000000000000134e-04 1.611618137989999866e+00 -1.620124910229999715e+00 -8.045791917999828985e-03
1.445999999999999911e-04 -1.614524738239999868e+00 1.621536328599999521e+00 6.317548144999927083e-03
1.445999999999999911e-04 -1.620849400000000440e+00 1.604259471400000248e+00 -7.501826741999933351e-03
1.446999999999999936e-04 1.625110551940000203e+00 -1.604526386099999868e+00 7.310500838999954738e-03
1.450000000000000009e-04 1.612156038870000030e+00 -1.620963962379999845e+00 -7.794348181999831426e-03
1.451000000000000033e-04 2.135731599998210058e-04 1.612316000000000304e+00 1.613281962439999884e+00
1.451000000000000033e-04 5.644483999998916625e-04 1.613563999999999554e+00 -1.613965783999999903e+00
1.452000000000000057e-04 1.614353085059999859e+00 1.239878659999789443e-03 1.613508932140000018e+00
1.458999999999999956e-04 1.615081910020000233e+00 7.132210100004332011e-04 1.614319684999999893e+00
1.459999999999999981e-04 -1.613288756210000008e+00 1.354380619999868800e-03 1.615627008279999721e+00
1.462000000000000029e-04 -1.596397015479999792e+00 1.597888999999999671e+00 -3.824796200000701862e-04
1.462000000000000029e-04 1.608096942580000244e+00 -1.611312731392999797e+00 1.606864710000072138e-03
1.466000000000000126e-04 -1.614726749839999975e+00 1.812218409999970161e-03 1.615219093319999910e+00
1.472000000000000001e-04 -1.167656550000143508e-03 1.613757699999999851e+00 -1.612442194019999775e+00
1.473000000000000025e-04 -1.614684926419999833e+00 1.850117290000180201e-03 1.612811063100000109e+00
1.476000000000000098e-04 -9.384422799999562158e-04 -1.613086816450000516e+00 -1.614021208940000118e+00
1.476000000000000098e-04 -2.227774749999696970e-03 -1.616386168898999998e+00 1.612545127639999798e+00
1.477999999999999876e-04 1.255155759999573677e-03 1.617984499999999493e+00 -1.617020727639999489e+00
1.478999999999999900e-04 -1.075455609999803608e-03 -1.614948225099999579e+00 -1.613740411750000048e+00
1.484000000000000022e-04 -1.615856200000000076e+00 1.612441899999999873e+00 -3.252090100001761661e-04
1.485000000000000046e-04 -1.614997900000000097e+00 -3.204081099997904171e-04 1.612941046040000881e+00
1.486000000000000070e-04 -1.479933981999819684e-03 1.614017500000000105e+00 1.614962629499999913e+00
1.491999999999999945e-04 -1.615849099999999927e+00 1.724626470000153750e-03 1.615324956279999835e+00
1.492999999999999969e-04 -9.095475119999304331e-04 1.614642899999999770e+00 -1.612281042150000232e+00
1.503999999999999966e-04 1.594903750892000094e+00 1.596508284180000237e+00 3.853593700000206880e-04
1.504999999999999990e-04 -1.606998350892000271e+00 -1.609802473149999802e+00 1.019620639999992400e-03
1.504999999999999990e-04 -7.896449180001252881e-04 -1.612156062290000191e+00 1.612622567789999906e+00
1.509000000000000087e-04 1.613862909769999909e+00 -1.145726600000340767e-04 1.614371503710000155e+00
1.515999999999999986e-04 -1.613273702499999906e+00 -3.511931200000650843e-04 1.615093200000000229e+00
1.515999999999999986e-04 1.613655091899999672e+00 -8.378420000000824999e-05 1.615659600000000085e+00
1.517000000000000011e-04 5.265277800000154728e-04 1.614280399999999727e+00 1.615913399999999944e+00
1.518000000000000035e-04 1.595745208280000105e+00 3.090582100001848520e-04 -1.594964753280000203e+00
1.521000000000000108e-04 -1.593139659059999991e+00 7.896501000000093889e-04 -1.610628151600000280e+00
1.522000000000000132e-04 -1.600052035449999854e+00 -7.552221699998907384e-04 -1.602908203701999934e+00
1.522999999999999886e-04 1.598936152190000293e+00 -1.615982242090000298e+00 -1.389850230800029895e-02
1.522999999999999886e-04 -1.612047219869999992e+00 -2.704599748999864106e-03 1.612931099999999951e+00
1.522999999999999886e-04 -1.614923600000000015e+00 -1.614623910140000174e+00 5.225413400002073064e-04
1.524999999999999934e-04 1.616590858839999978e+00 1.616229755079999997e+00 -6.673621299998376208e-04
1.530000000000000056e-04 -8.087913039998284592e-04 1.614925399999999955e+00 1.616956499999999908e+00
1.533999999999999882e-04 -4.697097760001933686e-04 1.614914002050000130e+00 -1.614176041840000408e+00
1.533999999999999882e-04 -1.614291999999999838e+00 1.407838079999897997e-03 -1.613992465910000007e+00
1.536999999999999955e-04 -1.615495600000000032e+00 1.003071779999998962e-03 1.612999983030000362e+00
1.537999999999999979e-04 1.612476206520000011e+00 1.613552175240000164e+00 -4.100250800000981855e-04
1.540000000000000028e-04 3.183291976999809165e-03 1.615073921919999655e+00 -1.614199780709999921e+00
1.547999999999999951e-04 -1.615097500000000075e+00 7.401086800000594712e-04 1.612764400000000098e+00
1.550000000000000000e-04 1.614450324880000176e+00 1.304786219999965347e-03 1.615511099999999756e+00
1.554000000000000097e-04 1.016891186399737027e-03 1.615019398999999911e+00 -1.615276468942000054e+00
1.556999999999999899e-04 9.306598780001985004e-04 1.614891032679999894e+00 1.613802000000000181e+00
1.556999999999999899e-04 1.613977415620000411e+00 1.535999999999954069e-03 1.614637399999999889e+00
1.558999999999999947e-04 6.676975800000914396e-04 1.614387711840000073e+00 -1.613410854830999996e+00
1.563000000000000045e-04 -1.613302100000000294e+00 1.659399999999838782e-03 -1.613708450479999890e+00
1.565000000000000093e-04 1.613533206750000115e+00 1.644733000001064038e-04 1.619301000000000101e+00
1.567999999999999895e-04 1.615022701020000007e+00 8.177000000000600455e-04 1.613851599999999831e+00
1.569999999999999944e-04 1.235924029999863061e-03 -1.613043449540000118e+00 1.614608599999999949e+00
1.570999999999999968e-04 1.611087795081000085e+00 -3.391163899999650316e-04 -1.617342034457000199e+00
1.570999999999999968e-04 1.597793443508999767e+00 -1.595960291400000175e+00 1.739500419999956415e-03
1.576000000000000090e-04 1.606056131430000367e+00 -1.605943922510000066e+00 -6.275472999995733610e-05
1.577000000000000114e-04 1.626304634819999873e+00 -1.326741732999994240e-02 1.616308203640000052e+00
1.577000000000000114e-04 -1.611099275830000233e+00 1.612005098510000067e+00 1.972340456999973832e-03
1.581999999999999964e-04 6.635858000000049994e-04 1.614157386739999867e+00 1.615033799999999742e+00
1.588000000000000110e-04 -9.267481000001520641e-04 -1.616069575470000075e+00 -1.616895454782000030e+00
1.589000000000000135e-04 1.614639189660000085e+00 -1.614769012080000010e+00 6.277638000000262258e-04
1.589999999999999888e-04 1.613922114370000216e+00 -1.613998503473000001e+00 1.313971728000010684e-03
1.590999999999999912e-04 1.114190649999887827e-03 -1.615184673779999969e+00 1.613828700000000005e+00
1.591999999999999936e-04 1.595909061515000005e+00 -1.522169769999945181e-03 1.597433100000000161e+00
1.592999999999999961e-04 1.605133065334999998e+00 -6.486020099999850741e-04 -1.587083654370000207e+00
1.599000000000000107e-04 1.626918839750000068e+00 1.616184277239999911e+00 -6.960202629999884261e-03
1.600000000000000131e-04 1.616153761950000156e+00 7.326620100000513780e-04 1.614059399999999922e+00
1.600999999999999884e-04 -1.613613066334000257e+00 -1.617198833455999907e+00 -1.884540970000022232e-03
1.603999999999999957e-04 1.613082968594000022e+00 -1.612030025381999909e+00 5.243505010000039726e-03
1.606000000000000006e-04 -1.615024561415999926e+00 -1.937595130000080434e-03 1.612729900000000161e+00
1.610000000000000103e-04 -1.613769423874000131e+00 -8.278873599998071153e-04 -1.612085391820999858e+00
1.611999999999999880e-04 1.616722069925999872e+00 -3.146967770000036468e-03 1.617748429560000201e+00
1.611999999999999880e-04 1.595756571523999856e+00 3.549495499999277826e-04 -1.596262210309999929e+00
1.613999999999999929e-04 -1.601314598590000138e+00 1.616935783590000231e+00 -1.055324387999981989e-02
1.613999999999999929e-04 -1.595607782170000100e+00 -4.209369000013297654e-05 1.595001200000000008e+00
1.614999999999999953e-04 -1.626178927329999802e+00 -1.615371655367000114e+00 1.196121269700006762e-02
1.615999999999999978e-04 -1.614574572680000486e+00 -1.090887939999840572e-03 -1.613756150604999995e+00
1.620000000000000075e-04 1.616836751035999997e+00 2.082766804000074634e-03 1.613517816450000364e+00
1.627999999999999998e-04 -1.595039446046000009e+00 -1.596824680920000183e+00 2.630904700001578285e-04
1.638999999999999995e-04 -1.156241708000002588e-02 -1.626537359449999887e+00 1.617794342089999837e+00
1.638999999999999995e-04 -1.616069534320000001e+00 -1.937828560000017224e-03 -1.612978064012999813e+00
1.638999999999999995e-04 1.612594783349999616e+00 -1.615436665767000068e+00 -1.122530600002153919e-04
1.644999999999999869e-04 -1.614101352780000109e+00 -1.098810690000074849e-03 1.613756449319999842e+00
1.647999999999999942e-04 1.616783382749999998e+00 5.952682699999801985e-04 -1.616340817740000046e+00
1.648999999999999967e-04 1.613784858130000277e+00 1.614048100000000208e+00 -1.002972370000053577e-03
1.649999999999999991e-04 -1.614857104850000225e+00 -2.630026379998873232e-04 -1.615198127975999931e+00
1.651000000000000015e-04 1.373424710000219684e-03 -1.613079163169999886e+00 1.612958899999999973e+00
1.657999999999999914e-04 -1.614468037500000008e+00 -1.615222886870000263e+00 1.411584499999458953e-04
1.658999999999999939e-04 -1.615115915860000140e+00 -1.384716149999965385e-03 -1.613515765010000047e+00
1.658999999999999939e-04 1.612503036360000142e+00 1.612911000000000206e+00 -5.871841800000332512e-04
1.659999999999999963e-04 -1.614330494269999861e+00 1.614795399999999770e+00 -5.380965700001612805e-04
1.660999999999999987e-04 -3.624245200002343577e-04 1.615368200000000254e+00 -1.614761301327000353e+00
1.666000000000000109e-04 -2.483463649999998260e-03 1.617095700000000136e+00 1.610847700000000104e+00
1.668999999999999911e-04 -1.614120538979999964e+00 -1.612518358241000094e+00 4.495578479999789989e-03
1.671999999999999984e-04 -6.980776399999940457e-04 1.613063800000000159e+00 1.612985700000000300e+00
1.674000000000000032e-04 -9.925108000005482788e-05 -1.615169681297000004e+00 1.614215863720000144e+00
1.677000000000000105e-04 1.615592753960000127e+00 1.663212110000117372e-03 -1.609031607690000421e+00
1.678000000000000129e-04 1.615028465970000049e+00 1.612449800000000266e+00 -1.268393990000008659e-03
1.680999999999999931e-04 1.615329669380000333e+00 9.114685500000315431e-04 1.613780900000000296e+00
1.681999999999999956e-04 1.596508077106999934e+00 3.550198899996701365e-04 -1.595111852859999679e+00
1.692999999999999952e-04 1.611701965352999810e+00 -8.660662799998379568e-04 1.590889052860000152e+00
1.697000000000000049e-04 -1.601100870622000016e+00 1.620388074660000122e+00 9.555894860000024860e-03
1.707000000000000021e-04 -1.613792418817999952e+00 1.613796319330000228e+00 -2.990959539999867370e-03
1.711000000000000118e-04 -1.614326557350000080e+00 1.615322251320000069e+00 2.307774900000558738e-04
1.711000000000000118e-04 -1.615364195419999982e+00 1.579500919999786163e-03 1.613935966600000160e+00
1.711999999999999872e-04 1.612285848200000204e+00 9.459185000000387873e-04 1.615413636620000037e+00
1.711999999999999872e-04 -4.308979800000112270e-04 1.617728206300000027e+00 -1.614587893030000165e+00
1.715999999999999969e-04 -1.614768982529999786e+00 1.614953000019999863e+00 -1.554369729999992202e-03
1.721000000000000090e-04 1.614795739850000134e+00 1.616350751079999926e+00 6.066588299999866457e-04
1.722999999999999868e-04 1.560664500000284033e-04 1.615894711169000075e+00 -1.614269257668000002e+00
1.731000000000000062e-04 -1.613502402870000019e+00 -1.613238028008399993e+00 -2.193377900000441187e-04
1.733000000000000111e-04 -1.615306701670000455e+00 -1.613458986159999942e+00 -1.096588239999862768e-03
1.733000000000000111e-04 -1.615474914990000066e+00 -1.614791490920000294e+00 -1.984225199999955017e-04
1.737999999999999962e-04 1.612041822140000136e+00 -1.615365477302999953e+00 7.451999999993907942e-05
1.738999999999999986e-04 1.865068909999831239e-03 1.614461982739999968e+00 -1.616001101872700296e+00
1.744000000000000107e-04 -1.614482858739999749e+00 1.613448835120000036e+00 -3.413937099999019183e-04
1.749999999999999982e-04 -1.472501149999973138e-03 -1.613405675680000151e+00 1.613435600000000303e+00
1.754000000000000079e-04 1.595115582459999848e+00 4.292999999998678082e-04 1.595590542960000358e+00
1.754000000000000079e-04 1.306932102999991407e-02 -1.616848630529999831e+00 -1.598768230561999903e+00
1.757999999999999906e-04 -1.595352094769999951e+00 2.358158999988700308e-05 1.594787543260000051e+00
1.758999999999999930e-04 -1.624782319289999721e+00 1.615310378609999820e+00 1.098242685000000440e-02
1.762000000000000003e-04 1.612251012650000481e+00 1.107927510000022986e-03 -1.612821707228000001e+00
1.765000000000000076e-04 -1.354106930000320563e-03 -1.615061943470000427e+00 -1.613490965255799381e+00
1.767000000000000124e-04 1.315783450000260636e-03 -1.613905162258999937e+00 1.610797999999999952e+00
1.767999999999999878e-04 7.556022699997341253e-04 1.615318507809999637e+00 1.615421322509999813e+00
1.767999999999999878e-04 -4.193794999952232816e-05 -1.614082268850000057e+00 1.614647142669999980e+00
1.770999999999999951e-04 1.613681460220000030e+00 -8.658650900000082647e-04 -1.612991257630999709e+00
1.771999999999999975e-04 1.614841354159999964e+00 -1.614639250150000205e+00 3.444843999961255676e-05
1.772999999999999999e-04 1.552561309999579003e-03 -1.615490333439999926e+00 -1.614038810398000123e+00
1.772999999999999999e-04 1.615089629139999872e+00 -1.399855367300281098e-03 1.614740500000000356e+00
1.774000000000000023e-04 1.615073979199999954e+00 -7.819391999999156587e-04 -1.614061260545999854e+00
1.776000000000000072e-04 1.615421210890000348e+00 1.613845600000000324e+00 -4.977572500003968337e-04
1.777000000000000096e-04 1.615818172367999850e+00 1.007264519999703355e-03 1.613226000000000049e+00
1.778999999999999874e-04 -1.612220746638000524e+00 1.614540004929999828e+00 5.774911099999668895e-04
1.778999999999999874e-04 1.615246146090000057e+00 -1.182399999999889095e-03 1.615976628259999881e+00
1.786000000000000044e-04 -1.612282097698000127e+00 -1.613475826509999767e+00 3.127306100001200732e-04
1.786000000000000044e-04 1.594985732667999923e+00 -1.596233673740000025e+00 4.809999999999450132e-04
1.788000000000000093e-04 -1.588580864659999925e+00 -1.605934140910000085e+00 1.218489299999736541e-04
1.789000000000000117e-04 -7.602643540000038683e-03 -1.626789364920000036e+00 -1.616563629394999868e+00
1.789000000000000117e-04 -3.359092999998876828e-04 1.611442499999999889e+00 -1.615272600880000464e+00
1.794999999999999992e-04 1.613670284120000131e+00 1.616271600000000364e+00 -2.473848320000221479e-03
1.794999999999999992e-04 1.441925340000048666e-03 -1.613029670056000509e+00 -1.614494381007000268e+00
1.799000000000000089e-04 1.615909758575999833e+00 -1.384555949999958027e-03 -1.618419524679999943e+00
1.800000000000000113e-04 1.982253139998996563e-04 -1.612350512440000161e+00 1.614040300000000094e+00
1.800999999999999867e-04 -1.613304197020000164e+00 -1.098402046999936120e-03 -1.614070710991999835e+00
1.802999999999999915e-04 1.613853620057300375e+00 1.612884500000000276e+00 -3.605115659000061000e-04
1.812000000000000134e-04 1.595661150772699877e+00 -2.283315999998536405e-05 -1.595926183080000227e+00
1.812999999999999887e-04 1.624815133200000261e+00 1.617382072070000065e+00 -1.299462890999988907e-02
1.816999999999999984e-04 1.597141133510000088e+00 -4.461066400000233967e-04 -1.596168450399999994e+00
1.818000000000000009e-04 1.343163502100011564e-02 1.617267477539999998e+00 1.600519250400000093e+00
1.821000000000000082e-04 1.616115128110999777e+00 1.617233095699999845e+00 6.179858419998462971e-04
1.823999999999999884e-04 2.419128659000016439e-03 1.614700281009999738e+00 1.613307999999999964e+00
1.823999999999999884e-04 -1.612059804340000069e+00 -1.613003009219999839e+00 8.335506799999614636e-04
1.825999999999999932e-04 -1.595854382260000204e+00 5.990637200000777270e-04 1.596015900000000265e+00
1.825999999999999932e-04 -9.080303999999936662e-03 -1.601875393310000062e+00 1.611427366600000077e+00
1.832000000000000078e-04 -1.619743477809999943e+00 -9.571193496000086898e-03 -1.605003235469999900e+00
1.833000000000000102e-04 -1.596470189600000200e+00 1.595043563999999803e+00 3.813903099997789994e-04
1.834000000000000127e-04 -1.606380437989999965e+00 1.605072210690000389e+00 1.621053400000657067e-04
1.834999999999999880e-04 1.587535625966999930e+00 1.607081309849999862e+00 1.791628600000538807e-04
1.835999999999999904e-04 -1.606433823666999938e+00 1.425279891999994483e-02 1.616497206930000097e+00
1.841000000000000026e-04 -2.422439259999844326e-03 -1.612509082577999742e+00 -1.613180071192400034e+00
1.841000000000000026e-04 -1.614555487580000559e+00 1.613279378620000148e+00 -3.455477299999869766e-04
1.853000000000000046e-04 -1.615375501189999952e+00 1.614293065249999826e+00 -3.850483100001633741e-04
1.857999999999999897e-04 -1.615451630220000157e+00 1.298800000000265541e-03 1.614042222800000204e+00
1.859999999999999945e-04 -1.615814277789999753e+00 -1.612978408010000031e+00 1.073686469999807214e-03
1.860999999999999970e-04 -3.872059960000503315e-03 -1.614161453027000315e+00 -1.613023826513199310e+00
1.861999999999999994e-04 1.615089476670000135e+00 -9.374999999997996047e-04 -1.614269082589999904e+00
1.861999999999999994e-04 -1.613548482770000181e+00 -7.324642200000042701e-04 -1.615246020669999893e+00
1.864000000000000043e-04 8.962005500001120686e-04 -1.617324682970999961e+00 -1.616853431740000069e+00
1.866000000000000091e-04 -7.320783799998876150e-04 -1.614875802872000499e+00 -1.615072216939999805e+00
1.867000000000000116e-04 -1.614360496169999992e+00 -1.615753153895999938e+00 -1.470612980000132741e-03
1.867999999999999869e-04 -1.615493983260000155e+00 -1.615051341250000050e+00 -1.001504350000167153e-03
1.869999999999999917e-04 1.609882378119000146e+00 -1.930264839999904815e-03 -1.614257862600000148e+00
1.869999999999999917e-04 -7.626828999933530501e-06 1.616104399999999996e+00 -1.616012319499999572e+00
1.875000000000000039e-04 6.787268100002770768e-04 1.612648052189999959e+00 1.612140489599999782e+00
1.878999999999999865e-04 -2.525221340000196636e-03 -1.615657487650000279e+00 -1.612569578120000013e+00
1.879999999999999890e-04 1.596973158830000017e+00 1.595439716750000070e+00 -2.473931157999907822e-03
1.880999999999999914e-04 -1.602104182469999971e+00 1.041781386999986875e-02 1.616916699999999985e+00
1.881999999999999938e-04 -1.618015263629999811e+00 1.616405642960000222e+00 -1.638403499999980736e-03
1.887000000000000060e-04 1.615467313549999950e+00 1.616325468889999506e+00 3.774293499999494678e-04
1.887000000000000060e-04 -2.290244300000854327e-04 -1.595454964880000270e+00 1.595590699999999806e+00
1.889000000000000108e-04 -1.602783574610000095e+00 1.591144499999999740e+00 1.028636596600014490e-02
1.890000000000000133e-04 -5.565457909999482235e-03 1.599967084019999763e+00 -1.594825820720000120e+00
1.892999999999999934e-04 -2.395491940000101221e-03 -1.591640101200999968e+00 -1.612577406919999845e+00
1.892999999999999934e-04 1.613326826180000229e+00 -1.618522566259999795e+00 -7.408086013999937852e-03
1.892999999999999934e-04 -1.612769926179999924e+00 -1.614333975239999885e+00 -2.086701331000112569e-03
1.897000000000000032e-04 -2.405616299997748175e-04 -1.615680800873000367e+00 1.613554199999999383e+00
1.900000000000000105e-04 -1.596030801760000228e+00 -1.595825468560000182e+00 5.187543200002309174e-04
1.901000000000000129e-04 -1.609268498240000067e+00 -1.611694302880000151e+00 4.274539087999643105e-03
1.903999999999999931e-04 1.611400774000000258e+00 1.614509527350000084e+00 -4.186963130999921123e-03
1.903999999999999931e-04 1.602607842339999644e+00 -1.144043836999994457e-02 -1.619526029221999952e+00
1.905999999999999979e-04 1.614803256200000092e+00 1.613407199999999708e+00 1.190328343000091049e-03
1.908000000000000028e-04 1.614944775779999731e+00 7.018546900001893830e-04 -1.614974273820000361e+00
1.912000000000000125e-04 -1.617279090770000316e+00 4.189281999966362746e-05 1.617284900000000025e+00
1.914999999999999927e-04 7.668625400003015180e-04 1.614048000000000371e+00 1.613678000000000168e+00
1.916999999999999976e-04 1.614242574659999985e+00 1.615764892819999687e+00 1.224228226999584009e-03
1.918000000000000000e-04 8.962457199997997392e-04 1.614829733740000162e+00 -1.613595856169999898e+00
1.921000000000000073e-04 1.614418349600000191e+00 1.615685599219999879e+00 -8.504910643999253738e-04
1.924999999999999899e-04 -1.609249570679999852e+00 4.628477150000106718e-03 -1.614398022160000279e+00
1.926999999999999948e-04 -6.675275700002744183e-04 -1.596088108410000039e+00 1.594276531529999819e+00
1.927999999999999972e-04 -1.337873499999142624e-04 -1.604850768599999977e+00 -1.587944978249999917e+00
1.927999999999999972e-04 -1.615775876610000106e+00 1.597995563089999793e+00 -8.805215287999879070e-03
1.928999999999999996e-04 -1.615501566890000351e+00 -4.695287799993119737e-04 1.613250547810000324e+00
1.932000000000000069e-04 1.612503177250000252e+00 -3.812728600001333810e-04 1.614736599999999855e+00
1.934000000000000118e-04 -3.944285930000066172e-03 1.614353696419999817e+00 1.615175500000000097e+00
1.934999999999999871e-04 1.392319689999865122e-03 1.614974008309999931e+00 1.615684200000000015e+00
1.939999999999999993e-04 -1.614059461670000140e+00 1.465299999999836178e-03 1.615473000000000159e+00
1.939999999999999993e-04 -5.035302299999675022e-04 1.595775875099999741e+00 1.596508099999999875e+00
1.942000000000000041e-04 -1.616035600000000017e+00 1.153127416000010452e-02 1.624996334320000235e+00
1.944000000000000090e-04 1.615642385020000127e+00 -3.177000000000096414e-03 1.619798628259999873e+00
1.948999999999999940e-04 -1.616557978329999923e+00 4.668413870000071714e-03 1.614486507520000114e+00
1.950999999999999989e-04 -7.133535620000019950e-04 1.614072103639999867e+00 1.615164095409999945e+00
1.954000000000000062e-04 -1.614881500000000081e+00 1.279699999999992129e-03 1.615600477539999691e+00
1.955000000000000086e-04 -4.904829669999141543e-04 -1.613396176180000197e+00 1.616478221339999966e+00
1.955000000000000086e-04 2.823212110000914050e-04 1.616735064910000075e+00 -1.617946848680000160e+00
1.964000000000000034e-04 1.612703350400000346e+00 1.614965557849999955e+00 1.427299999999981188e-03
1.967000000000000107e-04 1.614013456249999923e+00 -1.612984743639999774e+00 9.192573999999703593e-04
1.977000000000000079e-04 -1.612880701720000198e+00 -1.613880338059999975e+00 3.624896900000667589e-04
1.981999999999999929e-04 -1.445768337999609474e-03 -1.616086839650000329e+00 -1.613697059029999714e+00
1.988000000000000075e-04 1.597480809800000179e+00 -5.049999999999009274e-04 -1.598032302340000488e+00
1.990000000000000124e-04 1.079556859999974971e-02 -1.617027310630000159e+00 1.604003948100000354e+00
1.991999999999999901e-04 1.616245493999999949e+00 -1.618092948859999769e+00 -3.070867379999985599e-03
1.992999999999999926e-04 1.614848735740000318e+00 -1.615780049847999944e+00 -2.022169400002493678e-04
1.997000000000000023e-04 1.136874070000098991e-03 1.612031299999999945e+00 -1.614393326231999826e+00
1.998000000000000047e-04 1.614784240629999701e+00 -1.614624250439000042e+00 -1.125400749999921901e-03
2.000000000000000096e-04 -1.594486191899999961e+00 1.868426800000792462e-04 1.595743157660000300e+00
2.001000000000000120e-04 -1.622604281590000586e+00 1.613598399999999877e+00 1.279843370000007148e-02
2.002999999999999898e-04 -1.596733243509999456e+00 1.968599999999809651e-03 -1.594659933736000124e+00
2.003999999999999922e-04 -1.665108721000031419e-02 1.614738317896000197e+00 1.600694606595999936e+00
2.003999999999999922e-04 1.599304187809999833e+00 -1.592491890809999866e+00 -6.063000000000482934e-04
2.004999999999999946e-04 -1.602802450490000030e+00 -1.179888555000019323e-02 1.617225776660000225e+00
2.004999999999999946e-04 -1.595405661290000054e+00 -1.595241622499999679e+00 2.249999999989673455e-05
2.005999999999999971e-04 1.609756427439999582e+00 1.609436063670000028e+00 2.807907519999987625e-03
2.008000000000000019e-04 -1.615852084669999744e+00 -4.795310349999913277e-03 1.614860447849999936e+00
2.008000000000000019e-04 -1.567804886000056207e-03 -1.593463863420000237e+00 1.596950521040000126e+00
2.008000000000000019e-04 -1.106379530000035395e-03 -1.614074945300000063e+00 1.611869679819999845e+00
2.009000000000000044e-04 9.881077600000065086e-04 1.620205206350000093e+00 -1.619689722759999784e+00
2.010000000000000068e-04 -1.605741399999999874e+00 -1.049440523000003817e-02 1.614677320459000143e+00
2.014999999999999918e-04 -8.779581509999981326e-03 -1.616680011529999739e+00 1.622924896530000272e+00
2.014999999999999918e-04 1.594886685207999921e+00 -1.597801127299999902e+00 1.807800000000035594e-03
2.019000000000000016e-04 1.080330382199979830e-02 -1.626430407320000215e+00 1.617874183840000146e+00
2.020000000000000040e-04 4.080360499999916360e-04 1.611736099999999894e+00 1.615676934280000143e+00
2.025999999999999915e-04 1.614185363080000046e+00 -2.287556399999351835e-04 1.615864160500000146e+00
