# t
0.000000000000000000e+00
2.764718599999999956e-12
2.386404699999999896e-11
3.378239200000000298e-11
5.568539199999999961e-11
5.726986499999999934e-11
6.046692500000000107e-11
7.022950100000000218e-11
7.044579899999999799e-11
8.416101199999999940e-11
9.106803200000000323e-11
1.222340700000000109e-10
1.420191500000000048e-10
1.424119199999999993e-10
1.599034299999999880e-10
1.622112300000000005e-10
1.665363800000000049e-10
1.717253000000000119e-10
1.789370899999999920e-10
1.806818399999999926e-10
1.836381900000000007e-10
1.910553700000000129e-10
2.055911700000000011e-10
2.075820999999999929e-10
2.120012999999999925e-10
2.184850099999999885e-10
2.228447199999999875e-10
2.295084399999999954e-10
2.302376800000000029e-10
2.520444899999999840e-10
2.523111000000000201e-10
2.725482700000000014e-10
2.762791399999999960e-10
2.793018600000000213e-10
2.799812800000000140e-10
2.927759400000000047e-10
2.957558800000000207e-10
2.998151300000000241e-10
3.248815499999999967e-10
3.260339900000000002e-10
3.433050599999999932e-10
3.448437800000000059e-10
3.450992300000000104e-10
3.487989200000000229e-10
3.535854999999999780e-10
3.674249100000000131e-10
3.709505999999999804e-10
3.740284800000000013e-10
3.838642000000000009e-10
3.870877999999999751e-10
3.916634599999999759e-10
4.001578600000000225e-10
4.099600899999999861e-10
4.184613200000000076e-10
4.226946699999999846e-10
4.324142600000000126e-10
4.361287900000000097e-10
4.365252199999999973e-10
4.390430099999999831e-10
4.453365600000000146e-10
4.480623499999999753e-10
4.534403400000000025e-10
4.639193499999999858e-10
4.647351100000000231e-10
4.771836000000000105e-10
4.867452999999999487e-10
4.902164399999999496e-10
4.955477700000000026e-10
4.986738899999999533e-10
5.123459299999999577e-10
5.332646399999999664e-10
5.435742399999999822e-10
5.569077600000000439e-10
5.585384000000000241e-10
5.621542499999999771e-10
5.725958300000000021e-10
5.778230300000000314e-10
5.902934899999999706e-10
5.956177700000000509e-10
6.071266300000000335e-10
6.104167400000000024e-10
6.138302100000000452e-10
6.249127300000000285e-10
6.254975199999999756e-10
6.425823400000000510e-10
6.601456600000000437e-10
6.637965400000000169e-10
6.691360300000000241e-10
6.712550499999999897e-10
6.877828999999999701e-10
6.919236599999999933e-10
6.941451099999999577e-10
6.952534100000000458e-10
7.041889199999999713e-10
7.046215499999999696e-10
7.330684099999999819e-10
7.347570200000000159e-10
7.351484899999999837e-10
7.352646599999999784e-10
7.487001900000000290e-10
7.510845000000000444e-10
7.555579100000000210e-10
7.559188700000000445e-10
7.559956200000000050e-10
7.564809700000000378e-10
7.609798999999999604e-10
7.721145099999999636e-10
7.800536099999999615e-10
7.818613799999999713e-10
7.876075600000000210e-10
7.906450700000000150e-10
7.935292199999999879e-10
7.937401399999999941e-10
7.938780799999999800e-10
7.941060700000000302e-10
7.960643899999999512e-10
8.011999799999999979e-10
8.068731600000000418e-10
8.246767300000000017e-10
8.279856899999999824e-10
8.312506100000000278e-10
8.388631100000000364e-10
8.605456400000000070e-10
8.693088300000000300e-10
8.722680399999999830e-10
8.767544200000000409e-10
9.075468700000000507e-10
9.101234800000000510e-10
9.187881399999999742e-10
9.200273799999999882e-10
9.352546299999999989e-10
9.440056399999999442e-10
9.455628299999999819e-10
9.587668299999999293e-10
9.689334599999999894e-10
9.695191300000000308e-10
9.730873999999999954e-10
9.745129999999999000e-10
9.801395599999999927e-10
9.827652000000000299e-10
9.837658099999999521e-10
9.881668999999999535e-10
9.887316599999999055e-10
9.930884799999999811e-10
9.974579399999999086e-10
1.006380300000000088e-09
1.007779500000000056e-09
1.008739500000000020e-09
1.020395699999999986e-09
1.035205899999999919e-09
1.038941999999999947e-09
1.044585799999999911e-09
1.058009100000000074e-09
1.059555500000000023e-09
1.060601099999999976e-09
1.061072300000000048e-09
1.072017899999999936e-09
1.079256000000000021e-09
1.080107599999999965e-09
1.080476400000000068e-09
1.081594800000000067e-09
1.083945600000000009e-09
1.087760599999999959e-09
1.098573100000000018e-09
1.100659699999999906e-09
1.100807099999999951e-09
1.110196899999999996e-09
1.113784400000000011e-09
1.127862400000000012e-09
1.128917699999999955e-09
1.132036799999999964e-09
1.137844199999999966e-09
1.143754300000000032e-09
1.148617499999999937e-09
1.161713200000000103e-09
1.164098099999999955e-09
1.164392599999999948e-09
1.170474800000000074e-09
1.173641700000000017e-09
1.197447199999999972e-09
1.197460599999999900e-09
1.218053799999999916e-09
1.220986699999999919e-09
1.222184600000000031e-09
1.222555200000000088e-09
1.226962000000000090e-09
1.231453399999999969e-09
1.237500099999999946e-09
1.240907299999999975e-09
1.240912899999999899e-09
1.245854200000000092e-09
1.251936999999999996e-09
1.253800499999999904e-09
1.255370699999999994e-09
1.255772500000000070e-09
1.258879800000000039e-09
1.278578699999999941e-09
1.282955400000000067e-09
1.288103500000000007e-09
1.293557500000000059e-09
1.294452200000000093e-09
1.301394600000000009e-09
1.301649899999999914e-09
1.306195200000000018e-09
1.310774500000000001e-09
1.312920600000000037e-09
1.315640299999999908e-09
1.317127100000000089e-09
1.319729800000000093e-09
1.323326499999999938e-09
1.336384199999999985e-09
1.348668700000000058e-09
1.348818899999999961e-09
1.352172799999999957e-09
1.358944000000000100e-09
1.359550799999999970e-09
1.360750500000000036e-09
1.366013299999999936e-09
1.368834099999999981e-09
1.370385300000000012e-09
1.373925799999999933e-09
1.379473500000000075e-09
1.389397999999999962e-09
1.394471900000000031e-09
1.406388900000000001e-09
1.415455500000000003e-09
1.415664600000000071e-09
1.415821299999999978e-09
1.430516600000000093e-09
1.432103100000000003e-09
1.446422500000000027e-09
1.452907800000000023e-09
1.455649900000000003e-09
1.457621899999999962e-09
1.460482599999999905e-09
1.475038600000000077e-09
1.477101799999999950e-09
1.479003999999999993e-09
1.479139700000000031e-09
1.480454800000000073e-09
1.483341799999999920e-09
1.498826899999999925e-09
1.500987500000000034e-09
1.506209100000000036e-09
1.515618099999999998e-09
1.520994100000000001e-09
1.541550099999999946e-09
1.542280599999999957e-09
1.553135400000000059e-09
1.562947599999999923e-09
1.567308800000000071e-09
1.571385099999999978e-09
1.576236199999999955e-09
1.591063700000000026e-09
1.594338099999999909e-09
1.594756699999999963e-09
1.595480400000000081e-09
1.605442999999999912e-09
1.608630600000000043e-09
1.614235600000000046e-09
1.619648500000000024e-09
1.630211000000000007e-09
1.635122899999999927e-09
1.646457399999999915e-09
1.651732000000000061e-09
1.653242599999999971e-09
1.655720200000000008e-09
1.667130399999999932e-09
1.667824100000000000e-09
1.668067799999999929e-09
1.673001299999999910e-09
1.676554900000000079e-09
1.680836099999999955e-09
1.681058900000000046e-09
1.682237500000000003e-09
1.685677499999999942e-09
1.690890300000000033e-09
1.697878899999999994e-09
1.698725600000000030e-09
1.708342799999999979e-09
1.727551800000000052e-09
1.746492000000000052e-09
1.748428199999999974e-09
1.752142400000000052e-09
1.752470600000000034e-09
1.756396600000000006e-09
1.762497300000000032e-09
1.768043699999999967e-09
1.768910499999999999e-09
1.770767900000000031e-09
1.773405899999999913e-09
1.778140499999999977e-09
1.782011199999999898e-09
1.788747599999999908e-09
1.798929300000000098e-09
1.805190899999999923e-09
1.817955799999999898e-09
1.820000599999999903e-09
1.820823899999999925e-09
1.823919500000000093e-09
1.824676400000000041e-09
1.836407699999999959e-09
1.837943400000000012e-09
1.856984800000000012e-09
1.862090699999999942e-09
1.862679699999999928e-09
1.870319199999999962e-09
1.879989400000000055e-09
1.882166600000000079e-09
1.885878199999999949e-09
1.893508000000000199e-09
1.906769799999999960e-09
1.910601700000000127e-09
1.916497100000000057e-09
1.918256099999999947e-09
1.920098800000000049e-09
1.921201900000000134e-09
1.926434899999999841e-09
1.928481299999999942e-09
1.950353699999999930e-09
1.953729599999999908e-09
1.956386200000000136e-09
1.961839799999999853e-09
1.962699700000000168e-09
1.967065799999999810e-09
1.968060500000000082e-09
1.970689999999999944e-09
1.978104999999999964e-09
1.978215800000000129e-09
1.981324500000000130e-09
1.994052100000000003e-09
2.001498400000000075e-09
2.005473700000000045e-09
2.019177199999999987e-09
2.019501800000000062e-09
2.024140600000000193e-09
2.028070799999999849e-09
2.038149599999999912e-09
2.041645600000000124e-09
2.042526899999999816e-09
2.050822700000000196e-09
2.053081000000000016e-09
2.055862299999999877e-09
2.062619699999999964e-09
2.063688000000000122e-09
2.065044699999999984e-09
2.082261599999999894e-09
2.087901300000000204e-09
2.098287599999999855e-09
2.100130299999999956e-09
2.103629099999999820e-09
2.106249800000000185e-09
2.124884700000000058e-09
2.130952099999999809e-09
2.138620900000000084e-09
2.140640499999999914e-09
2.146779699999999805e-09
2.146966200000000113e-09
2.147315200000000108e-09
2.164035999999999867e-09
2.167113699999999913e-09
2.180005900000000143e-09
2.192955099999999931e-09
2.204763900000000152e-09
2.219677399999999927e-09
2.225306100000000040e-09
2.226154399999999966e-09
2.238236199999999943e-09
2.240651500000000180e-09
2.252380400000000160e-09
2.255921899999999987e-09
2.259988899999999824e-09
2.261897499999999840e-09
2.262675400000000071e-09
2.263974799999999865e-09
2.266307200000000146e-09
2.276850999999999958e-09
2.279191699999999989e-09
2.292628999999999859e-09
2.302561500000000021e-09
2.307123800000000168e-09
2.309130399999999990e-09
2.309600099999999997e-09
2.315052500000000159e-09
2.317023100000000086e-09
2.328046899999999880e-09
2.330392400000000201e-09
2.332354699999999963e-09
2.333654299999999821e-09
2.339987000000000183e-09
2.344555300000000174e-09
2.350379300000000091e-09
2.354534299999999856e-09
2.362934600000000047e-09
2.368315200000000069e-09
2.372158600000000180e-09
2.390101000000000161e-09
2.398156299999999977e-09
2.400168699999999994e-09
2.402972199999999901e-09
2.407659599999999807e-09
2.408326400000000192e-09
2.412295000000000095e-09
2.424658200000000026e-09
2.424806500000000151e-09
2.425332699999999970e-09
2.430328899999999879e-09
2.434689399999999804e-09
2.439043500000000171e-09
2.441608300000000087e-09
2.442346199999999976e-09
2.458902100000000109e-09
2.469640199999999820e-09
2.470281800000000030e-09
2.473122599999999832e-09
2.483012999999999809e-09
2.502165199999999974e-09
2.503802199999999851e-09
2.504116299999999888e-09
2.508968100000000089e-09
2.517771100000000022e-09
2.521100900000000194e-09
2.528646400000000041e-09
2.542279000000000129e-09
2.550070999999999972e-09
2.560135299999999961e-09
2.561178800000000073e-09
2.579420199999999827e-09
2.579526699999999862e-09
2.582545200000000062e-09
2.603963900000000180e-09
2.620574800000000061e-09
2.622513200000000063e-09
2.629243799999999878e-09
2.642502799999999987e-09
2.646387199999999933e-09
2.648362899999999832e-09
2.648746300000000039e-09
2.652532799999999797e-09
2.659692100000000198e-09
2.665129100000000001e-09
2.673088599999999884e-09
2.677861400000000130e-09
2.705807200000000127e-09
2.706468399999999968e-09
2.723044699999999986e-09
2.727499699999999843e-09
2.735000299999999853e-09
2.735830599999999831e-09
2.740015500000000029e-09
2.746422899999999801e-09
2.752337700000000125e-09
2.753292099999999958e-09
2.762199600000000115e-09
2.765104800000000181e-09
2.767552800000000088e-09
2.776379100000000004e-09
2.780780699999999796e-09
2.786866800000000131e-09
2.801443199999999982e-09
2.802808099999999976e-09
2.805900300000000095e-09
2.808559199999999815e-09
2.817159500000000067e-09
2.820034299999999955e-09
2.842577000000000202e-09
2.847276399999999798e-09
2.855668200000000175e-09
2.859942800000000014e-09
2.872773700000000142e-09
2.875147199999999875e-09
2.882253399999999894e-09
2.889895699999999992e-09
2.890936800000000166e-09
2.900947600000000059e-09
2.904900800000000015e-09
2.926244400000000182e-09
2.928762200000000005e-09
2.928982900000000048e-09
2.935641600000000104e-09
2.945595400000000025e-09
2.946914100000000181e-09
2.964511500000000201e-09
2.967322900000000145e-09
2.969824999999999927e-09
2.974120100000000097e-09
2.975661200000000010e-09
2.976319500000000167e-09
2.983786599999999838e-09
2.989690499999999996e-09
3.000172900000000088e-09
3.003590500000000124e-09
3.005537399999999941e-09
3.005988999999999968e-09
3.009213999999999820e-09
3.010308800000000154e-09
3.022621200000000022e-09
3.031541099999999996e-09
3.033666800000000148e-09
3.034734400000000083e-09
3.035265999999999970e-09
3.040506800000000095e-09
3.044698600000000010e-09
3.053561299999999949e-09
3.062338099999999802e-09
3.063547599999999890e-09
3.072512699999999797e-09
3.084740700000000057e-09
3.086565899999999957e-09
3.087014599999999888e-09
3.088683399999999976e-09
3.088958499999999989e-09
3.090018900000000111e-09
3.109884100000000085e-09
3.111059999999999801e-09
3.121050499999999840e-09
3.123772999999999983e-09
3.129361200000000007e-09
3.131252000000000139e-09
3.139263999999999800e-09
3.143925799999999818e-09
3.146637000000000081e-09
3.147873099999999962e-09
3.158252699999999958e-09
3.164032399999999816e-09
3.164829499999999964e-09
3.165160800000000107e-09
3.166321499999999942e-09
3.185226299999999825e-09
3.189779399999999934e-09
3.192409800000000082e-09
3.194301099999999960e-09
3.195576800000000057e-09
3.198591299999999809e-09
3.211803799999999984e-09
3.213143200000000121e-09
3.220787700000000094e-09
3.221022300000000018e-09
3.229239200000000063e-09
3.234590200000000161e-09
3.238929299999999882e-09
3.243268400000000017e-09
3.247483699999999978e-09
3.249976400000000072e-09
3.250975899999999806e-09
3.261944500000000202e-09
3.274456299999999939e-09
3.274941399999999893e-09
3.275516299999999934e-09
3.277422299999999948e-09
3.282668500000000140e-09
3.283493199999999987e-09
3.293490300000000062e-09
3.295737199999999971e-09
3.295984200000000125e-09
3.305843400000000082e-09
3.325638199999999949e-09
3.327892600000000180e-09
3.329386800000000032e-09
3.329630099999999834e-09
3.330311800000000006e-09
3.330874699999999944e-09
3.344776799999999914e-09
3.348237500000000040e-09
3.349924799999999822e-09
3.355257799999999973e-09
3.361003899999999873e-09
3.364957399999999926e-09
3.373546699999999980e-09
3.379986300000000091e-09
3.380204699999999814e-09
3.382873999999999955e-09
3.384530200000000162e-09
3.394674800000000107e-09
3.413329199999999992e-09
3.426867699999999862e-09
3.430755600000000097e-09
3.464597300000000183e-09
3.469030099999999994e-09
3.474745099999999906e-09
3.480160499999999854e-09
3.488679599999999865e-09
3.492515199999999971e-09
3.493579800000000191e-09
3.495919499999999903e-09
3.502447400000000037e-09
3.507436100000000037e-09
3.515569499999999933e-09
3.527739499999999903e-09
3.530396499999999845e-09
3.531641899999999796e-09
3.536380100000000180e-09
3.536926200000000140e-09
3.538365200000000180e-09
3.541349100000000104e-09
3.542346800000000091e-09
3.547889999999999832e-09
3.552490899999999876e-09
3.553167700000000140e-09
3.558258299999999948e-09
3.563302100000000141e-09
3.564665400000000039e-09
3.569762699999999915e-09
3.571241100000000108e-09
3.571740199999999974e-09
3.575139900000000094e-09
3.577572199999999960e-09
3.580387800000000001e-09
3.586991399999999864e-09
3.589596200000000124e-09
3.592365200000000200e-09
3.595049799999999842e-09
3.595436399999999829e-09
3.607675299999999841e-09
3.623997599999999955e-09
3.631116399999999854e-09
3.635135200000000043e-09
3.638381700000000131e-09
3.645065199999999822e-09
3.659398299999999870e-09
3.662011900000000040e-09
3.664395500000000098e-09
3.666368399999999931e-09
3.666953900000000042e-09
3.683680499999999995e-09
3.683935599999999837e-09
3.687442499999999801e-09
3.688747999999999885e-09
3.691064099999999933e-09
3.694491599999999815e-09
3.695433200000000118e-09
3.701841100000000049e-09
3.707345399999999799e-09
3.712556299999999905e-09
3.723021299999999827e-09
3.723373099999999888e-09
3.733138299999999659e-09
3.740919400000000163e-09
3.742530099999999928e-09
3.746278899999999662e-09
3.748917899999999657e-09
3.753820499999999921e-09
3.753985799999999674e-09
3.757145300000000153e-09
3.771918800000000381e-09
3.783427399999999619e-09
3.793802399999999803e-09
3.799672900000000067e-09
3.803554099999999820e-09
3.827458499999999868e-09
3.829881000000000332e-09
3.832607600000000127e-09
3.834816500000000330e-09
3.840569799999999631e-09
3.842160300000000402e-09
3.844326200000000133e-09
3.846172099999999600e-09
3.848354100000000327e-09
3.855850000000000080e-09
3.862708800000000230e-09
3.884829299999999895e-09
3.892654400000000363e-09
3.907408000000000038e-09
3.916058099999999621e-09
3.924990799999999954e-09
3.929138999999999619e-09
3.935296300000000317e-09
3.935364999999999882e-09
3.944841199999999759e-09
3.947217300000000321e-09
3.949011399999999820e-09
3.953697999999999885e-09
3.957858300000000099e-09
3.958268500000000164e-09
3.973796300000000132e-09
3.977604399999999744e-09
3.991297100000000378e-09
3.998962799999999665e-09
4.007925000000000302e-09
4.014066200000000004e-09
4.031738400000000293e-09
4.037469199999999866e-09
4.049351700000000005e-09
4.058108399999999655e-09
4.058478900000000300e-09
4.065749200000000103e-09
4.080832499999999825e-09
4.087049499999999701e-09
4.089484199999999918e-09
4.105359299999999753e-09
4.128943700000000365e-09
4.145761899999999739e-09
4.151261800000000154e-09
4.166880800000000242e-09
4.168410899999999958e-09
4.172442799999999773e-09
4.173898399999999728e-09
4.179043400000000334e-09
4.195137699999999733e-09
4.196032499999999593e-09
4.196055100000000179e-09
4.202906300000000388e-09
4.207444100000000170e-09
4.210186099999999911e-09
4.221444499999999629e-09
4.242930199999999597e-09
4.243223799999999717e-09
4.248840900000000268e-09
4.253657599999999619e-09
4.253845599999999991e-09
4.274593999999999849e-09
4.286740499999999772e-09
4.302602699999999631e-09
4.304125999999999660e-09
4.308095900000000391e-09
4.309610900000000256e-09
4.311247399999999974e-09
4.324285200000000295e-09
4.327111100000000311e-09
4.335726799999999682e-09
4.341128500000000226e-09
4.342879400000000015e-09
4.346142799999999700e-09
4.346240700000000302e-09
4.350402500000000167e-09
4.354826400000000036e-09
4.354857800000000119e-09
4.370749100000000155e-09
4.392414500000000332e-09
4.418490300000000210e-09
4.421928800000000290e-09
4.428647000000000289e-09
4.431602700000000322e-09
4.438252399999999992e-09
4.445241600000000351e-09
4.447042999999999695e-09
4.456057000000000301e-09
4.458434599999999687e-09
4.460679399999999753e-09
4.472531200000000033e-09
4.479512600000000387e-09
4.488741299999999950e-09
4.492843899999999968e-09
4.492950600000000067e-09
4.503467499999999989e-09
4.506243899999999943e-09
4.509217099999999764e-09
4.514880900000000313e-09
4.528269399999999930e-09
4.529406900000000228e-09
4.540723899999999600e-09
4.553744600000000260e-09
4.561835000000000098e-09
4.566020400000000041e-09
4.569761199999999706e-09
4.569933400000000005e-09
4.573728499999999609e-09
4.577010999999999592e-09
4.586013099999999713e-09
4.594531600000000359e-09
4.595833200000000027e-09
4.600427799999999717e-09
4.610992399999999956e-09
4.613640100000000242e-09
4.615207100000000140e-09
4.617004699999999927e-09
4.619168599999999847e-09
4.619545500000000051e-09
4.625278600000000357e-09
4.629703699999999781e-09
4.632440100000000219e-09
4.633106299999999999e-09
4.637640300000000223e-09
4.638287799999999832e-09
4.638915699999999811e-09
4.646292399999999617e-09
4.649882500000000047e-09
4.654781199999999895e-09
4.661932999999999973e-09
4.667095600000000400e-09
4.667611400000000213e-09
4.676934900000000217e-09
4.685364299999999758e-09
4.691105300000000100e-09
4.693735499999999771e-09
4.694160999999999751e-09
4.700730200000000229e-09
4.708955500000000056e-09
4.715534799999999617e-09
4.719583099999999697e-09
4.722195899999999612e-09
4.723350000000000238e-09
4.733419799999999913e-09
4.738496500000000254e-09
4.743732400000000058e-09
4.745765799999999738e-09
4.748201700000000337e-09
4.755549600000000061e-09
4.755912299999999874e-09
4.757230399999999839e-09
4.760165399999999891e-09
4.763173300000000021e-09
4.764363699999999811e-09
4.766318300000000014e-09
4.775993000000000301e-09
4.783247199999999935e-09
4.783280399999999765e-09
4.786436900000000114e-09
4.798983500000000192e-09
4.800899599999999703e-09
4.818205399999999827e-09
4.826253800000000339e-09
4.826531500000000354e-09
4.831203599999999933e-09
4.832149100000000237e-09
4.835926399999999957e-09
4.837063800000000222e-09
4.848230499999999660e-09
4.849578600000000089e-09
4.854890700000000195e-09
4.858675899999999952e-09
4.860083700000000386e-09
4.860150500000000173e-09
4.865727600000000381e-09
4.866224800000000056e-09
4.866589999999999838e-09
4.872930200000000110e-09
4.882134100000000039e-09
4.888781799999999898e-09
4.896647600000000105e-09
4.896880799999999996e-09
4.907144999999999602e-09
4.909574099999999688e-09
4.938860799999999886e-09
4.946188299999999725e-09
4.947038100000000129e-09
4.947146499999999942e-09
4.947770300000000268e-09
4.953102600000000196e-09
4.953239600000000027e-09
4.955351599999999947e-09
4.961131000000000122e-09
4.961922500000000140e-09
4.963087400000000072e-09
4.966276299999999997e-09
4.987141399999999832e-09
4.988136200000000136e-09
4.992146000000000351e-09
4.999161099999999867e-09
5.005813599999999602e-09
5.029304400000000155e-09
5.030742899999999622e-09
5.033864799999999696e-09
5.036884900000000406e-09
5.040367000000000323e-09
5.041800799999999946e-09
5.054364000000000352e-09
5.064308799999999886e-09
5.068688499999999727e-09
5.068878699999999973e-09
5.069575000000000250e-09
5.076789399999999604e-09
5.079627900000000328e-09
5.093798999999999607e-09
5.095285800000000409e-09
5.095840100000000087e-09
5.095981799999999762e-09
5.104344100000000247e-09
5.114946600000000159e-09
5.121967399999999838e-09
5.127096799999999607e-09
5.128393300000000131e-09
5.135380399999999820e-09
5.140557399999999874e-09
5.142182500000000094e-09
5.148915699999999911e-09
5.150844400000000130e-09
5.153822699999999923e-09
5.167953599999999623e-09
5.193934899999999983e-09
5.207457500000000161e-09
5.219755599999999606e-09
5.222070299999999621e-09
5.230733600000000103e-09
5.239858100000000364e-09
5.247877799999999999e-09
5.253482800000000002e-09
5.256592600000000354e-09
5.259796600000000130e-09
5.267033400000000007e-09
5.272031300000000044e-09
5.273796600000000288e-09
5.284061099999999989e-09
5.285422299999999631e-09
5.288416200000000261e-09
5.294652000000000340e-09
5.301420099999999702e-09
5.305651100000000118e-09
5.313820600000000356e-09
5.314089500000000047e-09
5.314441099999999630e-09
5.339802700000000143e-09
5.343090400000000130e-09
5.346777600000000080e-09
5.355015199999999692e-09
5.356120599999999682e-09
5.360630399999999637e-09
5.362895699999999621e-09
5.362955599999999690e-09
5.389365400000000159e-09
5.393267499999999957e-09
5.394198599999999807e-09
5.400068799999999975e-09
5.405346599999999901e-09
5.424747899999999649e-09
5.439098499999999899e-09
5.443805699999999913e-09
5.446783899999999675e-09
5.452451699999999844e-09
5.453019100000000390e-09
5.459607999999999703e-09
5.465858200000000236e-09
5.466423099999999985e-09
5.471736899999999806e-09
5.474722300000000208e-09
5.475085600000000212e-09
5.475364299999999718e-09
5.489708899999999710e-09
5.501879699999999934e-09
5.504383099999999717e-09
5.504747700000000136e-09
5.508585200000000020e-09
5.529056199999999959e-09
5.529205400000000371e-09
5.530651399999999747e-09
5.536477599999999952e-09
5.541345499999999908e-09
5.542094799999999708e-09
5.563051999999999951e-09
5.563371500000000055e-09
5.563780099999999610e-09
5.570596800000000402e-09
5.590097200000000307e-09
5.606629699999999598e-09
5.610850300000000009e-09
5.618598399999999919e-09
5.636618900000000395e-09
5.641207599999999858e-09
5.641889399999999648e-09
5.643732699999999941e-09
5.644615200000000015e-09
5.645739400000000208e-09
5.647291300000000256e-09
5.656161299999999626e-09
5.657328800000000388e-09
5.659746400000000117e-09
5.661626000000000400e-09
5.670668700000000229e-09
5.671731099999999748e-09
5.672074900000000153e-09
5.673959699999999613e-09
5.682409099999999739e-09
5.686523500000000210e-09
5.692426700000000145e-09
5.695702300000000410e-09
5.700468300000000143e-09
5.701482399999999982e-09
5.712620800000000324e-09
5.713030400000000199e-09
5.719387500000000067e-09
5.727571099999999836e-09
5.737532899999999825e-09
5.737648900000000407e-09
5.741078800000000228e-09
5.743997600000000079e-09
5.745893699999999832e-09
5.753068999999999957e-09
5.755502099999999664e-09
5.760863099999999642e-09
5.780467999999999771e-09
5.784295199999999682e-09
5.786869000000000399e-09
5.788444199999999602e-09
5.795282599999999866e-09
5.796200000000000312e-09
5.807742799999999699e-09
5.814227499999999711e-09
5.822636000000000034e-09
5.828714200000000332e-09
5.844961100000000399e-09
5.846268300000000198e-09
5.850730099999999741e-09
5.854455700000000351e-09
5.861877100000000344e-09
5.862910000000000385e-09
5.864860300000000045e-09
5.885061600000000038e-09
5.886240500000000297e-09
5.888685599999999694e-09
5.890197500000000225e-09
5.893747500000000280e-09
5.897095699999999700e-09
5.904923200000000105e-09
5.905754000000000242e-09
5.917510699999999985e-09
5.922100799999999895e-09
5.934005200000000398e-09
5.953676300000000123e-09
5.963298500000000219e-09
5.966497800000000150e-09
5.976342500000000034e-09
5.977908400000000408e-09
5.979722100000000365e-09
5.999851499999999772e-09
6.001280200000000251e-09
6.007214100000000046e-09
6.014319000000000063e-09
6.016357299999999651e-09
6.022420400000000099e-09
6.041742300000000179e-09
6.047427500000000105e-09
6.048751100000000168e-09
6.050659499999999706e-09
6.051144699999999691e-09
6.053357500000000311e-09
6.054815000000000044e-09
6.059404899999999890e-09
6.065327400000000187e-09
6.068174500000000343e-09
6.068547400000000099e-09
6.069687400000000366e-09
6.083390600000000212e-09
6.094495399999999770e-09
6.100538799999999729e-09
6.104662299999999792e-09
6.122038900000000152e-09
6.122923300000000004e-09
6.127144799999999874e-09
6.129299300000000107e-09
6.129426300000000059e-09
6.137752399999999758e-09
6.140859600000000109e-09
6.148048799999999702e-09
6.195663099999999836e-09
6.200726300000000010e-09
6.204069500000000317e-09
6.208360900000000135e-09
6.211342500000000153e-09
6.215989600000000035e-09
6.228880399999999818e-09
6.233017099999999954e-09
6.236596300000000218e-09
6.244210999999999790e-09
6.250462299999999847e-09
6.253547399999999771e-09
6.255866899999999661e-09
6.263915100000000109e-09
6.265546799999999951e-09
6.273669900000000287e-09
6.275601399999999744e-09
6.275719400000000136e-09
6.284225300000000075e-09
6.297997799999999677e-09
6.316133299999999588e-09
6.329431700000000263e-09
6.330854499999999689e-09
6.352218399999999708e-09
6.354601600000000052e-09
6.360736700000000291e-09
6.363390800000000136e-09
6.377867500000000051e-09
6.379380400000000074e-09
6.385622799999999775e-09
6.390418599999999909e-09
6.397436500000000317e-09
6.405967099999999858e-09
6.424925799999999965e-09
6.426652400000000281e-09
6.428339799999999681e-09
6.442958300000000130e-09
6.444039299999999788e-09
6.444128400000000066e-09
6.453443799999999970e-09
6.453619399999999698e-09
6.462279700000000051e-09
6.463682799999999814e-09
6.465131800000000147e-09
6.470169399999999604e-09
6.470251100000000005e-09
6.472127500000000096e-09
6.475618999999999701e-09
6.491414999999999964e-09
6.496987200000000264e-09
6.497159699999999831e-09
6.506169299999999862e-09
6.511709799999999983e-09
6.535329100000000140e-09
6.551796500000000186e-09
6.557676700000000233e-09
6.560146500000000059e-09
6.561557199999999763e-09
6.571510000000000192e-09
6.571897300000000402e-09
6.586176000000000067e-09
6.588933999999999945e-09
6.592982199999999993e-09
6.595933200000000183e-09
6.598998500000000412e-09
6.605561499999999741e-09
6.627914299999999838e-09
6.628373399999999775e-09
6.639450000000000270e-09
6.642481999999999810e-09
6.647687899999999977e-09
6.650289100000000330e-09
6.650617299999999899e-09
6.653848300000000009e-09
6.680716800000000287e-09
6.684321899999999708e-09
6.689545599999999759e-09
6.702194700000000250e-09
6.702821299999999815e-09
6.710957600000000222e-09
6.713586600000000338e-09
6.717056299999999611e-09
6.719445600000000245e-09
6.719493499999999798e-09
6.726358800000000366e-09
6.737360400000000114e-09
6.741195099999999933e-09
6.751322799999999867e-09
6.756083400000000360e-09
6.759173700000000287e-09
6.768219700000000340e-09
6.779112400000000116e-09
6.780286200000000404e-09
6.782163399999999923e-09
6.786365300000000162e-09
6.792376599999999815e-09
6.793637499999999744e-09
6.797975600000000387e-09
6.815602400000000266e-09
6.823480300000000194e-09
6.823590199999999658e-09
6.826368300000000153e-09
6.828883699999999626e-09
6.829101500000000398e-09
6.830168799999999824e-09
6.840084700000000071e-09
6.845141899999999986e-09
6.845914399999999737e-09
6.846704600000000167e-09
6.849222300000000373e-09
6.872771399999999658e-09
6.883126600000000148e-09
6.890421200000000252e-09
6.895138000000000018e-09
6.897609400000000353e-09
6.911352399999999651e-09
6.915384300000000294e-09
6.924421500000000023e-09
6.929115299999999902e-09
6.943594399999999756e-09
6.954194599999999762e-09
6.968677600000000031e-09
6.969369799999999828e-09
6.970703899999999930e-09
6.980073799999999835e-09
6.984675800000000230e-09
6.999145599999999600e-09
6.999439499999999815e-09
7.000755099999999810e-09
7.001071299999999690e-09
7.008166299999999860e-09
7.013446099999999596e-09
7.016552699999999756e-09
7.017932899999999664e-09
7.021033400000000360e-09
7.035111199999999677e-09
7.043126000000000231e-09
7.046447600000000270e-09
7.047502900000000007e-09
7.053090700000000318e-09
7.055322000000000217e-09
7.056891300000000020e-09
7.063240799999999947e-09
7.066089499999999787e-09
7.072593100000000033e-09
7.082878799999999875e-09
7.086996899999999871e-09
7.092083500000000059e-09
7.094880399999999930e-09
7.098113099999999755e-09
7.105956200000000170e-09
7.113949999999999820e-09
7.114239700000000351e-09
7.120667400000000391e-09
7.133843100000000002e-09
7.140024400000000079e-09
7.146679299999999752e-09
7.153304799999999979e-09
7.159960199999999811e-09
7.168209699999999907e-09
7.177031000000000297e-09
7.180590400000000040e-09
7.182460299999999713e-09
7.183269400000000378e-09
7.192477199999999896e-09
7.193560200000000191e-09
7.205743600000000296e-09
7.218740399999999955e-09
7.223935700000000052e-09
7.233352500000000019e-09
7.237348900000000098e-09
7.245881400000000244e-09
7.250864199999999604e-09
7.252058699999999873e-09
7.255129300000000137e-09
7.257886499999999760e-09
7.260778200000000072e-09
7.266553899999999895e-09
7.278139899999999818e-09
7.290365300000000076e-09
7.292719700000000339e-09
7.302151400000000092e-09
7.323572700000000211e-09
7.338325699999999695e-09
7.340498800000000067e-09
7.344087600000000082e-09
7.350870900000000153e-09
7.351746000000000350e-09
7.351997300000000221e-09
7.365915499999999946e-09
7.367094100000000110e-09
7.378285399999999945e-09
7.380809399999999677e-09
7.383848999999999986e-09
7.387768899999999668e-09
7.394914200000000156e-09
7.399261000000000263e-09
7.405444000000000055e-09
7.406959700000000143e-09
7.407077399999999612e-09
7.424023700000000116e-09
7.426728500000000406e-09
7.431234099999999850e-09
7.435254300000000071e-09
7.450069200000000261e-09
7.451654700000000266e-09
7.452819399999999308e-09
7.464542799999999189e-09
7.468699500000000736e-09
7.469225299999999601e-09
7.470118499999999778e-09
7.477655900000000352e-09
7.479629899999999295e-09
7.482720800000000240e-09
7.485287799999999617e-09
7.485322300000000688e-09
7.487272900000000444e-09
7.489786599999999374e-09
7.504640299999999525e-09
7.510736200000000503e-09
7.513061600000000620e-09
7.517970600000000442e-09
7.519299000000000382e-09
7.524683499999999579e-09
7.540915400000000654e-09
7.548743199999999501e-09
7.560347799999999563e-09
7.562135700000000393e-09
7.562927999999999839e-09
7.571515899999999447e-09
7.573036099999999315e-09
7.575788599999999921e-09
7.578321099999999881e-09
7.584615999999999775e-09
7.598671800000000350e-09
7.611587899999999926e-09
7.612988299999999656e-09
7.615391499999999758e-09
7.621591000000000673e-09
7.629380000000000386e-09
7.641781399999999673e-09
7.643473099999999617e-09
7.648236899999999476e-09
7.655207599999999728e-09
7.655244599999999942e-09
7.655981299999999861e-09
7.657229200000000609e-09
7.676900999999999730e-09
7.684011399999999847e-09
7.684443100000000148e-09
7.689823799999999788e-09
7.697338099999999616e-09
7.702265500000000341e-09
7.708914800000000710e-09
7.727349599999999249e-09
7.739918300000000581e-09
7.744672900000000817e-09
7.745457999999999621e-09
7.751374799999999755e-09
7.754503599999999547e-09
7.768335199999999791e-09
7.768849499999999953e-09
7.772738900000000666e-09
7.790693800000000082e-09
7.790778500000000612e-09
7.790984600000000137e-09
7.796384499999999280e-09
7.803294900000000162e-09
7.815139000000000468e-09
7.816966800000000783e-09
7.819204299999999350e-09
7.840199200000000030e-09
7.846628699999999816e-09
7.850005299999999190e-09
7.855760400000000719e-09
7.856583500000000056e-09
7.860990300000000264e-09
7.862096500000000510e-09
7.867916399999999534e-09
7.898194499999999779e-09
7.903472599999999800e-09
7.905355599999999513e-09
7.910029400000000462e-09
7.921770799999999463e-09
7.923659799999999435e-09
7.935503999999999773e-09
7.943561500000000704e-09
7.945594100000000129e-09
7.946260400000000768e-09
7.951720299999999185e-09
7.957964199999999364e-09
7.980767400000000761e-09
7.994773900000000509e-09
7.995568100000000560e-09
7.999369399999999659e-09
8.003006499999999355e-09
8.008897299999999472e-09
8.012379499999999421e-09
8.019625099999999622e-09
8.021554799999999333e-09
8.022999299999999885e-09
8.026018599999999513e-09
8.027185200000000815e-09
8.027781300000000583e-09
8.029225299999999322e-09
8.034905500000000135e-09
8.051775599999999510e-09
8.068271600000000401e-09
8.092103300000000436e-09
8.118030300000000030e-09
8.129412200000000239e-09
8.131996300000000104e-09
8.133101399999999999e-09
8.135194500000000512e-09
8.137122299999999616e-09
8.139314600000000318e-09
8.142528600000000800e-09
8.144688299999999381e-09
8.148867999999999989e-09
8.151386800000000545e-09
8.151396000000000169e-09
8.151409899999999636e-09
8.154057199999999795e-09
8.162937600000000000e-09
8.166169499999999570e-09
8.167027600000000138e-09
8.169128799999999924e-09
8.170482999999999815e-09
8.175344399999999354e-09
8.177493999999999679e-09
8.180777500000000808e-09
8.182866900000000141e-09
8.187173699999999905e-09
8.192723200000000414e-09
8.206381800000000105e-09
8.207705900000000328e-09
8.215489600000000006e-09
8.221030499999999428e-09
8.223889100000000769e-09
8.226584699999999781e-09
8.226894299999999211e-09
8.229329399999999555e-09
8.230397499999999237e-09
8.237392500000000617e-09
8.249170399999999673e-09
8.259849300000000779e-09
8.266590300000000601e-09
8.278320799999999436e-09
8.279087800000000743e-09
8.279691199999999529e-09
8.282224599999999776e-09
8.284591599999999919e-09
8.287184599999999312e-09
8.295203099999999392e-09
8.303144399999999677e-09
8.307111400000000311e-09
8.309261400000000764e-09
8.329496799999999219e-09
8.332965099999999700e-09
8.336641300000000280e-09
8.342503299999999489e-09
8.357251600000000783e-09
8.357990699999999813e-09
8.362635599999999820e-09
8.374590300000000641e-09
8.387408600000000475e-09
8.395181900000000147e-09
8.397092100000000259e-09
8.400473599999999540e-09
8.404105000000000728e-09
8.419249799999999374e-09
8.419538800000000510e-09
8.423983599999999596e-09
8.427379900000000287e-09
8.432665399999999359e-09
8.434457199999999778e-09
8.435062200000000729e-09
8.473007199999999816e-09
8.480624399999999358e-09
8.481735799999999607e-09
8.483190600000000135e-09
8.486466300000000432e-09
8.493029799999999920e-09
8.494523599999999644e-09
8.496691699999999249e-09
8.504413899999999176e-09
8.520734600000000434e-09
8.521438399999999792e-09
8.534834000000000018e-09
8.542298700000000579e-09
8.544334699999999433e-09
8.552941099999999976e-09
8.556780599999999671e-09
8.569455400000000083e-09
8.583018799999999205e-09
8.586217799999999867e-09
8.588624599999999463e-09
8.594496700000000237e-09
8.597820599999999355e-09
8.611288199999999372e-09
8.615144199999999363e-09
8.631540199999999810e-09
8.634026399999999900e-09
8.641479900000000199e-09
8.662373600000000052e-09
8.673197599999999435e-09
8.684429599999999836e-09
8.687562199999999185e-09
8.688332399999999857e-09
8.694233599999999982e-09
8.701345600000000608e-09
8.708549200000000655e-09
8.708717699999999774e-09
8.709442200000000768e-09
8.711187999999999759e-09
8.718425800000000782e-09
8.721474099999999728e-09
8.728799500000000552e-09
8.729740899999999549e-09
8.730464300000000192e-09
8.731585500000000257e-09
8.739606599999999510e-09
8.742628900000000095e-09
8.744246999999999738e-09
8.750656299999999702e-09
8.752339000000000086e-09
8.762529999999999518e-09
8.781715699999999195e-09
8.790207599999999634e-09
8.797434100000000364e-09
8.808052700000000445e-09
8.808754400000000788e-09
8.810160900000000808e-09
8.812854899999999310e-09
8.815336199999999493e-09
8.818104100000000045e-09
8.822901400000000657e-09
8.830089800000000822e-09
8.833870099999999844e-09
8.841981299999999695e-09
8.853563899999999361e-09
8.863510300000000231e-09
8.867253500000000661e-09
8.875034399999999447e-09
8.880445300000000442e-09
8.885436399999999966e-09
8.889218499999999561e-09
8.896148700000000138e-09
8.896315200000000274e-09
8.896625299999999863e-09
8.905926000000000044e-09
8.929667399999999417e-09
8.940368299999999264e-09
8.956357600000000761e-09
8.971645400000000324e-09
8.977022800000000567e-09
8.981533100000000681e-09
8.999058200000000402e-09
9.002376899999999517e-09
9.002448899999999307e-09
9.003720999999999497e-09
9.004061400000000474e-09
9.005916599999999597e-09
9.006191799999999642e-09
9.006839599999999346e-09
9.008610299999999658e-09
9.013368199999999290e-09
9.016958900000000739e-09
9.020265599999999337e-09
9.028937999999999412e-09
9.031724100000000803e-09
9.040772299999999903e-09
9.041848200000000416e-09
9.062000500000000506e-09
9.064583299999999956e-09
9.078735199999999733e-09
9.082762499999999736e-09
9.088836100000000222e-09
9.097024699999999931e-09
9.104816400000000505e-09
9.138879899999999743e-09
9.140732399999999660e-09
9.149632599999999558e-09
9.149972700000000439e-09
9.150436299999999329e-09
9.155698999999999404e-09
9.155788899999999938e-09
9.157545000000000558e-09
9.170772200000000042e-09
9.174244700000000208e-09
9.186394200000000260e-09
9.188030799999999183e-09
9.188751500000000620e-09
9.197913899999999728e-09
9.203989799999999293e-09
9.208797399999999879e-09
9.211688099999999872e-09
9.220088200000000826e-09
9.220096000000000004e-09
9.227926399999999679e-09
9.230887200000000512e-09
9.238531100000000293e-09
9.252408000000000088e-09
9.265169199999999918e-09
9.266009799999999871e-09
9.273029999999999358e-09
9.273925200000000172e-09
9.275710200000000079e-09
9.293703300000000092e-09
9.302961299999999896e-09
9.307352900000000222e-09
9.314238699999999880e-09
9.315589700000000406e-09
9.316454899999999929e-09
9.345574299999999736e-09
9.347661900000000150e-09
9.360182099999999256e-09
9.361714199999999609e-09
9.391874700000000417e-09
9.392421999999999518e-09
9.416368099999999624e-09
9.422030199999999631e-09
9.422454799999999324e-09
9.423612899999999570e-09
9.429462699999999853e-09
9.430069299999999660e-09
9.436348599999999543e-09
9.437684000000000060e-09
9.448627399999999453e-09
9.451849200000000767e-09
9.454864799999999215e-09
9.468235799999999871e-09
9.478050600000000150e-09
9.492321699999999874e-09
9.492619400000000473e-09
9.492993200000000516e-09
9.496912000000000674e-09
9.498494400000000518e-09
9.519728199999999597e-09
9.529400999999999279e-09
9.529962099999999470e-09
9.537256400000000306e-09
9.543273899999999453e-09
9.550723000000000004e-09
9.557653300000000612e-09
9.561411399999999175e-09
9.573481300000000322e-09
9.575864000000000507e-09
9.578130199999999950e-09
9.584849099999999345e-09
9.593275500000000411e-09
9.594677500000000651e-09
9.601831899999999904e-09
9.604005799999999703e-09
9.604964699999999316e-09
9.606350699999999419e-09
9.607828500000000660e-09
9.613750599999999175e-09
9.616439599999999392e-09
9.618396799999999597e-09
9.621825400000000658e-09
9.629291900000000138e-09
9.636457399999999620e-09
9.667828599999999244e-09
9.675216900000000266e-09
9.677798599999999366e-09
9.679412000000000820e-09
9.682542299999999435e-09
9.687948500000000586e-09
9.701018399999999559e-09
9.705384800000000124e-09
9.711086799999999615e-09
9.711859899999999557e-09
9.725517000000000424e-09
9.729263700000000316e-09
9.736102099999999753e-09
9.736966000000000516e-09
9.750056299999999374e-09
9.753866099999999527e-09
9.757965299999999289e-09
9.758299599999999975e-09
9.763613099999999701e-09
9.764154800000000326e-09
9.764362900000000487e-09
9.765661999999999359e-09
9.786396299999999685e-09
9.787407399999999394e-09
9.788675299999999900e-09
9.794516700000000814e-09
9.801370600000000229e-09
9.820257300000000546e-09
9.825823499999999761e-09
9.825982999999999320e-09
9.831429400000000051e-09
9.832491899999999601e-09
9.856354799999999656e-09
9.860586600000000328e-09
9.869697199999999467e-09
9.871202399999999517e-09
9.890577099999999884e-09
9.917339799999999523e-09
9.917539100000000188e-09
9.919995000000000546e-09
9.939870600000000113e-09
9.945560600000000742e-09
9.953285099999999746e-09
9.963150899999999739e-09
9.974560300000000442e-09
9.976976599999999757e-09
9.990740499999999927e-09
9.994346199999999540e-09
1.000001100000000041e-08
1.001888899999999960e-08
1.002253600000000080e-08
1.002675500000000070e-08
1.003755400000000039e-08
1.004086000000000042e-08
1.004096800000000010e-08
1.005391700000000024e-08
1.005555899999999923e-08
1.006405800000000028e-08
1.006903199999999931e-08
1.007639799999999985e-08
1.007803900000000017e-08
1.009208499999999928e-08
1.009354499999999981e-08
1.009881699999999954e-08
1.010904099999999956e-08
1.011291600000000065e-08
1.011605699999999937e-08
1.012132599999999980e-08
1.012987600000000056e-08
1.013132300000000025e-08
1.013306399999999937e-08
1.013383799999999960e-08
1.013969799999999982e-08
1.015656600000000018e-08
1.016075799999999975e-08
1.016503200000000064e-08
1.017231800000000048e-08
1.018028300000000005e-08
1.018431299999999926e-08
1.018878100000000078e-08
1.020689700000000027e-08
1.022073400000000058e-08
1.022556199999999939e-08
1.022619900000000062e-08
1.024558599999999994e-08
1.025006299999999937e-08
1.025174099999999991e-08
1.025542100000000005e-08
1.025842300000000078e-08
1.026230500000000078e-08
1.027008499999999928e-08
1.027270699999999965e-08
1.028158500000000074e-08
1.028634300000000041e-08
1.029233200000000039e-08
1.029474199999999936e-08
1.030950500000000037e-08
1.031602599999999955e-08
1.031676699999999918e-08
1.032864799999999967e-08
1.033374499999999987e-08
1.033773200000000026e-08
1.033801300000000050e-08
1.033941599999999940e-08
1.034590299999999932e-08
1.034911599999999948e-08
1.035429999999999929e-08
1.035617800000000071e-08
1.036275200000000024e-08
1.036439900000000082e-08
1.036519100000000017e-08
1.036640399999999972e-08
1.037351999999999997e-08
1.037624600000000040e-08
1.037662900000000007e-08
1.037725200000000014e-08
1.038128399999999999e-08
1.041073300000000064e-08
1.045085000000000057e-08
1.046180000000000041e-08
1.046596399999999933e-08
1.047620600000000013e-08
1.049169400000000064e-08
1.049537800000000040e-08
1.049718000000000076e-08
1.051922000000000041e-08
1.053187300000000049e-08
1.053224000000000002e-08
1.053364200000000026e-08
1.053676100000000023e-08
1.054088300000000065e-08
1.054884699999999990e-08
1.055533299999999949e-08
1.055682100000000068e-08
1.057195800000000015e-08
1.058164200000000009e-08
1.058294000000000027e-08
1.059609600000000022e-08
1.060016699999999926e-08
1.060199200000000034e-08
1.060671199999999947e-08
1.062050199999999969e-08
1.062180800000000076e-08
1.062727499999999978e-08
1.063612199999999927e-08
1.064613999999999980e-08
1.065199000000000015e-08
1.065211899999999991e-08
1.065409300000000051e-08
1.065514299999999938e-08
1.066181400000000005e-08
1.066395199999999999e-08
1.066508299999999987e-08
1.066597300000000068e-08
1.066642099999999956e-08
1.068306100000000003e-08
1.068400800000000081e-08
1.068969299999999985e-08
1.069329899999999955e-08
1.071282700000000081e-08
1.073645699999999942e-08
1.074346100000000036e-08
1.074814399999999928e-08
1.075785200000000025e-08
1.076762100000000082e-08
1.077761500000000032e-08
1.077860399999999960e-08
1.078659400000000052e-08
1.080928499999999924e-08
1.082097500000000005e-08
1.082774099999999957e-08
1.083259799999999936e-08
1.083408500000000023e-08
1.083859699999999923e-08
1.084596799999999970e-08
1.085666899999999958e-08
1.086475100000000005e-08
1.087282100000000000e-08
1.088607700000000040e-08
1.089042500000000006e-08
1.089231500000000035e-08
1.089534899999999970e-08
1.089603999999999994e-08
1.090472400000000040e-08
1.090686499999999964e-08
1.092117199999999923e-08
1.093386600000000080e-08
1.094541600000000000e-08
1.096052099999999919e-08
1.096733599999999944e-08
1.097509499999999952e-08
1.097812800000000020e-08
1.098731099999999926e-08
1.101528300000000058e-08
1.101861699999999961e-08
1.101967999999999932e-08
1.102348999999999954e-08
1.102686799999999936e-08
1.102743700000000041e-08
1.103876700000000062e-08
1.104411700000000040e-08
1.104997499999999999e-08
1.105486699999999935e-08
1.105563699999999996e-08
1.106143500000000028e-08
1.106293600000000064e-08
1.107519599999999952e-08
1.109338699999999975e-08
1.109717099999999996e-08
1.110122799999999950e-08
1.110468300000000071e-08
1.110855300000000020e-08
1.110931799999999921e-08
1.111117599999999923e-08
1.113287599999999968e-08
1.115016299999999960e-08
1.115506799999999980e-08
1.115635700000000042e-08
1.115984500000000056e-08
1.117206299999999929e-08
1.118119399999999997e-08
1.118611399999999999e-08
1.119085599999999951e-08
1.119295799999999955e-08
1.120619900000000013e-08
1.121266499999999997e-08
1.121708099999999980e-08
1.123837799999999918e-08
1.123882700000000003e-08
1.124448299999999975e-08
1.124983700000000080e-08
1.125074400000000041e-08
1.126174299999999933e-08
1.126524699999999961e-08
1.126738099999999993e-08
1.127511500000000031e-08
1.128214399999999929e-08
1.128397799999999993e-08
1.128692399999999935e-08
1.130706300000000017e-08
1.130853999999999950e-08
1.132793399999999940e-08
1.133441500000000071e-08
1.134029599999999936e-08
1.134102700000000077e-08
1.134694999999999957e-08
1.135211600000000026e-08
1.135808000000000055e-08
1.136577899999999970e-08
1.136908800000000068e-08
1.137488900000000030e-08
1.138451000000000001e-08
1.139777700000000060e-08
1.140026099999999999e-08
1.140527500000000020e-08
1.141669200000000002e-08
1.141963600000000045e-08
1.142400399999999988e-08
1.143535199999999920e-08
1.145124300000000080e-08
1.145402400000000056e-08
1.145756900000000068e-08
1.146836800000000036e-08
1.147317300000000012e-08
1.147845999999999967e-08
1.148077300000000080e-08
1.148752300000000018e-08
1.153867500000000059e-08
1.154928999999999952e-08
1.155719299999999918e-08
1.156976999999999985e-08
1.157500300000000038e-08
1.158780600000000030e-08
1.159540900000000028e-08
1.159941000000000017e-08
1.160368999999999966e-08
1.160745600000000074e-08
1.161553699999999924e-08
1.161773799999999941e-08
1.163203900000000039e-08
1.163239300000000074e-08
1.164594700000000017e-08
1.165175799999999967e-08
1.165656600000000038e-08
1.166281000000000059e-08
1.166598699999999920e-08
1.166605700000000001e-08
1.167759699999999933e-08
1.168182600000000077e-08
1.168870399999999959e-08
1.169211100000000039e-08
1.169928199999999997e-08
1.170962499999999988e-08
1.172220100000000023e-08
1.172611299999999987e-08
1.172646999999999952e-08
1.173072599999999964e-08
1.173186299999999977e-08
1.174051200000000066e-08
1.174452999999999935e-08
1.175005899999999995e-08
1.176904400000000016e-08
1.177464099999999927e-08
1.177769299999999940e-08
1.178791400000000012e-08
1.179289200000000043e-08
1.180403799999999989e-08
1.182381700000000010e-08
1.182538799999999961e-08
1.183272500000000083e-08
1.183819099999999953e-08
1.183830499999999948e-08
1.184455299999999931e-08
1.185161699999999952e-08
1.185222800000000073e-08
1.185724699999999922e-08
1.185890600000000032e-08
1.186199300000000003e-08
1.187032400000000046e-08
1.187092299999999950e-08
1.188063200000000079e-08
1.188642800000000047e-08
1.188927499999999977e-08
1.189100500000000034e-08
1.189534900000000038e-08
1.190293299999999927e-08
1.190640699999999991e-08
1.190787999999999962e-08
1.190843300000000054e-08
1.190876299999999986e-08
1.192583699999999971e-08
1.192860600000000061e-08
1.193430599999999946e-08
1.193460000000000054e-08
1.193596000000000063e-08
1.194745600000000081e-08
1.194912100000000051e-08
1.195341099999999989e-08
1.195607799999999971e-08
1.195968999999999967e-08
1.196230099999999984e-08
1.196880199999999926e-08
1.196976799999999948e-08
1.198498800000000059e-08
1.198795799999999939e-08
1.199629000000000015e-08
1.200059499999999934e-08
1.200696500000000001e-08
1.201288599999999983e-08
1.201298899999999957e-08
1.201907300000000007e-08
1.203320600000000044e-08
1.203852899999999988e-08
1.204482100000000050e-08
1.204820500000000058e-08
1.204943099999999931e-08
1.205877299999999942e-08
1.206339900000000002e-08
1.206562399999999957e-08
1.206663599999999956e-08
1.207234300000000065e-08
1.207378199999999945e-08
1.208071999999999920e-08
1.208450200000000042e-08
1.208780999999999943e-08
1.211208000000000022e-08
1.213942399999999987e-08
1.213945499999999983e-08
1.213952400000000032e-08
1.214227199999999949e-08
1.215338999999999995e-08
1.215340999999999970e-08
1.215592699999999969e-08
1.215640999999999980e-08
1.215824500000000075e-08
1.215999999999999937e-08
1.216427199999999962e-08
1.216446799999999923e-08
1.218910099999999993e-08
1.219074499999999955e-08
1.219589799999999940e-08
1.221636000000000061e-08
1.222421499999999985e-08
1.222429900000000016e-08
1.222888800000000055e-08
1.223177999999999930e-08
1.223382999999999931e-08
1.223461300000000075e-08
1.223581000000000016e-08
1.224651100000000004e-08
1.225634999999999976e-08
1.226747099999999952e-08
1.227494800000000070e-08
1.227543799999999973e-08
1.227652099999999920e-08
