# t	msd	err
4.999999999999999536e-11 4.251488526891637143e+00 8.825287721971686317e-02
1.000000000000000553e-10 4.313677543812988624e+00 8.923885681433946226e-02
1.500000000000001024e-10 4.329772495857507231e+00 8.865407216865398010e-02
2.499664991624792546e-10 4.339030111433120673e+00 5.097576537360034438e-02
3.999663978494677249e-10 4.334277093464898201e+00 5.072571378177891804e-02
6.248523206751102433e-10 4.383162938767124928e+00 3.628702255011258260e-02
1.024578866768777884e-09 4.486277764054865891e+00 2.805149365834642278e-02
1.624160206718363588e-09 4.638904200692630653e+00 2.370934007103593991e-02
2.572474081883555899e-09 4.915002403678544241e+00 1.823291971127432090e-02
4.093790849673272392e-09 5.282896325254808012e+00 1.457395951930220805e-02
6.483333333333414549e-09 5.894884124513739998e+00 1.152331480614994172e-02
1.025461796809402962e-08 6.912120238952135232e+00 9.095915438169347583e-03
1.618949517446157541e-08 8.520227811694908837e+00 7.112831925183958973e-03
2.542261410788351082e-08 1.102108690268297941e+01 5.793627931875714593e-03
3.785000000000040179e-08 1.348597357685217268e+01 6.966612701437443350e-03
