# t	msd	err
2.000000000000406684e-12 5.313879346099717113e-03 9.420662192598513529e-04
4.428571428571486788e-12 5.467900720514018605e-03 7.425655674919419370e-04
9.914634146341589475e-12 7.536616014879093939e-03 2.742467603217202052e-04
1.459999999999992890e-11 5.997182055609196275e-03 6.855044995050850552e-04
2.055440414507766518e-11 8.927001742344096297e-03 3.785110708485815538e-04
3.988152610441759782e-11 1.148089753008899039e-02 3.579835391187483193e-04
7.004981549815535484e-11 1.354122688907771245e-02 3.994595307358302962e-04
1.200521523178809243e-10 1.780987437717337571e-02 3.245652541192478547e-04
2.104191059073900701e-10 3.172603680454860742e-02 2.299610388755523541e-03
3.609869820655533800e-10 4.738977965506486340e-02 2.110207214431527884e-03
6.195540483330634008e-10 7.810908946935207764e-02 2.189037588594642224e-03
1.063454505076123149e-09 1.249821095053914172e-01 2.077945238759558444e-03
1.830594200788493663e-09 2.226786130107911155e-01 2.412168997510417707e-03
3.151986828130705543e-09 3.809706401470366877e-01 2.441625073491645280e-03
5.419043410241301845e-09 6.496422646858946992e-01 2.478683395724130736e-03
9.314525085077678479e-09 1.135591546572789934e+00 2.591758436628356730e-03
1.595558121745757693e-08 1.785932097185305656e+00 2.258006227930317317e-03
2.715776345651057210e-08 2.923224975836820505e+00 2.409149801583489875e-03
4.245833500261011184e-08 4.856170452544407823e+00 3.664881686502916621e-03
