# Barrier Energy Step Time
0.000000000000000000e+00 -5.533461000000000240e+03 0.000000000000000000e+00 0.000000000000000000e+00
5.989999999999999769e-01 -5.532769000000000233e+03 5.000000000000000000e-01 9.464000000000000871e-13
0.000000000000000000e+00 -5.533368000000000393e+03 1.000000000000000000e+00 9.464000000000000871e-13
2.330000000000000127e-01 -5.533242000000000189e+03 1.500000000000000000e+00 1.991999999999999994e-12
0.000000000000000000e+00 -5.533475000000000364e+03 2.000000000000000000e+00 1.991999999999999994e-12
2.800000000000000266e-01 -5.533653000000000247e+03 2.500000000000000000e+00 7.491000000000000291e-12
0.000000000000000000e+00 -5.533932999999999993e+03 3.000000000000000000e+00 7.491000000000000291e-12
4.769999999999999796e-01 -5.533252999999999702e+03 3.500000000000000000e+00 7.833000000000000248e-12
0.000000000000000000e+00 -5.533729999999999563e+03 4.000000000000000000e+00 7.833000000000000248e-12
2.740000000000000213e-01 -5.533658999999999651e+03 4.500000000000000000e+00 1.140000000000000070e-11
0.000000000000000000e+00 -5.533932999999999993e+03 5.000000000000000000e+00 1.140000000000000070e-11
3.639999999999999902e-01 -5.533494999999999891e+03 5.500000000000000000e+00 2.382000000000000150e-11
0.000000000000000000e+00 -5.533859000000000378e+03 6.000000000000000000e+00 2.382000000000000150e-11
2.899999999999999800e-01 -5.533643000000000029e+03 6.500000000000000000e+00 2.498000000000000059e-11
0.000000000000000000e+00 -5.533932999999999993e+03 7.000000000000000000e+00 2.498000000000000059e-11
7.920000000000000373e-01 -5.532908999999999651e+03 7.500000000000000000e+00 2.844999999999999934e-11
0.000000000000000000e+00 -5.533701000000000022e+03 8.000000000000000000e+00 2.844999999999999934e-11
5.590000000000000524e-01 -5.533373999999999796e+03 8.500000000000000000e+00 2.899000000000000148e-11
0.000000000000000000e+00 -5.533932999999999993e+03 9.000000000000000000e+00 2.899000000000000148e-11
3.639999999999999902e-01 -5.533494999999999891e+03 9.500000000000000000e+00 3.158000000000000236e-11
0.000000000000000000e+00 -5.533859000000000378e+03 1.000000000000000000e+01 3.158000000000000236e-11
2.899999999999999800e-01 -5.533643000000000029e+03 1.050000000000000000e+01 3.186000000000000036e-11
0.000000000000000000e+00 -5.533932999999999993e+03 1.100000000000000000e+01 3.186000000000000036e-11
3.639999999999999902e-01 -5.533494999999999891e+03 1.150000000000000000e+01 4.828000000000000026e-11
0.000000000000000000e+00 -5.533859000000000378e+03 1.200000000000000000e+01 4.828000000000000026e-11
2.899999999999999800e-01 -5.533643000000000029e+03 1.250000000000000000e+01 4.879000000000000031e-11
0.000000000000000000e+00 -5.533932999999999993e+03 1.300000000000000000e+01 4.879000000000000031e-11
3.639999999999999902e-01 -5.533494999999999891e+03 1.350000000000000000e+01 5.939999999999999650e-11
0.000000000000000000e+00 -5.533859000000000378e+03 1.400000000000000000e+01 5.939999999999999650e-11
2.899999999999999800e-01 -5.533643000000000029e+03 1.450000000000000000e+01 6.338000000000000499e-11
0.000000000000000000e+00 -5.533932999999999993e+03 1.500000000000000000e+01 6.338000000000000499e-11
3.639999999999999902e-01 -5.533494999999999891e+03 1.550000000000000000e+01 6.416000000000000126e-11
0.000000000000000000e+00 -5.533859000000000378e+03 1.600000000000000000e+01 6.416000000000000126e-11
2.899999999999999800e-01 -5.533643000000000029e+03 1.650000000000000000e+01 6.732000000000000638e-11
0.000000000000000000e+00 -5.533932999999999993e+03 1.700000000000000000e+01 6.732000000000000638e-11
3.639999999999999902e-01 -5.533494999999999891e+03 1.750000000000000000e+01 7.566999999999999564e-11
0.000000000000000000e+00 -5.533859000000000378e+03 1.800000000000000000e+01 7.566999999999999564e-11
2.899999999999999800e-01 -5.533643000000000029e+03 1.850000000000000000e+01 7.726999999999999528e-11
0.000000000000000000e+00 -5.533932999999999993e+03 1.900000000000000000e+01 7.726999999999999528e-11
3.639999999999999902e-01 -5.533494999999999891e+03 1.950000000000000000e+01 8.387999999999999882e-11
0.000000000000000000e+00 -5.533859000000000378e+03 2.000000000000000000e+01 8.387999999999999882e-11
2.899999999999999800e-01 -5.533643000000000029e+03 2.050000000000000000e+01 8.635999999999999956e-11
0.000000000000000000e+00 -5.533932999999999993e+03 2.100000000000000000e+01 8.635999999999999956e-11
7.349999999999999867e-01 -5.533212000000000444e+03 2.150000000000000000e+01 8.649000000000000325e-11
0.000000000000000000e+00 -5.533948000000000320e+03 2.200000000000000000e+01 8.649000000000000325e-11
8.719999999999999973e-01 -5.532979999999999563e+03 2.250000000000000000e+01 1.129000000000000056e-10
0.000000000000000000e+00 -5.533853000000000065e+03 2.300000000000000000e+01 1.129000000000000056e-10
4.739999999999999769e-01 -5.533545000000000073e+03 2.350000000000000000e+01 1.163000000000000016e-10
0.000000000000000000e+00 -5.534019000000000233e+03 2.400000000000000000e+01 1.163000000000000016e-10
4.789999999999999813e-01 -5.533453000000000429e+03 2.450000000000000000e+01 1.293999999999999874e-10
0.000000000000000000e+00 -5.533931999999999789e+03 2.500000000000000000e+01 1.293999999999999874e-10
3.920000000000000151e-01 -5.533627000000000407e+03 2.550000000000000000e+01 1.390999999999999901e-10
0.000000000000000000e+00 -5.534019000000000233e+03 2.600000000000000000e+01 1.390999999999999901e-10
4.789999999999999813e-01 -5.533453000000000429e+03 2.650000000000000000e+01 1.685999999999999916e-10
0.000000000000000000e+00 -5.533931999999999789e+03 2.700000000000000000e+01 1.685999999999999916e-10
4.109999999999999765e-01 -5.533408000000000357e+03 2.750000000000000000e+01 1.710000000000000040e-10
0.000000000000000000e+00 -5.533819999999999709e+03 2.800000000000000000e+01 1.710000000000000040e-10
3.119999999999999996e-01 -5.533707000000000335e+03 2.850000000000000000e+01 1.727999999999999875e-10
0.000000000000000000e+00 -5.534019000000000233e+03 2.900000000000000000e+01 1.727999999999999875e-10
5.110000000000000098e-01 -5.533309000000000196e+03 2.950000000000000000e+01 1.866000000000000070e-10
0.000000000000000000e+00 -5.533819999999999709e+03 3.000000000000000000e+01 1.866000000000000070e-10
2.999999999999999889e-01 -5.533632999999999811e+03 3.050000000000000000e+01 1.895999999999999967e-10
0.000000000000000000e+00 -5.533931999999999789e+03 3.100000000000000000e+01 1.895999999999999967e-10
4.129999999999999782e-01 -5.533539999999999964e+03 3.150000000000000000e+01 1.985999999999999914e-10
0.000000000000000000e+00 -5.533953000000000429e+03 3.200000000000000000e+01 1.985999999999999914e-10
3.479999999999999760e-01 -5.533514000000000124e+03 3.250000000000000000e+01 2.021000000000000052e-10
0.000000000000000000e+00 -5.533863000000000284e+03 3.300000000000000000e+01 2.021000000000000052e-10
1.650000000000000078e-01 -5.533639000000000124e+03 3.350000000000000000e+01 2.022999999999999890e-10
0.000000000000000000e+00 -5.533804000000000087e+03 3.400000000000000000e+01 2.022999999999999890e-10
1.059999999999999970e-01 -5.533756000000000313e+03 3.450000000000000000e+01 2.022999999999999890e-10
0.000000000000000000e+00 -5.533863000000000284e+03 3.500000000000000000e+01 2.022999999999999890e-10
1.650000000000000078e-01 -5.533639000000000124e+03 3.550000000000000000e+01 2.024999999999999987e-10
0.000000000000000000e+00 -5.533804000000000087e+03 3.600000000000000000e+01 2.024999999999999987e-10
1.059999999999999970e-01 -5.533756000000000313e+03 3.650000000000000000e+01 2.024999999999999987e-10
0.000000000000000000e+00 -5.533863000000000284e+03 3.700000000000000000e+01 2.024999999999999987e-10
1.650000000000000078e-01 -5.533639000000000124e+03 3.750000000000000000e+01 2.033000000000000114e-10
0.000000000000000000e+00 -5.533804000000000087e+03 3.800000000000000000e+01 2.033000000000000114e-10
1.059999999999999970e-01 -5.533756000000000313e+03 3.850000000000000000e+01 2.033999999999999904e-10
0.000000000000000000e+00 -5.533863000000000284e+03 3.900000000000000000e+01 2.033999999999999904e-10
1.650000000000000078e-01 -5.533639000000000124e+03 3.950000000000000000e+01 2.038999999999999886e-10
0.000000000000000000e+00 -5.533804000000000087e+03 4.000000000000000000e+01 2.038999999999999886e-10
1.059999999999999970e-01 -5.533756000000000313e+03 4.050000000000000000e+01 2.042000000000000031e-10
0.000000000000000000e+00 -5.533863000000000284e+03 4.100000000000000000e+01 2.042000000000000031e-10
1.650000000000000078e-01 -5.533639000000000124e+03 4.150000000000000000e+01 2.045999999999999966e-10
0.000000000000000000e+00 -5.533804000000000087e+03 4.200000000000000000e+01 2.045999999999999966e-10
1.059999999999999970e-01 -5.533756000000000313e+03 4.250000000000000000e+01 2.049000000000000110e-10
0.000000000000000000e+00 -5.533863000000000284e+03 4.300000000000000000e+01 2.049000000000000110e-10
2.560000000000000053e-01 -5.533697000000000116e+03 4.350000000000000000e+01 2.050999999999999948e-10
0.000000000000000000e+00 -5.533953000000000429e+03 4.400000000000000000e+01 2.050999999999999948e-10
3.459999999999999742e-01 -5.533515999999999622e+03 4.450000000000000000e+01 2.085000000000000038e-10
0.000000000000000000e+00 -5.533863000000000284e+03 4.500000000000000000e+01 2.085000000000000038e-10
1.650000000000000078e-01 -5.533639000000000124e+03 4.550000000000000000e+01 2.087999999999999924e-10
0.000000000000000000e+00 -5.533804000000000087e+03 4.600000000000000000e+01 2.087999999999999924e-10
1.059999999999999970e-01 -5.533756000000000313e+03 4.650000000000000000e+01 2.091000000000000069e-10
0.000000000000000000e+00 -5.533863000000000284e+03 4.700000000000000000e+01 2.091000000000000069e-10
1.650000000000000078e-01 -5.533639000000000124e+03 4.750000000000000000e+01 2.092000000000000117e-10
0.000000000000000000e+00 -5.533804000000000087e+03 4.800000000000000000e+01 2.092000000000000117e-10
5.000000000000000000e-01 -5.533346999999999753e+03 4.850000000000000000e+01 2.102000000000000083e-10
0.000000000000000000e+00 -5.533845999999999549e+03 4.900000000000000000e+01 2.102000000000000083e-10
5.420000000000000373e-01 -5.533261999999999716e+03 4.950000000000000000e+01 2.156000000000000103e-10
0.000000000000000000e+00 -5.533804000000000087e+03 5.000000000000000000e+01 2.156000000000000103e-10
1.100000000000000006e-01 -5.533752999999999702e+03 5.050000000000000000e+01 2.157999999999999941e-10
0.000000000000000000e+00 -5.533863000000000284e+03 5.100000000000000000e+01 2.157999999999999941e-10
1.690000000000000113e-01 -5.533635000000000218e+03 5.150000000000000000e+01 2.163999999999999972e-10
0.000000000000000000e+00 -5.533804000000000087e+03 5.200000000000000000e+01 2.163999999999999972e-10
1.100000000000000006e-01 -5.533752999999999702e+03 5.250000000000000000e+01 2.167000000000000117e-10
0.000000000000000000e+00 -5.533863000000000284e+03 5.300000000000000000e+01 2.167000000000000117e-10
1.690000000000000113e-01 -5.533635000000000218e+03 5.350000000000000000e+01 2.178999999999999920e-10
0.000000000000000000e+00 -5.533804000000000087e+03 5.400000000000000000e+01 2.178999999999999920e-10
5.000000000000000000e-01 -5.533346999999999753e+03 5.450000000000000000e+01 2.179999999999999968e-10
0.000000000000000000e+00 -5.533845999999999549e+03 5.500000000000000000e+01 2.179999999999999968e-10
5.420000000000000373e-01 -5.533261999999999716e+03 5.550000000000000000e+01 2.182000000000000065e-10
0.000000000000000000e+00 -5.533804000000000087e+03 5.600000000000000000e+01 2.182000000000000065e-10
1.100000000000000006e-01 -5.533752999999999702e+03 5.650000000000000000e+01 2.183000000000000113e-10
0.000000000000000000e+00 -5.533863000000000284e+03 5.700000000000000000e+01 2.183000000000000113e-10
2.560000000000000053e-01 -5.533697000000000116e+03 5.750000000000000000e+01 2.192000000000000030e-10
0.000000000000000000e+00 -5.533953000000000429e+03 5.800000000000000000e+01 2.192000000000000030e-10
4.349999999999999978e-01 -5.533497000000000298e+03 5.850000000000000000e+01 2.226000000000000120e-10
0.000000000000000000e+00 -5.533931999999999789e+03 5.900000000000000000e+01 2.226000000000000120e-10
5.500000000000000444e-01 -5.533479000000000269e+03 5.950000000000000000e+01 2.237999999999999923e-10
0.000000000000000000e+00 -5.534029000000000451e+03 6.000000000000000000e+01 2.237999999999999923e-10
3.250000000000000111e-01 -5.533591999999999643e+03 6.050000000000000000e+01 2.245000000000000002e-10
0.000000000000000000e+00 -5.533916000000000167e+03 6.100000000000000000e+01 2.245000000000000002e-10
2.119999999999999940e-01 -5.533817000000000007e+03 6.150000000000000000e+01 2.247000000000000099e-10
0.000000000000000000e+00 -5.534029000000000451e+03 6.200000000000000000e+01 2.247000000000000099e-10
6.470000000000000195e-01 -5.533284999999999854e+03 6.250000000000000000e+01 2.249999999999999985e-10
0.000000000000000000e+00 -5.533931999999999789e+03 6.300000000000000000e+01 2.249999999999999985e-10
3.940000000000000169e-01 -5.533625000000000000e+03 6.350000000000000000e+01 2.269999999999999916e-10
0.000000000000000000e+00 -5.534019000000000233e+03 6.400000000000000000e+01 2.269999999999999916e-10
4.809999999999999831e-01 -5.533451000000000022e+03 6.450000000000000000e+01 2.384000000000000246e-10
0.000000000000000000e+00 -5.533931999999999789e+03 6.500000000000000000e+01 2.384000000000000246e-10
4.099999999999999756e-01 -5.533409999999999854e+03 6.550000000000000000e+01 2.407000000000000063e-10
0.000000000000000000e+00 -5.533819999999999709e+03 6.600000000000000000e+01 2.407000000000000063e-10
2.979999999999999871e-01 -5.533634000000000015e+03 6.650000000000000000e+01 2.419000000000000125e-10
0.000000000000000000e+00 -5.533931999999999789e+03 6.700000000000000000e+01 2.419000000000000125e-10
4.099999999999999756e-01 -5.533409999999999854e+03 6.750000000000000000e+01 2.422000000000000011e-10
0.000000000000000000e+00 -5.533819999999999709e+03 6.800000000000000000e+01 2.422000000000000011e-10
2.979999999999999871e-01 -5.533634000000000015e+03 6.850000000000000000e+01 2.434000000000000073e-10
0.000000000000000000e+00 -5.533931999999999789e+03 6.900000000000000000e+01 2.434000000000000073e-10
3.940000000000000169e-01 -5.533625000000000000e+03 6.950000000000000000e+01 2.507000000000000235e-10
0.000000000000000000e+00 -5.534019000000000233e+03 7.000000000000000000e+01 2.507000000000000235e-10
5.100000000000000089e-01 -5.533310000000000400e+03 7.050000000000000000e+01 2.589000000000000055e-10
0.000000000000000000e+00 -5.533819999999999709e+03 7.100000000000000000e+01 2.589000000000000055e-10
3.099999999999999978e-01 -5.533708999999999833e+03 7.150000000000000000e+01 2.589999999999999845e-10
0.000000000000000000e+00 -5.534019000000000233e+03 7.200000000000000000e+01 2.589999999999999845e-10
4.789999999999999813e-01 -5.533453999999999724e+03 7.250000000000000000e+01 2.633999999999999900e-10
0.000000000000000000e+00 -5.533931999999999789e+03 7.300000000000000000e+01 2.633999999999999900e-10
3.920000000000000151e-01 -5.533627000000000407e+03 7.350000000000000000e+01 2.707999999999999851e-10
0.000000000000000000e+00 -5.534019000000000233e+03 7.400000000000000000e+01 2.707999999999999851e-10
5.100000000000000089e-01 -5.533310000000000400e+03 7.450000000000000000e+01 2.793000000000000074e-10
0.000000000000000000e+00 -5.533819999999999709e+03 7.500000000000000000e+01 2.793000000000000074e-10
3.099999999999999978e-01 -5.533708999999999833e+03 7.550000000000000000e+01 2.798999999999999847e-10
0.000000000000000000e+00 -5.534019000000000233e+03 7.600000000000000000e+01 2.798999999999999847e-10
5.100000000000000089e-01 -5.533310000000000400e+03 7.650000000000000000e+01 3.240999999999999975e-10
0.000000000000000000e+00 -5.533819999999999709e+03 7.700000000000000000e+01 3.240999999999999975e-10
2.989999999999999880e-01 -5.533632999999999811e+03 7.750000000000000000e+01 3.246999999999999747e-10
0.000000000000000000e+00 -5.533931999999999789e+03 7.800000000000000000e+01 3.246999999999999747e-10
4.119999999999999774e-01 -5.533408000000000357e+03 7.850000000000000000e+01 3.270000000000000082e-10
0.000000000000000000e+00 -5.533819999999999709e+03 7.900000000000000000e+01 3.270000000000000082e-10
2.989999999999999880e-01 -5.533632999999999811e+03 7.950000000000000000e+01 3.272000000000000178e-10
0.000000000000000000e+00 -5.533931999999999789e+03 8.000000000000000000e+01 3.272000000000000178e-10
4.119999999999999774e-01 -5.533408000000000357e+03 8.050000000000000000e+01 3.292999999999999899e-10
0.000000000000000000e+00 -5.533819999999999709e+03 8.100000000000000000e+01 3.292999999999999899e-10
2.989999999999999880e-01 -5.533632999999999811e+03 8.150000000000000000e+01 3.353000000000000209e-10
0.000000000000000000e+00 -5.533931999999999789e+03 8.200000000000000000e+01 3.353000000000000209e-10
3.940000000000000169e-01 -5.533625000000000000e+03 8.250000000000000000e+01 3.396999999999999746e-10
0.000000000000000000e+00 -5.534019000000000233e+03 8.300000000000000000e+01 3.396999999999999746e-10
4.809999999999999831e-01 -5.533451000000000022e+03 8.350000000000000000e+01 3.430999999999999836e-10
0.000000000000000000e+00 -5.533931999999999789e+03 8.400000000000000000e+01 3.430999999999999836e-10
3.940000000000000169e-01 -5.533625000000000000e+03 8.450000000000000000e+01 3.454999999999999960e-10
0.000000000000000000e+00 -5.534019000000000233e+03 8.500000000000000000e+01 3.454999999999999960e-10
5.100000000000000089e-01 -5.533310000000000400e+03 8.550000000000000000e+01 3.579000000000000255e-10
0.000000000000000000e+00 -5.533819999999999709e+03 8.600000000000000000e+01 3.579000000000000255e-10
3.099999999999999978e-01 -5.533708999999999833e+03 8.650000000000000000e+01 3.589000000000000221e-10
0.000000000000000000e+00 -5.534019000000000233e+03 8.700000000000000000e+01 3.589000000000000221e-10
5.100000000000000089e-01 -5.533310000000000400e+03 8.750000000000000000e+01 3.803000000000000206e-10
0.000000000000000000e+00 -5.533819999999999709e+03 8.800000000000000000e+01 3.803000000000000206e-10
3.099999999999999978e-01 -5.533708999999999833e+03 8.850000000000000000e+01 3.811999999999999864e-10
0.000000000000000000e+00 -5.534019000000000233e+03 8.900000000000000000e+01 3.811999999999999864e-10
5.100000000000000089e-01 -5.533310000000000400e+03 8.950000000000000000e+01 3.924999999999999888e-10
0.000000000000000000e+00 -5.533819999999999709e+03 9.000000000000000000e+01 3.924999999999999888e-10
2.989999999999999880e-01 -5.533632999999999811e+03 9.050000000000000000e+01 3.932999999999999757e-10
0.000000000000000000e+00 -5.533931999999999789e+03 9.100000000000000000e+01 3.932999999999999757e-10
4.129999999999999782e-01 -5.533539999999999964e+03 9.150000000000000000e+01 3.938000000000000256e-10
0.000000000000000000e+00 -5.533953000000000429e+03 9.200000000000000000e+01 3.938000000000000256e-10
3.479999999999999760e-01 -5.533514000000000124e+03 9.250000000000000000e+01 4.017000000000000190e-10
0.000000000000000000e+00 -5.533863000000000284e+03 9.300000000000000000e+01 4.017000000000000190e-10
1.650000000000000078e-01 -5.533639000000000124e+03 9.350000000000000000e+01 4.017999999999999980e-10
0.000000000000000000e+00 -5.533804000000000087e+03 9.400000000000000000e+01 4.017999999999999980e-10
4.510000000000000120e-01 -5.533393000000000029e+03 9.450000000000000000e+01 4.023999999999999753e-10
0.000000000000000000e+00 -5.533844000000000051e+03 9.500000000000000000e+01 4.023999999999999753e-10
4.909999999999999920e-01 -5.533311999999999898e+03 9.550000000000000000e+01 4.111000000000000073e-10
0.000000000000000000e+00 -5.533804000000000087e+03 9.600000000000000000e+01 4.111000000000000073e-10
1.100000000000000006e-01 -5.533752999999999702e+03 9.650000000000000000e+01 4.118999999999999942e-10
0.000000000000000000e+00 -5.533863000000000284e+03 9.700000000000000000e+01 4.118999999999999942e-10
1.690000000000000113e-01 -5.533635000000000218e+03 9.750000000000000000e+01 4.126999999999999811e-10
0.000000000000000000e+00 -5.533804000000000087e+03 9.800000000000000000e+01 4.126999999999999811e-10
1.100000000000000006e-01 -5.533752999999999702e+03 9.850000000000000000e+01 4.128000000000000117e-10
0.000000000000000000e+00 -5.533863000000000284e+03 9.900000000000000000e+01 4.128000000000000117e-10
1.690000000000000113e-01 -5.533635000000000218e+03 9.950000000000000000e+01 4.133999999999999890e-10
0.000000000000000000e+00 -5.533804000000000087e+03 1.000000000000000000e+02 4.133999999999999890e-10
1.100000000000000006e-01 -5.533752999999999702e+03 1.005000000000000000e+02 4.140000000000000179e-10
0.000000000000000000e+00 -5.533863000000000284e+03 1.010000000000000000e+02 4.140000000000000179e-10
1.690000000000000113e-01 -5.533635000000000218e+03 1.015000000000000000e+02 4.140999999999999969e-10
0.000000000000000000e+00 -5.533804000000000087e+03 1.020000000000000000e+02 4.140999999999999969e-10
1.100000000000000006e-01 -5.533752999999999702e+03 1.025000000000000000e+02 4.145000000000000162e-10
0.000000000000000000e+00 -5.533863000000000284e+03 1.030000000000000000e+02 4.145000000000000162e-10
2.560000000000000053e-01 -5.533697000000000116e+03 1.035000000000000000e+02 4.152000000000000241e-10
0.000000000000000000e+00 -5.533953000000000429e+03 1.040000000000000000e+02 4.152000000000000241e-10
3.469999999999999751e-01 -5.533515999999999622e+03 1.045000000000000000e+02 4.160999999999999900e-10
0.000000000000000000e+00 -5.533863000000000284e+03 1.050000000000000000e+02 4.160999999999999900e-10
1.650000000000000078e-01 -5.533639000000000124e+03 1.055000000000000000e+02 4.165000000000000093e-10
0.000000000000000000e+00 -5.533804000000000087e+03 1.060000000000000000e+02 4.165000000000000093e-10
1.059999999999999970e-01 -5.533756999999999607e+03 1.065000000000000000e+02 4.165999999999999883e-10
0.000000000000000000e+00 -5.533863000000000284e+03 1.070000000000000000e+02 4.165999999999999883e-10
1.650000000000000078e-01 -5.533639000000000124e+03 1.075000000000000000e+02 4.167999999999999979e-10
0.000000000000000000e+00 -5.533804000000000087e+03 1.080000000000000000e+02 4.167999999999999979e-10
1.059999999999999970e-01 -5.533756999999999607e+03 1.085000000000000000e+02 4.168999999999999769e-10
0.000000000000000000e+00 -5.533863000000000284e+03 1.090000000000000000e+02 4.168999999999999769e-10
1.650000000000000078e-01 -5.533639000000000124e+03 1.095000000000000000e+02 4.172000000000000172e-10
0.000000000000000000e+00 -5.533804000000000087e+03 1.100000000000000000e+02 4.172000000000000172e-10
1.059999999999999970e-01 -5.533756999999999607e+03 1.105000000000000000e+02 4.175999999999999848e-10
0.000000000000000000e+00 -5.533863000000000284e+03 1.110000000000000000e+02 4.175999999999999848e-10
1.650000000000000078e-01 -5.533639000000000124e+03 1.115000000000000000e+02 4.189000000000000217e-10
0.000000000000000000e+00 -5.533804000000000087e+03 1.120000000000000000e+02 4.189000000000000217e-10
1.059999999999999970e-01 -5.533756999999999607e+03 1.125000000000000000e+02 4.192000000000000103e-10
0.000000000000000000e+00 -5.533863000000000284e+03 1.130000000000000000e+02 4.192000000000000103e-10
1.650000000000000078e-01 -5.533639000000000124e+03 1.135000000000000000e+02 4.194999999999999989e-10
0.000000000000000000e+00 -5.533804000000000087e+03 1.140000000000000000e+02 4.194999999999999989e-10
1.059999999999999970e-01 -5.533756999999999607e+03 1.145000000000000000e+02 4.197000000000000086e-10
0.000000000000000000e+00 -5.533863000000000284e+03 1.150000000000000000e+02 4.197000000000000086e-10
1.650000000000000078e-01 -5.533639000000000124e+03 1.155000000000000000e+02 4.202000000000000069e-10
0.000000000000000000e+00 -5.533804000000000087e+03 1.160000000000000000e+02 4.202000000000000069e-10
1.059999999999999970e-01 -5.533756999999999607e+03 1.165000000000000000e+02 4.204000000000000165e-10
0.000000000000000000e+00 -5.533863000000000284e+03 1.170000000000000000e+02 4.204000000000000165e-10
1.650000000000000078e-01 -5.533637999999999920e+03 1.175000000000000000e+02 4.221999999999999999e-10
0.000000000000000000e+00 -5.533802999999999884e+03 1.180000000000000000e+02 4.221999999999999999e-10
1.059999999999999970e-01 -5.533756999999999607e+03 1.185000000000000000e+02 4.224999999999999886e-10
0.000000000000000000e+00 -5.533863000000000284e+03 1.190000000000000000e+02 4.224999999999999886e-10
1.650000000000000078e-01 -5.533637999999999920e+03 1.195000000000000000e+02 4.226000000000000192e-10
0.000000000000000000e+00 -5.533802999999999884e+03 1.200000000000000000e+02 4.226000000000000192e-10
1.059999999999999970e-01 -5.533756999999999607e+03 1.205000000000000000e+02 4.226999999999999982e-10
0.000000000000000000e+00 -5.533863000000000284e+03 1.210000000000000000e+02 4.226999999999999982e-10
1.650000000000000078e-01 -5.533637999999999920e+03 1.215000000000000000e+02 4.236999999999999948e-10
0.000000000000000000e+00 -5.533802999999999884e+03 1.220000000000000000e+02 4.236999999999999948e-10
1.059999999999999970e-01 -5.533756999999999607e+03 1.225000000000000000e+02 4.236999999999999948e-10
0.000000000000000000e+00 -5.533863000000000284e+03 1.230000000000000000e+02 4.236999999999999948e-10
1.650000000000000078e-01 -5.533637999999999920e+03 1.235000000000000000e+02 4.239000000000000044e-10
0.000000000000000000e+00 -5.533802999999999884e+03 1.240000000000000000e+02 4.239000000000000044e-10
1.059999999999999970e-01 -5.533756999999999607e+03 1.245000000000000000e+02 4.243000000000000237e-10
0.000000000000000000e+00 -5.533863000000000284e+03 1.250000000000000000e+02 4.243000000000000237e-10
1.650000000000000078e-01 -5.533637999999999920e+03 1.255000000000000000e+02 4.251999999999999896e-10
0.000000000000000000e+00 -5.533802999999999884e+03 1.260000000000000000e+02 4.251999999999999896e-10
1.059999999999999970e-01 -5.533756999999999607e+03 1.265000000000000000e+02 4.253000000000000203e-10
0.000000000000000000e+00 -5.533863000000000284e+03 1.270000000000000000e+02 4.253000000000000203e-10
1.650000000000000078e-01 -5.533637999999999920e+03 1.275000000000000000e+02 4.271000000000000037e-10
0.000000000000000000e+00 -5.533802999999999884e+03 1.280000000000000000e+02 4.271000000000000037e-10
1.059999999999999970e-01 -5.533756999999999607e+03 1.285000000000000000e+02 4.271000000000000037e-10
0.000000000000000000e+00 -5.533863000000000284e+03 1.290000000000000000e+02 4.271000000000000037e-10
1.650000000000000078e-01 -5.533637999999999920e+03 1.295000000000000000e+02 4.271999999999999827e-10
0.000000000000000000e+00 -5.533802999999999884e+03 1.300000000000000000e+02 4.271999999999999827e-10
1.059999999999999970e-01 -5.533756999999999607e+03 1.305000000000000000e+02 4.276999999999999810e-10
0.000000000000000000e+00 -5.533863000000000284e+03 1.310000000000000000e+02 4.276999999999999810e-10
4.189999999999999836e-01 -5.533457000000000335e+03 1.315000000000000000e+02 4.283999999999999889e-10
0.000000000000000000e+00 -5.533876000000000204e+03 1.320000000000000000e+02 4.283999999999999889e-10
4.329999999999999960e-01 -5.533430000000000291e+03 1.325000000000000000e+02 4.381000000000000174e-10
0.000000000000000000e+00 -5.533863000000000284e+03 1.330000000000000000e+02 4.381000000000000174e-10
1.660000000000000087e-01 -5.533637999999999920e+03 1.335000000000000000e+02 4.389000000000000043e-10
0.000000000000000000e+00 -5.533804000000000087e+03 1.340000000000000000e+02 4.389000000000000043e-10
1.059999999999999970e-01 -5.533756000000000313e+03 1.345000000000000000e+02 4.389999999999999833e-10
0.000000000000000000e+00 -5.533863000000000284e+03 1.350000000000000000e+02 4.389999999999999833e-10
1.660000000000000087e-01 -5.533637999999999920e+03 1.355000000000000000e+02 4.391000000000000140e-10
0.000000000000000000e+00 -5.533804000000000087e+03 1.360000000000000000e+02 4.391000000000000140e-10
1.059999999999999970e-01 -5.533756000000000313e+03 1.365000000000000000e+02 4.403000000000000202e-10
0.000000000000000000e+00 -5.533863000000000284e+03 1.370000000000000000e+02 4.403000000000000202e-10
1.660000000000000087e-01 -5.533637999999999920e+03 1.375000000000000000e+02 4.403999999999999991e-10
0.000000000000000000e+00 -5.533804000000000087e+03 1.380000000000000000e+02 4.403999999999999991e-10
1.059999999999999970e-01 -5.533756000000000313e+03 1.385000000000000000e+02 4.404999999999999781e-10
0.000000000000000000e+00 -5.533863000000000284e+03 1.390000000000000000e+02 4.404999999999999781e-10
1.660000000000000087e-01 -5.533637999999999920e+03 1.395000000000000000e+02 4.404999999999999781e-10
0.000000000000000000e+00 -5.533804000000000087e+03 1.400000000000000000e+02 4.404999999999999781e-10
1.059999999999999970e-01 -5.533756000000000313e+03 1.405000000000000000e+02 4.406000000000000088e-10
0.000000000000000000e+00 -5.533863000000000284e+03 1.410000000000000000e+02 4.406000000000000088e-10
1.660000000000000087e-01 -5.533637999999999920e+03 1.415000000000000000e+02 4.408000000000000184e-10
0.000000000000000000e+00 -5.533804000000000087e+03 1.420000000000000000e+02 4.408000000000000184e-10
1.059999999999999970e-01 -5.533756000000000313e+03 1.425000000000000000e+02 4.414999999999999747e-10
0.000000000000000000e+00 -5.533863000000000284e+03 1.430000000000000000e+02 4.414999999999999747e-10
2.560000000000000053e-01 -5.533697000000000116e+03 1.435000000000000000e+02 4.414999999999999747e-10
0.000000000000000000e+00 -5.533953000000000429e+03 1.440000000000000000e+02 4.414999999999999747e-10
3.469999999999999751e-01 -5.533515999999999622e+03 1.445000000000000000e+02 4.445999999999999950e-10
0.000000000000000000e+00 -5.533863000000000284e+03 1.450000000000000000e+02 4.445999999999999950e-10
1.660000000000000087e-01 -5.533637999999999920e+03 1.455000000000000000e+02 4.453999999999999819e-10
0.000000000000000000e+00 -5.533804000000000087e+03 1.460000000000000000e+02 4.453999999999999819e-10
1.069999999999999979e-01 -5.533756000000000313e+03 1.465000000000000000e+02 4.455000000000000125e-10
0.000000000000000000e+00 -5.533863000000000284e+03 1.470000000000000000e+02 4.455000000000000125e-10
1.660000000000000087e-01 -5.533637999999999920e+03 1.475000000000000000e+02 4.463999999999999784e-10
0.000000000000000000e+00 -5.533804000000000087e+03 1.480000000000000000e+02 4.463999999999999784e-10
1.069999999999999979e-01 -5.533756000000000313e+03 1.485000000000000000e+02 4.465999999999999881e-10
0.000000000000000000e+00 -5.533863000000000284e+03 1.490000000000000000e+02 4.465999999999999881e-10
1.660000000000000087e-01 -5.533637999999999920e+03 1.495000000000000000e+02 4.470000000000000074e-10
0.000000000000000000e+00 -5.533804000000000087e+03 1.500000000000000000e+02 4.470000000000000074e-10
1.069999999999999979e-01 -5.533756000000000313e+03 1.505000000000000000e+02 4.472999999999999960e-10
0.000000000000000000e+00 -5.533863000000000284e+03 1.510000000000000000e+02 4.472999999999999960e-10
1.660000000000000087e-01 -5.533637999999999920e+03 1.515000000000000000e+02 4.475000000000000056e-10
0.000000000000000000e+00 -5.533804000000000087e+03 1.520000000000000000e+02 4.475000000000000056e-10
1.069999999999999979e-01 -5.533756000000000313e+03 1.525000000000000000e+02 4.475000000000000056e-10
0.000000000000000000e+00 -5.533863000000000284e+03 1.530000000000000000e+02 4.475000000000000056e-10
2.560000000000000053e-01 -5.533697000000000116e+03 1.535000000000000000e+02 4.482999999999999925e-10
0.000000000000000000e+00 -5.533953000000000429e+03 1.540000000000000000e+02 4.482999999999999925e-10
5.220000000000000195e-01 -5.533439999999999600e+03 1.545000000000000000e+02 4.511000000000000242e-10
0.000000000000000000e+00 -5.533962000000000444e+03 1.550000000000000000e+02 4.511000000000000242e-10
3.880000000000000115e-01 -5.533568000000000211e+03 1.555000000000000000e+02 4.519000000000000111e-10
0.000000000000000000e+00 -5.533956000000000131e+03 1.560000000000000000e+02 4.519000000000000111e-10
3.820000000000000062e-01 -5.533581000000000131e+03 1.565000000000000000e+02 4.519999999999999901e-10
0.000000000000000000e+00 -5.533962000000000444e+03 1.570000000000000000e+02 4.519999999999999901e-10
5.979999999999999760e-01 -5.533261000000000422e+03 1.575000000000000000e+02 4.534000000000000059e-10
0.000000000000000000e+00 -5.533859000000000378e+03 1.580000000000000000e+02 4.534000000000000059e-10
3.140000000000000013e-01 -5.533596999999999753e+03 1.585000000000000000e+02 4.581000000000000001e-10
0.000000000000000000e+00 -5.533911000000000058e+03 1.590000000000000000e+02 4.581000000000000001e-10
1.549999999999999989e-01 -5.533864999999999782e+03 1.595000000000000000e+02 4.585000000000000194e-10
0.000000000000000000e+00 -5.534020000000000437e+03 1.600000000000000000e+02 4.585000000000000194e-10
5.629999999999999449e-01 -5.533287999999999556e+03 1.605000000000000000e+02 4.608999999999999800e-10
0.000000000000000000e+00 -5.533850999999999658e+03 1.610000000000000000e+02 4.608999999999999800e-10
4.000000000000000222e-01 -5.533420000000000073e+03 1.615000000000000000e+02 4.660000000000000452e-10
0.000000000000000000e+00 -5.533819999999999709e+03 1.620000000000000000e+02 4.660000000000000452e-10
3.559999999999999831e-01 -5.533335000000000036e+03 1.625000000000000000e+02 4.723000000000000131e-10
0.000000000000000000e+00 -5.533690999999999804e+03 1.630000000000000000e+02 4.723000000000000131e-10
2.270000000000000073e-01 -5.533439000000000306e+03 1.635000000000000000e+02 4.744999999999999641e-10
0.000000000000000000e+00 -5.533666000000000167e+03 1.640000000000000000e+02 4.744999999999999641e-10
2.999999999999999889e-02 -5.533791000000000167e+03 1.645000000000000000e+02 4.744999999999999641e-10
0.000000000000000000e+00 -5.533819999999999709e+03 1.650000000000000000e+02 4.744999999999999641e-10
1.839999999999999969e-01 -5.533480999999999767e+03 1.655000000000000000e+02 4.747999999999999527e-10
0.000000000000000000e+00 -5.533666000000000167e+03 1.660000000000000000e+02 4.747999999999999527e-10
2.119999999999999940e-01 -5.533479000000000269e+03 1.665000000000000000e+02 4.747999999999999527e-10
0.000000000000000000e+00 -5.533690999999999804e+03 1.670000000000000000e+02 4.747999999999999527e-10
2.379999999999999893e-01 -5.533427999999999884e+03 1.675000000000000000e+02 4.762999999999999992e-10
0.000000000000000000e+00 -5.533666000000000167e+03 1.680000000000000000e+02 4.762999999999999992e-10
2.999999999999999889e-02 -5.533791000000000167e+03 1.685000000000000000e+02 4.764000000000000299e-10
0.000000000000000000e+00 -5.533819999999999709e+03 1.690000000000000000e+02 4.764000000000000299e-10
1.839999999999999969e-01 -5.533480999999999767e+03 1.695000000000000000e+02 4.788999999999999696e-10
0.000000000000000000e+00 -5.533666000000000167e+03 1.700000000000000000e+02 4.788999999999999696e-10
2.999999999999999889e-02 -5.533791000000000167e+03 1.705000000000000000e+02 4.790000000000000003e-10
0.000000000000000000e+00 -5.533819999999999709e+03 1.710000000000000000e+02 4.790000000000000003e-10
1.839999999999999969e-01 -5.533480999999999767e+03 1.715000000000000000e+02 4.798999999999999661e-10
0.000000000000000000e+00 -5.533666000000000167e+03 1.720000000000000000e+02 4.798999999999999661e-10
2.999999999999999889e-02 -5.533791000000000167e+03 1.725000000000000000e+02 4.799999999999999968e-10
0.000000000000000000e+00 -5.533819999999999709e+03 1.730000000000000000e+02 4.799999999999999968e-10
3.549999999999999822e-01 -5.533346999999999753e+03 1.735000000000000000e+02 4.814000000000000127e-10
0.000000000000000000e+00 -5.533702000000000226e+03 1.740000000000000000e+02 4.814000000000000127e-10
6.029999999999999805e-01 -5.533012999999999920e+03 1.745000000000000000e+02 5.142999999999999714e-10
0.000000000000000000e+00 -5.533615999999999985e+03 1.750000000000000000e+02 5.142999999999999714e-10
4.129999999999999782e-01 -5.533457999999999629e+03 1.755000000000000000e+02 5.152999999999999680e-10
0.000000000000000000e+00 -5.533869999999999891e+03 1.760000000000000000e+02 5.152999999999999680e-10
3.970000000000000195e-01 -5.533264000000000124e+03 1.765000000000000000e+02 5.216999999999999665e-10
0.000000000000000000e+00 -5.533659999999999854e+03 1.770000000000000000e+02 5.216999999999999665e-10
1.869999999999999996e-01 -5.533684000000000196e+03 1.775000000000000000e+02 5.249000000000000175e-10
0.000000000000000000e+00 -5.533869999999999891e+03 1.780000000000000000e+02 5.249000000000000175e-10
5.040000000000000036e-01 -5.533344000000000051e+03 1.785000000000000000e+02 5.281999999999999958e-10
0.000000000000000000e+00 -5.533847999999999956e+03 1.790000000000000000e+02 5.281999999999999958e-10
7.259999999999999787e-01 -5.533136000000000422e+03 1.795000000000000000e+02 5.299000000000000003e-10
0.000000000000000000e+00 -5.533862000000000080e+03 1.800000000000000000e+02 5.299000000000000003e-10
5.290000000000000258e-01 -5.533137999999999920e+03 1.805000000000000000e+02 5.353000000000000023e-10
0.000000000000000000e+00 -5.533667000000000371e+03 1.810000000000000000e+02 5.353000000000000023e-10
3.340000000000000191e-01 -5.533528000000000247e+03 1.815000000000000000e+02 5.364999999999999568e-10
0.000000000000000000e+00 -5.533862000000000080e+03 1.820000000000000000e+02 5.364999999999999568e-10
5.010000000000000009e-01 -5.533261999999999716e+03 1.825000000000000000e+02 5.446999999999999905e-10
0.000000000000000000e+00 -5.533762999999999920e+03 1.830000000000000000e+02 5.446999999999999905e-10
4.380000000000000004e-01 -5.533399999999999636e+03 1.835000000000000000e+02 5.448999999999999485e-10
0.000000000000000000e+00 -5.533837999999999738e+03 1.840000000000000000e+02 5.448999999999999485e-10
5.440000000000000391e-01 -5.533163999999999760e+03 1.845000000000000000e+02 5.536000000000000322e-10
0.000000000000000000e+00 -5.533707999999999629e+03 1.850000000000000000e+02 5.536000000000000322e-10
6.239999999999999991e-01 -5.533390999999999622e+03 1.855000000000000000e+02 5.711000000000000234e-10
0.000000000000000000e+00 -5.534015000000000327e+03 1.860000000000000000e+02 5.711000000000000234e-10
3.619999999999999885e-01 -5.533478000000000065e+03 1.865000000000000000e+02 5.712999999999999814e-10
0.000000000000000000e+00 -5.533840000000000146e+03 1.870000000000000000e+02 5.712999999999999814e-10
4.239999999999999880e-01 -5.533563000000000102e+03 1.875000000000000000e+02 5.728000000000000279e-10
0.000000000000000000e+00 -5.533987000000000080e+03 1.880000000000000000e+02 5.728000000000000279e-10
3.210000000000000075e-01 -5.533600999999999658e+03 1.885000000000000000e+02 5.756999999999999869e-10
0.000000000000000000e+00 -5.533921999999999571e+03 1.890000000000000000e+02 5.756999999999999869e-10
2.560000000000000053e-01 -5.533729999999999563e+03 1.895000000000000000e+02 5.800999999999999924e-10
0.000000000000000000e+00 -5.533987000000000080e+03 1.900000000000000000e+02 5.800999999999999924e-10
3.210000000000000075e-01 -5.533600999999999658e+03 1.905000000000000000e+02 5.809999999999999582e-10
0.000000000000000000e+00 -5.533921999999999571e+03 1.910000000000000000e+02 5.809999999999999582e-10
2.560000000000000053e-01 -5.533729999999999563e+03 1.915000000000000000e+02 5.836999999999999592e-10
0.000000000000000000e+00 -5.533987000000000080e+03 1.920000000000000000e+02 5.836999999999999592e-10
3.210000000000000075e-01 -5.533600999999999658e+03 1.925000000000000000e+02 5.900000000000000305e-10
0.000000000000000000e+00 -5.533921999999999571e+03 1.930000000000000000e+02 5.900000000000000305e-10
2.560000000000000053e-01 -5.533729999999999563e+03 1.935000000000000000e+02 5.900999999999999578e-10
0.000000000000000000e+00 -5.533987000000000080e+03 1.940000000000000000e+02 5.900999999999999578e-10
3.210000000000000075e-01 -5.533600999999999658e+03 1.945000000000000000e+02 5.977000000000000143e-10
0.000000000000000000e+00 -5.533921999999999571e+03 1.950000000000000000e+02 5.977000000000000143e-10
2.560000000000000053e-01 -5.533729999999999563e+03 1.955000000000000000e+02 5.981999999999999609e-10
0.000000000000000000e+00 -5.533987000000000080e+03 1.960000000000000000e+02 5.981999999999999609e-10
3.210000000000000075e-01 -5.533600999999999658e+03 1.965000000000000000e+02 6.001000000000000267e-10
0.000000000000000000e+00 -5.533921999999999571e+03 1.970000000000000000e+02 6.001000000000000267e-10
2.560000000000000053e-01 -5.533729999999999563e+03 1.975000000000000000e+02 6.009999999999999926e-10
0.000000000000000000e+00 -5.533987000000000080e+03 1.980000000000000000e+02 6.009999999999999926e-10
3.210000000000000075e-01 -5.533600999999999658e+03 1.985000000000000000e+02 6.009999999999999926e-10
0.000000000000000000e+00 -5.533921999999999571e+03 1.990000000000000000e+02 6.009999999999999926e-10
2.560000000000000053e-01 -5.533729999999999563e+03 1.995000000000000000e+02 6.045000000000000322e-10
0.000000000000000000e+00 -5.533987000000000080e+03 2.000000000000000000e+02 6.045000000000000322e-10
3.210000000000000075e-01 -5.533600999999999658e+03 2.005000000000000000e+02 6.120999999999999852e-10
0.000000000000000000e+00 -5.533921999999999571e+03 2.010000000000000000e+02 6.120999999999999852e-10
2.560000000000000053e-01 -5.533729999999999563e+03 2.015000000000000000e+02 6.127999999999999932e-10
0.000000000000000000e+00 -5.533987000000000080e+03 2.020000000000000000e+02 6.127999999999999932e-10
3.210000000000000075e-01 -5.533600999999999658e+03 2.025000000000000000e+02 6.144999999999999976e-10
0.000000000000000000e+00 -5.533921999999999571e+03 2.030000000000000000e+02 6.144999999999999976e-10
2.560000000000000053e-01 -5.533729999999999563e+03 2.035000000000000000e+02 6.150999999999999749e-10
0.000000000000000000e+00 -5.533987000000000080e+03 2.040000000000000000e+02 6.150999999999999749e-10
3.210000000000000075e-01 -5.533600999999999658e+03 2.045000000000000000e+02 6.156999999999999521e-10
0.000000000000000000e+00 -5.533921999999999571e+03 2.050000000000000000e+02 6.156999999999999521e-10
2.560000000000000053e-01 -5.533729999999999563e+03 2.055000000000000000e+02 6.160000000000000442e-10
0.000000000000000000e+00 -5.533987000000000080e+03 2.060000000000000000e+02 6.160000000000000442e-10
3.210000000000000075e-01 -5.533600999999999658e+03 2.065000000000000000e+02 6.197000000000000417e-10
0.000000000000000000e+00 -5.533921999999999571e+03 2.070000000000000000e+02 6.197000000000000417e-10
2.560000000000000053e-01 -5.533729999999999563e+03 2.075000000000000000e+02 6.216000000000000041e-10
0.000000000000000000e+00 -5.533987000000000080e+03 2.080000000000000000e+02 6.216000000000000041e-10
3.210000000000000075e-01 -5.533600999999999658e+03 2.085000000000000000e+02 6.241000000000000472e-10
0.000000000000000000e+00 -5.533921999999999571e+03 2.090000000000000000e+02 6.241000000000000472e-10
2.560000000000000053e-01 -5.533729999999999563e+03 2.095000000000000000e+02 6.309999999999999924e-10
0.000000000000000000e+00 -5.533987000000000080e+03 2.100000000000000000e+02 6.309999999999999924e-10
3.210000000000000075e-01 -5.533600999999999658e+03 2.105000000000000000e+02 6.372999999999999603e-10
0.000000000000000000e+00 -5.533921999999999571e+03 2.110000000000000000e+02 6.372999999999999603e-10
2.560000000000000053e-01 -5.533729999999999563e+03 2.115000000000000000e+02 6.389999999999999647e-10
0.000000000000000000e+00 -5.533987000000000080e+03 2.120000000000000000e+02 6.389999999999999647e-10
3.210000000000000075e-01 -5.533600999999999658e+03 2.125000000000000000e+02 6.537000000000000277e-10
0.000000000000000000e+00 -5.533921999999999571e+03 2.130000000000000000e+02 6.537000000000000277e-10
2.560000000000000053e-01 -5.533729999999999563e+03 2.135000000000000000e+02 6.550000000000000129e-10
0.000000000000000000e+00 -5.533987000000000080e+03 2.140000000000000000e+02 6.550000000000000129e-10
3.210000000000000075e-01 -5.533600999999999658e+03 2.145000000000000000e+02 6.554000000000000322e-10
0.000000000000000000e+00 -5.533921999999999571e+03 2.150000000000000000e+02 6.554000000000000322e-10
2.560000000000000053e-01 -5.533729999999999563e+03 2.155000000000000000e+02 6.568000000000000480e-10
0.000000000000000000e+00 -5.533987000000000080e+03 2.160000000000000000e+02 6.568000000000000480e-10
3.210000000000000075e-01 -5.533600999999999658e+03 2.165000000000000000e+02 6.594000000000000184e-10
0.000000000000000000e+00 -5.533921999999999571e+03 2.170000000000000000e+02 6.594000000000000184e-10
2.560000000000000053e-01 -5.533729999999999563e+03 2.175000000000000000e+02 6.601999999999999536e-10
0.000000000000000000e+00 -5.533987000000000080e+03 2.180000000000000000e+02 6.601999999999999536e-10
3.210000000000000075e-01 -5.533600999999999658e+03 2.185000000000000000e+02 6.686999999999999759e-10
0.000000000000000000e+00 -5.533921999999999571e+03 2.190000000000000000e+02 6.686999999999999759e-10
2.560000000000000053e-01 -5.533729999999999563e+03 2.195000000000000000e+02 6.689999999999999645e-10
0.000000000000000000e+00 -5.533987000000000080e+03 2.200000000000000000e+02 6.689999999999999645e-10
3.210000000000000075e-01 -5.533600999999999658e+03 2.205000000000000000e+02 6.692999999999999532e-10
0.000000000000000000e+00 -5.533921999999999571e+03 2.210000000000000000e+02 6.692999999999999532e-10
2.560000000000000053e-01 -5.533729999999999563e+03 2.215000000000000000e+02 6.752000000000000052e-10
0.000000000000000000e+00 -5.533987000000000080e+03 2.220000000000000000e+02 6.752000000000000052e-10
3.210000000000000075e-01 -5.533600999999999658e+03 2.225000000000000000e+02 6.762000000000000017e-10
0.000000000000000000e+00 -5.533921999999999571e+03 2.230000000000000000e+02 6.762000000000000017e-10
2.560000000000000053e-01 -5.533729999999999563e+03 2.235000000000000000e+02 6.814000000000000458e-10
0.000000000000000000e+00 -5.533987000000000080e+03 2.240000000000000000e+02 6.814000000000000458e-10
3.210000000000000075e-01 -5.533600999999999658e+03 2.245000000000000000e+02 6.824999999999999696e-10
0.000000000000000000e+00 -5.533921999999999571e+03 2.250000000000000000e+02 6.824999999999999696e-10
2.560000000000000053e-01 -5.533729999999999563e+03 2.255000000000000000e+02 6.833000000000000082e-10
0.000000000000000000e+00 -5.533987000000000080e+03 2.260000000000000000e+02 6.833000000000000082e-10
3.210000000000000075e-01 -5.533600999999999658e+03 2.265000000000000000e+02 6.855999999999999899e-10
0.000000000000000000e+00 -5.533921999999999571e+03 2.270000000000000000e+02 6.855999999999999899e-10
2.560000000000000053e-01 -5.533729999999999563e+03 2.275000000000000000e+02 6.861000000000000399e-10
0.000000000000000000e+00 -5.533987000000000080e+03 2.280000000000000000e+02 6.861000000000000399e-10
3.210000000000000075e-01 -5.533600999999999658e+03 2.285000000000000000e+02 6.898000000000000375e-10
0.000000000000000000e+00 -5.533921999999999571e+03 2.290000000000000000e+02 6.898000000000000375e-10
2.560000000000000053e-01 -5.533729999999999563e+03 2.295000000000000000e+02 6.916999999999999999e-10
0.000000000000000000e+00 -5.533987000000000080e+03 2.300000000000000000e+02 6.916999999999999999e-10
3.210000000000000075e-01 -5.533600999999999658e+03 2.305000000000000000e+02 6.979999999999999678e-10
0.000000000000000000e+00 -5.533921999999999571e+03 2.310000000000000000e+02 6.979999999999999678e-10
2.560000000000000053e-01 -5.533729999999999563e+03 2.315000000000000000e+02 6.992000000000000257e-10
0.000000000000000000e+00 -5.533987000000000080e+03 2.320000000000000000e+02 6.992000000000000257e-10
3.210000000000000075e-01 -5.533600999999999658e+03 2.325000000000000000e+02 7.002000000000000222e-10
0.000000000000000000e+00 -5.533921999999999571e+03 2.330000000000000000e+02 7.002000000000000222e-10
2.560000000000000053e-01 -5.533729999999999563e+03 2.335000000000000000e+02 7.040000000000000505e-10
0.000000000000000000e+00 -5.533987000000000080e+03 2.340000000000000000e+02 7.040000000000000505e-10
3.210000000000000075e-01 -5.533600999999999658e+03 2.345000000000000000e+02 7.062000000000000015e-10
0.000000000000000000e+00 -5.533921999999999571e+03 2.350000000000000000e+02 7.062000000000000015e-10
2.560000000000000053e-01 -5.533729999999999563e+03 2.355000000000000000e+02 7.077000000000000480e-10
0.000000000000000000e+00 -5.533987000000000080e+03 2.360000000000000000e+02 7.077000000000000480e-10
3.210000000000000075e-01 -5.533600999999999658e+03 2.365000000000000000e+02 7.104999999999999763e-10
0.000000000000000000e+00 -5.533921999999999571e+03 2.370000000000000000e+02 7.104999999999999763e-10
2.560000000000000053e-01 -5.533729999999999563e+03 2.375000000000000000e+02 7.138999999999999853e-10
0.000000000000000000e+00 -5.533987000000000080e+03 2.380000000000000000e+02 7.138999999999999853e-10
3.210000000000000075e-01 -5.533600999999999658e+03 2.385000000000000000e+02 7.262999999999999631e-10
0.000000000000000000e+00 -5.533921999999999571e+03 2.390000000000000000e+02 7.262999999999999631e-10
2.560000000000000053e-01 -5.533729999999999563e+03 2.395000000000000000e+02 7.263999999999999938e-10
0.000000000000000000e+00 -5.533987000000000080e+03 2.400000000000000000e+02 7.263999999999999938e-10
3.210000000000000075e-01 -5.533600999999999658e+03 2.405000000000000000e+02 7.265999999999999517e-10
0.000000000000000000e+00 -5.533921999999999571e+03 2.410000000000000000e+02 7.265999999999999517e-10
2.560000000000000053e-01 -5.533729999999999563e+03 2.415000000000000000e+02 7.293999999999999834e-10
0.000000000000000000e+00 -5.533987000000000080e+03 2.420000000000000000e+02 7.293999999999999834e-10
3.210000000000000075e-01 -5.533600999999999658e+03 2.425000000000000000e+02 7.299000000000000334e-10
0.000000000000000000e+00 -5.533921999999999571e+03 2.430000000000000000e+02 7.299000000000000334e-10
2.560000000000000053e-01 -5.533729999999999563e+03 2.435000000000000000e+02 7.302999999999999493e-10
0.000000000000000000e+00 -5.533987000000000080e+03 2.440000000000000000e+02 7.302999999999999493e-10
3.210000000000000075e-01 -5.533600999999999658e+03 2.445000000000000000e+02 7.330999999999999810e-10
0.000000000000000000e+00 -5.533921999999999571e+03 2.450000000000000000e+02 7.330999999999999810e-10
2.560000000000000053e-01 -5.533729999999999563e+03 2.455000000000000000e+02 7.343999999999999662e-10
0.000000000000000000e+00 -5.533987000000000080e+03 2.460000000000000000e+02 7.343999999999999662e-10
3.210000000000000075e-01 -5.533600999999999658e+03 2.465000000000000000e+02 7.347999999999999855e-10
0.000000000000000000e+00 -5.533921999999999571e+03 2.470000000000000000e+02 7.347999999999999855e-10
2.560000000000000053e-01 -5.533730999999999767e+03 2.475000000000000000e+02 7.359000000000000127e-10
0.000000000000000000e+00 -5.533987000000000080e+03 2.480000000000000000e+02 7.359000000000000127e-10
3.210000000000000075e-01 -5.533600999999999658e+03 2.485000000000000000e+02 7.515999999999999688e-10
0.000000000000000000e+00 -5.533921999999999571e+03 2.490000000000000000e+02 7.515999999999999688e-10
2.560000000000000053e-01 -5.533730999999999767e+03 2.495000000000000000e+02 7.525000000000000381e-10
0.000000000000000000e+00 -5.533987000000000080e+03 2.500000000000000000e+02 7.525000000000000381e-10
3.210000000000000075e-01 -5.533600999999999658e+03 2.505000000000000000e+02 7.545999999999999584e-10
0.000000000000000000e+00 -5.533921999999999571e+03 2.510000000000000000e+02 7.545999999999999584e-10
2.560000000000000053e-01 -5.533730999999999767e+03 2.515000000000000000e+02 7.561000000000000050e-10
0.000000000000000000e+00 -5.533987000000000080e+03 2.520000000000000000e+02 7.561000000000000050e-10
3.210000000000000075e-01 -5.533600999999999658e+03 2.525000000000000000e+02 7.563999999999999936e-10
0.000000000000000000e+00 -5.533921999999999571e+03 2.530000000000000000e+02 7.563999999999999936e-10
2.560000000000000053e-01 -5.533730999999999767e+03 2.535000000000000000e+02 7.569000000000000436e-10
0.000000000000000000e+00 -5.533987000000000080e+03 2.540000000000000000e+02 7.569000000000000436e-10
3.210000000000000075e-01 -5.533600999999999658e+03 2.545000000000000000e+02 7.572000000000000322e-10
0.000000000000000000e+00 -5.533921999999999571e+03 2.550000000000000000e+02 7.572000000000000322e-10
2.560000000000000053e-01 -5.533729999999999563e+03 2.555000000000000000e+02 7.583999999999999867e-10
0.000000000000000000e+00 -5.533987000000000080e+03 2.560000000000000000e+02 7.583999999999999867e-10
3.210000000000000075e-01 -5.533600999999999658e+03 2.565000000000000000e+02 7.635000000000000001e-10
0.000000000000000000e+00 -5.533921999999999571e+03 2.570000000000000000e+02 7.635000000000000001e-10
4.889999999999999902e-01 -5.533246000000000095e+03 2.575000000000000000e+02 7.646000000000000273e-10
0.000000000000000000e+00 -5.533734999999999673e+03 2.580000000000000000e+02 7.646000000000000273e-10
1.890000000000000013e-01 -5.533377000000000407e+03 2.585000000000000000e+02 7.654999999999999932e-10
0.000000000000000000e+00 -5.533565999999999804e+03 2.590000000000000000e+02 7.654999999999999932e-10
2.000000000000000042e-02 -5.533716000000000349e+03 2.595000000000000000e+02 7.654999999999999932e-10
0.000000000000000000e+00 -5.533734999999999673e+03 2.600000000000000000e+02 7.654999999999999932e-10
2.260000000000000064e-01 -5.533907000000000153e+03 2.605000000000000000e+02 7.660999999999999704e-10
0.000000000000000000e+00 -5.534132999999999811e+03 2.610000000000000000e+02 7.660999999999999704e-10
4.079999999999999738e-01 -5.533716999999999643e+03 2.615000000000000000e+02 7.758000000000000507e-10
0.000000000000000000e+00 -5.534125000000000000e+03 2.620000000000000000e+02 7.758000000000000507e-10
3.990000000000000213e-01 -5.533734000000000378e+03 2.625000000000000000e+02 7.889999999999999637e-10
0.000000000000000000e+00 -5.534132999999999811e+03 2.630000000000000000e+02 7.889999999999999637e-10
4.079999999999999738e-01 -5.533716999999999643e+03 2.635000000000000000e+02 7.976000000000000168e-10
0.000000000000000000e+00 -5.534125000000000000e+03 2.640000000000000000e+02 7.976000000000000168e-10
3.990000000000000213e-01 -5.533734000000000378e+03 2.645000000000000000e+02 8.024000000000000415e-10
0.000000000000000000e+00 -5.534132999999999811e+03 2.650000000000000000e+02 8.024000000000000415e-10
4.079999999999999738e-01 -5.533716999999999643e+03 2.655000000000000000e+02 8.162999999999999625e-10
0.000000000000000000e+00 -5.534125000000000000e+03 2.660000000000000000e+02 8.162999999999999625e-10
5.260000000000000231e-01 -5.533385000000000218e+03 2.665000000000000000e+02 8.196000000000000442e-10
0.000000000000000000e+00 -5.533911000000000058e+03 2.670000000000000000e+02 8.196000000000000442e-10
3.059999999999999942e-01 -5.533827000000000226e+03 2.675000000000000000e+02 8.199000000000000328e-10
0.000000000000000000e+00 -5.534132999999999811e+03 2.680000000000000000e+02 8.199000000000000328e-10
4.079999999999999738e-01 -5.533716999999999643e+03 2.685000000000000000e+02 8.368999999999999741e-10
0.000000000000000000e+00 -5.534125000000000000e+03 2.690000000000000000e+02 8.368999999999999741e-10
3.990000000000000213e-01 -5.533734000000000378e+03 2.695000000000000000e+02 8.550000000000000460e-10
0.000000000000000000e+00 -5.534132999999999811e+03 2.700000000000000000e+02 8.550000000000000460e-10
4.079999999999999738e-01 -5.533716999999999643e+03 2.705000000000000000e+02 8.589000000000000015e-10
0.000000000000000000e+00 -5.534125000000000000e+03 2.710000000000000000e+02 8.589000000000000015e-10
3.990000000000000213e-01 -5.533734000000000378e+03 2.715000000000000000e+02 8.591999999999999902e-10
0.000000000000000000e+00 -5.534132999999999811e+03 2.720000000000000000e+02 8.591999999999999902e-10
4.079999999999999738e-01 -5.533716999999999643e+03 2.725000000000000000e+02 8.630000000000000184e-10
0.000000000000000000e+00 -5.534125000000000000e+03 2.730000000000000000e+02 8.630000000000000184e-10
3.990000000000000213e-01 -5.533734000000000378e+03 2.735000000000000000e+02 8.640000000000000149e-10
0.000000000000000000e+00 -5.534132999999999811e+03 2.740000000000000000e+02 8.640000000000000149e-10
4.079999999999999738e-01 -5.533716999999999643e+03 2.745000000000000000e+02 8.856999999999999503e-10
0.000000000000000000e+00 -5.534125000000000000e+03 2.750000000000000000e+02 8.856999999999999503e-10
3.990000000000000213e-01 -5.533734000000000378e+03 2.755000000000000000e+02 8.923000000000000103e-10
0.000000000000000000e+00 -5.534132999999999811e+03 2.760000000000000000e+02 8.923000000000000103e-10
4.079999999999999738e-01 -5.533716999999999643e+03 2.765000000000000000e+02 8.943000000000000034e-10
0.000000000000000000e+00 -5.534125000000000000e+03 2.770000000000000000e+02 8.943000000000000034e-10
3.990000000000000213e-01 -5.533734000000000378e+03 2.775000000000000000e+02 8.985000000000000509e-10
0.000000000000000000e+00 -5.534132999999999811e+03 2.780000000000000000e+02 8.985000000000000509e-10
5.290000000000000258e-01 -5.533381999999999607e+03 2.785000000000000000e+02 9.007000000000000019e-10
0.000000000000000000e+00 -5.533911000000000058e+03 2.790000000000000000e+02 9.007000000000000019e-10
3.420000000000000262e-01 -5.533399999999999636e+03 2.795000000000000000e+02 9.008000000000000326e-10
0.000000000000000000e+00 -5.533742000000000189e+03 2.800000000000000000e+02 9.008000000000000326e-10
2.299999999999999961e-02 -5.533742000000000189e+03 2.805000000000000000e+02 9.008999999999999599e-10
0.000000000000000000e+00 -5.533765000000000327e+03 2.810000000000000000e+02 9.008999999999999599e-10
3.820000000000000062e-01 -5.533520000000000437e+03 2.815000000000000000e+02 9.008999999999999599e-10
0.000000000000000000e+00 -5.533903000000000247e+03 2.820000000000000000e+02 9.008999999999999599e-10
4.460000000000000075e-01 -5.533467999999999847e+03 2.825000000000000000e+02 9.009999999999999906e-10
0.000000000000000000e+00 -5.533913999999999760e+03 2.830000000000000000e+02 9.009999999999999906e-10
4.590000000000000191e-01 -5.533488999999999578e+03 2.835000000000000000e+02 9.099000000000000322e-10
0.000000000000000000e+00 -5.533948999999999614e+03 2.840000000000000000e+02 9.099000000000000322e-10
5.010000000000000009e-01 -5.533716999999999643e+03 2.845000000000000000e+02 9.113999999999999753e-10
0.000000000000000000e+00 -5.534217999999999847e+03 2.850000000000000000e+02 9.113999999999999753e-10
4.339999999999999969e-01 -5.533760000000000218e+03 2.855000000000000000e+02 9.170000000000000387e-10
0.000000000000000000e+00 -5.534194999999999709e+03 2.860000000000000000e+02 9.170000000000000387e-10
4.119999999999999774e-01 -5.533805999999999585e+03 2.865000000000000000e+02 9.191999999999999898e-10
0.000000000000000000e+00 -5.534217999999999847e+03 2.870000000000000000e+02 9.191999999999999898e-10
3.539999999999999813e-01 -5.533675000000000182e+03 2.875000000000000000e+02 9.234000000000000373e-10
0.000000000000000000e+00 -5.534029000000000451e+03 2.880000000000000000e+02 9.234000000000000373e-10
1.660000000000000087e-01 -5.534051999999999680e+03 2.885000000000000000e+02 9.240000000000000145e-10
0.000000000000000000e+00 -5.534217999999999847e+03 2.890000000000000000e+02 9.240000000000000145e-10
3.539999999999999813e-01 -5.533675000000000182e+03 2.895000000000000000e+02 9.313999999999999063e-10
0.000000000000000000e+00 -5.534029000000000451e+03 2.900000000000000000e+02 9.313999999999999063e-10
1.660000000000000087e-01 -5.534051999999999680e+03 2.905000000000000000e+02 9.314999999999999369e-10
0.000000000000000000e+00 -5.534217999999999847e+03 2.910000000000000000e+02 9.314999999999999369e-10
4.349999999999999978e-01 -5.533760000000000218e+03 2.915000000000000000e+02 9.319000000000000596e-10
0.000000000000000000e+00 -5.534194999999999709e+03 2.920000000000000000e+02 9.319000000000000596e-10
3.930000000000000160e-01 -5.533555000000000291e+03 2.925000000000000000e+02 9.381999999999999241e-10
0.000000000000000000e+00 -5.533948000000000320e+03 2.930000000000000000e+02 9.381999999999999241e-10
1.459999999999999909e-01 -5.534048999999999978e+03 2.935000000000000000e+02 9.383999999999999855e-10
0.000000000000000000e+00 -5.534194999999999709e+03 2.940000000000000000e+02 9.383999999999999855e-10
4.089999999999999747e-01 -5.533809000000000196e+03 2.945000000000000000e+02 9.386000000000000468e-10
0.000000000000000000e+00 -5.534217999999999847e+03 2.950000000000000000e+02 9.386000000000000468e-10
4.319999999999999951e-01 -5.533762999999999920e+03 2.955000000000000000e+02 9.456999999999999499e-10
0.000000000000000000e+00 -5.534194999999999709e+03 2.960000000000000000e+02 9.456999999999999499e-10
4.089999999999999747e-01 -5.533809000000000196e+03 2.965000000000000000e+02 9.498999999999999975e-10
0.000000000000000000e+00 -5.534217999999999847e+03 2.970000000000000000e+02 9.498999999999999975e-10
3.549999999999999822e-01 -5.533673999999999978e+03 2.975000000000000000e+02 9.552999999999999995e-10
0.000000000000000000e+00 -5.534029000000000451e+03 2.980000000000000000e+02 9.552999999999999995e-10
1.660000000000000087e-01 -5.534051000000000386e+03 2.985000000000000000e+02 9.557999999999999461e-10
0.000000000000000000e+00 -5.534217999999999847e+03 2.990000000000000000e+02 9.557999999999999461e-10
4.339999999999999969e-01 -5.533761000000000422e+03 2.995000000000000000e+02 9.616000000000000708e-10
0.000000000000000000e+00 -5.534194999999999709e+03 3.000000000000000000e+02 9.616000000000000708e-10
4.109999999999999765e-01 -5.533806999999999789e+03 3.005000000000000000e+02 9.621000000000000174e-10
0.000000000000000000e+00 -5.534217999999999847e+03 3.010000000000000000e+02 9.621000000000000174e-10
3.549999999999999822e-01 -5.533673999999999978e+03 3.015000000000000000e+02 9.629000000000000560e-10
0.000000000000000000e+00 -5.534029000000000451e+03 3.020000000000000000e+02 9.629000000000000560e-10
1.660000000000000087e-01 -5.534051000000000386e+03 3.025000000000000000e+02 9.630999999999999105e-10
0.000000000000000000e+00 -5.534217999999999847e+03 3.030000000000000000e+02 9.630999999999999105e-10
3.549999999999999822e-01 -5.533673999999999978e+03 3.035000000000000000e+02 9.665999999999999501e-10
0.000000000000000000e+00 -5.534029000000000451e+03 3.040000000000000000e+02 9.665999999999999501e-10
1.660000000000000087e-01 -5.534051000000000386e+03 3.045000000000000000e+02 9.668000000000000115e-10
0.000000000000000000e+00 -5.534217999999999847e+03 3.050000000000000000e+02 9.668000000000000115e-10
4.339999999999999969e-01 -5.533761000000000422e+03 3.055000000000000000e+02 9.773999999999999542e-10
0.000000000000000000e+00 -5.534194999999999709e+03 3.060000000000000000e+02 9.773999999999999542e-10
4.109999999999999765e-01 -5.533805999999999585e+03 3.065000000000000000e+02 9.789000000000000007e-10
0.000000000000000000e+00 -5.534217999999999847e+03 3.070000000000000000e+02 9.789000000000000007e-10
3.549999999999999822e-01 -5.533673999999999978e+03 3.075000000000000000e+02 9.812999999999999097e-10
0.000000000000000000e+00 -5.534029000000000451e+03 3.080000000000000000e+02 9.812999999999999097e-10
1.660000000000000087e-01 -5.534051000000000386e+03 3.085000000000000000e+02 9.813999999999999404e-10
0.000000000000000000e+00 -5.534217999999999847e+03 3.090000000000000000e+02 9.813999999999999404e-10
3.549999999999999822e-01 -5.533673999999999978e+03 3.095000000000000000e+02 9.862999999999999959e-10
0.000000000000000000e+00 -5.534029000000000451e+03 3.100000000000000000e+02 9.862999999999999959e-10
1.660000000000000087e-01 -5.534051000000000386e+03 3.105000000000000000e+02 9.885000000000000503e-10
0.000000000000000000e+00 -5.534217999999999847e+03 3.110000000000000000e+02 9.885000000000000503e-10
4.339999999999999969e-01 -5.533761000000000422e+03 3.115000000000000000e+02 9.889999999999999969e-10
0.000000000000000000e+00 -5.534194999999999709e+03 3.120000000000000000e+02 9.889999999999999969e-10
4.109999999999999765e-01 -5.533805999999999585e+03 3.125000000000000000e+02 9.913000000000000820e-10
0.000000000000000000e+00 -5.534217999999999847e+03 3.130000000000000000e+02 9.913000000000000820e-10
4.339999999999999969e-01 -5.533761000000000422e+03 3.135000000000000000e+02 9.924000000000000058e-10
0.000000000000000000e+00 -5.534194999999999709e+03 3.140000000000000000e+02 9.924000000000000058e-10
4.109999999999999765e-01 -5.533805999999999585e+03 3.145000000000000000e+02 9.928999999999999524e-10
0.000000000000000000e+00 -5.534217999999999847e+03 3.150000000000000000e+02 9.928999999999999524e-10
3.549999999999999822e-01 -5.533673999999999978e+03 3.155000000000000000e+02 1.002999999999999949e-09
0.000000000000000000e+00 -5.534029000000000451e+03 3.160000000000000000e+02 1.002999999999999949e-09
1.660000000000000087e-01 -5.534051000000000386e+03 3.165000000000000000e+02 1.002999999999999949e-09
0.000000000000000000e+00 -5.534217999999999847e+03 3.170000000000000000e+02 1.002999999999999949e-09
3.549999999999999822e-01 -5.533673999999999978e+03 3.175000000000000000e+02 1.008999999999999928e-09
0.000000000000000000e+00 -5.534029000000000451e+03 3.180000000000000000e+02 1.008999999999999928e-09
1.660000000000000087e-01 -5.534051000000000386e+03 3.185000000000000000e+02 1.008999999999999928e-09
0.000000000000000000e+00 -5.534217999999999847e+03 3.190000000000000000e+02 1.008999999999999928e-09
4.339999999999999969e-01 -5.533761000000000422e+03 3.195000000000000000e+02 1.010999999999999921e-09
0.000000000000000000e+00 -5.534194999999999709e+03 3.200000000000000000e+02 1.010999999999999921e-09
4.879999999999999893e-01 -5.533501000000000204e+03 3.205000000000000000e+02 1.016000000000000007e-09
0.000000000000000000e+00 -5.533988999999999578e+03 3.210000000000000000e+02 1.016000000000000007e-09
2.829999999999999738e-01 -5.533912000000000262e+03 3.215000000000000000e+02 1.016000000000000007e-09
0.000000000000000000e+00 -5.534194999999999709e+03 3.220000000000000000e+02 1.016000000000000007e-09
3.930000000000000160e-01 -5.533555000000000291e+03 3.225000000000000000e+02 1.019000000000000100e-09
0.000000000000000000e+00 -5.533948000000000320e+03 3.230000000000000000e+02 1.019000000000000100e-09
2.069999999999999896e-01 -5.533542000000000371e+03 3.235000000000000000e+02 1.019000000000000100e-09
0.000000000000000000e+00 -5.533748999999999796e+03 3.240000000000000000e+02 1.019000000000000100e-09
