# t
0.000000000000000000e+00
8.291256399999999491e-12
1.021860700000000010e-11
1.861039100000000040e-11
2.255007700000000148e-11
2.561181299999999900e-11
2.609106599999999872e-11
2.751011800000000078e-11
4.207459499999999961e-11
4.262699699999999748e-11
4.578111299999999870e-11
4.846093400000000269e-11
4.909616299999999879e-11
4.915217099999999913e-11
4.918729699999999730e-11
4.930270399999999740e-11
4.931527499999999698e-11
4.932624200000000121e-11
4.978786800000000044e-11
5.002209600000000040e-11
5.019396499999999796e-11
5.025317399999999789e-11
5.049713900000000290e-11
5.082040900000000219e-11
5.097361499999999898e-11
5.110097400000000322e-11
5.119518900000000314e-11
5.143986900000000084e-11
