# t	msd	err
9.999999999998543751e-15 1.541096203984425642e-04 5.673751681580448293e-05
2.533333333333395219e-14 1.481090325152982891e-04 3.123820006391981859e-05
4.400000000000005233e-14 8.922946435733735402e-05 2.312378966409608084e-05
8.071428571428572738e-14 1.854444531780705314e-04 2.264420503663390000e-05
1.517500000000005146e-13 1.580239241514938033e-04 1.735979282547382168e-05
2.719491525423730164e-13 1.823550349931870977e-04 1.563325285254370321e-05
4.795652173913048639e-13 1.957467090259236452e-04 1.567898857447756606e-05
8.771590909090905472e-13 1.945167212129242265e-04 1.085553020565138852e-05
1.549901734104045622e-12 2.263768057398502225e-04 9.387829024703669625e-06
2.855764411027574145e-12 1.911331477903178402e-04 7.117932702008976332e-06
5.130212765957436223e-12 2.093966415514184748e-04 5.544554728571590035e-06
9.037793969849273025e-12 2.542282474825347427e-04 7.051133951469480870e-06
1.530546609257265802e-11 3.227626627413932156e-04 9.750359089273279931e-06
3.009888304093555898e-11 1.651099650171604328e-03 1.794052449829879441e-05
4.978739497306998367e-11 2.577602849263329818e-03 2.658115526619343508e-05
