# t	msd	err
6.249999999999924144e-14 1.505105838682528452e+00 4.812801375335700599e-02
1.003714285714354546e-13 1.933541400770909080e+00 1.802878240251640507e-01
1.994920634920572575e-13 2.531287753899517323e+00 2.737300830961538201e-01
3.450434782608718376e-13 2.218843989477760736e+00 2.024634377811142250e-01
5.805675675675650337e-13 2.767067377096217751e+00 2.118621190224385942e-01
9.712049382716074084e-13 3.514324261853376985e+00 2.080468211574910131e-01
1.740122905027930232e-12 4.998747135496364180e+00 2.210989531615743242e-01
2.769566712517227412e-12 6.243772765468631469e+00 2.584382525854934110e-01
4.623105711849912806e-12 8.178691004391586361e+00 2.506056552824389438e-01
7.788369475847846761e-12 1.217576048883602802e+01 2.890271332916194980e-01
1.320902903026581860e-11 1.834791767522266071e+01 3.525772202435472069e-01
2.284817102137777989e-11 2.844002080660775889e+01 4.107600229934177949e-01
3.883496577128015389e-11 4.731071974622180676e+01 5.200158081463337467e-01
6.588050996757779635e-11 6.814256810879331283e+01 4.898832766777554970e-01
1.123351854566207482e-10 9.873067811936562066e+01 5.290236016579727973e-01
1.912639659346817563e-10 1.308228881051156804e+02 5.237014211305894840e-01
3.207517053965964487e-10 1.840508700865009928e+02 4.514317323792244041e-01
5.452723352387010394e-10 2.961947552777412511e+02 6.239523312044359393e-01
8.631775339809445989e-10 5.504194597801131295e+02 8.079946322093833899e-01
