# t	msd	err
2.000000000000354985e-14 8.576738304279747649e-03 0.000000000000000000e+00
4.500000000000475599e-14 8.577092296371550267e-03 8.136083489201598762e-07
9.872727272727092279e-14 6.764539616350605938e-03 4.019346262314992240e-04
1.946153846153888329e-13 7.119672906758724162e-03 3.618027109215068743e-04
2.952941176470567397e-13 6.957787290088799335e-03 3.191830916605715583e-04
4.990322580645208754e-13 8.769707590976047462e-03 3.397612316318599076e-04
9.235333333333336458e-13 1.024654074311626487e-02 2.652719989716494629e-04
1.710088832487325849e-12 1.348470768276125928e-02 2.747808839853546647e-04
2.950669007901661598e-12 1.853046908445424995e-02 3.011507734190378271e-04
5.204856605351134936e-12 2.786068431865580675e-02 2.777942152114990567e-04
9.458997674418363847e-12 4.545451398995093567e-02 2.880744274288908179e-04
1.695895227910713496e-11 7.671034162224137087e-02 3.040882016739332970e-04
3.025289400395642005e-11 1.306222292690652764e-01 3.199214295938825775e-04
5.430416063464812750e-11 2.278146127442425006e-01 3.513379938046270394e-04
9.738239700816411575e-11 4.046443282609543668e-01 4.159126176904694096e-04
1.741948675503480446e-10 7.238849377713972855e-01 5.212911607473544534e-04
3.102494128987844017e-10 1.300992958740923910e+00 7.023602027849334484e-04
5.478313636856459272e-10 2.301190700281691370e+00 1.018217567598033975e-03
9.016166826559599332e-10 3.743053082026465361e+00 1.813099430322944253e-03
