# t	msd	err
3.242183886320384352e-12 3.989950345209497540e-02 2.239659190658525715e-04
9.832784127890314858e-12 1.094809262433014546e-01 3.451626743641045291e-04
1.628009902781939575e-11 1.777334084874826747e-01 4.843562583463036824e-04
2.287685008371208699e-11 2.398300540104317535e-01 5.833108466548888541e-04
2.935817257262496269e-11 2.994881375587119532e-01 7.245993784906817545e-04
3.588511202786918249e-11 3.533623112353390661e-01 7.885234745076022227e-04
4.247747024172019681e-11 4.040898274254869915e-01 7.999374804692070857e-04
4.903551656228182697e-11 4.600909083417273893e-01 7.797546324198110883e-04
5.553782087006514975e-11 5.209929248595116524e-01 7.281823005149531611e-04
6.208128167923427087e-11 5.907213561714749206e-01 7.021515725103092678e-04
6.858748317518758047e-11 6.573467013970877293e-01 7.398479469222168188e-04
7.510071728544654711e-11 7.270840527157197419e-01 7.945299431473354943e-04
8.163551753151012960e-11 7.949219378523845192e-01 8.133989382400135752e-04
8.816541764705916655e-11 8.643546106631960768e-01 8.630344741466723819e-04
9.476553304163355050e-11 9.310380578586113787e-01 9.118745916867740300e-04
1.012746237687054341e-10 9.819838100930980973e-01 9.486180364581273464e-04
1.078804176555255862e-10 1.044917574141400962e+00 8.407401097598103754e-04
1.143102369711238277e-10 1.098008533072238446e+00 7.517901584897127920e-04
1.208634260471934297e-10 1.151750654261662010e+00 6.855595051525558261e-04
1.273880968232826000e-10 1.206374835451842875e+00 5.294339748080615802e-04
1.340338569651794945e-10 1.269373775879831578e+00 3.890608261060098170e-04
1.404060269366174895e-10 1.331379685491298481e+00 4.367516134898555757e-04
1.470245351847487354e-10 1.397658098784865466e+00 5.386713683710111101e-04
1.534005511015592416e-10 1.463969709240498185e+00 6.818676037476423301e-04
1.600885643273081674e-10 1.525755757899905696e+00 8.209347766140749668e-04
1.665112577883934130e-10 1.592374513310792494e+00 9.084544274982506119e-04
1.730028985436932824e-10 1.647645576623351982e+00 1.054932177806076248e-03
1.793015659315355821e-10 1.713678576245402985e+00 9.668416655318549631e-04
1.859121460946090852e-10 1.773535354704639966e+00 9.983386520700165620e-04
1.927415082828187282e-10 1.822780585794526287e+00 1.336853727961811100e-03
1.975888830188618839e-10 1.869900969435525306e+00 1.629246286490160364e-03
