# t	msd	err
5.421191363951068488e-12 4.457982822516551313e-02 2.354088131618561214e-04
1.666775922046737378e-11 1.230896716915257372e-01 3.743508249360911902e-04
2.784419154739365932e-11 1.986854430470763599e-01 4.716876924569471277e-04
3.906405196982566464e-11 2.795022362697969776e-01 5.711100280780847778e-04
5.006559379579932876e-11 3.569113570267546942e-01 6.651591613738877962e-04
6.123422417808205998e-11 4.309505301839711144e-01 7.655274965984954025e-04
7.235998926065302132e-11 4.997823761063610037e-01 8.646976000784473192e-04
8.355981643620373492e-11 5.742382898370965716e-01 9.143637080933098580e-04
9.473757495830851046e-11 6.506712745212289706e-01 9.804018274123433869e-04
1.058605905779898566e-10 7.165094437229848623e-01 1.038461057481602232e-03
1.169178689893263711e-10 7.829633890818686881e-01 9.653240083727105542e-04
1.280222155053886200e-10 8.707226170844996060e-01 8.945381307147298993e-04
1.393870542142320385e-10 9.537115556663294802e-01 8.750811526489723395e-04
1.505827290340680575e-10 1.025187866929429870e+00 8.132994884795949559e-04
1.615433914726492876e-10 1.102465090341186116e+00 7.717875956876175210e-04
1.727116704343753761e-10 1.178726968511660145e+00 7.621826780944241731e-04
1.839265352593804221e-10 1.263138626773317563e+00 7.073253133892495230e-04
1.951143625595745624e-10 1.344041571879628139e+00 6.881246707367256283e-04
2.062414405416453430e-10 1.418230428940006727e+00 6.016439570340236572e-04
2.172807023937303230e-10 1.498446117533660749e+00 4.604381158204980205e-04
2.284584957810837716e-10 1.565923302531315064e+00 5.939786891331175385e-04
2.396464519508708367e-10 1.630507049457093682e+00 7.380308699888831056e-04
2.508471059348995303e-10 1.697817397381851556e+00 7.491080021880575264e-04
2.617126393309560990e-10 1.763801123568991880e+00 7.494767884565440913e-04
2.730906749498650929e-10 1.831837927044008607e+00 9.265334514115521275e-04
2.839129284521235220e-10 1.899997363399835715e+00 9.822561792006700727e-04
2.954571827514929356e-10 1.969001899295531599e+00 8.216249949744604264e-04
3.063346791202046815e-10 2.026145365271021070e+00 5.968396354269041781e-04
3.175263551828277343e-10 2.069055636628944317e+00 7.323241145416072278e-04
3.284241831201900986e-10 2.107194945867597813e+00 8.550495424218684673e-04
3.375022701887991179e-10 2.165164217429607962e+00 1.449262338846682473e-03
