# t msd err
1.005434782608767291e-14 6.728913577023206694e-01 3.137372132403834241e-03
1.998823529411780898e-14 5.325538183766990175e-01 2.583265464109569306e-03
2.984337349397609146e-14 6.777790263560389272e-01 3.327086386152159660e-03
3.995673076923137910e-14 6.898358007666507419e-01 3.025130105337385522e-03
5.507344632768335084e-14 6.302293952347848283e-01 2.118492936822603898e-03
8.018085106382972433e-14 8.129816761188652929e-01 2.371711305500447294e-03
1.040273404255320814e-13 7.630036659020643652e-01 7.869781919847353190e-04
1.941405448717938110e-13 9.148203070992215746e-01 9.455791165655843275e-04
2.883411277806529062e-13 1.052932350499648173e+00 1.071024831690172525e-03
3.910546396608563603e-13 1.251938211618014662e+00 1.215130427340698231e-03
5.533468066988358886e-13 1.516702088233618184e+00 1.142770342584688249e-03
8.057591488527166521e-13 1.719580969821018712e+00 1.076948962197425350e-03
1.199459556890720619e-12 2.144926445720504393e+00 1.073201302557931372e-03
1.752190208542427818e-12 2.554272312516939092e+00 1.206309113153978835e-03
2.565289921085416446e-12 3.429305496143529197e+00 1.275990285798903057e-03
3.784886471573542875e-12 4.935174910473056897e+00 1.549140910327884537e-03
5.585143424871653444e-12 6.725553570368461465e+00 1.834749921118482589e-03
8.159441626242156229e-12 9.251789641628366923e+00 2.118690328288728997e-03
1.199053964503866936e-11 1.223868609464246049e+01 2.398774203590727395e-03
1.751515980055342800e-11 1.644894286566657371e+01 2.689563923357109372e-03
2.570510815631492566e-11 2.341865701249504639e+01 3.267007597950855654e-03
3.776937635839671633e-11 3.424229386791305529e+01 4.040237486209843562e-03
5.516026787078099151e-11 5.259365238453268887e+01 5.328662141156611208e-03
8.079610485500463677e-11 6.824562767590683166e+01 5.954721398395717950e-03
1.178685551745450115e-10 9.339921400195436263e+01 7.761991941680321597e-03
1.726208417137189443e-10 1.305875107296236308e+02 1.078366859708785284e-02
2.479742148789510430e-10 1.529308235805878553e+02 1.440418723844081109e-02
3.674380513001535157e-10 2.012658967595162949e+02 2.665539668252529457e-02
5.271598388968848371e-10 1.004972537331352953e+02 1.543902381382813299e-02
