# t msd err
1.005434782608767291e-14 2.450250269641178480e-03 1.142435078916261968e-05
1.998823529411780898e-14 2.260202305805783692e-03 1.096359157894333646e-05
2.984337349397609146e-14 2.027388371113803944e-03 9.952058099585718749e-06
3.995673076923137910e-14 2.256199000517744233e-03 9.894087132782958475e-06
5.507344632768335084e-14 2.572695763519148790e-03 8.648022204007683130e-06
8.018085106382972433e-14 3.084180650907314761e-03 8.997479688451327792e-06
1.040273404255320814e-13 2.766918255221263983e-03 2.853858275096522636e-06
1.941405448717938110e-13 3.441415439239591499e-03 3.557125421810724876e-06
2.883411277806529062e-13 3.817068795187332497e-03 3.882657287503189947e-06
3.910546396608563603e-13 4.460663360445687314e-03 4.329517004194752427e-06
5.533468066988358886e-13 5.312022451081698481e-03 4.002382381704190513e-06
8.057591488527166521e-13 6.265961276845047334e-03 3.924281910941303987e-06
1.199459556890720619e-12 7.769242312557021052e-03 3.887294590618736495e-06
1.752190208542427818e-12 9.285491337026262684e-03 4.385269638275038741e-06
2.565289921085416446e-12 1.241150300745017324e-02 4.618123782637606557e-06
3.784886471573542875e-12 1.770767656341705812e-02 5.558402019962896706e-06
5.585143424871653444e-12 2.401261225393220428e-02 6.550708128005756930e-06
8.159441626242156229e-12 3.250146660730311027e-02 7.442943000590353640e-06
1.199053964503866936e-11 4.573966155149237350e-02 8.964942753023184032e-06
1.751515980055342800e-11 6.210314928287255509e-02 1.015447565245745382e-05
2.570510815631492566e-11 8.495326408341760671e-02 1.185136103591113380e-05
3.776937635839671633e-11 1.203764155503649902e-01 1.420317541921146231e-05
5.516026787078099151e-11 1.712181592304839461e-01 1.734741136248453720e-05
8.079610485500463677e-11 2.388990170992076889e-01 2.084495575206758212e-05
1.178685551745450115e-10 3.417476640011031241e-01 2.840112352561265254e-05
1.726208417137189443e-10 4.795309122253608169e-01 3.959875190671243946e-05
2.479742148789510430e-10 7.049232176386062143e-01 6.639502605071641100e-05
3.674380513001535157e-10 1.034340078698269050e+00 1.369866705996389353e-04
5.271598388968848371e-10 5.938242257879923214e-01 9.122703380048714794e-05
