# t msd err
9.882002439551290276e-12 5.122440352140957032e+01 1.410279291461216944e-01
3.160201550514948659e-11 1.243385428524330223e+02 3.772149612498130744e-01
5.263554308451735137e-11 1.810715681196269884e+02 5.732510190795560012e-01
7.391323610704742087e-11 2.482828692109940221e+02 8.113602631998773074e-01
9.481132430630962911e-11 2.823494444537438426e+02 9.924179402090366198e-01
1.160436195701304075e-10 3.180163064025296080e+02 1.199020472572814633e+00
1.371138671421676045e-10 3.361008342997001819e+02 1.384638422422319159e+00
1.583889648850956938e-10 3.748032389341694852e+02 1.654748341256559341e+00
1.794813569179428415e-10 4.165691874661932843e+02 1.988414065370497585e+00
2.004715975423838960e-10 4.241053897664886563e+02 2.103000496349244575e+00
2.217571955441883293e-10 4.343235576095339070e+02 2.365209436595859582e+00
2.427461693468228403e-10 4.544451393785793698e+02 2.707622031307864940e+00
2.638388155053993260e-10 4.612584078550543722e+02 3.085116222087260329e+00
2.851758343660759695e-10 4.429587310429695890e+02 3.471277930025082004e+00
3.064088760436810064e-10 4.265627210002418224e+02 3.615847323659077350e+00
3.273917079440534037e-10 3.912902409357435545e+02 3.816603097000461631e+00
3.482828238589951092e-10 3.106788614210585138e+02 3.265964131431994044e+00
3.702786109515935385e-10 4.018984726066422013e+02 4.699361750186180409e+00
3.910943391886188358e-10 5.719477048851233576e+02 6.753142378500300858e+00
4.126192160321215741e-10 7.763912998561979748e+02 9.297266019885912058e+00
4.333268554847821146e-10 1.070140857091694443e+03 1.273165501782248654e+01
4.539518103606289994e-10 1.074920795570178598e+03 1.387312206176709317e+01
4.753944369152355407e-10 8.706283492170235832e+02 1.196973250575804393e+01
4.968677948609071623e-10 3.851539044798554414e+02 4.582730626514885053e+00
5.179280639536638323e-10 1.903198481323038607e+02 2.373072816981999011e+00
5.386911209330058124e-10 1.499377428451124104e+02 2.117055311437096687e+00
5.603826045013773937e-10 1.240938370260584094e+02 2.065364045221474765e+00
5.814275619310169663e-10 6.201852634700153999e+01 1.042806939625719576e+00
6.031914119299751553e-10 4.915606055984729039e+01 7.946505929115513789e-01
6.218906490432263558e-10 4.531934368394700385e+01 9.850867449535873899e-01
6.400559710588235454e-10 2.508228242504994299e+01 1.216669409059463414e+00
