# t	msd	err
1.000000000000500610e-15 3.331866973142440062e-03 0.000000000000000000e+00
1.350000000000433485e-14 1.168596772014523100e-03 6.133400496656615905e-05
2.657142857142987094e-14 3.375533178612719239e-03 4.794161091293106013e-04
4.500000000000367683e-14 1.998814606941590969e-03 6.100964886186793388e-04
9.460000000000008411e-14 4.030919818976593134e-03 1.765833075692454493e-04
1.419592592592590697e-13 4.976964164563851649e-03 5.328890934377353457e-04
2.463728888888906131e-13 5.384618239206594506e-03 2.125457850059038326e-04
4.410600858369111619e-13 6.702200638733179366e-03 3.059836641307440118e-04
8.026537037037036496e-13 8.300582933495462279e-03 2.376100644975230147e-04
1.438092867756314579e-12 1.160758809423611225e-02 2.839416209851292148e-04
2.553841162420394181e-12 1.561560512817824695e-02 2.653902959489318160e-04
4.500808018647997030e-12 2.364725119878880594e-02 2.655672592925404285e-04
7.899475563359675365e-12 3.572034761528410096e-02 2.747413552239519286e-04
1.413833095790523278e-11 5.666825561934608207e-02 2.601365811010465721e-04
2.521583768506062620e-11 9.859387502895221311e-02 2.886835173031087969e-04
4.520543618282331055e-11 1.654445960947722727e-01 3.371068830846432737e-04
7.958260316614115979e-11 2.871285309055817137e-01 3.872975546743534741e-04
1.425459645046424300e-10 4.986463918820877028e-01 4.758930691504819634e-04
2.495482893024073265e-10 8.794103530761121501e-01 6.347735478816123001e-04
4.138631264577707089e-10 1.448548144095878509e+00 1.008448231760197518e-03
