# t	msd	err
1.000000000000091286e-13 6.147933560511760653e+00 6.845581435626712520e-07
2.040000000000142264e-13 6.762727333174021638e+00 4.124159819209912703e-01
3.500000000000034059e-13 6.147933535465395671e+00 7.454553180835488046e-07
6.538985507246388343e-13 7.484441206930160462e+00 5.019696572090212028e-01
1.038579545454550997e-12 8.628066037784385856e+00 3.156978826227878066e-01
1.994238663484478041e-12 1.167960741878301612e+01 4.803635086452000547e-01
3.430839743589743050e-12 1.581122482861746192e+01 5.253778316019233063e-01
5.827689279732001165e-12 2.305217749220584977e+01 6.327252196862381828e-01
9.793419870194723660e-12 3.774088514160631291e+01 7.761265866845562522e-01
1.646079153094461531e-11 6.188349522191685281e+01 9.062431550766364419e-01
2.793028996655510079e-11 1.189419564883982758e+02 1.328255802344717740e+00
4.741474852101763067e-11 2.457240112901242242e+02 2.079642741205348422e+00
8.045949030738566857e-11 5.229077731023554634e+02 3.131708553317094079e+00
1.373752037076651356e-10 1.238219062690807732e+03 4.848157134741946983e+00
2.347781206926737971e-10 3.102983078709413803e+03 7.367568752436040036e+00
3.998151609237715975e-10 8.367845864430282745e+03 1.301693713098572402e+01
6.779179298296886339e-10 2.317040658581482057e+04 2.636546795549988431e+01
1.141861565940569773e-09 6.449764300928021839e+04 5.729582907624953947e+01
1.787453966814316705e-09 1.522592059533597785e+05 1.348850285154327082e+02
