# time dx dy dz
4.268999999999999783e-13 1.382351972069999935e+00 1.453972199999999937e+00 1.904626171999998507e-02
7.951999999999999842e-13 -1.345408697399999909e+00 9.141249999999989662e-02 -1.491113683200000040e+00
2.758000000000000163e-12 1.486572656299999906e+00 -1.901093999999999007e-01 1.508913909690000388e+00
3.226999999999999881e-12 1.378363619459999967e+00 2.099309999999993126e-02 -1.350237314650000187e+00
3.352999999999999950e-12 -5.184692380000015255e-02 1.557417099999999888e+00 -1.156007500000000077e+00
3.510999999999999883e-12 -3.562507619999995268e-02 -1.501988388709999622e+00 1.284519099999999803e+00
3.603999999999999991e-12 1.556816200000000316e+00 -1.505359799999999915e+00 -8.674827731999984470e-02
4.556000000000000378e-12 9.018880000000001340e-02 -6.240953999999998558e-01 -6.894304120390000179e-01
4.733000000000000128e-12 -4.410188013000003460e-02 7.168727000000001404e-01 8.253793240900000328e-01
4.877000000000000323e-12 -7.872789999999987853e-02 1.486021777078000206e+00 1.617814294710000045e+00
5.367999999999999745e-12 1.770242919999977238e-03 1.346834967022000118e+00 1.460122462259999754e+00
6.290999999999999750e-12 -1.474093409640000019e+00 -1.573844053580000235e+00 1.184365442599999430e-01
6.324999999999999807e-12 -1.392313105179999955e+00 -1.443210057398999879e+00 -3.640380000000012495e-02
1.002999999999999987e-11 -3.835869999999984986e-02 1.556514100000000234e+00 -1.580982699999999852e+00
1.058000000000000056e-11 -1.390532444450000238e+00 -1.303800302589999793e+00 3.467192890999981625e-02
1.088000000000000049e-11 -1.445319477780000028e+00 1.383067988419999894e+00 -4.219891887999993596e-02
1.099000000000000063e-11 1.526209000000000149e+00 1.940469999999996920e-02 1.495792985019999799e+00
1.117000000000000027e-11 1.492271299999999856e+00 -4.405126866999975466e-02 1.524215814980000250e+00
1.178000000000000029e-11 1.239859999999984308e-02 1.653915768669999897e+00 1.573199999999999932e+00
1.308000000000000000e-11 1.540005600000000197e+00 1.468330500000000205e+00 -6.825802191999988389e-02
1.315999999999999966e-11 -7.263937000000000310e-01 8.632942174499997900e-01 2.703131933599999814e-01
1.320000000000000030e-11 -8.013438567899999754e-01 6.966325005800002579e-01 -1.511987785889999936e-01
1.347999999999999991e-11 7.070531224999992981e-02 1.436258397999999659e+00 -1.543513300000000310e+00
1.401000000000000028e-11 1.323790499999999870e+00 -1.167945197999999962e+00 1.541189919470000447e-01
1.441000000000000019e-11 8.548660000000027348e-02 -1.298699236619999642e+00 -1.161680200000000163e+00
1.444999999999999921e-11 1.485103460539999976e+00 -9.855762146000024426e-02 1.473688884534319898e+00
1.445999999999999937e-11 -3.363207596199997429e-01 -7.781783662000001101e-02 5.689071691400000574e-01
1.473000000000000044e-11 5.165253596199997910e-01 6.159319999999991052e-02 -7.360077386199997962e-01
1.486000000000000090e-11 1.718844172899998690e-01 1.523299999999999876e+00 -1.394507561380000427e+00
1.486999999999999944e-11 -4.941181728999982647e-02 1.138948300000000025e+00 1.170476425040000157e+00
1.508999999999999972e-11 1.200944600000000140e+00 -1.090716325679999821e-01 1.155300305530000182e+00
1.528000000000000113e-11 8.947372181599999585e-01 -9.873570115239997946e-01 4.595290000000014363e-02
1.548999999999999963e-11 2.875804818399998464e-01 -1.356450455907999952e+00 9.321910269299999996e-01
1.564000000000000040e-11 -1.752927700000000311e+00 1.376717644920000261e+00 4.192117307000001181e-02
1.575000000000000054e-11 1.614719000000000848e-01 9.953775999999999735e-01 -6.372170878900000890e-01
1.595999999999999904e-11 -1.259221900000000005e+00 1.607115000000000071e-01 7.445506999999998987e-01
1.602000000000000000e-11 1.497212838400001078e-01 1.736253625050000027e+00 1.709970532919999897e+00
1.617000000000000077e-11 1.575775173940000107e+00 -1.882819000000000020e-01 -1.033467451579999752e+00
1.621999999999999995e-11 1.486091600000000401e+00 -1.318749999999995967e-02 -1.316977600000000193e+00
1.666000000000000050e-11 1.249645399999999906e+00 -3.749825679000007295e-02 1.400902600000000220e+00
1.668999999999999936e-11 4.137816212199997845e-01 -2.096761428000004646e-02 3.674487999999999088e-01
1.670999999999999968e-11 -5.550066212199998850e-01 3.755941428000006410e-02 -4.862215999999999205e-01
1.784999999999999846e-11 -4.453441548000008909e-02 1.499038799999999894e+00 -1.294643098706000028e+00
1.868000000000000038e-11 -1.326804199999999767e+00 8.612249165000018802e-02 1.141769398705999583e+00
1.874000000000000133e-11 -1.422254599999999591e+00 -1.047076272199999880e-01 1.314544500000000671e+00
1.908000000000000029e-11 -2.156945000000001778e-01 -8.994938999999998464e-01 7.851584865969996052e-01
1.908000000000000029e-11 8.730109999999990933e-02 -6.494809999999999750e-01 6.097446134030002352e-01
1.919999999999999897e-11 -2.015266272199999209e-01 5.410502000000001477e-01 -4.207244134030001526e-01
1.952999999999999938e-11 2.106532000000000127e-01 9.183367999999999531e-01 -9.090606865969999006e-01
2.065999999999999961e-11 -3.019899999999992035e-02 1.433383500000000144e+00 1.419726287059999592e+00
2.072999999999999911e-11 -1.578317499999999818e+00 -1.007463000000000108e-01 -1.671516513219999833e+00
2.103999999999999921e-11 -1.478382213229999742e+00 -1.430917097999999665e+00 4.368882057000014751e-02
2.130999999999999866e-11 -1.483031473490000085e+00 -1.519788700000000325e+00 3.955270558999986891e-02
2.159999999999999843e-11 1.540981457319999803e+00 1.391095900000000052e+00 -1.079044413399998237e-01
2.265999999999999917e-11 -1.481445672190000451e+00 -1.520151100000000088e+00 3.946214133999984691e-02
2.285000000000000058e-11 1.539814189879999740e+00 1.392104999999999926e+00 -1.077488736099998234e-01
2.405000000000000031e-11 -1.480615914980000447e+00 -1.520568800000000165e+00 3.944497360999978802e-02
2.447000000000000054e-11 1.498013686719999793e+00 -1.432208985475899699e+00 7.495110000000011763e-02
2.518999999999999909e-11 -1.457293564679999820e+00 1.555383663430000007e+00 -1.854666999999999843e-01
2.524000000000000150e-11 1.531083020169999642e+00 1.428008900000000025e+00 -1.248758790200000524e-01
2.529999999999999923e-11 -1.487085120170000163e+00 -1.494928300000000210e+00 2.963627902000014191e-02
2.531999999999999955e-11 1.528521318419999719e+00 1.428604199999999880e+00 -1.251189531499998231e-01
2.573999999999999978e-11 1.441208065499999913e+00 1.456541899999999945e+00 3.056908160000001984e-02
2.642999999999999946e-11 -1.482896654199999720e+00 1.369410833700000774e-01 -1.528764532500000328e+00
2.646000000000000156e-11 -2.082910000000030154e-02 -1.500673619880000143e+00 1.567905415809999869e+00
2.687000000000000001e-11 -8.289574999999997917e-01 -2.021883000000000430e-01 6.996906841900001339e-01
2.687999999999999855e-11 -5.513741999999999255e-01 4.553124989600000339e-01 9.251663999999998333e-01
2.758000000000000001e-11 9.638199999999991219e-02 1.353894304039999996e+00 1.491908300000000409e+00
2.822000000000000052e-11 -1.586752065780000054e+00 -4.769609999999996353e-02 -1.426857947680000294e+00
2.877999999999999975e-11 -1.562219343679999595e+00 1.556995099999999965e+00 9.629352952000017063e-02
2.921000000000000175e-11 -1.408212999999999937e+00 -2.262365007100000658e-01 -1.358126497539999811e+00
2.935000000000000075e-11 2.775813569999979746e-03 1.584115733431000095e+00 1.453201587180000143e+00
3.107999999999999762e-11 -1.653119499999999853e+00 6.692392278899989000e-02 1.547299900760000124e+00
3.122999999999999840e-11 3.199114610000015901e-02 -1.431871419349999952e+00 1.452284918699999761e+00
3.133999999999999853e-11 -1.567715966310000208e+00 -1.517174000000000245e+00 -1.962436382799998824e-01
3.227999999999999736e-11 1.720548206229999710e+00 1.740863991700010438e-02 1.604055525930000226e+00
3.232999999999999977e-11 -1.333112142199999184e-01 1.294252399999999970e+00 1.422420396119999930e+00
3.239999999999999927e-11 -1.502713210469999838e+00 7.977540489999995765e-02 1.496829503879999912e+00
3.245999999999999699e-11 -9.822311400002059489e-04 1.541050199999999926e+00 -1.487626923660000156e+00
3.333000000000000278e-11 1.489589700000000239e+00 -1.121814717799997918e-01 -1.534749999999999837e+00
3.336999999999999695e-11 1.507960999999999885e+00 1.437457178000003943e-02 -1.525783681549999660e+00
3.341999999999999936e-11 -1.350040300000000082e+00 -1.394873700000000216e+00 -8.514590000000007985e-02
3.352999999999999950e-11 1.421104796069999843e+00 2.496200000000114994e-03 -1.476682799999999851e+00
3.368000000000000028e-11 1.145293436300000578e-01 1.638829099999999928e+00 -1.623579940738300031e+00
3.558999999999999678e-11 -1.534297900000000325e+00 8.567759999999974285e-02 1.490716140738300055e+00
3.585999999999999947e-11 1.483389500000000361e+00 2.505730955199990395e-02 -1.494031944704000026e+00
3.718000000000000111e-11 -1.560412991120000203e+00 1.389490986200000722e-01 -1.411322344945999729e+00
3.733999999999999720e-11 -1.319035008880000248e+00 -1.630832108439999928e+00 1.724061999999997874e-01
3.734999999999999898e-11 -4.130039999999995937e-02 1.434331099124400044e+00 -1.520965600000000251e+00
3.788000000000000257e-11 -1.565064200000000127e+00 2.090823480000099030e-03 1.538309064140000126e+00
3.988999999999999744e-11 4.324495440000011848e-02 -1.700568800000000547e+00 1.464016800000000007e+00
3.989999999999999922e-11 -1.486484599999999823e+00 1.639111600000000557e+00 -5.484750000000000042e-02
4.010999999999999772e-11 -7.046732033000002726e-01 8.596214915700001180e-01 -2.447329000000000032e-01
4.014000000000000304e-11 -7.953653953799997289e-01 6.686863977900000533e-01 2.222805999999998283e-01
4.043000000000000282e-11 5.789390953799997686e-01 -6.258685746299998964e-01 -2.812373999999998597e-01
4.044999999999999990e-11 8.159075264900002011e-01 -9.749616624830004241e-01 1.995678433799998874e-01
4.071000000000000081e-11 -6.764620000000000077e-01 8.661999318999999975e-01 -2.352609915299999910e-01
4.076000000000000323e-11 8.155810358900000834e-01 -9.751276635968000317e-01 2.001216769599998557e-01
4.086999999999999690e-11 -6.765936000000002393e-01 8.664013319000000157e-01 -2.355696356199999120e-01
4.094000000000000286e-11 8.138469895700002343e-01 -9.749059133660000764e-01 2.023599926499998480e-01
4.118000000000000023e-11 -7.027203476800000237e-01 8.605568734299999800e-01 -2.474843506699999918e-01
4.123000000000000264e-11 8.145180803649999524e-01 -9.751820286110000069e-01 2.014724677220000870e-01
4.167999999999999850e-11 -7.036356476800000870e-01 8.610405734300001779e-01 -2.464876442600000550e-01
4.186999999999999991e-11 -7.954176761799996997e-01 6.689330034699999539e-01 2.222579999999999556e-01
4.272999999999999746e-11 -3.349872382000009668e-02 1.481753700000000062e+00 1.402197838749999814e+00
4.282000000000000051e-11 -1.536253100000000149e+00 1.311029999999996365e-02 -1.535649194819999952e+00
4.564999999999999875e-11 1.437928957960000087e+00 3.764190000000006142e-02 -1.631905699999999904e+00
4.581000000000000130e-11 1.362889547579999805e+00 1.377718714110000020e+00 -1.501913809000000599e-01
4.596999999999999739e-11 -5.190559475799999545e-01 1.768394300399999952e-01 6.053678517400002956e-01
4.615999999999999880e-11 7.446966298499998471e-01 -2.583425605500000999e-01 -8.535577497299999816e-01
4.621000000000000121e-11 -1.200375631769999840e+00 1.511114616399999999e+00 -1.562808488799999340e-01
4.694000000000000153e-11 1.319782635849999775e+00 -1.723805516400000126e+00 -6.813214972999995234e-02
4.702999999999999812e-11 -5.191848317699999660e-01 1.771667311500000896e-01 6.050729156399998754e-01
4.705999999999999698e-11 -8.113233876200003358e-01 -4.595651475000009367e-02 7.897519865300002273e-01
4.735000000000000322e-11 1.507039237578000179e+00 1.417193351100000109e+00 2.878563286000003496e-02
4.766000000000000008e-11 -1.560404949957999943e+00 -5.623740563999997388e-02 1.333597199999999372e+00
4.771999999999999780e-11 -1.289503200000000405e+00 1.231855358790000077e+00 2.477180000000006599e-02
4.771999999999999780e-11 -8.528350000000006759e-02 1.615341707100000246e+00 1.500092561380000022e+00
4.800999999999999758e-11 -1.206786300000000089e+00 4.500403974999991896e-02 1.388628038620000060e+00
4.821000000000000077e-11 2.448425000000000462e-01 1.314866667310000015e+00 -1.427213800000000088e+00
4.836999999999999685e-11 -1.464540599999999859e+00 5.815443268999992421e-02 1.280204917999999692e+00
4.839000000000000040e-11 7.342919999999994451e-02 1.600080499999999573e+00 1.387205081999999923e+00
4.908000000000000009e-11 -6.719591743199999634e-01 1.539744697699999831e-01 6.912800000000001166e-01
4.914999999999999959e-11 7.531455424599999837e-01 -1.820049697700000801e-01 -8.638217999999999730e-01
4.987999999999999991e-11 -1.266462300000000152e+00 -8.487895347999992179e-02 -1.356245266138000005e+00
5.080000000000000164e-11 -5.883997348599978583e-02 1.587267853479999991e+00 1.508987399999999646e+00
5.364999999999999697e-11 -1.548832626514000221e+00 -2.500539999999993809e-02 -1.513164656200000291e+00
5.429000000000000071e-11 1.575985000000000857e-01 1.470065953859999830e+00 1.387138456199999981e+00
5.549000000000000044e-11 -1.532481399999999772e+00 -6.852729999999992994e-02 -1.305957499999999882e+00
5.649999999999999876e-11 1.489995155089999912e+00 8.507539999999993996e-02 1.354287999999999936e+00
5.675999999999999967e-11 -1.606812506480000291e+00 1.552307246849999878e+00 7.914139999999988961e-02
5.769000000000000318e-11 1.578254100000000104e+00 1.485328160450000157e+00 -1.351150000000006512e-02
5.773999999999999913e-11 -4.309492999999999241e-01 4.462620000000005333e-02 -5.347806000000000504e-01
5.790000000000000168e-11 5.883083000000000062e-01 -5.911940000000000944e-02 7.010081000000000229e-01
5.790999999999999700e-11 -4.309320999999998736e-01 4.461560000000003995e-02 -5.347768999999999995e-01
5.795999999999999941e-11 5.882885999999999393e-01 -5.912700000000004757e-02 7.010024000000000255e-01
5.802999999999999891e-11 -1.605654700000000101e+00 -1.628641610059999856e+00 -6.131134739000007605e-02
5.878999999999999809e-11 -1.627518999999999938e+00 -6.623662809999986134e-02 -1.471222103469999709e+00
5.898999999999999482e-11 1.703857499999999803e+00 -6.618120270999985899e-02 1.519721999999999573e+00
5.933000000000000347e-11 -1.627512199999999964e+00 -6.622893545000005378e-02 -1.471225703470000035e+00
6.038999999999999774e-11 -1.452687300000000015e+00 -1.398029199999999861e+00 -3.749089252000015193e-02
6.066999999999999574e-11 -1.538267800000000296e+00 1.905622538999987570e-02 -1.494844507479999862e+00
6.076000000000000525e-11 1.311975203360000286e+00 -1.511989625389999814e+00 1.518840390899997561e-01
6.104999999999999856e-11 -1.356738100000000280e+00 -1.372551800000000100e+00 -1.031989680199998649e-01
6.198999999999999738e-11 -1.490183459679999878e+00 -2.298499999999856214e-03 1.455156000000000116e+00
6.292999999999999620e-11 1.450421272250000282e+00 -1.350802318600001495e-01 -1.455140706599999945e+00
6.350000000000000044e-11 -1.515074862549999679e+00 1.317473300000000069e+00 -7.784093916200003627e-02
6.363999999999999944e-11 -6.480353744999997612e-02 -1.473343800000000092e+00 1.492750172192000013e+00
6.367999999999999361e-11 1.308158502359999975e+00 -6.103339999999973786e-02 1.401649600000000051e+00
6.383999999999999616e-11 9.605825901999992533e-02 -1.604796599999999795e+00 1.428781400000000090e+00
6.482000000000000208e-11 -1.196002092400000105e+00 -1.318080000000004803e-02 1.376317811700000115e+00
6.512999999999999895e-11 -3.306440076000000117e-01 1.375816450440000338e+00 1.426790375369999975e+00
6.559000000000000304e-11 -1.428428500000000323e+00 -1.443142105219999971e+00 4.738849999999997231e-02
6.661999999999999845e-11 1.568129447500000051e+00 -9.837099999999834865e-03 -1.246467198089999950e+00
6.678999999999999632e-11 1.086894252499999824e+00 -1.379405000000000769e-01 -1.406651183170000152e+00
6.697000000000000242e-11 -1.229808952499999775e+00 -7.987999999999856326e-03 1.373379693770000465e+00
6.780000000000000110e-11 1.086898052499999823e+00 -1.379144999999999954e-01 -1.406644093770000215e+00
6.796999999999999896e-11 -1.584016099999999927e+00 1.532531599999999994e+00 -4.675370608999995792e-02
6.844999999999999369e-11 -4.842859999999993281e-02 1.265416099999999933e+00 1.581700780269999829e+00
6.884000000000000475e-11 -1.213013999999999815e+00 -1.569947399999999771e+00 4.475150000000009676e-02
6.909000000000000388e-11 1.679677499999999712e+00 9.092249999999976739e-02 -1.534838507239999927e+00
7.006000000000000157e-11 -1.611359499999999612e+00 -1.044502000000000069e-01 1.436894407239999838e+00
7.099000000000000508e-11 -2.118494921700002087e-01 -2.191710346789999875e+00 -2.122547599999999424e+00
7.122999999999999598e-11 -1.416828300000000151e+00 1.070970000000015521e-02 1.199340700000000037e+00
7.127000000000000308e-11 7.486439999999991435e-02 1.187475800000000303e+00 1.124638000000000027e+00
7.161999999999999411e-11 1.683707000000000120e-01 1.263744499999999382e+00 -1.223332089344999929e+00
7.166000000000000121e-11 1.486529878719999864e+00 1.755257726599998014e-01 -1.520943699999999676e+00
7.171000000000000362e-11 1.541301900000000558e+00 -1.400462184300000024e+00 2.047821167499999373e-01
7.278000000000000613e-11 1.421961500000000100e+00 1.652581379960000429e+00 -3.639261674999991203e-02
7.304000000000000058e-11 1.509123900000000074e+00 1.438834858379999915e+00 -9.383229841300005925e-02
7.306999999999999945e-11 -1.007567700000000066e+00 -3.728095319999992496e-02 -1.237785201587000117e+00
7.315000000000000072e-11 -7.758076249900002219e-01 1.398756714400001266e-01 -8.747902000000000733e-01
7.353000000000000354e-11 9.568262499000027010e-02 1.433643209099999760e+00 -1.523297013989999948e+00
7.510000000000000433e-11 1.465514199999999656e+00 -4.450990000000004665e-02 1.401362284840000028e+00
7.538000000000000232e-11 -1.643804967999996924e-02 -1.514499698829999907e+00 1.413982515160000286e+00
7.541999999999999650e-11 1.289430049679999968e+00 -1.416779999999998041e-02 1.294660700000000109e+00
7.562000000000000615e-11 1.282832100000000031e+00 -4.257379999999991171e-02 -1.359638309640000209e+00
7.640000000000000242e-11 -2.930629999999985469e-02 1.495927595069999949e+00 1.472690909640000045e+00
7.643000000000000128e-11 3.811990000000024803e-02 1.548166400000000387e+00 1.494761701570000101e+00
7.645000000000000483e-11 -1.373424399999999990e+00 1.618080000000000074e-01 1.244388998430000060e+00
7.681000000000000411e-11 -1.593527500000000430e+00 1.575024999999999897e+00 9.614100000000014301e-02
7.709000000000000211e-11 9.009638300000009925e-02 -1.293931699999999907e+00 -1.231816499999999870e+00
7.734000000000000124e-11 -2.230861681800001550e-01 1.263529600000000030e+00 1.344470549939999815e+00
7.747000000000000493e-11 -3.661552321999989035e-02 1.408568999999999960e+00 1.457159899410000126e+00
7.759999999999999569e-11 -1.574398341440000015e+00 1.491076457440000391e+00 5.672169999999998602e-02
7.926000000000000599e-11 -1.341422015580000071e+00 8.038480369999989605e-02 1.546040686410000031e+00
7.968999999999999830e-11 1.308152799999999782e+00 -1.403390061140000089e+00 3.118550000000000488e-02
7.974000000000000071e-11 -1.440440999999999860e+00 1.488024271280000033e+00 1.525419999999991227e-02
7.987999999999999971e-11 2.703301666000015868e-02 1.414116146298000087e+00 -1.534086069680000275e+00
8.021000000000000012e-11 -1.191670316660000006e+00 3.126508242199989296e-02 -1.242424405990000036e+00
8.037999999999999798e-11 1.978365999999998626e-01 9.923648000000000469e-01 1.358955099999999749e+00
8.045000000000000395e-11 1.252122900000000039e+00 -1.334015297760000385e+00 3.601958826000013769e-02
8.050000000000000636e-11 -1.307203899999999752e+00 -2.860873000000000999e-01 1.166940611740000300e+00
8.064000000000000536e-11 -1.704534300000000169e+00 2.785915400000000375e+00 -1.234384999999999843e+00
8.065999999999999598e-11 -1.234908448850000395e+00 -1.343920299999999735e+00 3.729839999999998157e-02
8.082999999999999384e-11 -1.423291251149999992e+00 1.388428999999998248e-01 1.362457678049999954e+00
8.111000000000000477e-11 1.436126271740000071e+00 8.701554308000002125e-02 1.530238999999999905e+00
8.167999999999999608e-11 -1.456966571739999994e+00 7.045995692000001087e-02 -1.385680397295999677e+00
8.249000000000000414e-11 -1.285978599999999528e+00 1.028248507899999636e-01 -1.314533262939999947e+00
8.271000000000000441e-11 1.180602482879999915e+00 -1.350726400000000105e+00 1.918912629399999181e-01
8.288000000000000228e-11 8.699402171199998035e-01 5.845131293200003797e-02 -1.414477199999999657e+00
8.382999999999999641e-11 -1.125066036279999793e+00 1.371320000000001219e-02 1.170219799999999699e+00
8.393000000000000123e-11 -6.084480637200000430e-01 -2.141265254499997994e-01 8.466423415699999566e-01
8.398000000000000365e-11 -8.200112000000000512e-01 2.382691254499998690e-01 5.813809584299999278e-01
8.429000000000000051e-11 5.979412000000000615e-01 -3.572812544999985629e-02 -3.049982584299998911e-01
8.446999999999999368e-11 6.872722366200001431e-01 2.099758254499997367e-01 -1.082942629869999784e+00
8.453000000000000433e-11 8.692637633800001096e-01 5.523918818400017083e-02 -1.410684700000000014e+00
8.467000000000000333e-11 1.273537420490000072e+00 -8.888415196899999149e-01 -9.417860000000011222e-02
8.569000000000000343e-11 -1.377615115020000003e+00 -2.399716803099998241e-01 1.437372199999999989e+00
8.574000000000000584e-11 -3.871490173599998474e-01 1.143604199999999960e+00 1.186858522860000154e+00
8.585000000000000598e-11 -8.678325732000000681e-01 5.046529999999968541e-02 -1.236689163960000171e+00
8.589000000000000015e-11 1.106366870780000067e+00 2.556090000000023343e-02 -1.181346700000000194e+00
8.600000000000000029e-11 1.769976955299999988e-01 -1.288450960169999604e+00 -1.344905622209999763e+00
8.644999999999999615e-11 1.294623195009999783e+00 1.409002860169999760e+00 -8.587877451000033857e-02
8.672999999999999415e-11 4.010047407900002581e-01 4.391692000000002039e-01 -1.135569452199998164e-01
8.674999999999999770e-11 1.051248399999999750e+00 1.006779875200000118e+00 7.770530000000011595e-02
8.691000000000000025e-11 -1.619317413620000146e+00 1.480399037680000252e+00 -6.628403080000094816e-03
8.693000000000000380e-11 1.662504699999999724e+00 -1.298028337679999700e+00 -3.006719999999983572e-02
8.694999999999999442e-11 -1.619325513619999768e+00 1.480374500939999782e+00 -6.566803079999961046e-03
8.756000000000000576e-11 -1.604771700000000134e+00 -1.286583676140000243e+00 -1.017820000000008857e-02
8.847000000000000572e-11 1.482502399999999998e+00 1.399891073260000507e+00 -7.249549336000010724e-02
8.854999999999999407e-11 1.535866600000000304e+00 1.461035226739999970e+00 -1.979599896000002954e-02
8.939000000000000099e-11 3.651039999999980412e-02 -1.206537599999999877e+00 1.540623999999999771e+00
9.018000000000000550e-11 1.476114399999999716e+00 1.398079999999999767e+00 4.010690000000013966e-02
9.175000000000000628e-11 1.471539794070000351e+00 4.151695326000010011e-02 1.326662999999999926e+00
9.220999999999999746e-11 -1.586672199999999755e+00 1.384643256379999743e+00 1.134823544000004153e-02
9.592999999999999857e-11 -1.560471822459999824e+00 -1.469941037100000125e+00 -2.985963543999993475e-02
9.661000000000000294e-11 -1.079972000000002375e-01 -1.371205147719999795e+00 1.595562399999999714e+00
9.697999999999999753e-11 1.471951400000000243e+00 1.472137999999999725e+00 -1.632059999999994904e-02
9.757000000000000531e-11 -7.526530000000000720e-02 -1.409363301820000025e+00 1.499959148779999918e+00
9.771999999999999963e-11 1.482070399999999788e+00 -1.444999600000000051e+00 -1.053613368999983813e-02
9.772999999999999494e-11 -1.488624399999999959e+00 1.469910300000000225e+00 -6.118766310000023356e-03
9.826000000000000500e-11 -6.217949999999992927e-02 1.584720980770000232e+00 1.561677700000000613e+00
9.835000000000000159e-11 6.783360000000004941e-02 1.463990545262999987e+00 -1.474755099999999874e+00
9.912000000000000255e-11 6.153007999999999811e-01 6.911850865970000646e-01 -2.797388999999999015e-01
9.915999999999999672e-11 8.913443917028398555e-01 8.826962000000000419e-01 1.891857999999997930e-01
9.925000000000000623e-11 1.486007948757160246e+00 9.145509999999978934e-02 -1.410308299999999626e+00
9.953000000000000423e-11 3.009781722000010040e-02 1.468190400000000118e+00 1.497221500000000205e+00
9.964000000000000437e-11 -1.648228517220000189e+00 1.461029400000000145e+00 -1.125020000000012677e-02
9.970999999999999741e-11 -1.483623799999999715e+00 1.646131099999999847e+00 1.509609999999997343e-02
9.973999999999999627e-11 1.317601800000000045e+00 1.303903599999999940e+00 1.414409999999999834e-01
9.986000000000000464e-11 1.572049900000000111e+00 2.943239999999993500e-02 -1.675819895379999647e+00
1.000000000000000036e-10 1.442727110399999901e+00 1.357555500000000137e+00 -1.613771046200000725e-01
1.003000000000000052e-10 -1.378550999999999860e+00 -1.435701399999999683e+00 -6.320769537999990084e-02
1.013000000000000017e-10 -1.347005400000000019e+00 -5.455199999999994775e-02 -1.498667904620000213e+00
1.013999999999999936e-10 -1.262032957049999959e+00 1.409647999999998347e-01 -1.316687888616000057e+00
1.018000000000000000e-10 1.248586075484000357e+00 -4.919650000000000412e-02 1.357651672420000288e+00
1.018000000000000000e-10 1.249977500000000408e+00 -1.596412500000000012e+00 1.100554258099998711e-01
1.019000000000000048e-10 3.929189999999943561e-02 -1.397302499999999892e+00 -1.449852899350000168e+00
1.021000000000000016e-10 6.765118000000001075e-01 8.553020000000023659e-02 -7.607586000000001736e-01
1.022000000000000064e-10 -8.198153999999999719e-01 -1.031434999999999297e-01 8.607932000000000361e-01
1.027999999999999966e-10 7.854980000000008622e-02 -1.506827300000000092e+00 1.801067702234000034e+00
1.037000000000000012e-10 -1.443572399999999423e+00 5.835610000000000797e-02 1.484894397766000074e+00
1.038999999999999979e-10 1.464358599999999955e+00 -1.232271000000000477e-01 1.592189000000000076e+00
1.040999999999999947e-10 1.528007825639999595e+00 -1.623600200000000493e+00 4.642839999999995304e-02
1.041999999999999995e-10 1.499642399999999931e+00 5.330480000000009655e-02 -1.515048999999999868e+00
1.043999999999999962e-10 2.909179999999993854e-02 1.270482099999999948e+00 1.345987899999999460e+00
1.043999999999999962e-10 -1.830960000000012022e-02 -1.365514000000000117e+00 -1.277862811992999781e+00
1.051000000000000041e-10 -1.501218699999999906e+00 -1.021347000000000227e-01 1.526743588059999990e+00
1.051999999999999960e-10 1.483507099999999745e+00 -1.396441545740000345e+00 6.568959999999993138e-02
1.065999999999999989e-10 -1.321387399999999879e+00 1.301394001220002872e-01 1.388234199999999863e+00
1.085000000000000001e-10 2.416905755999990135e-02 1.539288505640000082e+00 1.440502899999999809e+00
1.086000000000000050e-10 -1.738460000000005556e-02 -1.289836800000000228e+00 1.238958999999999921e+00
1.093000000000000000e-10 1.467530299999999954e+00 -4.042749999999988020e-02 1.413077399999999706e+00
1.094000000000000048e-10 7.227602883499998354e-01 6.547385000000001121e-01 -2.911200000000014471e-02
1.094000000000000048e-10 7.583003116500000029e-01 9.963473999999998831e-01 -4.132825085999992931e-02
1.105999999999999981e-10 -1.355153000000000052e+00 1.207608000000002929e-01 -1.573475049140000248e+00
1.107000000000000029e-10 1.464078800000000014e+00 1.527863799999999772e+00 -4.251600000000022028e-03
1.107999999999999948e-10 -1.512884199999999790e+00 -1.078614999999998603e-01 1.630215199999999864e+00
1.108999999999999996e-10 -1.502046500000000062e+00 -1.499793243380000085e+00 1.029526536000001657e-01
1.123000000000000025e-10 1.446092499480000182e+00 -4.077115661999999863e-02 -1.500789953600000226e+00
1.124999999999999993e-10 -1.498476894009999949e+00 1.481900699999999738e+00 1.580593000000004023e-01
1.126000000000000041e-10 1.345726694009999891e+00 -1.386252099999999654e+00 -1.416628000000001997e-01
1.129000000000000056e-10 -1.498682794010000041e+00 1.481797900000000112e+00 1.580070000000001751e-01
1.134999999999999958e-10 1.280050162960000071e+00 -6.212797090000021782e-02 1.347862099999999952e+00
1.136000000000000006e-10 1.678563200000000366e+00 -1.594157229099999684e+00 -3.358049999999981883e-02
1.174000000000000030e-10 1.499276599999999515e+00 3.267680000000011686e-02 -1.592743100000000078e+00
1.192999999999999913e-10 1.391223700000000285e+00 -1.130963999999999303e-01 1.596329639860000205e+00
1.204999999999999975e-10 -1.707061828999975606e-02 -1.040305000000000035e+00 -1.373543176140000099e+00
1.209999999999999957e-10 1.970458481420000130e+00 6.497827797599999844e-01 1.508395299820000535e+00
1.214999999999999940e-10 1.842288999999999177e-01 -1.111109799999999481e+00 1.533893641391000262e+00
1.215999999999999988e-10 -9.854239999999999666e-01 2.631894999999999651e-01 -1.178129999999999677e+00
1.215999999999999988e-10 1.504917461500000275e+00 -1.130142999999994013e-01 -1.542369899999999738e+00
1.222000000000000019e-10 1.288332999999999950e+00 -4.634396701000020879e-02 1.445454699999999981e+00
1.222000000000000019e-10 1.613183899999999671e+00 1.094119670100000552e-01 1.152207399999999993e+00
1.224000000000000116e-10 1.265696900000000014e+00 1.448083000000000009e+00 1.558965961999990435e-02
1.224000000000000116e-10 4.194378770099998488e-01 -4.839793000000001122e-01 -9.764559999999997131e-02
1.225999999999999954e-10 -6.427058770099997043e-01 6.287382999999999722e-01 1.533907999999999938e-01
1.231999999999999985e-10 4.194640770099997695e-01 -4.840020999999998796e-01 -9.763629999999998144e-02
1.233000000000000033e-10 -6.427241770099998419e-01 6.287613999999998038e-01 1.534033000000001590e-01
1.234000000000000081e-10 -1.258420000000015637e-02 1.650445900000000243e+00 1.551588200000000084e+00
1.267000000000000123e-10 1.499247400000000230e+00 3.011389999999992961e-02 1.484077500000000382e+00
1.271000000000000057e-10 -1.575627200000000228e+00 -1.991999999999917448e-03 -1.589281000000000166e+00
1.284999999999999957e-10 -1.536098900000000267e+00 1.371989999999989607e-02 -1.464927999999999786e+00
1.293999999999999874e-10 1.589149321690000338e+00 -1.406414912589999844e+00 -8.998800000000167776e-03
1.294999999999999922e-10 -1.206449099999999941e+00 -1.450924330979999954e+00 8.695710000000009265e-02
1.295999999999999971e-10 1.539696700000000140e+00 -6.202677361000019651e-02 1.352766899999999994e+00
1.297000000000000019e-10 1.386019799999999691e+00 1.767437360999993962e-02 1.656672400000000156e+00
1.298000000000000067e-10 1.308325799999999983e+00 -8.384900000000006237e-02 -1.569958381840000250e+00
1.311999999999999967e-10 -1.421280700000000508e+00 1.197392400000000023e+00 1.035343999999998321e-01
1.313000000000000015e-10 -1.579041099999999531e+00 1.598528599999999855e+00 1.647398999999998837e-01
1.322999999999999981e-10 1.533919999999999728e+00 -1.442039399999999860e+00 4.582309999999992223e-02
1.327999999999999964e-10 1.508805200000000291e+00 -3.663809323000005724e-02 1.340670700000000437e+00
1.335000000000000043e-10 1.384904200000000030e+00 1.648108999999999269e-01 -1.431780100000000111e+00
1.336000000000000091e-10 -1.216081700000000154e+00 -1.144417800000000041e+00 3.468800000000202277e-03
1.337999999999999929e-10 -1.544951900000000045e+00 -1.265219999999999678e-01 1.591479299999999597e+00
1.341000000000000074e-10 1.033986799999999873e+00 1.372275641210999986e+00 -3.404979999999974138e-02
1.347000000000000105e-10 -1.452009500000000175e+00 -1.225774761999998130e-02 1.155322999999999656e+00
1.347000000000000105e-10 -1.404156899999999375e+00 1.703091476199999621e-01 1.355691500000000049e+00
1.347999999999999895e-10 -1.592904199999999992e+00 1.732347766000004452e-02 1.563918460960000534e+00
1.354999999999999974e-10 2.966095060999995869e-02 1.553220461960000076e+00 -1.584548987010000465e+00
1.356000000000000022e-10 -1.302135900000000124e+00 -1.468946524049999924e+00 3.699510000000039156e-02
1.356000000000000022e-10 1.365498399999999890e+00 -4.740439999999992993e-02 -1.457212800000000197e+00
1.365999999999999987e-10 1.703538800000000020e+00 1.547160152500000052e+00 -1.081159945299996761e-01
1.365999999999999987e-10 -1.479717099999999785e+00 -4.781630000000003378e-02 -1.471147400000000438e+00
1.380999999999999936e-10 1.595762300000000078e+00 1.655932599999999866e+00 -8.419979999999985254e-02
1.381999999999999984e-10 1.591254000000000168e+00 -1.348608442000004404e-02 -1.479490199999999867e+00
1.421000000000000056e-10 1.395368299999999895e+00 -3.412163880599999866e-01 -1.331973199999999746e+00
1.431000000000000022e-10 -1.377113299999999763e+00 -1.439069700000000118e+00 3.067030946000001701e-02
1.434999999999999956e-10 6.538499999999877743e-03 -1.478552799999999889e+00 1.446778137099999917e+00
1.437000000000000052e-10 -1.413417245850000281e+00 -1.383129100000000333e+00 -5.057246560000006053e-03
1.439999999999999939e-10 -4.977878804000020196e-02 -1.449464799999999887e+00 1.362072800000000194e+00
1.443999999999999873e-10 -6.841990000000014449e-02 -1.778159700000000232e+00 -1.534078500000000567e+00
1.448000000000000066e-10 1.389357204250000200e+00 1.526173299999999955e+00 -6.972029999999944383e-02
1.455999999999999935e-10 -7.015560000000067853e-02 1.563564399999999743e+00 1.451569699999999852e+00
1.458000000000000032e-10 1.039098500000000147e+00 1.365861100000000494e+00 -1.219769252189998182e-01
1.464000000000000063e-10 4.978289999999976900e-02 -1.428992000000000040e+00 1.203355725218999694e+00
1.465999999999999901e-10 -1.278555251799999848e+00 -1.674460000000016491e-02 -1.220906999999999965e+00
1.465999999999999901e-10 1.120123499999999606e+00 2.956020000000007808e-02 1.144822899999999866e+00
1.466999999999999949e-10 -7.125039999999993601e-02 1.434422599999999992e+00 -1.240677163999999610e+00
1.467999999999999997e-10 -1.473459500000000144e+00 1.622013807899999938e+00 1.758751639999998062e-01
1.476000000000000125e-10 1.447399563740000339e+00 1.464522399999999891e+00 7.643497812000024649e-02
1.482999999999999945e-10 -1.394768264439999905e+00 -1.526821500000000054e+00 -1.582730000000032167e-02
1.492999999999999911e-10 -1.520853199999999905e+00 1.443640815700000024e+00 7.803544697999995061e-02
1.497999999999999894e-10 1.992139999999967270e-02 1.542278284300000024e+00 1.543344542089999827e+00
1.517000000000000035e-10 -7.280979999999989682e-02 -1.543662084299999959e+00 -1.478864874949999741e+00
1.533000000000000031e-10 -2.481710000000009186e-02 1.446548584299999662e+00 -1.368657237200000321e+00
1.535999999999999917e-10 -5.080829999999985497e-02 -1.538470306349999817e+00 1.482286499999999840e+00
1.539000000000000062e-10 -1.567141900000000199e+00 -1.601154210239999820e+00 1.710434165400001594e-01
1.603000000000000048e-10 -1.516711100000000201e+00 5.605031658999995448e-02 -1.510678716539999966e+00
1.604000000000000096e-10 1.539687499999999876e+00 -1.521018045799999996e+00 3.757259999999992828e-02
1.617999999999999996e-10 1.661974570679999985e+00 1.548900700000000352e+00 -5.949161250000611911e-03
1.619000000000000044e-10 -1.677222470679999855e+00 -1.499646899999999894e+00 -1.894443874999968136e-02
1.638999999999999975e-10 -1.477523066430000309e+00 -1.430188121880000107e+00 -3.594050000000006961e-02
1.638999999999999975e-10 -1.351255633570000114e+00 -1.491930500000000048e+00 9.596275808000001573e-02
1.648999999999999941e-10 -5.409250000000015435e-02 1.217467799999999878e+00 -1.130042727679999359e+00
1.652000000000000086e-10 -1.469707599999999559e+00 1.591777900000000079e+00 1.871195741999993611e-01
1.652000000000000086e-10 -1.144416700000000287e+00 9.078979999999986505e-02 -1.348126999999999853e+00
1.658000000000000116e-10 1.533513659620000080e+00 -1.254041600000000312e+00 -4.915340000000026355e-02
1.659999999999999954e-10 1.403932040379999524e+00 -1.665038199999999691e+00 -2.787719999999979659e-02
1.662000000000000051e-10 -1.867331199999999747e+00 -1.792087200000000102e+00 -1.012816299999999892e+00
1.664999999999999937e-10 2.851899999999955859e-03 -1.438292799999999927e+00 1.395927399999999929e+00
1.664999999999999937e-10 -5.212809999999987176e-02 1.498169700000000049e+00 -1.323292899999999772e+00
1.667000000000000034e-10 -1.698479999999986945e-02 1.237539947911999949e+00 1.113737027640000044e+00
1.668999999999999872e-10 1.639053399999999883e+00 2.196995966259999378e+00 5.920935146400001514e-01
1.669999999999999920e-10 2.625861298999989865e-02 -1.382019099999999945e+00 -1.223760500000000029e+00
1.670999999999999968e-10 -3.684031299000023463e-02 1.100025200000000147e+00 -1.203036299999999503e+00
1.681999999999999982e-10 8.020573932999991440e-02 -1.168817699999999959e+00 -1.246019700000000174e+00
1.686999999999999965e-10 7.022080000000008315e-02 -1.436685100000000048e+00 1.351639099999999871e+00
1.690000000000000109e-10 -1.696828600000000353e+00 -6.674939999999984774e-02 8.973483000000002097e-01
1.690999999999999899e-10 1.188159999999999661e+00 2.263527400000000078e+00 1.545905399999999874e+00
1.691999999999999947e-10 -9.975087331500001042e-01 -1.436883500000000202e+00 -7.368192000000006736e-02
1.695000000000000092e-10 1.181590933149999856e+00 1.313131799999999849e+00 2.470667000000001112e-01
1.701999999999999913e-10 1.421120148980000053e+00 1.517501964552000038e+00 1.105508298099998898e-01
1.704000000000000009e-10 1.341481051020000148e+00 -1.314731464552000073e+00 1.195686823599999976e-01
1.706999999999999896e-10 1.392300200000000210e+00 1.397654500000000244e+00 1.565661764000017553e-02
1.716000000000000071e-10 7.281989999999993746e-02 -1.477295840563999985e+00 -1.411244500000000013e+00
1.717000000000000120e-10 -1.896709999999984797e-02 1.603282000000000096e+00 1.584760990190000385e+00
1.722000000000000102e-10 1.528521292479999794e+00 9.669300000000491391e-03 1.493693203400000780e+00
1.722999999999999892e-10 -1.408712924800002431e-01 1.530680599999999947e+00 1.485489100000000118e+00
1.722999999999999892e-10 1.873299085000015851e-02 1.525890599999999875e+00 1.561790299999999743e+00
1.727000000000000085e-10 -1.497606000000000215e-01 1.206750631450000055e+00 1.453731367010000053e+00
1.732000000000000068e-10 5.749657598299997563e-01 -6.234779954199998198e-01 5.766300000000006143e-02
1.733000000000000116e-10 7.801058522600001766e-01 -8.247659360300000353e-01 -6.273242333999980158e-02
1.738999999999999888e-10 -1.548989100000000230e+00 -1.544860200000000017e+00 -1.257916236330002269e-01
1.739999999999999937e-10 -4.172979999999978928e-02 -1.452366100000000104e+00 -1.473814050266999853e+00
1.745999999999999968e-10 -9.567338999999999150e-01 1.656722799999999829e+00 2.406132391329999898e+00
1.747000000000000016e-10 -1.480898000000000048e+00 9.667499999999981664e-03 1.511053800000000003e+00
1.763000000000000012e-10 1.428920600000000096e+00 -1.397410100000000099e+00 8.423660000000011971e-02
1.764000000000000061e-10 1.347543600000000508e+00 1.422845986430000043e+00 -1.919568069700002544e-01
1.770999999999999881e-10 1.400287099999999674e+00 -1.298510086310000311e+00 1.960840697000032495e-02
1.774000000000000026e-10 -1.369083343669999842e+00 1.537276486429999700e+00 3.081297930299997656e-01
1.781999999999999895e-10 1.503591641569999693e+00 1.666721357000015835e-02 -1.459397105910000159e+00
1.786999999999999878e-10 4.014897069000003538e-02 -1.183320000000000149e+00 1.182798512879999819e+00
1.791000000000000071e-10 -1.485876400841999567e+00 1.471800599999999903e+00 6.369810000000020178e-02
1.793999999999999957e-10 1.014879008419999201e-01 -1.467164099999999527e+00 1.286351800000000045e+00
1.796000000000000054e-10 -1.270448999999999717e+00 1.021023999999998433e-01 1.407814799999999700e+00
1.797000000000000102e-10 -1.455645200000000195e+00 -1.532712999999999770e+00 -5.621669999999990425e-02
1.797999999999999892e-10 1.379599899999999879e+00 -1.124529999999993382e-02 1.507667963434000225e+00
1.799999999999999988e-10 1.637413699999999528e+00 1.112699999999985923e-02 1.562796771195999579e+00
1.808999999999999905e-10 1.452564900000000048e+00 8.528130000000000432e-02 -1.583014499999999991e+00
1.809999999999999953e-10 -8.409000000000332875e-04 -1.420945099999999961e+00 -1.391806300000000274e+00
1.812000000000000050e-10 -1.372730600000000134e+00 -1.579587062089999661e+00 -1.416379999999990702e-02
1.818000000000000081e-10 -1.340151499999999718e+00 1.188465399999999672e+00 -8.984268050999993926e-02
1.822000000000000015e-10 1.459973874950000194e+00 1.317362800000000389e+00 1.733431000000001110e-01
1.823000000000000064e-10 1.513827299999999543e+00 -1.561599600000000532e+00 -3.802719999999978895e-02
1.824000000000000112e-10 -1.427709506319999821e+00 -1.243870399999999821e+00 4.326630000000017406e-02
1.847999999999999977e-10 -1.424791021879999731e+00 -6.545700000000007068e-02 -1.586681600000000358e+00
1.851999999999999912e-10 1.472124297071999877e+00 4.059579999999987643e-02 1.611767100000000230e+00
1.854000000000000008e-10 -1.299155881892000153e+00 -1.382718200000000230e+00 1.062900000000006895e-02
1.857999999999999943e-10 -1.187072703879999969e+00 1.501237800000000178e+00 3.879149999999989551e-02
1.858999999999999991e-10 -1.490997700000000092e+00 9.694130000000002190e-02 1.352209679360000028e+00
1.858999999999999991e-10 -9.767537500000002954e-03 1.554138799999999598e+00 1.615609020639999782e+00
1.871000000000000053e-10 2.050190075199997408e-01 -2.482242000000001725e-01 3.932606000000001822e-01
1.872999999999999891e-10 -2.514069999999984234e-02 -1.249116200000000010e+00 9.682671000000000472e-01
1.877000000000000084e-10 1.572356205639999560e+00 -1.621725200000000200e+00 6.219127811999977662e-02
1.887000000000000049e-10 -1.531109099999999890e+00 1.502589299999999906e+00 -3.411957811999979939e-02
1.888000000000000098e-10 3.005926000000002096e-01 -7.017449999999999521e-01 2.985043999999996700e-01
1.888000000000000098e-10 -1.434270000000000544e-01 7.111042000000001861e-01 -6.659361999999997561e-01
1.888999999999999887e-10 2.889653000000002026e-01 -6.471563000000002397e-01 3.354927999999997024e-01
1.888999999999999887e-10 -1.434289000000001091e-01 7.111296000000002504e-01 -6.659135999999997724e-01
1.894999999999999918e-10 2.918610000000017649e-02 1.056581500000000062e+00 -7.974197000000002866e-01
1.895999999999999967e-10 -9.449001916499996656e-02 4.040428999999999271e-01 -5.662594999999996936e-01
1.897000000000000015e-10 1.506563519165000198e+00 1.260021999999997866e-01 1.461324000000000289e+00
1.898000000000000063e-10 -7.361369929000008416e-02 -1.567679397350000059e+00 -1.618663200000000302e+00
1.904999999999999884e-10 -1.374975630350000255e+00 6.704310000000018865e-02 1.343468574319999664e+00
1.916999999999999946e-10 -8.833036039999977995e-03 1.440581900000000415e+00 -1.472105686659999746e+00
1.920000000000000091e-10 -1.411928150610000099e+00 -6.792839999999995826e-02 -1.419120613340000059e+00
1.927999999999999960e-10 -1.438875043040000357e+00 -1.475524499999999684e+00 -7.983045773000024825e-02
1.931999999999999894e-10 1.231445369726000161e+00 8.184869999999996870e-02 -1.360536542269999760e+00
1.947000000000000101e-10 -1.309600806472000389e+00 7.062799999999952449e-03 1.335861728690000083e+00
1.949999999999999987e-10 -5.600748905999984595e-02 -1.579016900000000057e+00 1.400939771309999804e+00
1.958000000000000115e-10 -1.275102109400002015e-01 1.516749200000000020e+00 -1.396184255500000138e+00
1.964999999999999935e-10 6.180569109400000372e-01 -8.897736486100000786e-01 -9.396634449999996530e-02
1.965999999999999983e-10 -7.646560962399999717e-01 1.068133248609999919e+00 1.351113286900002264e-01
1.969999999999999918e-10 -1.623873003759999767e+00 2.577379999999989540e-02 1.482912371309999866e+00
1.969999999999999918e-10 -1.532226300000000041e+00 -2.257429999999975567e-02 1.580927469239999938e+00
1.969999999999999918e-10 -1.380837399999999437e+00 3.766549999999990739e-02 -1.529476469239999581e+00
1.985000000000000125e-10 -7.136920000000011866e-02 1.590690999999999633e+00 1.419729400000000030e+00
1.990000000000000107e-10 4.393562793000044264e-02 1.652877900000000455e+00 -1.405588500000000129e+00
2.000000000000000073e-10 -1.566708827930000325e+00 1.434049499999999977e+00 -3.850310000000037314e-02
2.001999999999999911e-10 1.510558099999999904e+00 1.540211700000000405e+00 -2.351159999999993810e-02
2.008999999999999990e-10 -8.559619272000001944e-02 1.486483699999999963e+00 1.561762199999999989e+00
2.011000000000000087e-10 -1.397090665849999969e+00 -4.631049999999997668e-02 1.502956400000000192e+00
2.012999999999999925e-10 1.485213465849999803e+00 -1.902380000000000737e-02 -1.544462299999999955e+00
2.021000000000000052e-10 -1.303970400000000307e+00 1.276164899999999713e+00 1.197018000000001220e-01
2.024999999999999987e-10 -1.530123616750000082e+00 4.466229999999996036e-02 1.347889282319999715e+00
2.027999999999999873e-10 -5.774389999999987588e-02 1.320638399999999990e+00 -1.393377482320000027e+00
2.042000000000000031e-10 1.269924599999999959e+00 -3.004080000000003761e-02 -1.233536799999999545e+00
2.044000000000000128e-10 -1.306160999999999905e+00 1.390584400730000114e+00 -1.798510000000011488e-02
2.044999999999999917e-10 9.529927999999999733e-01 1.314631000729999943e+00 -1.375860999999999335e-01
2.049000000000000110e-10 1.352831899999999976e+00 -5.375480145999991799e-02 -1.272595282589999988e+00
2.051999999999999997e-10 -1.522901699999999581e+00 1.275433500000000109e+00 -1.006765174100001381e-01
2.051999999999999997e-10 -5.658614139999997017e-02 1.501659245240000384e+00 -1.486216200000000098e+00
2.056999999999999979e-10 6.150274139999997725e-02 -1.482915600000000111e+00 1.413239899999999771e+00
2.059000000000000076e-10 -3.873850079999935359e-03 -1.356759700000000013e+00 -1.465346499999999885e+00
2.059000000000000076e-10 1.065292999999998547e-01 -1.403258000000000338e+00 1.282561800000000085e+00
2.060000000000000124e-10 -1.334246863779999792e+00 -1.287475299999999656e+00 -9.768749999999978839e-02
2.069000000000000041e-10 -1.468419600000000269e+00 1.268197799999999820e+00 -1.041034285700002948e-01
2.069000000000000041e-10 -1.389260372380000330e+00 -1.349965600000000432e+00 1.386530000000013585e-02
2.070999999999999879e-10 -1.472411399999999926e+00 2.876079999999997527e-02 -1.564411600000000124e+00
2.070999999999999879e-10 -1.196970894060000123e+00 1.789264999999999883e-01 1.436870400000000103e+00
2.075000000000000072e-10 -1.532363405939999534e+00 1.383244400000000152e+00 1.008190000000000475e-01
2.086000000000000086e-10 -1.386090000000000932e-02 -1.155700400000000183e+00 -1.530607233220000030e+00
2.092000000000000117e-10 -1.407707310229999953e+00 -1.157094999999999790e-01 -1.406058731190000133e+00
2.099999999999999986e-10 2.995173862000009152e-02 -1.407098808059999984e+00 -1.291654035589999916e+00
2.104999999999999969e-10 -1.474503760790000229e+00 7.794540805999991551e-02 1.341929700000000114e+00
2.119999999999999917e-10 1.451832232860000182e+00 1.451711700000000160e+00 3.784970000000005552e-02
2.123000000000000062e-10 1.299151900000000026e+00 -1.367427500000000018e+00 -1.103617999999998434e-01
2.129000000000000093e-10 -1.491196600000000316e+00 1.205290315699998893e-01 1.421856700000000195e+00
2.130999999999999931e-10 1.600002999999999009e-01 -1.682918331569999593e+00 1.164432200000000028e+00
2.130999999999999931e-10 1.475443000000001281e-01 -1.498477099999999895e+00 -1.515854560729999800e+00
2.138000000000000010e-10 -5.035655808000000233e-02 -1.627309951730000037e+00 1.609707499999999847e+00
2.146999999999999927e-10 -1.427387400000000195e+00 2.113175173000012008e-02 1.405534700000000026e+00
2.147999999999999975e-10 1.247333899999999884e+00 5.152579999999988558e-02 1.343896899999999839e+00
2.161999999999999875e-10 -1.373616200000000065e+00 -1.312342300000000073e+00 -2.793513999999998054e-01
2.162999999999999924e-10 -1.370256499999999766e+00 2.567469824000033485e-02 1.264748199999999434e+00
2.163999999999999972e-10 -2.466624000000000039e-01 -6.869266167000005474e-01 -5.888257000000000074e-01
2.163999999999999972e-10 2.596840999999998623e-01 8.681544167000003753e-01 7.198671999999997073e-01
2.165000000000000020e-10 -2.466720999999998942e-01 -6.869515167000004308e-01 -5.888485999999998333e-01
2.166000000000000068e-10 2.596917999999998061e-01 8.681728167000001273e-01 7.198751000000001010e-01
2.167000000000000117e-10 1.439556100000000116e+00 8.046620000000030692e-02 -1.506018400000000534e+00
2.168999999999999955e-10 1.576442300000000074e+00 -1.504811104410000322e+00 -2.913720000000027954e-02
2.195999999999999965e-10 -8.166920000000021940e-02 -1.454838199999999970e+00 -1.493507200000000257e+00
2.197000000000000013e-10 -1.396336344259999862e+00 -1.492563599999999990e+00 8.971591033999987141e-02
2.201999999999999996e-10 -1.458778499999999756e+00 -8.847790000000016475e-02 1.496594589660000141e+00
2.203000000000000044e-10 -1.581300200000000267e+00 -3.421680000000001942e-02 -1.372934000000000321e+00
2.204000000000000092e-10 1.596281000000000061e+00 -1.296480000000006794e-02 1.374068865309999943e+00
2.206999999999999978e-10 6.285155999999999521e-01 5.661860223399997061e-01 1.975025999999998338e-01
2.209000000000000075e-10 7.120512999999999426e-01 9.389923776600007654e-01 -2.076521248600000091e-01
2.210000000000000123e-10 1.177291000000003640e-01 -1.579277300000000217e+00 1.406638524859999739e+00
2.210000000000000123e-10 1.260208999999999635e-01 4.879486999999997909e-01 3.763082999999997624e-01
2.210999999999999913e-10 -1.126036999999999733e-01 -6.356724999999997516e-01 -5.338295999999996821e-01
2.210999999999999913e-10 1.490674200000000615e+00 1.447042799999999740e+00 -1.547353000000002421e-01
2.213000000000000009e-10 -1.054215499999999972e+00 -1.139105000000001644e-01 1.380493200000000087e+00
2.215999999999999896e-10 -2.074480000000100688e-02 1.494093099999999952e+00 1.502855100000000776e+00
2.219000000000000040e-10 -1.101691599999999660e+00 2.052556000000009262e-01 -1.417579999999999618e+00
2.222999999999999975e-10 -1.312108700000000017e+00 -1.129435999999999496e-01 -1.352369500000000002e+00
2.226000000000000120e-10 -1.096311032999999491e-01 3.409941999999996920e-01 7.071533000000000957e-01
2.226000000000000120e-10 5.792049999999991650e-02 7.359922999999999327e-01 9.278898380369999810e-01
2.242000000000000116e-10 -1.717538870799999895e+00 1.551540300000000094e+00 -1.015405604400000106e-01
2.242999999999999906e-10 5.216797080000010189e-02 1.221268799999999821e+00 1.379148403170000314e+00
2.245000000000000002e-10 1.346686300000000003e+00 -1.467521900000000157e+00 -4.087518818000006326e-02
2.246000000000000051e-10 -1.265421000000000129e+00 1.682935799999999649e+00 -4.324819682999987702e-02
2.249999999999999985e-10 3.130540000000000406e-02 -1.276312699999999634e+00 1.335250820998999721e+00
2.251000000000000033e-10 -1.649746874609999692e+00 -1.648888000000000131e+00 -1.925652416899996389e-02
2.251000000000000033e-10 6.973464999999998692e-01 1.067539399999999805e+00 1.241836000000000745e-01
2.254999999999999968e-10 -5.802324999999999289e-01 -8.469279999999999031e-01 -1.981239000000000194e-01
2.256000000000000016e-10 2.328195580649999652e+00 2.578753599999999757e+00 9.367269999999999763e-02
2.256000000000000016e-10 -1.532211200000000328e+00 -1.062515999999998628e-01 -1.611562695659999767e+00
2.257000000000000064e-10 1.401967900000000267e+00 6.344189999999982899e-02 1.534277520749999679e+00
2.258000000000000113e-10 1.518483161670000303e+00 -6.702700000000010039e-02 1.473817789649999987e+00
2.272000000000000012e-10 3.396582985999996307e-02 1.469990700000000317e+00 -1.185868599999999828e+00
2.280999999999999930e-10 1.503700599999999721e+00 1.566790499999999753e+00 -5.132858936000006533e-02
2.291999999999999943e-10 6.800679999999960368e-02 -1.266778899999999819e+00 1.360288689359999914e+00
2.295000000000000088e-10 1.517391099999999993e+00 -8.460317136000007621e-02 1.510297700000000187e+00
2.295999999999999878e-10 -5.577449999999970626e-02 1.560166199999999836e+00 -1.361964699999999695e+00
2.295999999999999878e-10 -1.256933000000000078e+00 -3.493329999999995189e-02 1.380422499999999886e+00
2.302999999999999957e-10 1.342187700000000206e+00 -1.135728000000000570e-01 1.501478300000000043e+00
2.304000000000000005e-10 9.072800000000214027e-03 -1.691217399999999982e+00 1.511793199999999615e+00
2.311999999999999874e-10 -1.499232699999999863e+00 6.391820000000004998e-02 1.546150874390000318e+00
2.338999999999999884e-10 -1.509321300000000532e+00 -7.426659999999996042e-02 -1.429423599999999794e+00
2.355999999999999929e-10 1.452821800000000385e+00 -6.258999999999931285e-03 1.582459499999999908e+00
2.363000000000000008e-10 1.582411000000000012e+00 -1.564723099999999922e+00 9.718289999999998874e-02
2.367000000000000201e-10 -1.443940000000019930e-02 1.590115900000000027e+00 -1.412373800000000124e+00
2.368999999999999781e-10 -1.406597099999999712e+00 -3.101650000000005791e-02 -1.488124599999999909e+00
2.375999999999999860e-10 1.347164499999999432e+00 -6.790900000000033715e-03 1.477915999999999563e+00
2.378999999999999746e-10 1.566426300000000271e+00 -1.531669799999999970e+00 2.860399999999983442e-02
2.380999999999999843e-10 1.278548699999999538e+00 1.432489199999999796e+00 -1.142581000000000707e-01
2.387000000000000132e-10 -1.536687100000000417e+00 -1.548815700000000017e+00 7.515700000000025138e-02
2.397999999999999888e-10 -1.332866299999999615e+00 1.238807665999971941e-02 1.472895431310000003e+00
2.397999999999999888e-10 1.348793433690000043e+00 -1.506521276659999575e+00 6.896268689999963952e-03
2.402000000000000081e-10 1.533151213699999627e+00 7.040039999999993248e-02 -1.527244800000000069e+00
2.404000000000000177e-10 1.354812751270000115e+00 -2.953259999999974239e-02 -1.625046999999999908e+00
2.407000000000000063e-10 -1.547440200000000043e+00 6.083080000000004595e-02 -1.626097967560000246e+00
2.411000000000000256e-10 -1.465389899999999690e+00 1.572581800000000030e+00 4.587930000000006725e-02
2.414000000000000142e-10 1.552410599999999530e+00 -2.505710000000026250e-02 -1.565818568549999901e+00
2.422999999999999801e-10 -1.540211600000000125e+00 1.314246999999996168e-01 -1.524663100000000160e+00
2.422999999999999801e-10 1.589412000000002545e-01 1.397024200000000160e+00 -1.422948700000000510e+00
2.426000000000000204e-10 1.595719999999966818e-02 -4.752855000000000829e-01 6.417778000000001759e-01
2.426000000000000204e-10 2.486160000000004616e-02 -1.019526699999999897e+00 7.286312999999997597e-01
2.429000000000000091e-10 1.487331400000000192e+00 -9.333880000000033261e-02 -1.460622888020000287e+00
2.436999999999999960e-10 1.425666399999999889e+00 -1.368512199999999845e+00 -8.520030000000011761e-02
2.437999999999999749e-10 -1.655595200000000267e+00 6.151110000000017952e-02 1.476456599999999897e+00
2.446999999999999925e-10 1.532801799999999659e+00 -6.620520000000014449e-02 -1.443530100000000260e+00
2.451999999999999908e-10 -4.259029999999996291e-02 1.572850235280000675e+00 1.514510100000000303e+00
2.458999999999999987e-10 -1.350533899999999843e+00 1.037128999999997192e-01 -1.436335600000000046e+00
2.461000000000000084e-10 -1.413745500000000099e+00 -1.406200199999999789e+00 1.847570000000017809e-02
2.464999999999999760e-10 -1.172041300000000508e+00 -1.160448999999999398e+00 3.642969999999998154e-02
2.466000000000000066e-10 -1.065311399999999686e+00 -7.955562000000000467e-01 4.035099999999967879e-02
2.466999999999999856e-10 -2.869949999999997226e-01 3.464919999999953315e-02 -4.553008999999997863e-01
2.468000000000000163e-10 3.921525452200000372e-01 -2.862400000000026035e-02 5.832640999999998410e-01
2.468000000000000163e-10 -2.869948000000000499e-01 3.465360000000015928e-02 -4.552627999999999120e-01
2.468000000000000163e-10 3.920135822600002151e-01 -2.837180000000047442e-02 5.833061999999998859e-01
2.468999999999999953e-10 1.289533599999999947e+00 -1.414962399999999620e+00 4.675379999999967895e-02
2.471000000000000049e-10 8.720239999999995772e-02 1.327173700000000345e+00 -1.473642200000000013e+00
2.473000000000000146e-10 -1.265388999999999875e+00 1.413142300000000517e+00 -7.704585872999976381e-02
2.473999999999999935e-10 -1.243911799999999568e+00 -1.381255999999997097e-01 1.177543132445999952e+00
2.473999999999999935e-10 -1.835290999999997508e-01 1.527708899999999925e+00 1.491615299999999866e+00
2.475000000000000242e-10 1.330898200000000031e+00 1.522191899999999709e+00 3.422536396999992236e-02
2.476999999999999822e-10 1.417768800000000162e+00 -3.904352521900023021e-02 1.396527200000000413e+00
2.486999999999999787e-10 -1.431775199999999693e+00 8.618662521899989049e-02 -1.482520100000000340e+00
2.488000000000000094e-10 -1.436626300000000134e+00 -1.510097699999999987e+00 -6.376570000000009175e-02
2.488000000000000094e-10 -1.401250751670000128e+00 -4.953960000000021124e-02 1.218774999999999942e+00
2.490000000000000190e-10 -2.309201917099996115e-01 2.409601499999999952e+00 -2.255806117680000167e+00
2.490000000000000190e-10 -1.472298600000000013e+00 -1.606193900000000063e+00 1.906958176799999349e-01
2.493999999999999866e-10 -1.491768700000000170e+00 1.556756099999999865e+00 -6.114399999999994145e-02
2.503000000000000042e-10 1.372096399999999994e+00 -1.478675099999999798e+00 -5.934499999999981457e-03
2.507000000000000235e-10 -1.492114900000000244e+00 1.556928699999999832e+00 -6.099249999999985933e-02
2.508000000000000025e-10 -1.450440299999999905e+00 -2.241703414999995925e-02 1.412109699999999801e+00
2.512000000000000218e-10 1.473927200000000326e+00 1.581009900000000190e+00 7.816200000000189663e-03
2.518999999999999780e-10 1.390285699999999736e+00 1.486932849853999983e+00 3.520099999999998230e-02
2.532999999999999938e-10 8.420000000001204299e-04 -1.416795800000000050e+00 1.472147099999999931e+00
2.532999999999999938e-10 1.314539200000000019e+00 -1.718150000000023825e-02 1.288641199999999820e+00
2.537000000000000131e-10 -6.626380000000012260e-02 -1.415490176240000286e+00 -1.347740399999999950e+00
2.537000000000000131e-10 1.244412299999999583e+00 -3.332499999999773144e-03 -1.332324000000000064e+00
2.542999999999999904e-10 -1.352842499999999948e+00 -1.506935800000000381e+00 -1.045029000000001485e-01
2.547000000000000097e-10 6.261710000000020315e-02 1.625324099999999827e+00 -1.558875099999999625e+00
2.552000000000000080e-10 -5.880890000000021933e-02 -1.690136900000000164e+00 1.533007499999999634e+00
2.562999999999999835e-10 6.123800000000043098e-02 1.623649600000000248e+00 -1.556689299999999498e+00
2.564000000000000141e-10 2.141990000000031091e-02 1.481582699999999697e+00 -1.560916800000000215e+00
2.564999999999999931e-10 -8.948139999999980831e-02 -1.277814100000000064e+00 -1.435271300000000139e+00
2.566000000000000238e-10 -1.478047600000000017e+00 9.794529119000010275e-02 1.346344829690000022e+00
2.569000000000000124e-10 1.445986800000000017e+00 -1.357482891190000096e+00 -3.649499999999805677e-03
2.571000000000000221e-10 1.293564300000000333e+00 1.065074899999999936e+00 2.125901999999999514e-01
2.576999999999999993e-10 -1.114489999999995762e-02 -1.681027299999999780e+00 1.578102286179999592e+00
2.582999999999999766e-10 1.325216299999999681e+00 1.455857899999999594e+00 -1.211270000000000124e-01
2.594999999999999828e-10 1.875421999999999645e-01 -1.233634699999999640e+00 -1.285469302169999661e+00
2.596000000000000134e-10 -1.588634700000000066e+00 -1.562422500000000269e+00 -2.641550000000023046e-02
2.598000000000000231e-10 -5.237533999999997025e-01 2.727309999999987661e-02 7.125550000000002715e-01
2.598000000000000231e-10 5.825390999999995323e-01 -9.800700000000030221e-03 -8.915491283900001118e-01
2.598000000000000231e-10 1.348059000000000784e+00 9.433650452999974012e-02 -1.519056032440000203e+00
2.613000000000000179e-10 1.692172780799958143e-02 -1.646084004530000033e+00 -1.507138787199999719e+00
2.621000000000000048e-10 1.457776927808000167e+00 -5.088229999999970693e-02 -1.501257300000000017e+00
2.623999999999999934e-10 2.999680000000015667e-02 -1.422628399999999793e+00 1.347696800000000028e+00
2.626999999999999821e-10 7.771699999999984176e-02 1.489152973010000158e+00 -1.326738400000000651e+00
2.640000000000000189e-10 1.522119532989999913e+00 -1.402421499999999988e+00 -2.342430000000010615e-02
2.655000000000000137e-10 -1.510730899999999988e+00 1.491975500000000121e+00 2.093209000000001985e-01
2.655000000000000137e-10 1.522062432989999881e+00 -1.402376500000000359e+00 -2.353870000000035656e-02
2.662000000000000217e-10 -1.510730000000000128e+00 1.491908299999999965e+00 2.094652000000001013e-01
2.668999999999999779e-10 -1.531118000000000645e+00 1.534605999999998915e-01 1.379453328260000333e+00
2.677000000000000165e-10 1.459699686597000445e+00 -3.545749999999946167e-02 -1.505271999999999943e+00
2.685000000000000034e-10 2.968989999999982476e-02 -1.422670900000000405e+00 1.346405199999999969e+00
2.687999999999999920e-10 -1.322507800000000344e+00 7.694330000000018654e-02 1.475252999999999926e+00
2.694000000000000210e-10 -1.286359899999999667e+00 1.656474245031999804e+00 -1.062124000000001234e-01
2.699999999999999982e-10 -1.351923800000000009e+00 3.189440000000014208e-02 1.272341500000000014e+00
2.700999999999999772e-10 -1.598046399999999867e+00 -1.410888099999999978e+00 8.969099999999396999e-03
2.702000000000000079e-10 8.654799999999920890e-03 -1.517672499999999980e+00 -1.589974200000000337e+00
2.702000000000000079e-10 8.979688183999745554e-03 1.496111187370000151e+00 1.652815900000000227e+00
2.707999999999999851e-10 1.413750899999999255e+00 1.378106300000000228e+00 1.775619999999959731e-02
2.712000000000000044e-10 -1.578777562503999699e+00 -4.524890000000041101e-02 1.424559799999999932e+00
2.716000000000000237e-10 -1.586057637496000039e+00 8.914352840999983929e-02 1.537256200000000073e+00
2.719999999999999913e-10 -1.469693100000000197e+00 -1.495972628409999894e+00 -7.295709999999978879e-02
2.722999999999999799e-10 1.453779099999999769e+00 1.550458927929999620e+00 3.577520000000017353e-02
2.724999999999999896e-10 1.528742199999999940e+00 1.447885810570000320e+00 -1.084833000000000047e-01
2.724999999999999896e-10 1.518517300000000070e+00 1.486291775260000003e+00 -6.453700000000006654e-02
2.731999999999999975e-10 2.549669999999972653e-02 -1.546942775260000458e+00 -1.567433634689999966e+00
2.737999999999999747e-10 -1.476660700000000270e+00 1.521664500000000420e+00 -2.564416531000017138e-02
2.741000000000000151e-10 -5.420860000000002898e-01 4.983386999999999123e-01 -3.467045999999996408e-01
2.741000000000000151e-10 6.682453999999998784e-01 -6.560753000000001389e-01 3.590431999999997847e-01
2.743000000000000247e-10 -5.420867999999998688e-01 4.983385999999999649e-01 -3.467082999999998028e-01
2.743000000000000247e-10 -8.920525999999995292e-01 9.954805999999998267e-01 3.486702999999996555e-01
2.749000000000000020e-10 2.185890000000006994e-02 1.533915399999999707e+00 1.511511700000000236e+00
2.754999999999999792e-10 1.283887300000000176e+00 -1.232355000000003031e-01 -1.495957538159999878e+00
2.754999999999999792e-10 1.401825899999999736e+00 2.009198999999998736e-01 -1.224421561839999839e+00
2.758999999999999985e-10 2.130110000000032949e-02 1.432539222169999960e+00 -1.538850100000000332e+00
2.759999999999999775e-10 1.043884299999999987e+00 3.702357783000029268e-02 -1.396643800000000324e+00
2.763000000000000178e-10 1.028671299999999844e+00 6.585800000000086030e-03 -1.195798799999999495e+00
2.766999999999999854e-10 9.969664729999994091e-03 -7.435048999999995800e-01 1.615795199999999765e+00
2.768999999999999951e-10 -4.448070999999998998e-01 -7.053197000000004380e-01 1.008572000000001467e-01
2.768999999999999951e-10 7.406825999999998578e-01 8.722708000000001238e-01 -9.463049999999975648e-02
2.773999999999999933e-10 -1.304378500000000107e+00 7.532479999999981690e-02 -1.501190099999999195e+00
2.773999999999999933e-10 7.734599999999813846e-03 -1.111322500000000213e+00 1.409350400000000114e+00
2.778000000000000126e-10 -1.233952526220000179e+00 1.069860400000000267e+00 2.314472311000009830e-02
2.783999999999999899e-10 -1.779634000000000216e-01 1.345762500000000195e+00 -1.440967023110000023e+00
2.790000000000000188e-10 -1.238782000000002437e-01 1.316312900000000008e+00 -1.356653199999999782e+00
2.793999999999999864e-10 1.212612999999999941e+00 1.406509000000000231e+00 -5.388244768000005624e-02
2.793999999999999864e-10 5.079844367000015126e-02 1.570273699999999995e+00 1.705277947680000405e+00
2.796999999999999750e-10 -2.470764367000006720e-02 -1.435064699999999860e+00 -1.535058847680000227e+00
2.798000000000000057e-10 -1.308864800000000272e+00 -1.804768000000001038e-01 -1.208406952319999839e+00
2.798000000000000057e-10 -5.995929999999989601e-02 -1.511695102070000019e+00 -1.405442715519999997e+00
2.798999999999999847e-10 -5.418020000000010189e-02 1.466526700000000183e+00 1.378880522389999808e+00
2.802000000000000250e-10 -1.555399000000000198e+00 -1.583820999999999923e+00 2.066469999999993173e-02
2.815000000000000102e-10 -4.664509999999980755e-02 1.306403500000000051e+00 1.607119787409999834e+00
2.815999999999999892e-10 1.604511099999999635e+00 -5.590770000000014339e-02 1.551582212590000065e+00
2.817000000000000198e-10 -1.646927499999999878e+00 -1.486125799999999941e+00 -2.073669999999991354e-02
2.820999999999999874e-10 -4.447299999999987374e-03 -1.535150299999999968e+00 -1.493418078601000065e+00
2.822999999999999971e-10 -1.498691700000000182e+00 -9.076520000000051769e-02 1.380334758199999845e+00
2.840999999999999805e-10 1.814391999999999672e-01 -1.334640099999999885e+00 1.438917680299999891e+00
2.844999999999999998e-10 1.348342000000000152e+00 1.514524599999999888e+00 -5.418069112000006848e-02
2.852999999999999867e-10 -1.316895600000000055e+00 -1.492649199999999787e+00 3.352963904000055839e-02
2.857999999999999850e-10 -5.703189999999985771e-02 1.307834700000000350e+00 -1.420857718280000181e+00
2.866000000000000236e-10 3.375186000000000019e-01 1.486475200000000108e+00 1.369583129089999574e+00
2.874000000000000105e-10 1.301513700000000107e+00 6.586839623999990456e-02 -1.475112399999999768e+00
2.874000000000000105e-10 -6.489282222000013201e-02 -6.303402962400003195e-01 -6.515733000000000219e-01
2.874999999999999895e-10 1.168173222200001860e-01 -9.004825000000001856e-01 -7.350440999999997560e-01
2.874999999999999895e-10 -1.253756999999999233e-01 -1.306163899999999600e+00 1.248698899999999723e+00
2.876000000000000201e-10 -1.475690000000000168e+00 -1.444654457960000027e+00 9.049730000000011376e-02
2.879999999999999877e-10 -1.414903600000000150e+00 -1.863764204000042946e-02 1.487596099999999755e+00
2.882999999999999764e-10 -1.498106697059999881e+00 1.209899999999999753e+00 -1.176406000000000673e-01
2.884000000000000070e-10 6.394723970600000307e-01 5.480272999999998840e-01 2.187560000000036281e-02
2.884000000000000070e-10 7.576012000000000857e-01 9.798373000000000221e-01 -2.468900000000079364e-03
2.899000000000000019e-10 1.356191700000000111e+00 -1.389637300000000186e+00 7.843049999999994470e-02
2.908999999999999984e-10 -1.272667800000000016e+00 -5.361169999999990110e-02 -1.626880600000000232e+00
2.908999999999999984e-10 1.377634000000000025e+00 2.454599999999890203e-03 1.573014400000000368e+00
2.918999999999999950e-10 -1.247039679080000241e+00 -1.494791061789999542e+00 3.412652392000024848e-02
2.935999999999999994e-10 1.527206279080000062e+00 5.361386178999988372e-02 -1.554692423920000177e+00
2.943000000000000073e-10 -1.425232961610000570e+00 -1.462138000000000382e+00 1.065408107000020976e-02
2.943999999999999863e-10 -1.464848440339999947e+00 -8.460739999999930538e-02 1.477902318930000014e+00
2.945000000000000170e-10 1.519926496829999696e+00 1.563129399999999780e+00 -5.240799999999962155e-03
2.955000000000000135e-10 1.246223563090000042e+00 1.407915200000000144e+00 -8.141728159000008458e-02
2.962000000000000215e-10 -1.199820558619999478e+00 -1.497347499999999831e+00 5.457360000000011785e-02
2.965000000000000101e-10 -1.488605584050000097e+00 -9.343839999999981050e-02 1.346085168540000154e+00
2.967000000000000197e-10 -1.523215255919999844e+00 -1.529022000000000325e+00 1.295765000000002609e-01
2.967999999999999987e-10 5.313749858999985282e-02 1.378259700000000088e+00 1.439131785359999860e+00
2.972000000000000180e-10 7.406000000000773076e-04 1.433971500000000399e+00 -1.534848285359999842e+00
2.973999999999999760e-10 -1.389123799999999909e+00 -1.484788900000000078e+00 -9.511099999999945986e-03
2.987000000000000128e-10 -1.764666999999997543e-01 1.447213400000000094e+00 1.240890599999999733e+00
2.990999999999999804e-10 4.620466529999759514e-03 -1.536722999999999839e+00 -1.574940700000000193e+00
2.992999999999999901e-10 -1.522099300000000266e+00 1.222362599999999855e+00 9.752740000000004184e-02
2.992999999999999901e-10 -1.636260800000000071e+00 2.824599999999982680e-03 1.484509499999999704e+00
2.997000000000000094e-10 1.529396499999999826e+00 2.444479999999998876e-02 -1.426142699999999763e+00
3.000999999999999770e-10 -1.636224599999999807e+00 2.855199999999974425e-03 1.484498100000000154e+00
3.007000000000000059e-10 -1.351465399999999928e+00 -1.294211999999999030e-01 -1.192219899999999999e+00
3.009000000000000156e-10 1.305198299999999589e+00 -1.568610000000003613e-02 -1.488535600000000070e+00
3.011000000000000252e-10 1.431008700000000022e+00 -8.522000000000088532e-03 1.246958000000000233e+00
3.012999999999999832e-10 -1.466009495500000481e+00 2.614980000000004245e-02 -1.316628800000000377e+00
3.014999999999999928e-10 -1.885862011999985682e-02 6.316471000000000169e-01 -8.220137847199999737e-01
3.016000000000000235e-10 5.909502011999985538e-02 8.424147000000001828e-01 -8.893251152800000225e-01
3.034000000000000069e-10 1.492550046289999877e+00 -1.528495400000000171e+00 -6.897439999999993576e-02
3.034000000000000069e-10 -2.720099999999989540e-02 -1.424640899999999988e+00 1.592096199999999850e+00
3.054000000000000000e-10 1.447703999999999658e+00 -1.581331099999999878e+00 4.565670000000017492e-02
3.056000000000000097e-10 1.401770400000000194e+00 1.624143999999996812e-01 1.527444199999999697e+00
3.056999999999999887e-10 1.513993199999999373e+00 -1.199017999999998363e-01 1.435883676366999318e+00
3.061000000000000080e-10 -5.564300000000015067e-02 1.593639299999999759e+00 -1.532484974359999530e+00
3.061000000000000080e-10 1.358555500000000249e+00 -1.222239300000000028e+00 8.070639999999970615e-02
3.066000000000000062e-10 -1.251749000000000223e+00 -1.456199999999907568e-03 -1.449365100000000073e+00
3.068999999999999949e-10 1.428576999999999986e+00 -1.347067900000000318e+00 1.075073999999999474e-01
3.071999999999999835e-10 -1.508619200000000271e+00 2.881590000000015805e-02 -1.478062100000000267e+00
3.081000000000000011e-10 -1.405252899999999805e+00 -1.251820000000003485e-01 1.425559117410000187e+00
3.083000000000000107e-10 -1.746731999999998897e-01 -1.433279100000000028e+00 1.421734482590000237e+00
