# t msd err
1.000751667088710601e-14 2.011339459627939450e-03 1.306670787309052395e-05
2.011507245037145177e-14 1.945793845978679819e-03 1.322858393848053432e-05
2.992744666773119088e-14 2.840660965353417489e-03 1.918905644613636170e-05
4.035646880056849362e-14 2.495133606832184835e-03 1.567531258739708619e-05
5.982925274459714172e-14 2.886753303221006178e-03 1.199362347100566321e-05
9.707833070753199555e-14 3.648583755552853303e-03 7.978167916501360696e-06
1.247950928754329834e-13 3.415801473117003901e-03 1.185731290396712429e-05
1.886917419419712693e-13 4.453235178633687535e-03 8.931738259317930796e-06
2.492647928595487854e-13 4.518404996265901544e-03 1.172721950854884110e-05
3.536438305020530170e-13 5.796419783654381541e-03 8.184780599723230190e-06
5.307320970784719915e-13 7.149133518682326480e-03 9.521777460349368922e-06
7.376056382661641580e-13 8.833581886089285351e-03 1.083750267747394571e-05
1.045804442743465777e-12 1.199916611676665745e-02 1.158602056886064114e-05
1.497395150702140922e-12 1.514888437634302407e-02 1.306324262983169072e-05
2.138580219704915279e-12 1.989340330758086750e-02 1.454463333896993580e-05
3.055555833951056685e-12 2.522756624514291279e-02 1.629367856673101476e-05
4.347453737940041260e-12 3.306403992947085785e-02 1.733551373227871505e-05
6.236568584809863592e-12 4.323114526090625354e-02 1.938654097164754767e-05
8.893231356083017193e-12 6.017751485576825626e-02 2.316746885935160879e-05
1.264559372302606087e-11 8.191767265506130768e-02 2.649938649049152881e-05
1.809493942655391665e-11 1.123183362749850256e-01 3.182604710600144194e-05
2.581444908054152163e-11 1.556553169263380776e-01 3.783371588649028745e-05
3.685242852697185588e-11 2.113783472964905208e-01 4.529039654483165447e-05
5.238935805542172515e-11 2.927755800348756932e-01 5.673103680829257533e-05
7.489058090522375731e-11 4.136755140986030921e-01 7.707098524615522853e-05
1.059962688327784797e-10 5.148119875922565480e-01 9.752473852557756273e-05
1.509794555047350443e-10 6.661914210688816285e-01 1.419015895343392016e-04
2.011237836174276348e-10 9.222807771141738886e-01 3.198272380206173345e-04
