# t msd err
1.000751176681648680e-14 7.038652154959378938e-03 4.573109032602607063e-05
2.011517805560102204e-14 7.322747125984900574e-03 4.978293904165538699e-05
2.992733697016709004e-14 7.021325645663312881e-03 4.743976517272654217e-05
4.035644113640418708e-14 7.335933700691214462e-03 4.609739497344321637e-05
5.982872954606295210e-14 7.736811581168066485e-03 3.215184225542170199e-05
9.708146863555033423e-14 8.010230877076186112e-03 1.750940199080502460e-05
1.247953554553780913e-13 9.244846203678170823e-03 3.209629102882501404e-05
1.887004362528084792e-13 9.281995653233425167e-03 1.861210997603359739e-05
2.492637550745392290e-13 1.190024708021400132e-02 3.089020128019697483e-05
3.536401427767226284e-13 1.377757439101241939e-02 1.944882518364565469e-05
5.307424664872185857e-13 1.668682384658923962e-02 2.222020136357178986e-05
7.376118932416062400e-13 2.147511833003368578e-02 2.634233409198466085e-05
1.045810291479729837e-12 2.602046725248242237e-02 2.511925359597084683e-05
1.497394622204112150e-12 3.357500195582436425e-02 2.894787207337131307e-05
2.138586697929336899e-12 4.393118189263928858e-02 3.211317537084139306e-05
3.055547489919701610e-12 5.743360584567577115e-02 3.708678776617912911e-05
4.347453824913206828e-12 7.656888222792514187e-02 4.013659391411723712e-05
6.236573583876045806e-12 1.036403243084889347e-01 4.646685569085442136e-05
8.893214607825481255e-12 1.384285443701837592e-01 5.328165308088377911e-05
1.264558940327383354e-11 1.881673940661384159e-01 6.085876989056617441e-05
1.809501605302034451e-11 2.521985046098720873e-01 7.144327921305610482e-05
2.581440019393156681e-11 3.534439578513862701e-01 8.588407051215699213e-05
3.685259872383557605e-11 4.765148141448934949e-01 1.020738895575196424e-04
5.238985397124320096e-11 6.444452665073452380e-01 1.248326071544123993e-04
7.489099217466501870e-11 9.016155813977825284e-01 1.679052418285515813e-04
1.059971127597886014e-10 1.174853907655830865e+00 2.224376360083668200e-04
1.509780999303275789e-10 1.464686484647884424e+00 3.118306916762919536e-04
2.011197486770837879e-10 1.817008857356249729e+00 6.298978011943410452e-04
