# t	msd	err
6.999999999999734903e-13 4.578826082550641607e-01 6.801032502856707053e-04
1.007500000000010803e-12 8.038259362847771650e-01 5.652318375486578561e-02
2.004294478527642881e-12 9.693589441065391110e-01 7.013343985885300835e-02
3.485463855421642814e-12 1.169613256156990744e+00 6.428790136445505787e-02
5.471681415929200795e-12 1.435497156151390952e+00 7.596218610859828413e-02
8.919905771495770191e-12 1.914031099236322753e+00 6.407715394506975637e-02
1.504228647686817742e-11 2.893886544115525705e+00 8.271663751084262772e-02
2.464368123393384764e-11 4.244316575355449928e+00 8.831510421135094213e-02
4.051161689961716121e-11 6.693189923122675467e+00 1.117240010799714217e-01
6.595224622387868807e-11 1.183316507692316399e+01 1.637731687704633010e-01
1.078923981264660830e-10 2.158604815544075706e+01 2.233460347580023542e-01
1.767584651889224213e-10 3.857135462791438840e+01 3.339870367546691199e-01
2.889994905043263198e-10 7.632311233712839282e+01 5.156624367131126263e-01
4.728154308395341807e-10 1.677730905168149036e+02 8.707834662770443934e-01
7.727844995533192437e-10 4.013435848029421322e+02 1.554551558182258875e+00
1.264879637756215232e-09 9.963723310091121448e+02 2.743022875903534441e+00
2.057313807796999257e-09 2.071831995399693369e+03 4.392346098536278554e+00
3.283365333978200340e-09 3.099011541208695235e+03 5.244868620395908287e+00
5.086309846421045440e-09 4.334492773248496633e+03 4.677531352194355563e+00
