# t msd err
1.005428526373958131e-14 7.191995313005135771e-04 6.386139475819999768e-06
1.998822877127153374e-14 2.965851374739269164e-04 2.739181058879681482e-06
2.984327771468526626e-14 2.663624813780108257e-04 2.489586444460317738e-06
3.995669003033849591e-14 4.531575255914672517e-04 3.784402636646781613e-06
5.507381532851170827e-14 2.963006414069913139e-04 1.896656731896533385e-06
8.018136233896473339e-14 3.938652208270038970e-04 2.187886902707482970e-06
1.040253753936162905e-13 1.261566791271541985e-03 2.477499616477381714e-06
1.941419653058293188e-13 1.436540660572860340e-03 2.827096578764679829e-06
2.883458659335232371e-13 1.459616869741438110e-03 2.826815075949038086e-06
3.910547566966686490e-13 1.557079342134819449e-03 2.877499090651176761e-06
5.533461290242919872e-13 2.249115392317466156e-03 3.226469491975880124e-06
8.057579544105397689e-13 2.215126042479395856e-03 2.641366086070535647e-06
1.199459159162836897e-12 2.930151856853386184e-03 2.791332981640095131e-06
1.752186983461800889e-12 3.058742582379699298e-03 2.750379209008786516e-06
2.565286176890989488e-12 3.891371543516278664e-03 2.756786273852562469e-06
3.784874433179645702e-12 5.578844106918025986e-03 3.334217047846547481e-06
5.585158008649461795e-12 7.405895670162130663e-03 3.846722880274045588e-06
8.159428755720582989e-12 9.575519815380411845e-03 4.175073850228413299e-06
1.199052576944343139e-11 1.308668264678118989e-02 4.883808979882031717e-06
1.751517004225957018e-11 1.752676117117340712e-02 5.456522701586749308e-06
2.570511872966832617e-11 2.408522881265038468e-02 6.397373020802534819e-06
3.776936958095607321e-11 3.463636321718808336e-02 7.781019267882940610e-06
5.516029399938330627e-11 4.492764581228692045e-02 8.666663164999698950e-06
8.079614323138432267e-11 6.620312105752894360e-02 1.099793941650942427e-05
1.178681612950813232e-10 9.574525218665520809e-02 1.514992346708159733e-05
1.726194647698872867e-10 1.641535262763073322e-01 2.581053960660730350e-05
2.479788007786618021e-10 3.123586284455954765e-01 5.601931887837103522e-05
3.674383126071536017e-10 5.763775370315568081e-01 1.453009325367127073e-04
5.271598388968900070e-10 1.603102623716338992e-01 4.687836184139689330e-05
