# t
0.000000000000000000e+00
7.179465099999999496e-11
7.342698899999999895e-11
7.514719099999999432e-11
8.350415499999999700e-11
8.962796200000000450e-11
1.075538099999999953e-10
1.080114900000000043e-10
1.137302299999999949e-10
1.275588899999999894e-10
1.332188299999999900e-10
1.453728900000000119e-10
1.535915900000000096e-10
1.536831199999999975e-10
1.646661000000000090e-10
2.031701100000000066e-10
2.090561399999999946e-10
2.090692899999999988e-10
2.093390999999999952e-10
2.102413100000000090e-10
2.105472600000000073e-10
2.109707000000000126e-10
2.424564299999999769e-10
2.528239200000000002e-10
2.529599300000000223e-10
2.535757799999999856e-10
2.536986200000000178e-10
2.575101399999999753e-10
2.576862199999999804e-10
3.342147499999999909e-10
3.350984299999999967e-10
3.390629899999999973e-10
3.405214100000000036e-10
3.558785299999999816e-10
3.580340200000000234e-10
3.604727300000000091e-10
3.774329099999999955e-10
3.825706599999999967e-10
3.838186899999999796e-10
3.897231800000000257e-10
3.944915299999999909e-10
3.956149999999999827e-10
3.989556599999999871e-10
4.014011100000000120e-10
4.027323700000000255e-10
4.090195600000000045e-10
4.137880000000000087e-10
4.181989000000000250e-10
4.182665700000000172e-10
4.208616200000000123e-10
4.336226600000000081e-10
4.466593800000000156e-10
4.544685399999999928e-10
4.789497199999999784e-10
4.807938099999999647e-10
4.808963099999999651e-10
4.865361999999999851e-10
4.956325600000000031e-10
4.969247200000000120e-10
4.997867899999999568e-10
5.000877199999999523e-10
5.004693399999999856e-10
5.018798699999999667e-10
5.083489999999999989e-10
5.285605799999999809e-10
5.621740899999999529e-10
5.643901399999999537e-10
5.704651800000000308e-10
5.716235099999999577e-10
5.788384799999999899e-10
5.829902500000000486e-10
5.833428299999999651e-10
6.248281900000000043e-10
6.344705799999999802e-10
6.786042899999999961e-10
6.786339299999999939e-10
6.840977299999999643e-10
7.107908900000000181e-10
7.173840800000000372e-10
7.272737499999999671e-10
7.326086600000000446e-10
7.501264499999999786e-10
7.526716200000000276e-10
7.614325399999999680e-10
8.150295499999999879e-10
8.157034099999999763e-10
8.160721800000000492e-10
8.180970899999999593e-10
8.223449500000000017e-10
8.676276399999999625e-10
8.728439600000000184e-10
8.732115800000000349e-10
8.781568500000000248e-10
8.802030600000000039e-10
8.805153099999999683e-10
8.964093199999999789e-10
8.986090099999999965e-10
9.364201799999999318e-10
9.380363599999999141e-10
9.381517299999999640e-10
9.402866000000000191e-10
9.408780800000000928e-10
9.484088199999999501e-10
9.505857500000000124e-10
9.811034900000000923e-10
9.849556400000000975e-10
9.860404100000000054e-10
9.862433899999999000e-10
9.884214399999999885e-10
9.915191500000000439e-10
9.917478800000000819e-10
1.017035899999999970e-09
1.023371199999999921e-09
1.039373299999999914e-09
1.039804099999999929e-09
1.043407799999999938e-09
1.053376299999999995e-09
1.070900000000000097e-09
1.098603899999999910e-09
1.136516899999999963e-09
1.137447799999999957e-09
1.138821799999999956e-09
1.142025799999999938e-09
1.142307000000000034e-09
1.145309900000000018e-09
1.145923899999999908e-09
1.157888399999999924e-09
1.160870599999999927e-09
1.161713999999999945e-09
1.176315100000000017e-09
1.181588600000000020e-09
1.184757700000000044e-09
1.186729900000000067e-09
1.188298899999999982e-09
1.189067399999999905e-09
1.198941299999999999e-09
1.200352699999999926e-09
1.201145200000000055e-09
1.201167100000000005e-09
1.205624199999999911e-09
1.209814000000000016e-09
1.209988600000000046e-09
1.213253199999999907e-09
1.221794700000000026e-09
1.222421600000000100e-09
1.225455799999999928e-09
1.225587900000000058e-09
1.226127000000000061e-09
1.226354899999999917e-09
1.226422900000000087e-09
1.226470900000000085e-09
1.229032299999999952e-09
1.229090300000000036e-09
1.229746499999999937e-09
1.229747899999999969e-09
1.230799700000000038e-09
1.230819800000000035e-09
1.231184400000000040e-09
1.231215099999999900e-09
1.231465300000000041e-09
1.231492399999999994e-09
1.231730499999999999e-09
1.231788099999999956e-09
1.232708400000000086e-09
1.232711000000000087e-09
1.233189500000000004e-09
1.233325599999999962e-09
1.233380400000000060e-09
1.233457500000000029e-09
1.234060900000000056e-09
1.234179299999999955e-09
1.234369999999999947e-09
1.234380299999999921e-09
1.234701800000000043e-09
1.234742299999999925e-09
1.234752400000000043e-09
1.234910499999999982e-09
1.235480800000000005e-09
1.343850799999999911e-09
1.344562800000000021e-09
1.369230100000000069e-09
1.375068000000000074e-09
1.376732600000000065e-09
1.376856099999999935e-09
1.380856199999999953e-09
1.380879200000000047e-09
1.383377699999999922e-09
1.383914700000000083e-09
1.383931199999999966e-09
1.384722900000000047e-09
1.387116200000000095e-09
1.389460500000000033e-09
1.417487199999999969e-09
1.423723199999999905e-09
1.423889299999999913e-09
1.429083199999999977e-09
1.432338399999999943e-09
1.433058399999999916e-09
1.440422099999999920e-09
1.442020599999999933e-09
1.444718099999999964e-09
1.444747000000000078e-09
1.464080599999999958e-09
1.469673600000000065e-09
1.529450900000000005e-09
1.534623400000000071e-09
1.547099100000000088e-09
1.551571699999999972e-09
1.556215899999999963e-09
1.779132399999999976e-09
1.782104699999999925e-09
2.018995600000000001e-09
2.019528900000000016e-09
2.020242900000000144e-09
2.022764199999999842e-09
2.022957100000000122e-09
2.023904500000000205e-09
2.025827399999999816e-09
2.026282600000000164e-09
2.030542000000000121e-09
2.031528000000000101e-09
2.035625899999999862e-09
2.036801100000000183e-09
2.037077200000000101e-09
2.037153099999999894e-09
2.037219700000000031e-09
2.037359699999999991e-09
2.037490699999999977e-09
2.037495899999999981e-09
2.038409099999999915e-09
2.040452599999999919e-09
2.042064099999999940e-09
2.051294299999999981e-09
2.132768000000000053e-09
2.158179599999999962e-09
2.158385200000000154e-09
2.160969999999999828e-09
2.160986799999999807e-09
2.198524300000000103e-09
2.198577200000000008e-09
2.216446100000000135e-09
2.216479900000000156e-09
2.223754899999999802e-09
2.228764699999999911e-09
2.246717799999999994e-09
2.246887299999999845e-09
2.248166000000000072e-09
2.249554799999999826e-09
2.249588999999999975e-09
2.251314299999999876e-09
2.253483100000000117e-09
2.257352399999999799e-09
2.264592000000000156e-09
2.266175900000000064e-09
2.268998399999999823e-09
2.270748300000000121e-09
2.272244500000000197e-09
2.274034400000000011e-09
2.274122600000000003e-09
2.274170499999999969e-09
2.274456699999999798e-09
2.280839299999999937e-09
2.288308100000000150e-09
2.288414300000000089e-09
2.298959499999999934e-09
2.298972700000000006e-09
2.313839599999999815e-09
2.313936800000000194e-09
2.313950299999999948e-09
2.327942899999999815e-09
2.340306100000000160e-09
2.340378500000000078e-09
2.413369100000000035e-09
2.414602900000000010e-09
2.418166100000000137e-09
2.418680699999999981e-09
2.424449099999999959e-09
2.427407600000000058e-09
2.441682100000000038e-09
2.445340399999999874e-09
2.458916200000000054e-09
2.459622699999999859e-09
2.461852500000000107e-09
2.464323299999999838e-09
2.483824299999999934e-09
2.494454700000000055e-09
2.510702099999999868e-09
2.513984000000000073e-09
2.518321600000000143e-09
2.530817999999999935e-09
2.532138599999999869e-09
2.536608800000000022e-09
2.539286900000000073e-09
2.539737300000000132e-09
2.541611399999999903e-09
2.551979700000000019e-09
2.553308700000000150e-09
2.555162999999999813e-09
2.555691099999999825e-09
2.570563500000000147e-09
2.590491000000000128e-09
2.592652300000000047e-09
2.603125300000000037e-09
2.603518199999999965e-09
2.606324900000000064e-09
2.626602900000000105e-09
2.630319199999999819e-09
2.639912499999999801e-09
2.640859899999999883e-09
2.644711400000000095e-09
2.647767499999999873e-09
2.648144999999999855e-09
2.663471600000000206e-09
2.684036100000000171e-09
2.684052199999999927e-09
2.688176699999999895e-09
2.697023300000000079e-09
2.698994100000000069e-09
2.701792800000000100e-09
2.706190499999999889e-09
2.708927400000000073e-09
2.711721200000000196e-09
2.712540800000000072e-09
2.738068300000000116e-09
2.750339899999999799e-09
2.750761400000000158e-09
2.824931300000000088e-09
2.825481600000000146e-09
2.825551500000000094e-09
2.826207499999999931e-09
2.826480500000000102e-09
2.827660499999999885e-09
2.831764700000000000e-09
2.845012200000000165e-09
2.922839099999999931e-09
2.922890699999999836e-09
2.923517499999999877e-09
2.926481400000000043e-09
2.936332900000000027e-09
2.946038999999999984e-09
2.954727300000000164e-09
2.955390200000000133e-09
2.958405999999999886e-09
2.966896699999999942e-09
2.968249699999999865e-09
2.981989200000000115e-09
2.982718100000000030e-09
2.982776800000000130e-09
2.988776899999999934e-09
3.007414899999999969e-09
3.014797700000000064e-09
3.022815599999999952e-09
3.027908800000000176e-09
3.033201100000000175e-09
3.038083999999999949e-09
3.038340799999999919e-09
3.039536400000000125e-09
3.043198699999999995e-09
3.046120199999999880e-09
3.052526799999999812e-09
3.054139000000000055e-09
3.056726400000000145e-09
3.061683299999999934e-09
3.065236400000000150e-09
3.068618700000000100e-09
3.083412599999999800e-09
3.085697699999999892e-09
3.085950000000000081e-09
3.138444399999999924e-09
3.142516400000000115e-09
3.146524100000000074e-09
3.157509900000000162e-09
3.158340400000000204e-09
3.171249600000000063e-09
3.172319100000000190e-09
3.174811000000000029e-09
3.180868199999999837e-09
3.183639699999999883e-09
3.183641299999999980e-09
3.183643799999999949e-09
3.192761099999999984e-09
3.197359400000000025e-09
3.198505699999999819e-09
3.201352299999999816e-09
3.201757099999999815e-09
3.202111200000000195e-09
3.202269300000000135e-09
3.202331999999999856e-09
3.202611500000000030e-09
3.202829099999999912e-09
3.202912500000000028e-09
3.202919100000000064e-09
3.203164799999999804e-09
3.203339900000000199e-09
3.203412100000000054e-09
3.204273399999999987e-09
3.204403099999999973e-09
3.204579299999999892e-09
3.214086799999999820e-09
3.215805300000000035e-09
3.219429899999999882e-09
3.221798700000000185e-09
3.223870300000000048e-09
3.224761199999999905e-09
3.227225900000000172e-09
3.235718500000000007e-09
3.237970900000000015e-09
3.238506900000000064e-09
3.243630299999999988e-09
3.246117399999999952e-09
3.246139099999999838e-09
3.271958799999999969e-09
3.274978600000000170e-09
3.275362700000000188e-09
3.278634999999999815e-09
3.279469699999999954e-09
3.281008099999999834e-09
3.303687400000000198e-09
3.303805100000000081e-09
3.311018800000000039e-09
3.312611299999999794e-09
3.325760600000000089e-09
3.326764800000000080e-09
3.343248099999999818e-09
3.343657500000000042e-09
3.343808000000000040e-09
3.346378799999999801e-09
3.360903600000000161e-09
3.364942600000000171e-09
3.380524800000000109e-09
3.380612299999999878e-09
3.382940400000000028e-09
3.393447500000000135e-09
3.399300100000000070e-09
3.399318400000000114e-09
3.403754100000000022e-09
3.403919899999999935e-09
3.429982600000000186e-09
3.430195799999999906e-09
3.448366699999999935e-09
3.448405299999999832e-09
3.449997599999999936e-09
3.454035600000000041e-09
3.479083999999999977e-09
3.481674599999999846e-09
3.481892799999999919e-09
3.481907400000000023e-09
3.485710200000000014e-09
3.485752100000000135e-09
3.500608100000000192e-09
3.500723799999999851e-09
3.511416800000000075e-09
3.511425599999999985e-09
3.521475900000000061e-09
3.523054099999999806e-09
3.539149399999999938e-09
3.539437700000000023e-09
3.555328399999999867e-09
3.555971999999999888e-09
3.557328099999999972e-09
3.557391499999999916e-09
3.559438999999999955e-09
3.567870500000000165e-09
3.585319399999999997e-09
3.694410900000000147e-09
3.696672400000000160e-09
3.775353600000000110e-09
3.777315600000000190e-09
3.778276799999999709e-09
3.784251099999999975e-09
3.787773100000000203e-09
3.788652500000000116e-09
3.791430699999999816e-09
3.791822499999999807e-09
3.794243099999999665e-09
3.816103900000000090e-09
3.824755700000000216e-09
3.827382899999999758e-09
3.828957400000000391e-09
3.829381599999999957e-09
3.840036600000000061e-09
3.841839699999999947e-09
3.841985200000000006e-09
3.842809799999999821e-09
3.846275899999999601e-09
3.859650299999999687e-09
3.864868499999999639e-09
3.883643399999999886e-09
3.917467799999999834e-09
3.917682999999999777e-09
3.925922600000000027e-09
3.932759099999999686e-09
3.936451799999999734e-09
3.937303199999999821e-09
3.937602500000000103e-09
3.949723800000000265e-09
3.949753099999999679e-09
3.951310199999999729e-09
3.953619699999999741e-09
3.953804800000000016e-09
3.954904599999999876e-09
3.956403699999999635e-09
3.960648200000000220e-09
3.969641800000000113e-09
3.971371099999999635e-09
3.983894299999999697e-09
3.995282999999999592e-09
3.996061999999999761e-09
4.007056899999999855e-09
4.016899799999999993e-09
4.019099799999999840e-09
4.043742000000000159e-09
4.044002299999999590e-09
4.054079700000000033e-09
4.058432599999999603e-09
4.059083500000000296e-09
4.067628700000000355e-09
4.073141399999999887e-09
4.074487399999999646e-09
4.076000000000000400e-09
4.203510400000000225e-09
4.205390399999999809e-09
4.207391900000000073e-09
4.209676100000000292e-09
4.215619699999999870e-09
4.223124800000000074e-09
4.223157099999999617e-09
4.229083400000000298e-09
4.229927799999999807e-09
4.233122900000000054e-09
4.239060600000000233e-09
4.310746499999999947e-09
4.314424800000000369e-09
4.314448399999999620e-09
4.470077400000000345e-09
4.476403100000000130e-09
4.479890099999999955e-09
4.485286499999999636e-09
4.529939200000000338e-09
4.543129300000000403e-09
4.544538100000000329e-09
4.547148000000000147e-09
