# t
0.000000000000000000e+00
1.068827200000000000e-11
8.653202899999999901e-11
1.113616699999999984e-10
4.559073999999999781e-10
8.002308600000000430e-10
8.595612600000000059e-10
8.776681000000000455e-10
1.194774200000000099e-09
1.237588700000000065e-09
1.274489500000000058e-09
1.373769200000000058e-09
1.413770499999999921e-09
1.488765899999999953e-09
1.609847000000000055e-09
1.641555400000000049e-09
1.681286600000000045e-09
1.817251399999999935e-09
1.991830900000000015e-09
2.278294999999999937e-09
2.402743500000000203e-09
2.491639400000000109e-09
2.596914900000000197e-09
2.788778900000000022e-09
2.985407900000000088e-09
3.165754800000000033e-09
3.575679500000000050e-09
4.001146900000000234e-09
4.180712199999999595e-09
4.334017599999999950e-09
4.526084699999999997e-09
4.575204400000000244e-09
4.788083999999999903e-09
5.363134999999999802e-09
5.468761200000000014e-09
5.499608199999999628e-09
5.558289699999999743e-09
5.574227299999999648e-09
5.638661199999999603e-09
5.870820399999999920e-09
6.226090399999999666e-09
6.304943800000000327e-09
6.334144999999999740e-09
6.373752400000000184e-09
6.485779300000000101e-09
7.436771599999999842e-09
7.640346100000000399e-09
7.709762999999999777e-09
7.722994300000000568e-09
7.774488699999999278e-09
8.077438599999999321e-09
8.338616499999999605e-09
8.384306699999999332e-09
8.765672200000000273e-09
8.780096100000000728e-09
8.784518199999999196e-09
8.797113500000000736e-09
8.873576099999999458e-09
8.876700999999999661e-09
8.974442000000000099e-09
9.005450599999999942e-09
9.275235199999999209e-09
9.415074300000000788e-09
9.574786199999999388e-09
9.614617200000000798e-09
9.710357900000000528e-09
9.803584799999999640e-09
1.019843900000000071e-08
1.020483700000000038e-08
1.033757299999999920e-08
1.052832099999999980e-08
1.063452999999999967e-08
1.091957499999999969e-08
1.097969500000000010e-08
1.107714699999999941e-08
1.111669200000000064e-08
1.119456299999999999e-08
1.132651600000000068e-08
1.135207500000000042e-08
1.144553200000000009e-08
1.150360499999999980e-08
1.179776100000000074e-08
1.180327999999999980e-08
1.181934799999999991e-08
1.183731299999999924e-08
1.183753400000000020e-08
1.187525500000000068e-08
1.213278400000000081e-08
1.228665500000000031e-08
1.253126600000000027e-08
1.276919599999999967e-08
1.292097900000000028e-08
1.309957200000000072e-08
1.312843399999999954e-08
1.321987100000000049e-08
1.342692699999999995e-08
1.374470899999999988e-08
1.404115700000000022e-08
1.415591199999999958e-08
1.428808199999999996e-08
1.468544999999999999e-08
1.486996199999999961e-08
1.494575500000000160e-08
1.503746500000000025e-08
1.507518899999999837e-08
1.532567500000000002e-08
1.539767000000000066e-08
1.540687800000000107e-08
1.545472900000000138e-08
1.551504899999999937e-08
1.553741100000000074e-08
1.570816700000000106e-08
1.593440200000000136e-08
1.598681999999999836e-08
1.602389899999999932e-08
1.607161100000000165e-08
1.607449300000000052e-08
1.616739100000000067e-08
1.622167800000000119e-08
1.624558699999999940e-08
1.649826999999999994e-08
1.666243700000000091e-08
1.673837600000000147e-08
1.674672900000000064e-08
1.677215699999999999e-08
1.677531300000000018e-08
1.696614699999999840e-08
1.709064900000000125e-08
1.711161500000000099e-08
1.725266899999999941e-08
1.740166799999999930e-08
1.784563100000000128e-08
1.784854800000000138e-08
1.787298900000000043e-08
1.792983399999999911e-08
1.814189600000000119e-08
1.823646600000000162e-08
1.831953200000000096e-08
1.841009099999999997e-08
1.845995700000000071e-08
1.849035800000000043e-08
1.851729400000000072e-08
1.856148599999999932e-08
1.856219299999999970e-08
1.868168399999999998e-08
1.878169500000000108e-08
1.906644099999999843e-08
1.934461699999999919e-08
1.934619399999999896e-08
1.938865999999999992e-08
1.977940899999999931e-08
2.004152299999999856e-08
2.012503400000000080e-08
2.045242600000000024e-08
2.052165900000000055e-08
2.062539099999999996e-08
2.087760299999999925e-08
2.112771500000000080e-08
2.172261799999999936e-08
2.173778099999999885e-08
2.182371000000000094e-08
2.203302500000000085e-08
2.212121499999999907e-08
2.239512199999999888e-08
2.239987599999999893e-08
2.248726099999999862e-08
2.260561899999999839e-08
2.280411099999999924e-08
2.307541499999999977e-08
2.309352100000000103e-08
2.313143800000000112e-08
2.318692400000000003e-08
2.324897400000000025e-08
2.333212299999999958e-08
2.336240200000000012e-08
2.337947599999999997e-08
2.340505699999999845e-08
2.370652399999999894e-08
2.373359900000000052e-08
2.381095900000000076e-08
2.416362800000000105e-08
2.423006600000000044e-08
2.444209000000000033e-08
2.475678699999999953e-08
2.484541200000000077e-08
2.491330199999999980e-08
2.499339799999999869e-08
2.511960900000000037e-08
2.514288200000000098e-08
2.529472600000000119e-08
2.534878699999999915e-08
2.543207900000000105e-08
2.543418899999999868e-08
2.551382199999999888e-08
2.559832600000000001e-08
2.563113700000000035e-08
2.564125099999999839e-08
2.564745400000000043e-08
2.566422700000000028e-08
2.574496200000000104e-08
2.574877399999999858e-08
2.578754900000000086e-08
2.580043699999999975e-08
2.581624399999999938e-08
2.583907200000000041e-08
2.592274599999999836e-08
2.599600300000000094e-08
2.607969899999999928e-08
2.608521999999999897e-08
2.615633099999999906e-08
2.621989300000000149e-08
2.638338000000000076e-08
2.641406400000000136e-08
2.650003099999999902e-08
2.652324700000000131e-08
2.654049099999999911e-08
2.654702500000000077e-08
2.655256700000000054e-08
2.673073099999999989e-08
2.688433499999999865e-08
2.693797599999999838e-08
2.697871699999999871e-08
2.705708399999999900e-08
2.713049200000000008e-08
2.718682600000000130e-08
2.729680900000000150e-08
2.734463899999999843e-08
2.735177399999999977e-08
2.740342299999999978e-08
2.743223100000000124e-08
2.743977600000000093e-08
2.769793700000000070e-08
2.770539100000000115e-08
2.780836700000000111e-08
2.790776000000000042e-08
2.793427900000000013e-08
2.793463400000000079e-08
2.795606499999999987e-08
2.796927100000000087e-08
2.809766800000000125e-08
2.814600999999999926e-08
2.818453500000000125e-08
2.821585399999999913e-08
2.825719900000000008e-08
2.840916399999999915e-08
2.844484500000000115e-08
2.846305000000000088e-08
2.855632200000000114e-08
2.859520699999999878e-08
2.860512700000000116e-08
2.860995599999999864e-08
2.863866899999999959e-08
2.866865900000000064e-08
2.881585999999999979e-08
2.887111600000000149e-08
2.900561400000000116e-08
2.915973499999999929e-08
2.916245000000000118e-08
2.924786599999999856e-08
2.939089600000000153e-08
2.946468899999999960e-08
2.946693700000000151e-08
2.950633999999999884e-08
2.952239100000000015e-08
2.956664499999999866e-08
2.959580700000000047e-08
2.964128100000000076e-08
2.967380699999999958e-08
2.984484399999999683e-08
2.996896900000000192e-08
2.997732299999999810e-08
3.009837299999999904e-08
3.018517900000000277e-08
3.025569100000000050e-08
3.027439900000000176e-08
3.029787900000000218e-08
3.040398100000000269e-08
3.042975700000000047e-08
3.051943700000000052e-08
3.053361500000000034e-08
3.067097699999999977e-08
3.083032799999999747e-08
3.097626900000000194e-08
3.102389399999999970e-08
3.111890399999999811e-08
3.112839399999999908e-08
3.113010699999999919e-08
3.117592099999999868e-08
3.123328000000000239e-08
3.123805600000000283e-08
3.137594100000000023e-08
3.137768700000000094e-08
3.142057399999999713e-08
3.145168800000000245e-08
3.146022999999999901e-08
3.150456799999999783e-08
3.158050900000000233e-08
3.165032600000000021e-08
3.182728900000000052e-08
3.190908100000000073e-08
3.195656699999999719e-08
3.196803099999999875e-08
3.201194399999999775e-08
3.207653899999999860e-08
3.223828100000000079e-08
3.232511900000000148e-08
3.247390599999999996e-08
3.254013699999999955e-08
3.255162700000000278e-08
3.255695099999999924e-08
3.259961799999999809e-08
3.269797199999999707e-08
3.283644399999999961e-08
3.285266800000000313e-08
3.286630600000000287e-08
3.306320600000000247e-08
3.322155600000000203e-08
3.334575400000000061e-08
3.343046199999999730e-08
3.348629400000000062e-08
3.353774799999999804e-08
3.355789400000000108e-08
3.356932599999999906e-08
3.359280800000000012e-08
3.360815899999999998e-08
3.362928400000000077e-08
3.368816200000000231e-08
3.373789199999999941e-08
3.381248299999999709e-08
3.386015499999999990e-08
3.398371700000000088e-08
3.415614999999999976e-08
3.439862999999999705e-08
3.441247700000000055e-08
3.454628099999999737e-08
3.457518299999999901e-08
3.470841400000000178e-08
3.476729900000000224e-08
3.479451500000000245e-08
3.480612800000000188e-08
3.485686800000000330e-08
3.485738200000000171e-08
3.486629999999999901e-08
3.507987499999999701e-08
3.518143900000000015e-08
3.518654900000000118e-08
3.519865399999999863e-08
3.520926800000000055e-08
3.533062199999999914e-08
3.534779299999999682e-08
3.543428400000000270e-08
3.544183899999999896e-08
3.552977099999999766e-08
3.562486300000000236e-08
3.575321900000000291e-08
3.582291899999999988e-08
3.582848399999999706e-08
3.586744400000000206e-08
3.590132900000000065e-08
3.590563100000000219e-08
3.613815100000000089e-08
3.621437600000000328e-08
3.625196099999999680e-08
3.628258699999999876e-08
3.651369400000000032e-08
3.652979300000000039e-08
3.662890899999999743e-08
3.667380300000000143e-08
3.672631200000000096e-08
3.674021399999999883e-08
3.674159099999999772e-08
3.676262799999999693e-08
3.680523800000000078e-08
3.694470299999999891e-08
3.698804200000000022e-08
3.702488799999999971e-08
3.708817500000000050e-08
3.712425799999999830e-08
3.713949399999999789e-08
3.737277899999999891e-08
3.739323000000000323e-08
3.740247799999999985e-08
3.745401000000000227e-08
3.755892099999999701e-08
3.761057800000000288e-08
3.767071800000000305e-08
3.786264599999999929e-08
3.789341600000000082e-08
3.791707799999999970e-08
3.791858700000000096e-08
3.799313000000000320e-08
3.800620099999999756e-08
3.803963700000000191e-08
3.804101899999999908e-08
3.804256399999999858e-08
3.816018100000000037e-08
3.819429399999999884e-08
3.820959800000000026e-08
3.826883700000000107e-08
3.833404100000000084e-08
3.837682799999999825e-08
3.840496600000000119e-08
3.842350400000000120e-08
3.843164900000000024e-08
3.843852599999999875e-08
3.848238900000000166e-08
3.850330999999999698e-08
3.851651500000000097e-08
3.851941200000000132e-08
3.859436900000000317e-08
3.864278099999999703e-08
3.867982599999999708e-08
3.869766500000000256e-08
3.869905700000000292e-08
3.872114899999999764e-08
3.874014600000000168e-08
3.874958300000000230e-08
3.876479700000000150e-08
3.877114900000000140e-08
3.888841200000000283e-08
3.890076000000000164e-08
3.892613000000000235e-08
3.897249599999999913e-08
3.899931399999999820e-08
3.913173700000000147e-08
3.916879199999999810e-08
3.936175600000000033e-08
3.964656399999999759e-08
3.967539299999999913e-08
3.975156000000000288e-08
3.976495900000000254e-08
3.986684500000000245e-08
3.996247999999999826e-08
4.002585300000000000e-08
4.004359899999999900e-08
4.008267399999999765e-08
4.009689300000000062e-08
4.013974500000000220e-08
4.014810700000000093e-08
4.021222000000000034e-08
4.025235099999999812e-08
4.033568700000000082e-08
4.039502199999999914e-08
4.050506500000000193e-08
4.053808999999999768e-08
4.074347900000000011e-08
4.079783699999999679e-08
4.088314600000000307e-08
4.088419899999999794e-08
4.095537799999999985e-08
4.099594499999999765e-08
4.109729200000000110e-08
4.124213299999999903e-08
4.142883899999999824e-08
4.148152400000000094e-08
4.153905700000000056e-08
4.160644999999999998e-08
4.162879699999999988e-08
4.181928000000000202e-08
4.194863200000000243e-08
4.198068000000000107e-08
4.202494999999999807e-08
4.209295000000000238e-08
4.228024999999999904e-08
4.234846199999999814e-08
4.240849500000000059e-08
4.241334200000000050e-08
4.242156200000000030e-08
4.244067300000000098e-08
4.250822500000000145e-08
4.252386199999999983e-08
4.254593499999999841e-08
4.255083299999999804e-08
4.257721800000000136e-08
4.263610800000000011e-08
4.265904800000000044e-08
4.287043300000000178e-08
4.295484800000000101e-08
4.296800399999999931e-08
4.298559600000000216e-08
4.299659600000000139e-08
4.302610199999999705e-08
4.308945800000000330e-08
4.309648199999999904e-08
4.309674599999999717e-08
4.312510199999999681e-08
4.316066200000000326e-08
4.320523099999999961e-08
4.322159199999999717e-08
4.327388300000000000e-08
4.329910900000000113e-08
4.330846600000000272e-08
4.357112800000000129e-08
4.375154299999999688e-08
4.400465700000000247e-08
4.416716800000000164e-08
4.416740099999999981e-08
4.416975500000000243e-08
4.418466600000000099e-08
4.420814600000000141e-08
4.436976200000000314e-08
4.442068799999999768e-08
4.447313300000000328e-08
4.450853799999999671e-08
4.451279299999999981e-08
4.452208800000000149e-08
4.454705500000000277e-08
4.456054199999999739e-08
4.462769099999999844e-08
4.463179500000000304e-08
4.466591399999999681e-08
4.475638399999999722e-08
4.482411699999999914e-08
4.486951800000000263e-08
4.490915300000000112e-08
4.492987599999999950e-08
4.509431200000000019e-08
4.522179800000000134e-08
4.527844699999999710e-08
4.537292099999999670e-08
4.546574200000000208e-08
4.556105199999999687e-08
4.558210500000000118e-08
4.558864399999999782e-08
4.561196899999999846e-08
4.561812199999999779e-08
4.564242999999999745e-08
4.568592700000000281e-08
4.580465499999999810e-08
4.580699899999999753e-08
4.597333799999999934e-08
4.620654900000000324e-08
4.623295899999999799e-08
4.624218599999999783e-08
4.627085599999999832e-08
4.631993500000000296e-08
4.637233299999999689e-08
4.644994399999999773e-08
4.652166799999999801e-08
4.657938399999999971e-08
4.658521899999999693e-08
4.658902200000000154e-08
4.678359300000000318e-08
4.683453100000000154e-08
4.688385199999999730e-08
4.690333800000000172e-08
4.694608499999999960e-08
4.700959700000000264e-08
4.707912600000000136e-08
4.709697899999999807e-08
4.710340300000000107e-08
4.710551299999999869e-08
4.720120800000000040e-08
4.724952799999999801e-08
4.732438700000000172e-08
4.740751600000000130e-08
4.747970599999999792e-08
4.749070799999999780e-08
4.751026599999999869e-08
4.751294899999999700e-08
4.751524300000000034e-08
4.755738900000000186e-08
4.762504599999999941e-08
4.768523699999999929e-08
4.769798299999999923e-08
4.773341299999999732e-08
4.776493299999999971e-08
4.779413100000000307e-08
4.782978200000000212e-08
4.794139899999999710e-08
4.803359299999999783e-08
4.805962600000000144e-08
4.818482099999999689e-08
4.824973499999999685e-08
4.825354999999999867e-08
4.828331599999999780e-08
4.840834499999999989e-08
4.842007900000000149e-08
4.857022499999999975e-08
4.859441799999999915e-08
4.862312000000000321e-08
4.864616200000000298e-08
4.873040299999999969e-08
4.874726700000000208e-08
4.875375600000000264e-08
4.884850700000000121e-08
4.888441099999999819e-08
4.902590899999999918e-08
4.904413200000000134e-08
4.907853700000000025e-08
4.918718699999999905e-08
4.922048600000000274e-08
4.927797799999999921e-08
4.937365700000000244e-08
4.941200199999999999e-08
4.945566999999999699e-08
4.947121699999999977e-08
4.951881200000000120e-08
4.954458900000000261e-08
4.955069699999999752e-08
4.956133999999999876e-08
4.957081800000000252e-08
4.967619299999999958e-08
4.981848899999999687e-08
4.981972200000000280e-08
4.992979100000000063e-08
5.015829899999999759e-08
5.016659599999999876e-08
5.021297899999999765e-08
5.028264300000000300e-08
5.028906699999999938e-08
5.031146400000000199e-08
5.031471599999999969e-08
5.033021799999999805e-08
5.048578799999999817e-08
5.052385900000000103e-08
5.069131699999999890e-08
5.070206100000000256e-08
5.070822599999999909e-08
5.071031700000000059e-08
5.072013900000000151e-08
5.081729700000000305e-08
5.086329199999999737e-08
5.088926100000000042e-08
5.105399300000000283e-08
5.106832699999999944e-08
5.107716800000000197e-08
5.115069699999999861e-08
5.119384700000000254e-08
5.127662999999999770e-08
5.131154500000000037e-08
5.138837700000000104e-08
5.139779699999999954e-08
5.151005400000000002e-08
5.158130999999999669e-08
5.158426500000000230e-08
5.163259399999999947e-08
5.174406599999999786e-08
5.178402299999999974e-08
5.179369299999999852e-08
5.179937899999999788e-08
5.181611699999999981e-08
5.183801900000000014e-08
5.185749999999999965e-08
5.189082000000000011e-08
5.197434200000000254e-08
5.205942100000000168e-08
5.213607699999999919e-08
5.219096799999999703e-08
5.227203300000000041e-08
5.233330699999999810e-08
5.233661299999999979e-08
5.245513100000000093e-08
5.250489300000000161e-08
5.254096999999999749e-08
5.260933800000000000e-08
5.261485500000000173e-08
5.265554399999999872e-08
5.272840099999999951e-08
5.273801599999999731e-08
5.280644699999999674e-08
5.286211799999999838e-08
5.299030300000000066e-08
5.305687900000000103e-08
5.309197299999999789e-08
5.314571899999999801e-08
5.327431700000000290e-08
5.330515900000000092e-08
5.337850300000000145e-08
5.347837700000000189e-08
5.365122899999999867e-08
5.383338699999999733e-08
5.383394399999999953e-08
5.385215200000000022e-08
5.389577900000000069e-08
5.391424499999999759e-08
5.395232200000000236e-08
5.395670999999999823e-08
5.402270799999999964e-08
5.416427700000000011e-08
5.420150599999999926e-08
5.429985999999999823e-08
5.433560000000000249e-08
5.436960000000000134e-08
5.438577200000000152e-08
5.444010900000000143e-08
5.444572499999999833e-08
5.448498999999999798e-08
5.454303199999999773e-08
5.460333999999999851e-08
5.462487600000000128e-08
5.463076700000000311e-08
5.464511499999999757e-08
5.482631399999999824e-08
5.494473899999999952e-08
5.497103499999999762e-08
5.497114299999999896e-08
5.506751999999999969e-08
5.514344200000000145e-08
5.514839399999999844e-08
5.521451100000000138e-08
5.521960600000000094e-08
5.525468100000000167e-08
5.535118999999999816e-08
5.543615900000000194e-08
5.547252999999999890e-08
5.547308500000000045e-08
5.552354499999999864e-08
5.556332599999999735e-08
5.564210700000000058e-08
5.566458099999999795e-08
5.569743799999999971e-08
5.574720099999999740e-08
5.589886199999999883e-08
5.593857199999999806e-08
5.602120800000000261e-08
5.604544699999999683e-08
5.608147299999999961e-08
5.615149000000000169e-08
5.617969500000000283e-08
5.621159999999999891e-08
5.653440100000000064e-08
5.656707299999999967e-08
5.669594499999999927e-08
5.672596099999999868e-08
5.678520499999999778e-08
5.679502600000000169e-08
5.680062500000000309e-08
5.702377700000000000e-08
5.703755200000000040e-08
5.710588900000000296e-08
5.711808700000000027e-08
5.745225800000000007e-08
5.747417300000000123e-08
5.747977700000000091e-08
5.748922500000000172e-08
5.749085800000000281e-08
5.766904699999999689e-08
5.767505999999999791e-08
5.768110100000000124e-08
5.772852200000000014e-08
5.773555300000000141e-08
5.777504100000000267e-08
5.808926999999999828e-08
5.815294600000000066e-08
5.831362499999999817e-08
5.852570799999999702e-08
5.852888599999999760e-08
5.856500700000000089e-08
5.859890200000000267e-08
5.872028000000000229e-08
5.873560500000000047e-08
5.874935800000000048e-08
5.878463700000000006e-08
5.888182800000000219e-08
5.892806200000000321e-08
5.894583599999999790e-08
5.900004199999999907e-08
5.900782500000000184e-08
5.909610499999999897e-08
5.910553300000000003e-08
5.927273399999999869e-08
5.929836599999999689e-08
5.936670900000000136e-08
5.939291899999999852e-08
5.957584100000000249e-08
5.963816199999999976e-08
5.965732999999999545e-08
5.971990999999999918e-08
5.984900600000000400e-08
5.989047199999999390e-08
5.989605899999999809e-08
5.990794400000000481e-08
5.992181399999999910e-08
5.992603700000000524e-08
5.993231299999999415e-08
5.993712899999999410e-08
5.995739799999999996e-08
6.002937899999999944e-08
6.007120099999999694e-08
6.027799799999999821e-08
6.037212799999999404e-08
6.044895099999999515e-08
6.052131300000000028e-08
6.064420300000000543e-08
6.068399700000000497e-08
6.068705999999999867e-08
6.070789100000000501e-08
6.086041099999999902e-08
6.090485400000000153e-08
6.091647800000000116e-08
6.092885100000000463e-08
6.096052400000000616e-08
6.096381999999999804e-08
6.097022999999999657e-08
6.098598099999999820e-08
6.128151199999999574e-08
6.139139500000000046e-08
6.141621099999999662e-08
6.157068300000000407e-08
6.160195999999999848e-08
6.170709700000000571e-08
6.173635599999999873e-08
6.187517299999999544e-08
6.190198000000000093e-08
6.192248900000000388e-08
6.193523600000000084e-08
6.193712300000000348e-08
6.209180699999999910e-08
6.212086699999999817e-08
6.213643700000000497e-08
6.221159500000000141e-08
6.228830600000000653e-08
6.232435399999999647e-08
6.234713700000000301e-08
6.235010000000000454e-08
6.235279900000000133e-08
6.260395699999999882e-08
6.263806400000000200e-08
6.264733900000000391e-08
6.267306800000000326e-08
6.269334099999999716e-08
6.276247100000000434e-08
6.284265099999999361e-08
6.286638499999999559e-08
6.287826899999999869e-08
6.288100099999999607e-08
6.289886300000000558e-08
6.290689099999999711e-08
6.291639700000000317e-08
6.297575199999999464e-08
6.305633299999999594e-08
6.306438400000000472e-08
6.309947500000000393e-08
6.310203200000000178e-08
6.311130400000000604e-08
6.317351300000000070e-08
6.333072899999999611e-08
6.340724000000000365e-08
6.346558300000000339e-08
6.352819999999999575e-08
6.352864899999999660e-08
6.359502899999999405e-08
6.360506299999999638e-08
6.361264600000000156e-08
6.364950800000000614e-08
6.369318400000000569e-08
6.369967599999999728e-08
6.372766399999999873e-08
6.374206600000000379e-08
6.378365800000000076e-08
6.387958599999999402e-08
6.392265100000000064e-08
6.402293199999999515e-08
6.408398599999999551e-08
6.409586400000000332e-08
6.416333699999999515e-08
6.423696099999999890e-08
6.423722100000000238e-08
6.424610900000000335e-08
6.429951699999999498e-08
6.431146599999999564e-08
6.432164000000000289e-08
6.435009199999999343e-08
6.460685400000000384e-08
6.466859700000000215e-08
6.481774599999999691e-08
6.497250099999999862e-08
6.498468199999999382e-08
6.508968699999999867e-08
6.514998599999999989e-08
6.515119299999999753e-08
6.520760899999999512e-08
6.525591400000000449e-08
6.549806000000000119e-08
6.552868900000000079e-08
6.555161400000000628e-08
6.572059099999999536e-08
6.572378900000000232e-08
6.573663500000000106e-08
6.577972000000000081e-08
6.592035500000000133e-08
6.602927100000000551e-08
6.612895100000000366e-08
6.615218400000000144e-08
6.623222999999999432e-08
6.639943500000000088e-08
6.660798800000000604e-08
6.661909400000000598e-08
6.675927600000000437e-08
6.679812699999999779e-08
6.692971699999999692e-08
6.693707999999999815e-08
6.703753799999999946e-08
6.704724299999999948e-08
6.705610600000000241e-08
6.707763499999999963e-08
6.708716200000000247e-08
6.710047200000000353e-08
6.715231799999999355e-08
6.718711099999999703e-08
6.733900899999999791e-08
6.752354499999999360e-08
6.754497299999999503e-08
6.768119299999999438e-08
6.773522600000000326e-08
6.779218099999999730e-08
6.782548900000000056e-08
6.783805299999999543e-08
6.792262400000000469e-08
6.795445499999999703e-08
6.803503599999999832e-08
6.805721000000000594e-08
6.824092100000000004e-08
6.853045900000000293e-08
6.860094100000000434e-08
6.860308300000000555e-08
6.863843300000000461e-08
6.876483999999999598e-08
6.884432199999999436e-08
6.885478599999999479e-08
6.888927899999999529e-08
6.893756500000000192e-08
6.894327799999999995e-08
6.895290999999999986e-08
6.904803500000000516e-08
6.910683499999999507e-08
6.913790000000000131e-08
6.920690199999999416e-08
6.921044599999999892e-08
6.926468500000000068e-08
6.933335999999999848e-08
6.944931999999999815e-08
6.948955799999999364e-08
6.957568499999999599e-08
6.963190600000000090e-08
6.972844900000000160e-08
6.975295899999999948e-08
6.976797599999999875e-08
6.981436299999999891e-08
6.990009200000000012e-08
6.999086000000000288e-08
7.002023100000000513e-08
7.003353499999999767e-08
7.004196699999999887e-08
7.012575300000000605e-08
7.019587399999999495e-08
7.022732499999999851e-08
7.023837700000000109e-08
7.028336300000000133e-08
7.030421999999999610e-08
7.033699799999999584e-08
7.044992199999999386e-08
7.049631800000000021e-08
7.057149600000000302e-08
7.060774800000000506e-08
7.073616000000000360e-08
7.075006400000000211e-08
7.078555700000000374e-08
7.083800100000000571e-08
7.096413300000000538e-08
7.099782700000000594e-08
7.106056099999999920e-08
7.114413199999999410e-08
7.129646799999999563e-08
7.132075500000000514e-08
7.137559999999999494e-08
7.150837800000000219e-08
7.156510399999999933e-08
7.163361000000000612e-08
7.163574099999999390e-08
7.169985299999999630e-08
7.170866900000000079e-08
7.186647999999999728e-08
7.193466400000000069e-08
7.196113299999999769e-08
7.213449300000000422e-08
7.226055399999999779e-08
7.232698999999999986e-08
7.233085299999999712e-08
7.238948699999999367e-08
7.242828800000000424e-08
7.247321299999999496e-08
7.252260299999999617e-08
7.254356099999999998e-08
7.255701599999999763e-08
7.256447599999999339e-08
7.262500499999999513e-08
7.264820999999999722e-08
7.265195999999999486e-08
7.273641599999999724e-08
7.280266400000000555e-08
7.280403500000000253e-08
7.287814099999999449e-08
7.291343200000000452e-08
7.303665600000000364e-08
7.306846199999999794e-08
7.311773799999999589e-08
7.319128000000000660e-08
7.320603400000000475e-08
7.329038199999999917e-08
