# t	msd	err
1.000000000000005205e-13 6.070036952370233552e-01 1.325948438458315892e-01
1.999999999999786248e-13 8.005258639561644296e-01 1.616654386037946478e-01
3.454545454545374284e-13 6.727487149100547237e-01 1.232882697976996067e-01
6.370370370370330960e-13 8.339382276894162782e-01 8.992232992002366365e-02
1.037256410256400941e-12 1.112938640479181229e+00 5.722306325839655872e-02
1.984752659574449906e-12 1.448973427247508772e+00 7.757035073029226735e-02
3.455376623376628397e-12 1.894541684108741242e+00 6.124229305848174348e-02
5.909576890399285585e-12 3.041892358256017559e+00 8.342280829268311493e-02
9.876737208147054706e-12 4.623333591091644657e+00 9.437039119158392719e-02
1.694174949260505732e-11 7.268772677167472551e+00 1.198993378573907920e-01
2.894600103288331744e-11 1.131762933835454099e+01 1.404858271252128754e-01
4.943328484546360454e-11 1.758109552594195790e+01 1.660272415709566352e-01
8.496983616153268373e-11 2.708509157920626009e+01 1.734050337450381563e-01
1.452228934977951987e-10 3.976821940410563627e+01 2.152317838432508956e-01
2.478039138183335445e-10 5.723374373019046146e+01 1.833786092652563982e-01
4.239019058310220513e-10 8.717041357608913188e+01 2.451534018177793928e-01
7.211597000576267027e-10 1.552409842735176824e+02 3.032184291334583670e-01
1.217082869404032358e-09 2.504058919553271778e+02 3.423653004393238386e-01
1.907144818171428395e-09 3.952186487536936852e+02 4.926973093706489282e-01
