# t msd err
5.560021905805064209e-14 3.332901400342239921e-04 9.006197105577610652e-06
8.261516337059373830e-14 4.652605875222013548e-03 9.646980697972866014e-05
1.010572524061670146e-13 3.490366134134555522e-04 1.782586428333440650e-06
1.993010955380134922e-13 8.270214446380334729e-04 4.497139816966397798e-06
2.969414131670501816e-13 5.196789343683101345e-04 3.050240170129088096e-06
3.987042937585354621e-13 6.094892877842677213e-04 3.217971757642116913e-06
5.906969406036762171e-13 6.443583870490820608e-04 2.231377773548154918e-06
9.729225079554278050e-13 6.731771092776850547e-04 1.189024855603818049e-06
1.289497161268980650e-12 6.746033079390882561e-04 1.893452224052733596e-06
1.954142491009347488e-12 9.858826901636436740e-04 1.599358156306126525e-06
2.912779515790520191e-12 8.556932797678232011e-04 1.331734056350769231e-06
4.348862204547018863e-12 1.003260825121971575e-03 1.239861333018889262e-06
6.328694376176091562e-12 1.030423399744343459e-03 1.164985664992544472e-06
9.450579885349938919e-12 1.302747878611564946e-03 1.100269289601799075e-06
1.372479067194521969e-11 1.412198569793930497e-03 1.239736435597916211e-06
2.017829165968402253e-11 2.056628192206693719e-03 1.466366432683931507e-06
2.980506524618900891e-11 4.331603479024372094e-03 2.875623157034074105e-06
4.405039346802436091e-11 9.304384351648604945e-03 5.163064445657314768e-06
6.518561063110006778e-11 9.072115968880009595e-03 4.440987875749181668e-06
9.720805802281588671e-11 8.883886355436864529e-03 3.832619506463123501e-06
1.424509917099072040e-10 1.126805944343853977e-02 4.224709080053227849e-06
2.129713222259279858e-10 1.161332199350452107e-02 3.982038882395043847e-06
3.146431947001983402e-10 1.775443516104330613e-02 5.182442331846785675e-06
4.584287183125133174e-10 3.995953225831781752e-02 9.011333153546468284e-06
6.791760179936721614e-10 3.503151229452610566e-02 8.529377293046613628e-06
1.005764539046231191e-09 4.560674700669880427e-02 1.038476779170262466e-05
1.472241413318837576e-09 3.700585619592174080e-02 9.101297673744696047e-06
2.246503323672049076e-09 3.474921705374786618e-02 1.006607263721976589e-05
3.236545038893568782e-09 4.455365273096166534e-02 1.071324652678247525e-05
4.387652883488382615e-09 4.701832917175542692e-02 1.700597295074262070e-05
1.827826990760905740e-08 6.103368311193847762e-02 3.498928079437996219e-05
