# t
0.000000000000000000e+00
1.229722899999999993e-12
1.955685499999999866e-11
1.985279300000000119e-11
2.147360300000000022e-11
2.848284599999999966e-11
3.034019900000000054e-11
4.852322200000000288e-11
7.061384500000000525e-11
7.949820900000000344e-11
8.017475199999999615e-11
8.328285699999999707e-11
8.661910799999999608e-11
9.556852400000000028e-11
9.812470500000000138e-11
1.069809700000000060e-10
1.130899500000000040e-10
1.138107800000000035e-10
1.150698100000000032e-10
1.151361500000000031e-10
1.195288199999999907e-10
1.198664199999999969e-10
1.279938100000000043e-10
1.283712000000000126e-10
1.298532199999999938e-10
1.303134400000000086e-10
1.327137800000000105e-10
1.424189300000000005e-10
1.434427400000000028e-10
1.444840899999999973e-10
1.879551099999999976e-10
2.177908300000000057e-10
2.234586999999999958e-10
2.289289699999999916e-10
2.429668000000000031e-10
2.456613000000000086e-10
2.462031099999999861e-10
2.487397599999999765e-10
2.588741299999999997e-10
2.654733699999999828e-10
2.703827200000000202e-10
2.832099700000000185e-10
2.835113599999999953e-10
2.839227499999999851e-10
2.848678099999999839e-10
2.919444599999999917e-10
2.945971400000000252e-10
2.947478299999999913e-10
3.073122399999999971e-10
3.076874799999999922e-10
3.120532299999999882e-10
3.123650200000000232e-10
3.145137700000000257e-10
3.232004399999999754e-10
3.293049700000000025e-10
3.330487000000000020e-10
3.377253900000000205e-10
3.596994200000000102e-10
3.610763900000000053e-10
3.717132799999999822e-10
3.730862400000000018e-10
3.783875999999999828e-10
3.784611400000000160e-10
3.791357599999999779e-10
4.185044700000000107e-10
4.222389899999999798e-10
4.231756100000000178e-10
4.649424699999999904e-10
4.694208299999999939e-10
4.814332499999999618e-10
4.957159200000000440e-10
4.961649600000000415e-10
5.269258899999999505e-10
5.455336600000000470e-10
5.933470100000000430e-10
5.938030800000000273e-10
6.024313999999999883e-10
6.069419100000000039e-10
6.108585400000000080e-10
6.119026599999999860e-10
6.119155100000000497e-10
6.163012800000000479e-10
6.185213799999999956e-10
6.282488199999999928e-10
6.294951299999999651e-10
6.295306399999999523e-10
6.302642700000000512e-10
7.297737399999999656e-10
7.307259999999999848e-10
7.403370500000000413e-10
7.438684000000000448e-10
7.439111300000000381e-10
7.626539600000000091e-10
7.626633200000000356e-10
7.654219599999999731e-10
7.689525199999999729e-10
8.016872600000000463e-10
8.193036100000000069e-10
8.223484999999999960e-10
8.255052599999999531e-10
8.260838600000000363e-10
8.426785299999999963e-10
8.445146200000000174e-10
8.486037899999999734e-10
8.487975599999999927e-10
8.605010600000000444e-10
8.647762900000000021e-10
8.995634199999999773e-10
9.089984499999999858e-10
9.379707500000000513e-10
9.411023900000000866e-10
1.246327600000000038e-09
1.251685199999999966e-09
1.281210300000000058e-09
1.295444299999999950e-09
1.300099900000000059e-09
1.310532499999999993e-09
1.327994300000000008e-09
1.348566999999999899e-09
1.351157700000000007e-09
1.359128899999999897e-09
1.367360500000000078e-09
1.374580100000000056e-09
1.375083899999999973e-09
1.392909499999999945e-09
1.396652400000000073e-09
1.404412699999999943e-09
1.407348299999999980e-09
1.408634599999999941e-09
1.409342700000000049e-09
1.410412699999999922e-09
1.410899100000000083e-09
1.428781100000000043e-09
1.431817999999999904e-09
1.459741000000000078e-09
1.479583299999999990e-09
1.486955399999999983e-09
1.489112600000000043e-09
1.521590300000000008e-09
1.524372599999999981e-09
1.528775000000000028e-09
1.552109999999999927e-09
1.555573599999999944e-09
1.563416599999999913e-09
1.564208199999999963e-09
1.606640699999999961e-09
1.608780699999999914e-09
1.615115400000000087e-09
1.615171999999999931e-09
1.618115100000000084e-09
1.623033999999999960e-09
1.639280599999999932e-09
1.640170900000000011e-09
1.651594600000000103e-09
1.676534800000000082e-09
1.676842900000000068e-09
1.704354500000000000e-09
1.722797300000000056e-09
1.724973600000000000e-09
1.725908899999999948e-09
1.731474899999999927e-09
1.744795799999999915e-09
1.754706800000000048e-09
1.757786300000000047e-09
1.777082500000000000e-09
1.784998199999999983e-09
1.786337400000000056e-09
1.809118100000000071e-09
1.814674500000000091e-09
1.817131999999999924e-09
1.827902299999999973e-09
1.831842400000000097e-09
1.837169600000000054e-09
1.838568300000000069e-09
1.840479199999999990e-09
1.868334600000000121e-09
1.906804699999999918e-09
1.920751800000000171e-09
1.921284199999999899e-09
1.921299400000000195e-09
1.957523399999999924e-09
1.957614299999999949e-09
2.030303100000000067e-09
2.031330199999999914e-09
2.036578800000000044e-09
2.037441299999999946e-09
2.095747299999999890e-09
2.096107400000000115e-09
2.313693800000000074e-09
2.315589300000000049e-09
2.327343699999999886e-09
2.329535399999999983e-09
2.331121799999999861e-09
2.342510200000000074e-09
2.347091400000000041e-09
2.350152999999999918e-09
2.362993599999999829e-09
2.374509699999999804e-09
2.375466600000000020e-09
2.376128400000000052e-09
2.413072100000000072e-09
2.513930900000000104e-09
2.530023000000000043e-09
2.530472400000000196e-09
2.530865699999999837e-09
2.539006299999999961e-09
2.898692500000000017e-09
2.899642099999999974e-09
2.933375200000000183e-09
2.955430500000000158e-09
2.956999499999999866e-09
2.988591900000000105e-09
3.008809800000000013e-09
3.019778600000000059e-09
3.020802999999999872e-09
3.020857100000000160e-09
3.029466099999999877e-09
3.029638699999999889e-09
3.031221100000000146e-09
3.034951899999999933e-09
3.037150799999999843e-09
3.042610699999999914e-09
3.043762599999999839e-09
3.050785000000000027e-09
3.051748299999999802e-09
3.053026699999999933e-09
3.058374699999999903e-09
3.062918800000000038e-09
3.063539000000000044e-09
3.069972100000000150e-09
3.088790500000000202e-09
3.091724699999999999e-09
3.091871299999999996e-09
3.163376299999999947e-09
3.171634299999999857e-09
3.178132199999999941e-09
3.186707099999999955e-09
