# t msd err
1.005263157894428852e-13 7.279017500918831374e+00 2.361625126869488778e+00
2.007142857142853423e-13 5.850865175906318605e+00 1.563709493174878062e+00
3.000000000000066987e-13 5.969285644294389570e+00 1.887653864011595850e+00
4.367173913043476137e-13 7.003743661684779909e+00 1.460381505822153203e+00
6.429268292682939183e-13 7.858977094750036585e+00 1.735757667921020930e+00
9.986402841197603927e-13 7.094818987130004473e+00 2.260023761681014265e-01
1.345082191780826894e-12 6.803297387459165790e+00 1.126089795954862138e+00
1.992672709923669828e-12 8.138658989288755308e+00 2.514040157693826494e-01
2.969647807637896097e-12 9.260031770596427236e+00 2.843525585442153170e-01
3.978729906542055843e-12 1.035083452502650303e+01 3.164342446413750953e-01
5.491747313112001737e-12 1.143495090743879317e+01 2.499181640650719183e-01
7.519790692446053169e-12 1.365752783701808859e+01 2.896040979538695437e-01
1.032769897455374285e-11 1.625162842379706518e+01 2.003094553997575578e-01
1.499229257356377616e-11 2.137881655330494723e+01 2.922168956441912879e-01
2.079271195624650617e-11 2.665504605342800559e+01 2.682525579785617342e-01
3.000139421683343249e-11 3.592423178502406245e+01 3.020603281159159326e-01
4.218063015537518144e-11 4.881960341737110554e+01 3.689782655671606237e-01
6.002474840704825510e-11 6.686998257354547093e+01 3.898180144104034794e-01
8.501755301240229079e-11 9.418044965175373306e+01 4.980339724787287703e-01
1.199814219317222010e-10 1.318543481118231853e+02 5.610543946601458387e-01
1.695583593823750140e-10 1.878326823833156141e+02 6.947884308206282444e-01
2.394944826394091731e-10 2.675164707018865329e+02 8.177300111979937114e-01
3.386531587847727061e-10 3.828727972565599202e+02 9.988850872053954832e-01
4.786174199595708570e-10 5.524489865068801464e+02 1.214177995390781417e+00
6.765075251401025898e-10 7.930913873176551760e+02 1.480355490326494605e+00
9.562294133943761481e-10 1.130124950478417531e+03 1.794900870634337231e+00
1.351144170228811305e-09 1.641007540943759295e+03 2.236165861797324350e+00
1.907731200365703950e-09 2.338227054732356009e+03 2.743203097857807471e+00
2.693991350007586214e-09 3.229775203208683706e+03 3.310689843513192177e+00
3.801562830114186332e-09 4.233858666921668373e+03 3.893789876676857720e+00
5.356562283441968199e-09 4.964949069809625144e+03 4.265949938523464269e+00
7.504848354232357784e-09 6.351486658619158334e+03 5.623749475732243042e+00
1.005198616281576499e-08 9.548971395113381732e+03 1.261246292518110401e+01
