# t
0.000000000000000000e+00
5.003299400000000357e-12
8.178769199999999836e-12
2.232648700000000000e-11
4.925653400000000225e-11
8.230439400000000599e-11
8.581259500000000408e-11
1.011825399999999991e-10
1.137752999999999948e-10
1.221885700000000083e-10
1.641810600000000129e-10
2.034283299999999946e-10
2.116220400000000033e-10
2.137333299999999915e-10
2.143610099999999984e-10
2.201963199999999949e-10
2.239300900000000092e-10
2.424231499999999974e-10
2.439874299999999791e-10
2.575106500000000242e-10
2.647162399999999925e-10
2.757374499999999844e-10
2.797007799999999859e-10
2.819923799999999783e-10
2.831323400000000153e-10
2.941462699999999924e-10
2.952070799999999761e-10
2.969299099999999892e-10
3.090719400000000071e-10
3.188407800000000182e-10
3.326718099999999979e-10
3.396159699999999993e-10
3.410197799999999785e-10
3.416082299999999963e-10
3.448837500000000086e-10
3.497822300000000138e-10
3.591397299999999993e-10
3.598465699999999749e-10
3.688216900000000054e-10
3.692011399999999880e-10
3.744559299999999820e-10
3.750205100000000111e-10
3.978830500000000160e-10
3.983215400000000108e-10
4.087092900000000198e-10
4.088968900000000058e-10
4.137752000000000127e-10
4.167692299999999811e-10
4.191324700000000214e-10
4.213468100000000045e-10
4.292165900000000013e-10
4.468780500000000107e-10
4.537844399999999869e-10
4.554407899999999840e-10
4.558297699999999749e-10
4.567010899999999801e-10
4.631853100000000250e-10
4.740494799999999912e-10
4.741417899999999900e-10
4.783992199999999605e-10
4.799728000000000116e-10
4.800915100000000508e-10
4.912272500000000213e-10
4.942716699999999846e-10
4.961075500000000008e-10
4.995195899999999807e-10
5.002455700000000192e-10
5.133307700000000434e-10
5.219114999999999715e-10
5.305253499999999934e-10
5.329697499999999937e-10
5.542452099999999868e-10
5.781958900000000226e-10
5.859970200000000043e-10
5.862285199999999740e-10
5.877444400000000082e-10
5.882471700000000185e-10
5.893683499999999937e-10
5.927920100000000382e-10
5.960583600000000431e-10
6.019987399999999597e-10
6.070105599999999673e-10
6.089282000000000314e-10
6.172943800000000163e-10
6.177412299999999774e-10
6.206002600000000284e-10
6.306473299999999851e-10
6.308118800000000164e-10
6.350103600000000137e-10
6.374143700000000015e-10
6.449604599999999957e-10
6.599679700000000010e-10
6.632570799999999614e-10
6.785183799999999695e-10
6.845157500000000203e-10
6.866576700000000480e-10
6.911441200000000041e-10
6.913853899999999655e-10
7.029563100000000234e-10
7.045571000000000009e-10
7.077019599999999904e-10
7.080978899999999737e-10
7.107652499999999512e-10
7.114078000000000505e-10
7.165424099999999710e-10
7.218258199999999685e-10
7.235495899999999815e-10
7.294845999999999647e-10
7.312509199999999963e-10
7.334337499999999748e-10
7.358139899999999542e-10
7.364584499999999799e-10
7.380528300000000440e-10
7.608136599999999488e-10
7.614865799999999891e-10
7.619607200000000261e-10
7.629136900000000028e-10
7.728182899999999563e-10
7.820648400000000396e-10
7.867334699999999807e-10
7.900843999999999812e-10
8.013135199999999607e-10
8.077842899999999574e-10
8.114329999999999834e-10
8.190104800000000162e-10
8.190985999999999615e-10
8.280908599999999861e-10
8.614405700000000318e-10
8.796147400000000482e-10
8.798003699999999956e-10
8.812664600000000480e-10
8.919349499999999651e-10
8.939361700000000162e-10
8.958345100000000285e-10
9.018491800000000106e-10
9.060630699999999984e-10
9.074863300000000256e-10
9.143129599999999710e-10
9.199638299999999962e-10
9.205259299999999895e-10
9.280004099999999660e-10
9.370690500000000605e-10
9.477399100000000920e-10
9.540452600000000076e-10
9.609421299999999683e-10
9.667914100000000029e-10
9.671187099999999052e-10
9.720122999999999440e-10
9.725166799999999633e-10
9.741471199999999831e-10
9.901747399999999229e-10
9.940067200000000331e-10
1.000135299999999972e-09
1.003209399999999904e-09
1.006598700000000018e-09
1.020932900000000004e-09
1.028938300000000043e-09
1.035006799999999938e-09
1.035789199999999949e-09
1.037363799999999995e-09
1.043841299999999986e-09
1.047278400000000034e-09
1.051313299999999979e-09
1.053080000000000049e-09
1.055012399999999999e-09
1.058457699999999973e-09
1.059293699999999907e-09
1.068326300000000031e-09
1.070198000000000072e-09
1.071364900000000021e-09
1.072425800000000096e-09
1.073705399999999989e-09
1.074320799999999912e-09
1.078873099999999973e-09
1.083739600000000103e-09
1.085853500000000008e-09
1.093329199999999939e-09
1.093758200000000000e-09
1.094289600000000030e-09
1.097048700000000052e-09
1.101345599999999969e-09
1.107442399999999993e-09
1.112046199999999927e-09
1.112917499999999947e-09
1.113722400000000100e-09
1.114758200000000031e-09
1.128093600000000092e-09
1.130605200000000007e-09
1.136467900000000060e-09
1.137859400000000055e-09
1.143714399999999927e-09
1.146529399999999984e-09
1.156306299999999969e-09
1.157892100000000070e-09
1.159206200000000000e-09
1.180239500000000099e-09
1.183305900000000059e-09
1.184524100000000025e-09
1.199536900000000021e-09
1.204926799999999905e-09
1.205096700000000091e-09
1.208087200000000051e-09
1.211391599999999984e-09
1.214836400000000005e-09
1.223120999999999917e-09
1.224162999999999963e-09
1.231727500000000077e-09
1.233073999999999996e-09
1.235798700000000012e-09
1.256985899999999953e-09
1.257929699999999923e-09
1.258175599999999933e-09
1.262941299999999984e-09
1.285212499999999919e-09
1.285508299999999913e-09
1.288989700000000020e-09
1.302373500000000000e-09
1.308211799999999926e-09
1.310402599999999943e-09
1.313177000000000086e-09
1.313710000000000006e-09
1.320895099999999946e-09
1.323570499999999964e-09
1.325466099999999971e-09
1.334086600000000045e-09
1.335521100000000098e-09
1.337842800000000069e-09
1.338058900000000093e-09
1.340919100000000083e-09
1.347603600000000092e-09
1.350495000000000101e-09
1.356259599999999902e-09
1.358404999999999922e-09
1.365701299999999948e-09
1.366798000000000061e-09
1.368398799999999979e-09
1.368723799999999976e-09
1.372986399999999919e-09
1.375192600000000089e-09
1.378611400000000093e-09
1.385370400000000070e-09
1.390048300000000050e-09
1.390116699999999934e-09
1.393841300000000018e-09
1.398111900000000030e-09
1.401194700000000048e-09
1.414140999999999946e-09
1.415418499999999996e-09
1.425114999999999995e-09
1.433476199999999922e-09
1.447144700000000081e-09
1.449071300000000044e-09
1.456941399999999967e-09
1.459352599999999930e-09
1.460657999999999983e-09
1.461174799999999908e-09
1.465063200000000095e-09
1.482106099999999959e-09
1.494509300000000027e-09
1.498419599999999957e-09
1.502198200000000091e-09
1.503860299999999905e-09
1.504621100000000062e-09
1.516765399999999904e-09
1.526539099999999903e-09
1.541075999999999983e-09
1.541912300000000013e-09
1.543184899999999949e-09
1.544962399999999946e-09
1.560889700000000084e-09
1.562561599999999920e-09
1.575154899999999995e-09
1.575546400000000096e-09
1.583158799999999970e-09
1.584116399999999995e-09
1.592767799999999993e-09
1.604556399999999979e-09
1.613214000000000091e-09
1.614284200000000028e-09
1.618245199999999990e-09
1.623472100000000027e-09
1.625814000000000027e-09
1.638607899999999941e-09
1.639048499999999978e-09
1.641705200000000031e-09
1.646630900000000007e-09
1.651053799999999971e-09
1.657343799999999957e-09
1.660663399999999979e-09
1.668540799999999955e-09
1.673498600000000030e-09
1.674279700000000041e-09
1.676575099999999901e-09
1.683596899999999898e-09
1.688288400000000078e-09
1.691589700000000057e-09
1.693753300000000089e-09
1.697471499999999994e-09
1.704933699999999964e-09
1.706363299999999903e-09
1.718246099999999932e-09
1.725705600000000076e-09
1.755977499999999999e-09
1.766959099999999989e-09
1.768490699999999976e-09
1.778105000000000034e-09
1.780221200000000052e-09
1.785462400000000098e-09
1.791404700000000089e-09
1.798213600000000049e-09
1.799668700000000051e-09
1.802366800000000067e-09
1.803788600000000001e-09
1.809789799999999949e-09
1.810824499999999944e-09
1.811364999999999979e-09
1.814824599999999962e-09
1.815768200000000074e-09
1.817803100000000026e-09
1.821327800000000081e-09
1.836881799999999922e-09
1.838703599999999978e-09
1.846663100000000069e-09
1.848090900000000054e-09
1.852998099999999923e-09
1.854028399999999962e-09
1.855629000000000024e-09
1.858965699999999914e-09
1.861782100000000004e-09
1.862677500000000054e-09
1.868711599999999943e-09
1.875396300000000016e-09
1.876604999999999849e-09
1.878498600000000046e-09
1.889663799999999833e-09
1.893538099999999868e-09
1.893755800000000195e-09
1.895475900000000093e-09
1.895702599999999980e-09
1.895761799999999826e-09
1.896039899999999968e-09
1.903737499999999910e-09
1.908903500000000180e-09
1.920222300000000126e-09
1.923062999999999897e-09
1.925876400000000064e-09
1.935277499999999990e-09
1.943349699999999816e-09
1.950339099999999825e-09
1.966941900000000019e-09
1.989907999999999990e-09
1.998157199999999991e-09
1.999339700000000157e-09
2.003293900000000019e-09
2.003436399999999949e-09
2.010879599999999860e-09
2.018377999999999996e-09
2.019459300000000163e-09
2.020259900000000186e-09
2.020659899999999895e-09
2.022980400000000104e-09
2.023834699999999875e-09
2.036713199999999873e-09
2.039362100000000129e-09
2.039754799999999992e-09
2.043591099999999908e-09
2.045769699999999965e-09
2.051100300000000178e-09
2.064493199999999957e-09
2.069647000000000060e-09
2.073723800000000126e-09
2.080918999999999977e-09
2.095447399999999830e-09
2.099341700000000036e-09
2.100725499999999851e-09
2.107545700000000104e-09
2.111716199999999847e-09
2.119018399999999892e-09
2.119962999999999910e-09
2.122211900000000042e-09
2.124237600000000163e-09
2.124341799999999878e-09
2.124844099999999937e-09
2.126448999999999922e-09
2.127298400000000199e-09
2.136099199999999844e-09
2.137258299999999996e-09
2.138984100000000056e-09
2.143044799999999953e-09
2.143946399999999912e-09
2.152048799999999853e-09
2.159884900000000105e-09
2.182147800000000082e-09
2.189120500000000144e-09
2.204260999999999901e-09
2.213513299999999956e-09
2.213612699999999796e-09
2.217472699999999822e-09
2.226981999999999910e-09
2.229528599999999815e-09
2.230413599999999859e-09
2.234037799999999992e-09
2.235334600000000198e-09
2.248565099999999908e-09
2.273007499999999815e-09
2.277287999999999881e-09
2.280308499999999891e-09
2.283236000000000034e-09
2.304671100000000003e-09
2.308119099999999803e-09
2.319427300000000093e-09
2.327236900000000169e-09
2.331958999999999971e-09
2.332433000000000108e-09
2.334121299999999795e-09
2.355046300000000113e-09
2.356712500000000199e-09
2.363693700000000076e-09
2.366365599999999805e-09
2.367346599999999845e-09
2.372002199999999955e-09
2.376917700000000195e-09
2.381419800000000177e-09
2.387142600000000094e-09
2.387194500000000095e-09
2.391080799999999819e-09
2.393217000000000009e-09
2.397185200000000198e-09
2.399937100000000199e-09
2.400633099999999966e-09
2.404983399999999948e-09
2.415173599999999953e-09
2.425325400000000125e-09
2.426548499999999998e-09
2.426879199999999951e-09
2.429462299999999910e-09
2.435856700000000088e-09
2.439835599999999966e-09
2.439880899999999931e-09
2.444652000000000049e-09
2.451432400000000022e-09
2.465302600000000163e-09
2.467956399999999913e-09
2.471746199999999895e-09
2.475185499999999817e-09
2.479244499999999999e-09
2.482136099999999865e-09
2.490582699999999926e-09
2.492214699999999864e-09
2.508216800000000065e-09
2.509546800000000100e-09
2.523408299999999950e-09
2.524034799999999896e-09
2.528388899999999849e-09
2.541783000000000010e-09
2.541981700000000071e-09
2.547671000000000063e-09
2.559958100000000137e-09
2.565240599999999907e-09
2.573966999999999824e-09
2.576605199999999977e-09
2.584107999999999862e-09
2.588169700000000077e-09
2.589465800000000060e-09
2.589807799999999892e-09
2.593958299999999877e-09
2.599007100000000009e-09
2.600489799999999918e-09
2.600777400000000193e-09
2.600872100000000188e-09
2.601503500000000042e-09
2.609615799999999830e-09
2.610859199999999971e-09
2.616338199999999927e-09
2.616812300000000096e-09
2.617094100000000176e-09
2.619249599999999901e-09
2.625979599999999939e-09
2.628963299999999799e-09
2.629064100000000084e-09
2.629558200000000011e-09
2.636210400000000064e-09
2.641248800000000190e-09
2.641270999999999822e-09
2.654825499999999830e-09
2.657917799999999980e-09
2.658776000000000167e-09
2.658977200000000197e-09
2.664847299999999920e-09
2.683553000000000028e-09
2.699081100000000092e-09
2.705558399999999813e-09
2.712862099999999923e-09
2.721025799999999965e-09
2.721363500000000081e-09
2.727509900000000199e-09
2.729838600000000128e-09
2.730438299999999802e-09
2.745595800000000016e-09
2.760560199999999886e-09
2.770767399999999934e-09
2.772626100000000172e-09
2.776539000000000104e-09
2.777243700000000163e-09
2.777827899999999860e-09
2.779734500000000065e-09
2.781950800000000145e-09
2.784027499999999980e-09
2.786388499999999864e-09
2.788225599999999835e-09
2.789594000000000117e-09
2.794630099999999924e-09
2.797186700000000122e-09
2.798545399999999794e-09
2.799278799999999902e-09
2.806692399999999890e-09
2.818335499999999816e-09
2.818339000000000105e-09
2.827537700000000031e-09
2.831246899999999962e-09
2.833952899999999808e-09
2.837548399999999891e-09
2.850896299999999801e-09
2.854953000000000078e-09
2.862725599999999940e-09
2.864044200000000064e-09
2.868323000000000001e-09
2.874396500000000043e-09
2.877273499999999804e-09
2.889722400000000171e-09
2.902916499999999857e-09
2.905716399999999857e-09
2.909366700000000038e-09
2.909427199999999885e-09
2.920488199999999957e-09
2.926635900000000076e-09
2.930802699999999880e-09
2.938267299999999995e-09
2.946084299999999949e-09
2.951761799999999902e-09
2.953400499999999907e-09
2.967909599999999811e-09
2.978706900000000196e-09
2.997689999999999809e-09
3.006249200000000195e-09
3.007646300000000113e-09
3.013059100000000060e-09
3.015882999999999852e-09
3.017979100000000080e-09
3.018860499999999803e-09
3.023125399999999860e-09
3.024547199999999794e-09
3.032684999999999852e-09
3.033240699999999977e-09
3.033982699999999931e-09
3.038673600000000127e-09
3.039099499999999820e-09
3.058404499999999889e-09
3.061896099999999940e-09
3.063122199999999942e-09
3.063405800000000183e-09
3.069173700000000001e-09
3.084479800000000022e-09
3.097183100000000006e-09
3.132771799999999879e-09
3.152068200000000102e-09
3.154373399999999984e-09
3.157512200000000068e-09
3.157553900000000126e-09
3.169226299999999880e-09
3.176067599999999828e-09
3.181298800000000202e-09
3.184660899999999917e-09
3.184774999999999893e-09
3.185265100000000199e-09
3.197517499999999965e-09
3.199254200000000191e-09
3.200628299999999809e-09
3.211246000000000018e-09
3.216280100000000014e-09
3.240267099999999923e-09
3.257720900000000076e-09
3.259962700000000013e-09
3.264961099999999796e-09
3.265337399999999809e-09
3.268827200000000112e-09
3.276999099999999874e-09
3.277536099999999828e-09
3.279699800000000098e-09
3.287378599999999838e-09
3.296328599999999895e-09
3.305937000000000141e-09
3.306046900000000018e-09
3.311376900000000040e-09
3.320459699999999830e-09
3.322327099999999947e-09
3.331796100000000011e-09
3.340744499999999971e-09
3.351217800000000057e-09
3.366882200000000142e-09
3.394413299999999880e-09
3.402213200000000173e-09
3.403990600000000138e-09
3.404205199999999890e-09
3.407391100000000100e-09
3.413450200000000100e-09
3.420840200000000009e-09
3.426179600000000132e-09
3.445004899999999902e-09
3.445277099999999818e-09
3.457837500000000158e-09
3.458252099999999972e-09
3.467408900000000190e-09
3.469279199999999990e-09
3.470366399999999970e-09
3.470459799999999965e-09
3.483139200000000189e-09
3.488193900000000134e-09
3.489362900000000133e-09
3.492434399999999857e-09
3.508597700000000158e-09
3.512153099999999867e-09
3.512369300000000129e-09
3.512912800000000087e-09
3.524028000000000065e-09
3.528607100000000190e-09
3.528626000000000011e-09
3.529837399999999878e-09
3.533078199999999803e-09
3.534663400000000125e-09
3.545550599999999802e-09
3.555088199999999813e-09
3.557607300000000051e-09
3.559626899999999881e-09
3.571489499999999881e-09
3.599795899999999849e-09
3.600819100000000106e-09
3.609327800000000110e-09
3.610781699999999937e-09
3.617203300000000100e-09
3.617476499999999921e-09
3.622737699999999932e-09
3.624723999999999900e-09
3.639881500000000114e-09
3.641918899999999828e-09
3.649973100000000121e-09
3.671102399999999803e-09
3.671470899999999810e-09
3.674465899999999964e-09
3.681930999999999825e-09
3.685875299999999840e-09
3.703667499999999918e-09
3.711475799999999993e-09
3.713872999999999837e-09
3.717494199999999841e-09
3.728579599999999833e-09
3.728732499999999769e-09
3.730520699999999868e-09
3.736136199999999910e-09
3.736791300000000287e-09
3.736799999999999752e-09
3.738569799999999776e-09
3.738815600000000375e-09
3.746516800000000224e-09
3.754930699999999787e-09
3.758817299999999607e-09
3.789554999999999949e-09
3.797147699999999953e-09
3.798039399999999651e-09
3.802343400000000177e-09
3.802588899999999853e-09
3.810531899999999854e-09
3.814446400000000295e-09
3.818498399999999901e-09
3.821964599999999712e-09
3.825115299999999868e-09
3.833029399999999755e-09
3.835731500000000011e-09
3.842220499999999739e-09
3.845245600000000389e-09
3.848190899999999589e-09
3.851517000000000236e-09
3.859893900000000412e-09
3.872534699999999912e-09
3.872683700000000259e-09
3.877267199999999719e-09
3.879622500000000269e-09
3.906933300000000091e-09
3.909221699999999994e-09
3.925375200000000067e-09
3.927386400000000114e-09
3.931807599999999950e-09
3.932873699999999821e-09
3.933174299999999691e-09
3.946064800000000206e-09
3.948536899999999937e-09
3.950394299999999761e-09
3.952651799999999740e-09
3.956470800000000345e-09
3.963223199999999665e-09
3.963772100000000104e-09
3.970260399999999609e-09
3.975694499999999728e-09
3.982809100000000356e-09
3.983083500000000145e-09
3.991873699999999721e-09
4.000036000000000144e-09
4.007275900000000183e-09
4.011583800000000298e-09
4.019610999999999842e-09
4.023412199999999735e-09
4.025316200000000352e-09
4.033210299999999654e-09
4.034651800000000078e-09
4.037018600000000157e-09
4.045500299999999826e-09
4.063376999999999957e-09
4.064696100000000240e-09
4.065210599999999639e-09
4.069096600000000095e-09
4.069951499999999643e-09
4.087404899999999669e-09
4.102195500000000385e-09
4.103789399999999758e-09
4.105550100000000191e-09
4.105693599999999612e-09
4.107095299999999756e-09
4.113422900000000147e-09
4.114159700000000098e-09
4.117284400000000238e-09
4.119462899999999849e-09
4.132544700000000134e-09
4.147871199999999626e-09
4.155170699999999638e-09
4.170131199999999919e-09
4.197220999999999604e-09
4.197375500000000050e-09
4.201295299999999700e-09
4.203425999999999790e-09
4.207897099999999817e-09
4.211806600000000319e-09
4.227046899999999630e-09
4.227169399999999802e-09
4.233846199999999838e-09
4.267017400000000014e-09
4.273415000000000385e-09
4.279222100000000291e-09
4.299453599999999985e-09
4.301373099999999753e-09
4.304654200000000117e-09
4.308260299999999857e-09
4.312453599999999837e-09
4.312537300000000048e-09
4.313734899999999651e-09
4.314518200000000364e-09
4.314575000000000272e-09
4.321524899999999683e-09
4.327104799999999957e-09
4.342027699999999833e-09
4.345240199999999836e-09
4.350162699999999826e-09
4.361332600000000284e-09
4.362176899999999762e-09
4.363210399999999994e-09
4.364525199999999734e-09
4.379261499999999684e-09
4.382716299999999998e-09
4.393307400000000412e-09
4.401177200000000240e-09
4.408314899999999960e-09
4.409770800000000010e-09
4.410775200000000065e-09
4.414048599999999629e-09
4.414825099999999828e-09
4.416728100000000127e-09
4.422339100000000388e-09
4.425582000000000155e-09
4.429170900000000203e-09
4.435631700000000040e-09
4.436270400000000153e-09
4.440592799999999927e-09
4.450128999999999905e-09
4.452609999999999992e-09
4.461942400000000352e-09
4.466193999999999891e-09
4.478298799999999756e-09
4.483769399999999929e-09
4.491069900000000260e-09
4.493237199999999610e-09
4.499026599999999664e-09
4.500367000000000120e-09
4.511841600000000100e-09
4.512099799999999689e-09
4.513748199999999892e-09
4.514005099999999893e-09
4.522385999999999690e-09
4.522408200000000149e-09
4.527905000000000403e-09
4.531947800000000384e-09
4.533989100000000100e-09
4.535244299999999867e-09
4.543646599999999868e-09
4.550153799999999607e-09
4.567877099999999643e-09
4.587344199999999686e-09
4.590275000000000054e-09
4.591482300000000267e-09
4.599143299999999710e-09
4.599435400000000179e-09
4.606368900000000153e-09
4.616883800000000265e-09
4.619447300000000181e-09
4.621287899999999613e-09
4.623610299999999601e-09
4.630511099999999904e-09
4.637697300000000195e-09
4.645170300000000093e-09
4.645647099999999882e-09
4.650151099999999642e-09
4.653124200000000259e-09
4.666095800000000157e-09
4.667403200000000019e-09
4.673637999999999779e-09
4.675248400000000277e-09
4.679082800000000000e-09
4.679317699999999606e-09
4.680796999999999672e-09
4.685283799999999739e-09
4.690902199999999878e-09
4.692745900000000298e-09
4.696468900000000079e-09
4.697863000000000282e-09
4.698821599999999800e-09
4.699332899999999833e-09
4.718205999999999950e-09
4.719623000000000009e-09
4.719810500000000221e-09
4.722817300000000001e-09
4.730972299999999752e-09
4.762878300000000282e-09
4.768434200000000350e-09
4.771995499999999871e-09
4.773167100000000285e-09
4.779898899999999656e-09
4.779923299999999989e-09
4.797918499999999845e-09
4.800580699999999790e-09
4.804521500000000344e-09
4.810914400000000044e-09
4.843311700000000022e-09
4.846126299999999745e-09
4.847952600000000409e-09
4.854862300000000241e-09
4.878498800000000090e-09
4.879429599999999844e-09
4.880806500000000355e-09
4.911000000000000102e-09
4.911777399999999760e-09
4.914830000000000077e-09
4.915121899999999655e-09
4.941152600000000046e-09
4.968969699999999962e-09
4.981545700000000312e-09
4.982517799999999997e-09
4.983825499999999955e-09
4.986952399999999969e-09
4.987148300000000377e-09
4.990600899999999990e-09
4.994362299999999604e-09
5.003684399999999989e-09
5.020755099999999617e-09
5.021104500000000153e-09
5.025900100000000223e-09
5.026298899999999963e-09
5.026864800000000030e-09
5.035781300000000162e-09
5.041278899999999843e-09
5.041463499999999958e-09
5.051105599999999780e-09
5.052907099999999983e-09
5.053893900000000218e-09
5.054716200000000127e-09
5.055776299999999740e-09
5.062776899999999597e-09
5.085064999999999748e-09
5.093891400000000110e-09
5.096742799999999983e-09
5.097488600000000322e-09
5.098243400000000221e-09
5.099474299999999685e-09
5.100058299999999732e-09
5.101409899999999622e-09
5.105546499999999726e-09
5.109159099999999883e-09
5.112654199999999809e-09
5.113501700000000306e-09
5.120529000000000403e-09
5.124914200000000343e-09
5.138219199999999813e-09
5.146500600000000152e-09
5.170349199999999783e-09
5.179771299999999786e-09
5.186125300000000320e-09
5.186741399999999846e-09
5.190129200000000309e-09
5.191273700000000356e-09
5.195110299999999954e-09
5.200240099999999850e-09
5.200277700000000256e-09
5.202164999999999685e-09
5.209370500000000338e-09
5.219014299999999874e-09
5.230816199999999964e-09
5.233282100000000200e-09
5.248369999999999734e-09
5.252128800000000174e-09
5.254786100000000212e-09
5.254953499999999807e-09
5.261489699999999692e-09
5.263173400000000394e-09
5.277882599999999978e-09
5.284572700000000118e-09
5.291153200000000062e-09
5.295397499999999756e-09
5.298008699999999988e-09
5.306468200000000025e-09
5.312491300000000130e-09
5.313345900000000409e-09
5.319191300000000117e-09
5.319570800000000322e-09
5.327895999999999734e-09
5.345705199999999855e-09
5.346794699999999740e-09
5.360362900000000393e-09
5.362170299999999995e-09
5.365557500000000266e-09
5.371746200000000220e-09
5.373051400000000209e-09
5.376223099999999614e-09
5.379396899999999688e-09
5.381308500000000246e-09
5.383239699999999608e-09
5.390180900000000382e-09
5.392516200000000346e-09
5.397652199999999738e-09
5.404072199999999805e-09
5.413181200000000088e-09
5.415372699999999708e-09
5.426573600000000121e-09
5.439352399999999771e-09
5.441634500000000147e-09
5.456115099999999652e-09
5.456389000000000109e-09
5.458776500000000169e-09
5.460598000000000131e-09
5.462542400000000391e-09
5.465179499999999780e-09
5.466247600000000289e-09
5.475632299999999949e-09
5.483129500000000116e-09
5.489541200000000019e-09
5.497556299999999842e-09
5.501013099999999966e-09
5.503804399999999705e-09
5.508830699999999697e-09
5.515675899999999647e-09
5.518473499999999741e-09
5.519983699999999730e-09
5.533296600000000064e-09
5.548062100000000224e-09
5.550031700000000245e-09
5.555710699999999849e-09
5.560281100000000096e-09
5.565093899999999859e-09
5.569956099999999652e-09
5.576585999999999627e-09
5.577987699999999771e-09
5.582647400000000361e-09
5.603443899999999835e-09
5.608515700000000268e-09
5.613135399999999687e-09
5.614368799999999949e-09
5.622491300000000093e-09
5.631804300000000059e-09
5.639893500000000341e-09
5.640418799999999874e-09
5.645982599999999979e-09
5.658273400000000405e-09
5.664351699999999909e-09
5.667173700000000336e-09
5.677009499999999865e-09
5.679524199999999941e-09
5.681866999999999814e-09
5.683444799999999845e-09
5.685104899999999642e-09
5.690438399999999952e-09
5.690562299999999744e-09
5.701662000000000158e-09
5.701679299999999882e-09
5.706676999999999855e-09
5.707596300000000080e-09
