# t	msd	err
6.239633237157726144e-12 4.501258646631687427e-02 2.330936461278524199e-04
1.942345866920154444e-11 1.183909798674914471e-01 3.757861999978425295e-04
3.239647190728268701e-11 1.784911770390155694e-01 4.848681890793438230e-04
4.535843380672868736e-11 2.469520618132608203e-01 4.986234883607368459e-04
5.813651138576740905e-11 3.230560550338670844e-01 5.624477690350420181e-04
7.125610010906791792e-11 3.851957108558605181e-01 6.472121451241396846e-04
8.409216630139107607e-11 4.470071706191361960e-01 6.375723642658741785e-04
9.726103905920584732e-11 5.163771141598375580e-01 5.600772706035092975e-04
1.099013823120053275e-10 5.854287705133770503e-01 5.388351158115065303e-04
1.230716404204563816e-10 6.546503558872383000e-01 5.511027816793989806e-04
1.361421284809533056e-10 7.217379168525753785e-01 5.501098768884661507e-04
1.488968218732384857e-10 7.941573788771272291e-01 6.000063049742768856e-04
1.616351854395308999e-10 8.616718820046109784e-01 6.870787111530275628e-04
1.750252888406717564e-10 9.193660318228740191e-01 7.341744240538533193e-04
1.878819781914953293e-10 9.884055097829456127e-01 7.428109548758152431e-04
2.007864395870075115e-10 1.055761806647472101e+00 6.249279564337473615e-04
2.136808771366452883e-10 1.133292008541412210e+00 5.524549838515437116e-04
2.266777154883355019e-10 1.205542594201425066e+00 5.476157652496439201e-04
2.396962614865754924e-10 1.270066787983957113e+00 5.019169028136744428e-04
2.525624550524641179e-10 1.342843330219008369e+00 3.973994396452926051e-04
2.654957336409009343e-10 1.417968970094076520e+00 4.187810142312566497e-04
2.784558098876548482e-10 1.496447442060703903e+00 5.097742842320587353e-04
2.913374653138905139e-10 1.564057009767900075e+00 7.280840908953078181e-04
3.040954812769826536e-10 1.633861530388003747e+00 7.377807465375303079e-04
3.175807866155170152e-10 1.707465049922342493e+00 7.692512980960866447e-04
3.301578938800513790e-10 1.793561507634894525e+00 8.054231970027355119e-04
3.428606945347889574e-10 1.866870809703938816e+00 1.102182694838699326e-03
3.557030691306732929e-10 1.941049094284682308e+00 1.289860352806423060e-03
3.684451556541039062e-10 1.995956546142577226e+00 1.222029276984948343e-03
3.813264049088689713e-10 2.069455105381004412e+00 1.003027467225784623e-03
3.922327885057827708e-10 2.131562791741486773e+00 1.209991394118193047e-03
