# t	msd	err
4.115738472311150495e-10 9.479189834975119966e-02 3.251386564815355717e-04
1.359520616290720039e-09 2.286061560710048457e-01 5.831935849622364981e-04
2.271237201469899166e-09 3.409584174154522418e-01 8.039374808665181648e-04
3.160541673686358236e-09 4.029281840868193520e-01 1.002772415375526157e-03
4.104973213467151289e-09 4.056812725311090273e-01 9.932428940477200548e-04
5.014191083991332037e-09 4.539471048960294075e-01 1.041066049886507248e-03
5.914176573013397221e-09 4.709293734325874503e-01 1.197549239118637443e-03
6.869923348405330635e-09 4.835862894780734722e-01 1.127627492430671946e-03
7.769395245416328570e-09 5.889225975774637911e-01 9.236631051815457879e-04
8.637284336516957999e-09 7.600191851647951635e-01 8.472841867550225938e-04
9.624281080882821365e-09 8.158461071763083439e-01 1.768526584034731466e-03
1.049515703052275393e-08 7.812235875715021205e-01 2.124355619404309174e-03
1.140867976449360833e-08 8.047202210264623456e-01 1.767117083575187693e-03
1.236899257317808373e-08 8.171202971755145983e-01 1.217172656533322154e-03
1.321432692783544657e-08 9.685908541072683064e-01 9.079928925884242236e-04
1.414987139092397052e-08 1.064718698765215077e+00 8.623281833351722266e-04
1.509095825345676465e-08 1.040995363386327144e+00 1.096624366530126599e-03
1.598666870894348151e-08 1.115281994217209194e+00 9.397199387988619925e-04
1.687747565646469088e-08 1.248619927947592689e+00 8.531038067601171742e-04
1.782977167982085934e-08 1.363131235222122095e+00 8.858497349563655915e-04
1.872681428229413437e-08 1.366526252458039270e+00 1.066807405734599042e-03
1.963884657386414868e-08 1.428834690587789114e+00 8.357738993981450940e-04
2.056288871927306292e-08 1.517708443333107171e+00 7.625564899995519556e-04
2.145913851500179384e-08 1.616636366471588593e+00 6.245215397735661821e-04
2.236234637943045991e-08 1.718928834288790064e+00 7.380017934610217777e-04
2.327970420426702014e-08 1.727668979774593661e+00 8.733762035437285650e-04
2.420722728349261922e-08 1.799622069570138816e+00 6.563145888352226245e-04
2.510060590942456437e-08 1.967615387366705049e+00 7.680600569820273749e-04
2.602623599918904209e-08 2.082761073904638494e+00 7.941054093903115009e-04
2.683067073055887724e-08 2.185027223831091270e+00 9.521829549352057651e-04
2.772502317908637526e-08 2.281873596801287096e+00 1.001285912717280856e-03
