# time dx dy dz
9.664999999999999195e-09 1.614177545320000018e+00 3.308217657999588425e-04 -1.613815583000000053e+00
1.961999999999999966e-08 1.616115744026999756e+00 1.617291954484399996e+00 5.988902600000283773e-04
3.507000000000000235e-08 -1.612037706596999964e+00 1.613605838669000203e+00 -1.319923729999996406e-03
4.143999999999999917e-08 -1.595341631460000187e+00 9.142277010000723209e-04 1.595552365879999712e+00
4.876999999999999930e-08 1.606375222820000115e+00 2.285387839999495144e-04 -1.606941036589999872e+00
4.931000000000000281e-08 1.595692731580000245e+00 8.052110829999958863e-04 1.595150019699999921e+00
5.865999999999999720e-08 -1.587507197719999930e+00 9.409307400001232224e-04 1.605094665869999826e+00
6.332999999999999865e-08 1.595873793719999600e+00 2.065539510000013491e-03 1.610612993770000223e+00
6.646000000000000087e-08 -1.591513753650000140e+00 1.598510975599999995e+00 1.080095922000007778e-02
6.686000000000000445e-08 -1.621669810860000061e+00 1.227078697999984397e-02 1.619339289099999801e+00
7.335000000000000499e-08 1.612433860864000090e+00 1.566557210000020734e-03 1.616113710060000264e+00
7.384000000000000475e-08 9.543081100016337359e-05 -1.596096192641000222e+00 -1.594144984635999851e+00
7.987999999999999795e-08 1.615859226734999599e+00 -1.625884744231000045e+00 -9.765748163999943277e-03
8.300000000000000207e-08 -1.593850280353999782e+00 7.906311400018004899e-05 1.596263830390000082e+00
8.302999999999999638e-08 1.601657968770000107e+00 -1.616468170400000126e+00 1.232711715000003871e-02
8.797999999999999769e-08 -1.601003845200000164e+00 1.623115011240000127e+00 -1.296612340999991897e-02
8.822000000000000513e-08 -9.299139907000202043e-03 -1.617059768487840055e+00 -1.602281565430000221e+00
1.001999999999999973e-07 -2.647556470000034246e-03 -1.617480003402160138e+00 -1.613336792940000208e+00
1.165999999999999985e-07 -1.595496799500000229e+00 -8.670500699998662155e-04 -1.596158847139999892e+00
1.232999999999999990e-07 1.599794784970000272e+00 1.247498219999801893e-03 -1.628925101922800156e+00
1.298000000000000109e-07 1.616233988610000116e+00 -3.160363130000003185e-03 -1.613088776627200183e+00
1.330999999999999941e-07 -1.613870850300000104e+00 -1.615917555090000013e+00 -1.752989439999930307e-03
1.341999999999999973e-07 8.231880930001517216e-04 -1.596373191220000098e+00 1.594999332413200133e+00
1.351000000000000120e-07 -1.619173568344999925e+00 -1.238839531000000826e-02 -1.602590477957199999e+00
1.362999999999999963e-07 -1.595613069716999899e+00 -1.596655975370000036e+00 -1.009366541001462635e-04
1.392000000000000024e-07 -8.660327170000037267e-03 -1.603759475790000000e+00 1.597053510066100301e+00
1.407999999999999902e-07 -1.599912987189999747e+00 -9.994484085000032714e-03 1.605741370431999826e+00
1.477000000000000057e-07 -1.347692844100017127e-02 -1.618885199730000002e+00 1.627708262887999968e+00
1.549999999999999983e-07 1.610785738596999916e+00 -3.051807799998307313e-04 1.618145134615999847e+00
1.555999999999999904e-07 -1.611527955585999816e+00 -1.701302710000018870e-03 1.616005093066000153e+00
1.579000000000000044e-07 -1.614135368432000117e+00 4.653994599999873409e-04 1.615102567680000156e+00
1.594000000000000112e-07 1.595148656101999851e+00 -1.595455187950000076e+00 9.880935000000923285e-04
1.611000000000000066e-07 1.604385490350000110e+00 1.587394464950000028e+00 1.049115900999885581e-03
1.640000000000000127e-07 -1.612270272930000026e+00 -1.600791886879999737e+00 -1.262631760999974144e-03
1.669999999999999999e-07 -1.605701728449999921e+00 -8.441828799999986574e-03 1.617786518409999985e+00
1.696999999999999909e-07 1.479045699998523568e-04 1.595302454880999976e+00 1.595943566856000029e+00
1.739999999999999964e-07 -1.616901215932200264e+00 1.362252349899993956e-02 -1.599475799365999817e+00
1.741000000000000039e-07 -1.071493266000040755e-03 1.613963964800000150e+00 1.617576463953999344e+00
1.770000000000000100e-07 -2.231179628000089666e-03 1.596776991429999848e+00 -1.596672129444000054e+00
1.811000000000000004e-07 2.959761790999849811e-03 -1.608123959773999578e+00 1.608371821673000301e+00
1.823000000000000111e-07 1.611077709544999959e+00 -1.612155629622000319e+00 -3.740143330002475893e-04
1.840999999999999875e-07 1.596099465090000002e+00 2.936050860001819703e-04 -1.594940121749999884e+00
1.886999999999999890e-07 1.232740058699984681e-02 1.615577579198999914e+00 1.604301452752999957e+00
1.931000000000000020e-07 -1.612790234124000133e+00 2.395479782999891324e-03 1.608917389737000381e+00
1.966000000000000002e-07 -1.614416728854000116e+00 8.315391679996619878e-04 -1.613281270959999958e+00
2.040000000000000003e-07 -1.616737905289000299e+00 -1.457171340000036966e-03 -1.612651983539999945e+00
2.063999999999999953e-07 1.614426178867899964e+00 -1.612976144729999728e+00 -1.918684679999796416e-03
2.081999999999999982e-07 -8.832606748999507823e-04 1.595180344522999949e+00 1.594673010366999932e+00
2.102999999999999972e-07 1.614372536178699802e+00 -1.603649112272999888e+00 1.107405535300005558e-02
2.129999999999999882e-07 2.671051198300633533e-03 -1.613845818420000189e+00 -1.612247356990000213e+00
2.241000000000000016e-07 -1.613092275140000309e+00 -6.945043899998391487e-04 -1.615371660820000388e+00
2.263999999999999891e-07 1.616265420509999995e+00 1.178833989999795474e-03 1.617484977570000204e+00
2.327999999999999935e-07 1.233089347999649643e-03 -1.617092298029999764e+00 -1.617332583882000296e+00
2.330000000000000085e-07 5.318325120000477052e-04 -1.614883286420000008e+00 -1.615039788518000119e+00
2.341000000000000117e-07 -2.096049919999547900e-04 1.618236286420000170e+00 1.617380311018000061e+00
2.380999999999999946e-07 5.327940920000062003e-04 -1.614883286420000008e+00 -1.615032188518000122e+00
2.382000000000000021e-07 1.613913211982700213e+00 -1.615478765169999775e+00 -1.449674043000143131e-03
2.383000000000000097e-07 1.596469523247300071e+00 -1.709199650000163724e-03 -1.595779522137000139e+00
2.474000000000000051e-07 1.611769571249999977e+00 -4.040852600000247562e-04 -1.613778884129999813e+00
2.476000000000000201e-07 1.602552314420000013e+00 -1.597492254480000096e+00 -5.201272077399902299e-03
2.481000000000000048e-07 1.593691412699989318e-02 1.600082372309999945e+00 1.612053065502400129e+00
2.488000000000000044e-07 -1.594607379116999901e+00 -4.309775399998813216e-04 1.595699043079999768e+00
2.500999999999999962e-07 1.606025106770000210e+00 1.220293600000664936e-04 -1.606672081120000151e+00
2.523000000000000027e-07 1.615431788530000023e+00 -1.614181395170000144e+00 3.354801200000647691e-04
2.526999999999999798e-07 6.294555399999901546e-04 -1.595653814899999912e+00 1.595855972619999896e+00
2.560000000000000159e-07 -9.098932000000947706e-04 1.606785033649999583e+00 -1.606764032576000201e+00
2.572000000000000002e-07 -1.594808487809999953e+00 1.460977639999971878e-03 1.595060332155999960e+00
2.594000000000000067e-07 1.604802148379000037e+00 8.391941600000840662e-04 -1.609272003192999900e+00
2.632999999999999821e-07 5.971889251000096765e-03 1.611057208959999709e+00 -1.610038794177000021e+00
2.645000000000000193e-07 4.788098700000110140e-04 1.614158536340000172e+00 1.612974238759999679e+00
2.657000000000000035e-07 -3.438541200018272598e-05 -1.594856280429999940e+00 1.595666836439999958e+00
2.676999999999999950e-07 1.526876492002563618e-04 -1.611232868900000170e+00 -1.594268742096999869e+00
2.682999999999999871e-07 -2.049877693002521983e-04 -1.601413471139999878e+00 1.593748013257000329e+00
2.760999999999999908e-07 -1.616370326191799656e+00 -1.504507259999982027e-02 -1.604559259530000226e+00
2.768999999999999980e-07 -1.594477275029100305e+00 1.597808566309999900e+00 2.048566530000258887e-03
2.824999999999999952e-07 -1.624992889102000238e+00 1.110468115000010428e-02 1.619457221842000028e+00
2.850000000000000242e-07 -2.462337759999627673e-03 1.595432182829999768e+00 -1.598052754902000050e+00
2.856000000000000163e-07 -1.618648127152499949e+00 1.628574523829999787e+00 -1.009171038999986947e-02
2.899999999999999763e-07 -1.546823727499689518e-03 -1.596058107480999855e+00 1.594919154489999658e+00
2.906000000000000214e-07 -1.618626252880000171e+00 -1.028446287900013252e-02 -1.601163814389999995e+00
2.969000000000000182e-07 -2.195759100001482174e-04 -1.595588268510000240e+00 -1.595199618849999945e+00
2.972999999999999953e-07 1.615291124090000086e+00 -1.624794036329999969e+00 -1.204863125999999091e-02
2.978999999999999875e-07 1.613972325200000224e+00 -2.754208989999891270e-03 -1.618093655511000151e+00
2.981000000000000025e-07 3.426187300999972152e-03 1.613887646699999845e+00 -1.612642110278999841e+00
2.984000000000000250e-07 -2.850502852499936512e-03 -1.616210793959999892e+00 1.615158252675999995e+00
3.007999999999999936e-07 1.597694208019499573e+00 1.594677095699999825e+00 3.013636655999895556e-03
3.120999999999999955e-07 1.095947343800021678e-02 -1.602565966340000259e+00 -1.619483950514399861e+00
3.181000000000000228e-07 -1.200092015800025003e-02 1.602783244419999864e+00 1.627542566215399944e+00
3.257000000000000114e-07 -1.599578219062000040e+00 1.244346763999987227e-02 1.615333401998999996e+00
3.261999999999999960e-07 1.023333949000225594e-03 1.614555491399999099e+00 1.614246498910000049e+00
3.264000000000000111e-07 -1.611922424859999703e+00 -1.610099773529999556e+00 -9.344151999980747055e-05
3.292000000000000097e-07 -1.615573603120000090e+00 -1.615547130020000166e+00 1.691853739999949445e-03
3.308999999999999786e-07 -2.095288900000433392e-04 1.595005120829999790e+00 1.595663146980000224e+00
3.331999999999999925e-07 -3.576240799996550294e-04 1.604892785060000326e+00 1.605636605225999824e+00
3.336999999999999772e-07 1.137519289999819327e-03 1.612491674575999845e+00 1.610618608051999967e+00
3.370000000000000133e-07 -1.617034594288000005e+00 1.622501195595999812e+00 1.132183403199998883e-02
3.405000000000000116e-07 1.613195648648000136e+00 1.615783799662000142e+00 1.976096960000149356e-03
3.526999999999999753e-07 -1.616125048647999662e+00 -1.618240583001999910e+00 -1.037715529999852851e-03
3.538000000000000050e-07 -2.298015059998755353e-04 -1.594440610647999801e+00 1.596508099753999987e+00
3.576999999999999803e-07 -3.192854100000853046e-04 1.589214531795999807e+00 1.606135956106000018e+00
3.647999999999999843e-07 -1.617301588091999864e+00 -1.603836047609999760e+00 1.470574966400007774e-02
3.659000000000000140e-07 1.612423805235999819e+00 3.701639099999119720e-04 -1.612854128200000181e+00
3.662999999999999912e-07 7.002940000056185124e-06 1.595348102380000244e+00 1.595508595096000182e+00
3.667999999999999758e-07 -1.618391394079999879e+00 -1.602218696030000000e+00 1.080326624399999616e-02
3.729000000000000105e-07 -1.614076451054000216e+00 5.840224099999749563e-04 1.615879158249999836e+00
3.733999999999999952e-07 -1.596106552439000126e+00 -1.595688153809999843e+00 3.471117699999754468e-04
3.763000000000000013e-07 -1.627060086196999933e+00 -1.485063119400014883e-02 1.615962895160000024e+00
3.773999999999999781e-07 -7.057806099999008875e-04 -1.593353243755999848e+00 1.598434467930000213e+00
3.778000000000000081e-07 1.614311188700000343e+00 -1.213832565000000363e-02 -1.599449365099999909e+00
3.800000000000000146e-07 -1.622093408030000017e+00 1.436612831800004875e-02 1.600318965100000046e+00
3.804999999999999992e-07 -1.618534183049999964e+00 1.602527593889999880e+00 1.287072772200001033e-02
3.806000000000000067e-07 1.625030421760000010e+00 -1.601425146039999747e+00 -1.396560095400001256e-02
3.832999999999999978e-07 1.614700418942999871e+00 -1.182928016000002469e-02 1.626014483300000091e+00
3.898000000000000097e-07 -1.612529887252999838e+00 -1.615055155819999921e+00 3.368677740000081220e-03
3.929999999999999854e-07 -1.595497329640000128e+00 -5.074081000000373216e-04 1.596225525099999931e+00
3.996000000000000048e-07 1.602241279488999748e+00 1.616729752769999973e+00 1.372525500000009932e-02
4.019000000000000188e-07 -4.002636989997401286e-04 -1.613792090539999835e+00 -1.612850052690000036e+00
4.020999999999999809e-07 1.613735222114000223e+00 3.012323500000072939e-04 1.614002150919999989e+00
4.102000000000000071e-07 -1.594627426214000110e+00 -1.595912977160000246e+00 1.259267699999112172e-04
4.113999999999999913e-07 -9.285084450000036238e-03 -1.610977427930000427e+00 1.605476200000000020e+00
4.123000000000000060e-07 1.596733233176300004e+00 -1.601345199999999913e+00 5.226025631999950231e-03
4.162999999999999889e-07 1.605612035830999984e+00 1.585401574320000062e+00 2.094333150000059988e-03
4.181000000000000182e-07 -1.592817492616999786e+00 1.608642476083000039e+00 1.579064560000009720e-03
4.208000000000000093e-07 -4.203772059000006854e-03 1.621711899106999866e+00 1.616736500000000021e+00
4.224999999999999782e-07 1.457239385999946129e-03 1.613933497410000140e+00 1.615186300000000408e+00
4.252999999999999768e-07 1.944135500000833969e-04 1.596363117639999718e+00 -1.594722286400000133e+00
4.344999999999999798e-07 -1.616184043710000129e+00 1.627219964720000078e+00 -1.013866820269999219e-02
4.383000000000000006e-07 -5.265257300000457819e-04 1.615287837182000086e+00 -1.613198195349999864e+00
4.477000000000000186e-07 -1.595745225009999935e+00 1.596519472376000115e+00 -3.277499700000358149e-04
4.483000000000000107e-07 -1.625034185980000156e+00 1.358419413199993264e-02 1.615433600000000025e+00
4.525000000000000086e-07 -1.615783903770000141e+00 1.724229669999953821e-03 1.614924100000000085e+00
4.578999999999999908e-07 -7.095996000000247012e-04 -1.595069974876999863e+00 -1.595033582770000180e+00
4.578999999999999908e-07 -4.807801299999137079e-04 1.587841196927000098e+00 -1.604075920860000171e+00
4.716000000000000142e-07 3.051770909999862447e-03 -1.600192870999999961e+00 1.614869345495999919e+00
4.724000000000000214e-07 1.594737973199999992e+00 -1.601238164750000248e+00 -9.095771801999972400e-03
4.739999999999999828e-07 -1.603065714500000016e+00 -1.242830583800000679e-02 -1.617888501699999981e+00
4.746999999999999824e-07 -1.595130989269999855e+00 -1.597457948049999965e+00 -1.621393089999998826e-03
4.812999999999999489e-07 -1.610713969430000114e+00 1.590435241779999842e+00 -1.296743900000250915e-04
4.816999999999999789e-07 -1.189433800000000430e-02 -1.606037158569999956e+00 -1.616287131144700240e+00
4.865000000000000219e-07 -1.596519426510000006e+00 1.413064099999028489e-04 -1.600509640937300082e+00
4.866000000000000294e-07 -1.628349474609999792e+00 1.616462732510000055e+00 -1.375949216000018141e-02
4.935000000000000184e-07 -1.615589100000000222e+00 1.612037638215999991e+00 8.963701700000089277e-04
4.971999999999999788e-07 -1.615076099999999570e+00 1.815880394000034606e-03 -1.614410630619999898e+00
4.992000000000000232e-07 1.612457458460000215e+00 1.083347719999992482e-03 -1.615119960260000154e+00
5.064000000000000347e-07 -1.595674400000000048e+00 -1.595519893320000104e+00 -5.185654299999786776e-04
5.080000000000000490e-07 1.611497870620000494e+00 1.610691119929999804e+00 2.483255470000139686e-03
5.140999999999999779e-07 -1.596246500000000346e+00 -1.597080256500000184e+00 -9.611089900000702180e-04
5.153999999999999697e-07 -1.605058899999999955e+00 -1.605712797989999885e+00 -4.349691900000433702e-04
5.170999999999999915e-07 -1.185599907600000565e-02 -1.626484021730000062e+00 -1.617374264259999972e+00
5.176000000000000291e-07 1.594726611059000376e+00 1.594680658580000188e+00 -8.815187500000793742e-04
5.204000000000000277e-07 1.610807298440999791e+00 -1.593689078156000027e+00 -2.055779519999888401e-03
5.232000000000000263e-07 7.675032300000134144e-03 -1.605293325684000072e+00 1.608020506889999979e+00
5.303000000000000303e-07 -1.594820100000000185e+00 -1.600311090679999992e+00 5.195885640000100572e-03
5.336999999999999681e-07 -9.679749649999895567e-03 1.599510074900000189e+00 1.618640991109999927e+00
5.346000000000000357e-07 -3.156687729999951147e-03 -1.613121053860000043e+00 1.616749089560000074e+00
5.379999999999999735e-07 -1.595476200000000233e+00 -4.107129999875169801e-06 -1.594791459919999932e+00
5.405999999999999571e-07 1.591865573149999991e+00 1.514667719999739006e-03 -1.610793922700000103e+00
5.406999999999999646e-07 4.783941299999852105e-03 -1.619113600000000153e+00 1.605251284710000004e+00
5.432000000000000466e-07 -1.595375199999999660e+00 -1.373380299998319155e-04 -1.596237083940000190e+00
5.491999999999999679e-07 1.595983335619999721e+00 6.637322799999401113e-04 -1.610679726176000415e+00
5.521999999999999816e-07 4.520361131000043796e-03 -1.619129500000000110e+00 1.603847533486000287e+00
5.611000000000000149e-07 1.595203508640000045e+00 1.595789297943999818e+00 4.004691000000508601e-04
5.619999999999999767e-07 1.232151382999986666e-02 1.623798154446000286e+00 -1.616046914690000058e+00
5.649999999999999903e-07 -1.595125400000000138e+00 7.476074800001287959e-04 -1.596176091397999874e+00
5.687999999999999582e-07 -1.624200800000000111e+00 -1.614971392190000188e+00 -1.237496848000005367e-02
5.687999999999999582e-07 -1.119921019999833237e-03 -1.595611386890000372e+00 1.595912950159999788e+00
5.712000000000000326e-07 -2.764851790001427584e-04 -1.609350049389999704e+00 -1.594169645023999715e+00
5.748999999999999929e-07 -1.621852552190000019e+00 -1.164450918000010937e-02 -1.617477468335999813e+00
5.769000000000000373e-07 -1.611793599999999937e+00 1.611158347309999961e+00 -1.720573959999975328e-03
5.773999999999999690e-07 -5.951511400000477226e-04 -1.595249260839999739e+00 -1.595619318479999826e+00
5.817999999999999819e-07 1.449429850000185380e-03 1.607227544610000169e+00 1.607078611880000008e+00
5.836000000000000113e-07 1.594732504549999819e+00 1.595720314315999699e+00 1.525323599998839978e-04
5.885999999999999634e-07 -1.602081416829999938e+00 -1.601505257456000031e+00 -6.751917599998769493e-04
5.983999999999999585e-07 -1.289403422000102561e-03 1.612487749100000034e+00 -1.612384855656999960e+00
6.027999999999999715e-07 -1.615867600000000071e+00 1.616069568299999926e+00 -1.094997370000007960e-03
6.055999999999999701e-07 -3.834674199999820246e-04 1.596393584479999905e+00 1.594970591016999784e+00
6.071999999999999844e-07 1.617220006635999852e+00 1.626472326480000063e+00 1.137961711000020498e-02
6.106000000000000281e-07 1.613649387230000176e+00 3.047979440000181395e-03 -1.613045000567999931e+00
6.165999999999999494e-07 1.596347983834000228e+00 1.595809992630000229e+00 -8.399558140005842534e-05
6.264000000000000504e-07 1.626838576765999633e+00 1.731984070999922735e-03 1.611987955499400105e+00
6.275000000000000272e-07 1.121260374999987017e-03 1.601772393152999907e+00 1.597671540968000237e+00
6.289000000000000265e-07 4.942171600001675491e-04 -1.612289512456699825e+00 -1.608058957425000157e+00
6.301000000000000108e-07 -1.612789099999999642e+00 9.643654086699902234e-03 -1.614692768215999941e+00
6.372000000000000148e-07 1.613750409149999676e+00 3.050843600001518219e-04 -1.613845635196999861e+00
6.399000000000000059e-07 1.614854623969999903e+00 1.613361389989999672e+00 -1.762332553999920292e-03
6.400000000000000134e-07 -1.594768416749999584e+00 7.438962000001596298e-04 -1.596023564335999900e+00
6.413000000000000052e-07 -1.623662983249999803e+00 1.618545574580000146e+00 -9.647384528000180204e-03
6.433000000000000496e-07 1.594787453859000337e+00 1.853945159999982953e-03 -1.598077949502000106e+00
6.475000000000000475e-07 1.614063141210999808e+00 2.002639379999871915e-03 1.592954501719999971e+00
6.532999999999999538e-07 -1.591220895069999752e+00 4.881020900001659807e-04 1.599628583210000343e+00
6.557000000000000282e-07 -1.609428200000000198e+00 4.958003299999902413e-04 1.614406442439999756e+00
6.579999999999999893e-07 -6.698440579999893549e-03 -1.615066486939999990e+00 1.621574594179999940e+00
6.617999999999999571e-07 -1.614494300000000049e+00 -1.617420108349999941e+00 2.532912190000163183e-03
6.685000000000000370e-07 -1.722225467000028463e-03 1.613224140679999863e+00 1.614494229420000204e+00
6.716999999999999598e-07 -7.916587460000839606e-04 1.615047206583999806e+00 -1.613269706940000159e+00
6.771999999999999495e-07 1.595676353280000015e+00 5.229100260002698822e-04 1.595577310981999730e+00
6.789999999999999788e-07 -1.605806253279999929e+00 6.331805999997578913e-04 -1.607479297461999801e+00
6.825000000000000300e-07 -1.615230599999999850e+00 1.033780170000121387e-03 -1.615146560799999964e+00
6.866000000000000204e-07 1.595302421139999982e+00 -1.594963063377999646e+00 -2.401912680999990744e-04
6.878000000000000047e-07 1.623792778859999952e+00 -1.362988539200016974e-02 -1.614788118491900182e+00
7.091000000000000167e-07 -4.613613761000889824e-04 1.597267313100000141e+00 1.594276428230000153e+00
7.135000000000000297e-07 1.617032940420000120e+00 1.118463816999995530e-02 1.623817319029999595e+00
7.143999999999999914e-07 1.596830378321000055e+00 1.595787025839400020e+00 6.677130900000411741e-04
7.222999999999999496e-07 -1.591561989300999791e+00 1.613784754391600185e+00 8.620035100000199377e-04
7.235000000000000398e-07 1.609727765760000207e+00 9.799935021600009177e-03 1.616089140529999968e+00
7.263000000000000384e-07 1.377155905999698140e-03 -1.594387214060600133e+00 1.597568193320000329e+00
7.265999999999999550e-07 7.513486959998933422e-04 -1.604225374425999551e+00 -1.586910154729999967e+00
7.289000000000000220e-07 1.438040619999941816e-03 1.594154651035999848e+00 -1.608852624234000217e+00
7.436999999999999692e-07 8.051927740003726221e-04 -1.593364828249999920e+00 -1.601379291925999926e+00
7.544000000000000319e-07 -3.891547799999284241e-04 -1.609279431960000339e+00 -1.611614290189999910e+00
7.547999999999999561e-07 -1.615001700000000096e+00 -1.623988966589999805e+00 -1.089079825000006246e-02
7.593999999999999841e-07 -1.616325299999999965e+00 -9.007484000001018780e-04 1.615676928307300031e+00
7.613000000000000209e-07 -1.596458600000000061e+00 1.594905955960000066e+00 3.828276000009459262e-05
7.632999999999999594e-07 -1.242419553200006105e-02 1.624923638515999968e+00 -1.616031662555999837e+00
7.643000000000000346e-07 1.594318319119999661e+00 -1.594657938041999845e+00 1.677340359996981264e-04
7.658000000000000414e-07 1.623523785130000174e+00 -1.013959174400008711e-02 -1.618682907224000100e+00
7.674999999999999573e-07 2.555631664599994444e-03 -1.614200414689999974e+00 1.613857392755000397e+00
7.742000000000000372e-07 6.560165769999713910e-04 -1.596015624130000088e+00 -1.595842344811000180e+00
7.801999999999999586e-07 -1.615424600000000321e+00 1.600219630820000072e+00 -1.111221742999975517e-02
7.831999999999999722e-07 -8.007248000043354005e-05 1.595272022500000553e+00 1.594730322769999598e+00
7.836000000000000022e-07 -1.617044515449999498e+00 1.211506138999932092e-02 -1.601049837160000155e+00
7.899999999999999537e-07 -1.686140461999996454e-03 1.614898791269999911e+00 -1.613912506240000155e+00
7.910000000000000288e-07 -6.751035899999931200e-04 -1.594837614643999757e+00 -1.596182057290000067e+00
7.922000000000000131e-07 1.616132827309999742e+00 -9.742502046000158650e-03 -1.625549538252999859e+00
7.967000000000000335e-07 -1.613288700000000020e+00 -1.869242500000360685e-04 -1.615596838996999907e+00
7.981000000000000328e-07 -1.339021169999855040e-03 -1.595562021549999931e+00 -1.597131627983999991e+00
7.984999999999999570e-07 2.631837099999951614e-04 -1.612388624800000114e+00 -1.613117079702000023e+00
8.096000000000000498e-07 -6.617861800000011605e-04 1.590377958149999937e+00 -1.602579428983999854e+00
8.116999999999999958e-07 -8.315481469999830288e-04 1.606079117919999799e+00 -1.612050830610000096e+00
8.181999999999999547e-07 -1.615999424099999970e+00 -1.603542310139999927e+00 -1.121917193499992124e-02
8.247000000000000195e-07 1.612703425850000150e+00 -2.056312709999978325e-03 1.613613192915000383e+00
8.294999999999999566e-07 1.614528582930000233e+00 -1.869813299999079515e-04 1.613531287613000131e+00
8.303000000000000167e-07 -1.595197499999999824e+00 -1.595459001679999878e+00 6.828629408998907781e-04
8.321000000000000461e-07 1.606394058299999816e+00 1.607238944630000166e+00 -1.143819958997361469e-04
8.362000000000000365e-07 1.596343827220000122e+00 -1.595367429930000025e+00 9.327990976000580248e-04
8.390000000000000351e-07 -1.592710427219999891e+00 -8.979644031999934120e-03 -1.605152139346599949e+00
8.425999999999999879e-07 -2.580423469999986071e-03 -1.598568028260000329e+00 -1.601043729673000016e+00
8.425999999999999879e-07 1.616123105500000268e+00 1.598995221051000115e+00 -1.644887560100011248e-02
8.426999999999999954e-07 -9.173241687002384182e-04 1.613341949600999747e+00 1.615648367611000058e+00
8.429000000000000105e-07 -1.594995599999999847e+00 1.596504371487999840e+00 3.127955999996379077e-04
8.467999999999999858e-07 -1.151846521099978739e-02 -1.600216290820000165e+00 -1.615482239486999649e+00
8.529000000000000206e-07 -3.015764930004117758e-04 1.614563206060000145e+00 -1.614367363878999928e+00
8.531000000000000356e-07 -1.595832600000000046e+00 3.891200599998644125e-04 1.594762898436000276e+00
8.604999999999999563e-07 -1.605640500000000248e+00 7.171173200001177382e-04 1.604835810420000008e+00
8.635999999999999774e-07 -1.271428989000011889e-02 -1.615997295379999699e+00 1.625238340440999796e+00
8.639000000000000000e-07 -1.595981600000000000e+00 1.595581158009999889e+00 8.619765400001409318e-04
8.644000000000000375e-07 -1.212705356199994533e-02 1.625701843999999729e+00 -1.616047030469999868e+00
8.722999999999999958e-07 -1.596074999999999910e+00 -1.595260442689000691e+00 3.586681260000152468e-04
8.741000000000000251e-07 -1.612907799999999892e+00 1.590831530069000133e+00 2.107643150000163522e-03
8.838000000000000127e-07 1.618502044469999790e+00 -1.601558749349999866e+00 -2.420447099999756789e-03
8.846999999999999745e-07 1.608236266796000180e+00 -5.840107180000131751e-03 1.617021569778099854e+00
8.908000000000000092e-07 -1.607364355620000129e+00 7.232413780000206821e-03 -1.620027481594099594e+00
8.914999999999999560e-07 1.604337799588999802e+00 1.606803825689999909e+00 7.612290829999675615e-04
9.038000000000000330e-07 1.595542740580000007e+00 1.488324999998841616e-04 1.595357991297000178e+00
9.053000000000000398e-07 -1.607116740579999981e+00 1.981735400000093905e-04 -1.606754476015000099e+00
9.129999999999999830e-07 -1.615850599999999915e+00 -1.285522589999997306e-03 -1.613046790995399604e+00
9.135000000000000206e-07 5.339724900000320483e-04 1.596900948819000021e+00 -1.597219371369599905e+00
9.142999999999999748e-07 1.615779828269999996e+00 1.070422521100002425e-02 1.598296189280000057e+00
9.151000000000000349e-07 -1.596120699999999726e+00 2.464225012999951819e-03 1.596372567910000040e+00
9.173999999999999960e-07 -8.869157790000053998e-03 -1.603309533310000035e+00 1.612055196520000067e+00
9.193000000000000328e-07 -1.617986522510000080e+00 -7.480787399999944652e-03 1.623155550042999939e+00
9.199999999999999795e-07 3.210390699999962540e-03 1.615871294570000227e+00 -1.611093679974999748e+00
9.207000000000000321e-07 -1.613767900000000033e+00 1.612571901082000103e+00 -1.212993826000042553e-03
9.258999999999999993e-07 -1.595987349319999860e+00 1.221996479999487573e-04 1.597505636176000277e+00
9.309999999999999589e-07 -1.415266748000003523e-02 -1.616089146355999873e+00 -1.602352311076999936e+00
9.338999999999999650e-07 1.614786765258999779e+00 2.052500156000010723e-03 -1.612384911732999804e+00
9.341999999999999876e-07 1.615745220625900203e+00 1.753170999999012925e-04 -1.615669207981400124e+00
9.355999999999999869e-07 1.615284035910000027e+00 -1.613418368900000122e+00 -2.056139160799809462e-03
9.362000000000000320e-07 1.615566276699999637e+00 -1.614867938340000197e+00 -1.316015909002266060e-04
9.449999999999999519e-07 1.651862418000221711e-03 -1.616802434020000234e+00 -1.614208154273899964e+00
9.492999999999999574e-07 -1.612840800000000074e+00 -1.876808989999784183e-03 -1.615332651262000097e+00
9.499000000000000024e-07 -1.614591499999999957e+00 1.613601810740000086e+00 -1.159841140999984255e-03
9.516000000000000243e-07 1.594888618989999785e+00 2.597793000001747885e-04 1.595267279079999989e+00
9.571999999999999156e-07 1.602560221630000337e+00 -1.596733275489999881e+00 8.268303039999758131e-03
9.605999999999999593e-07 -1.586229340619999872e+00 -1.606052453029999771e+00 2.049585430000257658e-03
9.657999999999999264e-07 -6.567251439999805332e-03 1.601356540029999609e+00 1.615770322720000429e+00
9.715999999999999387e-07 1.612560990807000216e+00 -3.361023109999781294e-03 -1.612795908325000305e+00
9.735000000000000814e-07 1.596521051109999867e+00 -5.149149700000767854e-04 1.596327756535000253e+00
9.742999999999999298e-07 1.380527298399971715e-02 -1.616737612190000339e+00 -1.602418983355000215e+00
9.801999999999999495e-07 1.596025353280000170e+00 1.595100420590000123e+00 2.374382990001643349e-04
9.814000000000000397e-07 1.612052846849999721e+00 1.612423143121000102e+00 3.066094325999933323e-03
9.833999999999999782e-07 -1.601745700129999950e+00 9.727407269000051815e-03 1.612076777770000025e+00
9.837000000000000007e-07 1.614826232780000037e+00 1.430467100000079117e-03 1.614972938710000250e+00
9.844000000000000533e-07 1.203559369999954165e-03 1.614677795810000038e+00 1.615858189045000115e+00
9.852999999999999091e-07 1.596000744210000155e+00 -1.595001427309999720e+00 3.930483999999125413e-04
9.856999999999999392e-07 -1.593198644210000126e+00 -1.610690716359999941e+00 6.197873270002429713e-04
9.877000000000000895e-07 1.608375506680000067e+00 -9.719979545400343063e-03 -1.615262930527000096e+00
9.881999999999999153e-07 -1.611860300710000082e+00 1.613021845809999633e+00 3.337833533998790618e-04
9.891999999999999904e-07 3.814804200002568091e-04 -1.613739099420000045e+00 1.613311604501600272e+00
9.994999999999999172e-07 -1.595771800000000296e+00 -1.595550292479999577e+00 5.683238028998279217e-04
9.999999999999999547e-07 -1.392927954099984836e-02 -1.627868728520000197e+00 -1.615564103747899827e+00
1.001000000000000030e-06 -1.613781100000000190e+00 1.613323180910000154e+00 -1.730068739999984003e-03
1.002999999999999968e-06 -5.568280611001450060e-04 -1.615779763669999536e+00 -1.614604968088999781e+00
1.010000000000000071e-06 -5.724145099998477308e-04 -1.614048419289999980e+00 -1.615188667570000014e+00
1.012000000000000009e-06 -1.595510299999999937e+00 -3.279679700000487884e-04 1.595029618729000287e+00
1.013999999999999948e-06 1.605533605509999795e+00 9.765190500000231304e-04 -1.604009496279000135e+00
1.021000000000000050e-06 5.931733700000252005e-04 -1.614830299999999941e+00 1.612497365308999786e+00
1.021999999999999914e-06 -1.613901199999999925e+00 -1.615736099999999897e+00 4.596035799999242250e-04
1.022999999999999989e-06 -1.595760699999999588e+00 -1.136977369000054857e-03 -1.594392758269999710e+00
1.024000000000000064e-06 -1.605316393399999875e+00 -3.815129879999623087e-04 1.587748836068000102e+00
1.027000000000000077e-06 -1.613359199170000036e+00 -2.554162799999835486e-04 1.613475845760999672e+00
1.029000000000000016e-06 -9.919972829999845754e-03 1.615598692189999852e+00 1.619276156615899742e+00
1.033000000000000105e-06 -6.318999999999730215e-04 1.596339874659999936e+00 -1.594571898951399946e+00
1.038000000000000057e-06 -1.616845866719999858e+00 1.626415135459999828e+00 -9.651167778600065056e-03
1.041000000000000070e-06 -4.561000000002368715e-04 -1.594368012070000118e+00 1.595373070120999826e+00
1.044000000000000084e-06 1.615104838460999837e+00 -1.002883193799983252e-02 -1.601301224351999952e+00
1.044999999999999947e-06 7.270091000000644677e-04 1.614448670939999886e+00 1.615177349296000209e+00
1.047999999999999961e-06 1.595968017409999717e+00 -1.595279715530000253e+00 4.348441800001534401e-04
1.049000000000000036e-06 -1.590192817409999737e+00 -1.608112600000000114e+00 3.911753049997655773e-04
1.049999999999999900e-06 1.595006888949999757e+00 1.616039478720000311e+00 -8.946245949997158435e-04
1.052000000000000050e-06 -1.598855824759999766e+00 -1.219941870799995387e-02 -1.614021359284000035e+00
1.055000000000000063e-06 -1.613535310689999669e+00 1.145595999982318425e-05 1.613697136578999825e+00
1.055999999999999927e-06 1.615385176943999745e+00 9.574712000000040746e-04 -1.617935087749999834e+00
1.058000000000000077e-06 1.554515409999989925e-03 1.613834484970000149e+00 -1.615793435485000096e+00
1.067999999999999981e-06 3.618327391000082313e-03 -1.614715619050000051e+00 1.614534488544999924e+00
1.069000000000000056e-06 -4.234344010000203051e-03 -1.597636908550000179e+00 1.598918668610000093e+00
1.069000000000000056e-06 1.617925891185000076e+00 1.600921323060000123e+00 1.029209216099991747e-02
1.069999999999999920e-06 1.614284361838000281e+00 -1.613773262509999640e+00 1.874783368999930529e-03
1.070999999999999995e-06 -1.613182200000000011e+00 -1.615003762499999995e+00 9.975886900000230373e-04
1.070999999999999995e-06 6.259488599999040587e-04 1.595191708933999752e+00 1.595279827939999784e+00
1.070999999999999995e-06 1.276011929999957759e-03 1.610801762155999572e+00 -1.592222209599999827e+00
1.072000000000000070e-06 -8.619781299997251837e-04 1.602836833750000078e+00 -1.600199054758999928e+00
1.074000000000000009e-06 1.029899279999933314e-03 -1.593834271239999767e+00 -1.611969037660999859e+00
1.075000000000000084e-06 -1.605604248140000134e+00 -1.606170675150000227e+00 -7.554924859999992415e-03
1.080000000000000036e-06 1.590801127853000096e+00 -1.600419678119999967e+00 -5.951276799999976989e-04
1.083000000000000049e-06 1.260557683699997655e-02 -1.626688021880000168e+00 -1.621405718729999723e+00
1.089999999999999940e-06 -1.598436098539999684e+00 -1.598260699999999535e+00 9.793613940000918741e-04
1.089999999999999940e-06 1.586294207649999954e+00 -9.675987590000007660e-03 1.595610747705999977e+00
1.094000000000000029e-06 -1.594830084550000082e+00 -2.689168731000010984e-03 1.614700491437299767e+00
1.097000000000000042e-06 1.611736231979999934e+00 1.611541637700000251e+00 1.159277598669998521e-02
1.097999999999999906e-06 -1.598359799999999886e+00 3.024776269999983162e-03 1.595321747149999858e+00
1.100999999999999919e-06 -1.078993520000014542e-02 -1.615550899999999901e+00 1.625860083841000003e+00
1.103000000000000070e-06 1.595539239549999877e+00 -5.381537500000375344e-04 -1.594440495216999931e+00
1.103000000000000070e-06 1.078045395000001329e-02 1.617391756069999742e+00 1.604629723584999779e+00
1.103999999999999933e-06 1.596778697200000430e+00 1.595374935356000279e+00 1.915370339999888927e-05
1.103999999999999933e-06 -1.602661197200000220e+00 1.315108321400016746e-02 -1.615831425845999814e+00
1.109999999999999960e-06 1.617647322213999761e+00 -1.510742671999932944e-03 -1.617656677247999886e+00
1.109999999999999960e-06 1.613966099880000060e+00 5.151911322000358139e-03 -1.613683687922000010e+00
1.111999999999999899e-06 1.615859755240000251e+00 6.122854699998575654e-04 -1.615368883372000131e+00
1.123999999999999953e-06 2.039120909999997400e-03 -1.613727599999999818e+00 -1.615818984352999976e+00
1.125000000000000029e-06 -1.613079200000000046e+00 -1.615202099999999863e+00 -1.141621963000022388e-03
1.134999999999999933e-06 -1.614578300000000244e+00 1.612640249820000315e+00 -6.247141000001476575e-04
1.136000000000000008e-06 -1.615162074239999912e+00 2.729654249997463464e-04 -1.614485740890000187e+00
1.143999999999999974e-06 -1.616193669479999873e+00 -4.041576280000135774e-04 -1.617033024333000224e+00
1.145000000000000049e-06 -1.060575409999996860e-03 -1.612713100000000122e+00 -1.614035177357000084e+00
1.145999999999999912e-06 -1.614511467889999885e+00 1.613411057410000238e+00 -1.456421379999878630e-03
1.145999999999999912e-06 1.612772059210000108e+00 1.614097521759999765e+00 -3.452642000001671096e-04
1.148999999999999926e-06 8.185870200009973466e-05 1.615716995410000134e+00 -1.613601568590000035e+00
1.151999999999999939e-06 4.067590000015382928e-06 1.615047381840000185e+00 -1.616138941070000001e+00
1.157000000000000103e-06 -1.595325628259999906e+00 -1.594924964210000073e+00 -5.120169200000035999e-04
1.157999999999999967e-06 -1.603375212690000051e+00 -7.450009196000010984e-03 -1.597719617020000094e+00
1.159999999999999905e-06 -1.411280000000014745e-02 -1.617578500000000252e+00 1.599189297249999919e+00
1.162000000000000055e-06 -1.596111270839999818e+00 -3.338731914000344324e-04 1.595308485909999963e+00
1.162000000000000055e-06 -1.606156507280000367e+00 -2.459928220000795474e-04 1.605347350550000218e+00
1.163999999999999994e-06 -1.628165303528000152e+00 -1.618558699999999906e+00 1.304502087500011495e-02
1.168000000000000083e-06 -1.596344871721999903e+00 1.180280999999363395e-04 1.596574590728099929e+00
1.170000000000000021e-06 -1.612976206409000302e+00 5.265249099999673096e-04 -1.594516378272099910e+00
1.176000000000000048e-06 -1.623632314470000004e+00 1.616502968937000073e+00 -5.515419289999916146e-03
1.181000000000000001e-06 -2.790400000000113796e-03 1.614812658990000038e+00 1.615495535879999611e+00
1.185000000000000089e-06 -9.646999999999767740e-04 1.615138761969999948e+00 1.614949474946000052e+00
1.191999999999999980e-06 9.985000000000410214e-04 1.616409395700000307e+00 1.615550256414000074e+00
1.191999999999999980e-06 -1.614207287689999770e+00 1.514564450000015043e-03 1.615491058910000000e+00
1.194999999999999994e-06 1.613225147210000099e+00 1.614864381649999903e+00 1.795918453999934949e-03
1.202000000000000096e-06 -1.616278735629999908e+00 -1.617690844440000220e+00 -1.184582013999917974e-03
1.204000000000000034e-06 -1.615153195630000260e+00 -1.613166606550000104e+00 1.688048631999825673e-03
1.205999999999999973e-06 -1.596432036570000212e+00 -1.107740200000538119e-04 1.595806045187999844e+00
1.213000000000000075e-06 -1.612271686129999715e+00 -1.606788600000000011e+00 8.495421948000170947e-03
1.222999999999999980e-06 -1.601179206599999905e+00 -4.371614404000051524e-03 1.599077078711000022e+00
1.224000000000000055e-06 -1.613079274319999756e+00 -1.514832570000053261e-03 1.617897111470000038e+00
1.229000000000000007e-06 1.619041900000000034e+00 1.835166260000028722e-03 -1.623130825709999892e+00
1.233000000000000096e-06 -1.607185800000000109e+00 -1.781480709999921919e-03 -1.587026558751900129e+00
1.233000000000000096e-06 -1.626396199999999848e+00 1.616104177190000213e+00 -5.779412581100139626e-03
1.238000000000000048e-06 -1.316400000000193110e-03 1.596160752459999888e+00 -1.595347618997000172e+00
1.239999999999999986e-06 -1.619605599999999868e+00 1.628295839770000253e+00 -1.255721570699997250e-02
1.244000000000000075e-06 1.626518000000000130e+00 -1.628345235179999850e+00 1.438901134699982834e-02
1.246000000000000013e-06 1.614685399999999937e+00 1.626033608099999750e+00 -1.127344534999985201e-02
1.247000000000000089e-06 1.614166200000000551e+00 2.460381140000134081e-03 -1.614763147151000222e+00
1.250000000000000102e-06 1.596298677499999874e+00 1.595882321429999973e+00 -4.474236690000291637e-04
1.250999999999999966e-06 1.615242833990000015e+00 8.186375959999971086e-03 -1.606523580329999978e+00
1.256999999999999993e-06 1.013740000000006025e-02 -1.612335316120000028e+00 -1.624740481430000383e+00
1.258999999999999931e-06 -1.614750478079999940e+00 1.025940329999895824e-03 -1.614779239579999803e+00
1.267999999999999972e-06 8.360000000019610425e-05 -1.595565787209999975e+00 1.594817675979999905e+00
1.280000000000000027e-06 1.615358774609999770e+00 1.601161869989999875e+00 1.094541507000004917e-02
1.281000000000000102e-06 -1.595688263380000249e+00 2.251899300001339657e-04 -1.595486030400000033e+00
1.283999999999999904e-06 -7.767499999999980149e-03 -1.597755780369999989e+00 -1.604700579490000001e+00
1.284999999999999979e-06 -1.617130599999999863e+00 -1.194371549599995697e-02 1.598798131810000189e+00
1.286999999999999917e-06 -1.615795099999999707e+00 2.289634399998069850e-04 1.613247736279999955e+00
1.287999999999999993e-06 -1.615528399999999865e+00 1.614257713770000047e+00 1.109860000000033667e-03
1.292000000000000081e-06 -2.334600000000101958e-03 1.615665521887299727e+00 -1.615774898349999766e+00
1.292000000000000081e-06 -1.614700399999999814e+00 1.983339165700009898e-03 -1.615629813870000042e+00
1.294000000000000020e-06 1.596179978913000008e+00 -4.426040030000299996e-04 -1.597330082010000485e+00
1.297000000000000033e-06 1.114659999999987293e-02 1.618831491599999950e+00 -1.625747852559999984e+00
1.297000000000000033e-06 -1.613598099999999924e+00 -1.613338559370000258e+00 -9.535726800000698944e-04
1.300999999999999910e-06 -2.022999999999222469e-04 -1.595256655240000043e+00 1.595027362680000227e+00
1.311000000000000026e-06 -1.616287099999999866e+00 1.600784273739999986e+00 1.232891534999981144e-02
1.312000000000000102e-06 -1.615673000000000137e+00 -1.614025200050000386e+00 1.167013680000139261e-03
1.317999999999999917e-06 -1.615326199999999712e+00 -3.999410000085287797e-06 -1.613932724040000100e+00
1.326000000000000095e-06 -1.596279000000000003e+00 -1.595794475679999547e+00 -2.042385800000291567e-04
1.326000000000000095e-06 -9.693299999999935995e-03 -1.611999713529999934e+00 1.604592188158500132e+00
1.332999999999999985e-06 1.612751000000000268e+00 -1.032617544999998166e-02 -1.605004393518499883e+00
1.337000000000000074e-06 2.861000000001405821e-04 1.612525821530000236e+00 -1.614363466109999923e+00
1.340999999999999951e-06 1.595550678960000024e+00 3.203945899998283942e-04 1.595218949829999566e+00
1.343000000000000101e-06 1.625869699999999973e+00 -1.617057878719999842e+00 1.062889304000023093e-02
1.343000000000000101e-06 1.720499999999942995e-03 1.614094113539999764e+00 -1.613012588659999746e+00
1.345000000000000040e-06 1.596069195660000162e+00 1.595283536090000176e+00 -7.921963500000645236e-04
1.351000000000000067e-06 1.615097041750000129e+00 -1.596279102599999833e+00 -8.742448699999016970e-04
1.351999999999999930e-06 -1.620220353860000184e+00 1.598781409489999916e+00 9.432529700000580331e-04
1.353000000000000005e-06 -1.600151089310000163e+00 1.330934148999999775e-02 -1.616974499999999981e+00
1.354999999999999944e-06 -1.595310400000000239e+00 5.112372000000697803e-04 -1.595839552190000177e+00
1.356000000000000019e-06 -1.272559999999988561e-02 -1.613593949660000249e+00 1.602841024269999748e+00
1.359000000000000033e-06 1.612403900000000334e+00 1.611831775049999749e+00 -3.955358570999614742e-03
1.359000000000000033e-06 -1.619026300000000029e+00 -1.614761403130000161e+00 1.972253999998219848e-04
1.359999999999999896e-06 1.323299999999672481e-03 -1.597832225100000114e+00 -1.596050525599999936e+00
1.360999999999999971e-06 -1.616588299999999867e+00 -1.261506244900003487e-02 -1.624856515819999681e+00
1.371999999999999951e-06 -7.249999999989209520e-05 -1.595672769480000142e+00 -1.596195100000000089e+00
1.374000000000000101e-06 1.615943999999999825e+00 1.601306816160000146e+00 -1.274488638400019143e-02
1.382999999999999930e-06 -1.613372800000000051e+00 -5.871359400000299850e-04 1.612442013079999903e+00
1.388000000000000094e-06 -1.613819400000000126e+00 2.532894785999967313e-03 1.613734857329999883e+00
1.388000000000000094e-06 -1.596404999999999852e+00 -1.140636666000044604e-03 1.596414888169999990e+00
1.390000000000000032e-06 -1.627075500000000119e+00 1.617347686490000047e+00 1.378981321999994680e-02
1.390000000000000032e-06 -1.613592200000000254e+00 1.335007690000043247e-03 1.613298086039999912e+00
1.391999999999999971e-06 -5.837999999998844114e-04 1.595707000670000042e+00 1.596412555149999690e+00
1.391999999999999971e-06 1.382900000000159002e-03 -1.607055575019999960e+00 -1.607970540549999550e+00
1.393000000000000046e-06 -1.615326100000000320e+00 2.403622599999944483e-04 1.615674035130000075e+00
1.394999999999999985e-06 1.594871555150000120e+00 1.595550530359999941e+00 9.962889600002300394e-04
1.399000000000000073e-06 1.604188931109999938e+00 -1.587348963971999982e+00 1.059802069999893348e-03
1.399999999999999937e-06 1.321420000000001448e-02 1.605419018951999899e+00 1.617234374949999776e+00
1.401000000000000012e-06 -1.612585099999999994e+00 -1.613452982180000106e+00 2.352474070000049391e-03
1.402000000000000087e-06 1.615585499999999897e+00 1.616508582180000264e+00 -9.190374000001642202e-04
1.405000000000000101e-06 2.045000000000039841e-03 1.616882342679999862e+00 -1.613267743560000023e+00
1.405000000000000101e-06 9.140000000008342840e-05 1.613929930769999910e+00 -1.614916197839999956e+00
1.408999999999999978e-06 1.613399999999945433e-03 1.614440836564000170e+00 -1.616254398449999963e+00
1.410000000000000053e-06 -3.012999999999661782e-04 -1.617225729964000269e+00 1.617769295500000037e+00
1.411999999999999991e-06 -1.595314400000000132e+00 -1.595001390198000246e+00 -2.737841600000039208e-04
1.413000000000000066e-06 1.593522899999999964e+00 -1.611892852131999732e+00 -8.777665199999659228e-04
1.415000000000000005e-06 5.085000000000099857e-03 1.604736251310000306e+00 -1.616290599999999689e+00
1.424000000000000046e-06 1.614166299999999943e+00 -4.880666399998956351e-04 1.612675816220000335e+00
1.425999999999999984e-06 -1.594974500000000184e+00 -1.595711120110000270e+00 1.150737499997266447e-04
1.425999999999999984e-06 -9.818899999999797235e-03 -1.624733045270000176e+00 -1.616041995160000022e+00
1.427000000000000059e-06 1.595409180959999951e+00 1.594589195070000187e+00 -4.270148499998815440e-04
1.427999999999999923e-06 -1.587551100000000215e+00 1.604163915280000019e+00 -7.288951399999808126e-04
1.439999999999999977e-06 -1.608919099999999824e+00 1.614441001669000286e+00 1.185367946999776878e-03
1.447999999999999943e-06 1.598598500000000255e+00 5.790739490999899201e-03 -1.606806100000000015e+00
1.452000000000000032e-06 5.169099999999806835e-03 1.618019293324999719e+00 -1.622786700000000248e+00
1.461000000000000073e-06 1.595771660499999633e+00 9.306687650001976841e-04 -1.596332499999999932e+00
1.461999999999999936e-06 1.229439999999997618e-02 -1.614628105600000030e+00 -1.625877500000000087e+00
1.464999999999999950e-06 3.067099999999674427e-03 1.610488853277000310e+00 -1.617359200000000552e+00
1.464999999999999950e-06 -2.250799999999934364e-03 1.599281386250999804e+00 -1.593563000000000063e+00
1.466000000000000025e-06 1.605621699999999930e+00 1.613601974959000040e+00 -9.429769719999925304e-03
1.467999999999999963e-06 9.006199999999936479e-03 -1.603687400136999841e+00 1.612209512449999993e+00
1.469000000000000038e-06 -1.594879199999999830e+00 1.596187918178999965e+00 1.258766599999006780e-04
1.472000000000000052e-06 -1.079140000000020083e-02 -1.601016954209000032e+00 1.616355839229999702e+00
1.473999999999999990e-06 -1.615814199999999978e+00 2.745766820002126058e-04 1.615082170070000211e+00
1.478000000000000079e-06 9.999999989185326399e-08 -1.595580903446000232e+00 -1.594650300000000076e+00
1.478999999999999943e-06 -1.617592200000000258e+00 -1.626976007214000042e+00 -1.176829966000035935e-02
1.483000000000000031e-06 1.613582600000000200e+00 -8.123593699999875906e-04 -1.612792800000000026e+00
1.483999999999999895e-06 1.595420899999999698e+00 -1.596031150639999785e+00 -2.938144099999284199e-04
1.486000000000000045e-06 -1.600441000000000447e+00 -1.350022489000022273e-02 1.615379381349999921e+00
1.486999999999999908e-06 4.694000000000073981e-04 -1.595756678569999920e+00 -1.595707400000000220e+00
1.490999999999999997e-06 -1.616630900000000093e+00 -1.362610035000011433e-02 1.600899112450000050e+00
1.495000000000000086e-06 1.595365586430000260e+00 -1.331373200000092504e-03 1.595058372897000032e+00
1.500999999999999901e-06 1.605121400000000031e+00 -1.488034999999256636e-04 1.605339264222999995e+00
1.503000000000000052e-06 -1.599788699999999952e+00 -1.617076815569999937e+00 1.387030815000000160e-02
1.504999999999999990e-06 -1.613014100000000006e+00 1.612350182419999944e+00 2.689277829999854336e-03
1.506999999999999929e-06 1.595314020299999802e+00 1.595394382180000292e+00 5.490561970000590840e-04
1.506999999999999929e-06 1.627212400000000336e+00 8.048820112999973894e-03 1.619530237830000274e+00
1.509000000000000079e-06 -4.579999999992142440e-05 -1.607448521960000321e+00 -1.615357299999999885e+00
1.511000000000000017e-06 -1.595088699999999804e+00 1.595794761710000120e+00 5.379443840001539925e-04
1.515999999999999970e-06 -1.613891699999999929e+00 1.613292793070000064e+00 -4.198838859998457740e-04
1.523999999999999935e-06 -7.341199999999747580e-03 -1.603530874710000109e+00 1.614619367099999980e+00
1.526000000000000086e-06 -1.614980700000000269e+00 -2.861588200000720825e-04 -1.612990967100000228e+00
1.534000000000000051e-06 1.612617399999999979e+00 -6.678265600000474721e-04 -1.613853599999999666e+00
1.535999999999999990e-06 -1.594425199999999432e+00 -1.595558101969999587e+00 -1.105922460000657859e-03
1.537999999999999928e-06 1.605994999999999617e+00 1.607063396740000094e+00 1.846095700000272011e-03
1.540999999999999942e-06 -1.614089899999999744e+00 6.112708999978433075e-05 1.610488968890000150e+00
1.543000000000000092e-06 1.616922099999999585e+00 -3.471787399998336153e-04 -1.614398800000000023e+00
1.548000000000000044e-06 1.618011499999999714e+00 1.614433047649999509e+00 -3.540178080000082675e-03
1.549999999999999983e-06 1.613205100000000058e+00 -1.615131350769999585e+00 9.613951000001430200e-04
1.549999999999999983e-06 1.075600000000653898e-03 1.596180077879999715e+00 -1.595638200000000229e+00
1.551000000000000058e-06 9.192999999999285077e-04 1.605300827383999485e+00 -1.605606000000000311e+00
1.552999999999999996e-06 2.761700000000283373e-03 1.612369668841999948e+00 1.592479790230000081e+00
1.552999999999999996e-06 1.616249099999999661e+00 1.056666334099987808e-02 1.616981711269999566e+00
1.554000000000000072e-06 1.614986400000000266e+00 -1.611022864490999851e+00 1.666977248999890193e-03
1.554999999999999935e-06 -1.594715300000000502e+00 1.029146400000659212e-04 -1.595287400000000577e+00
1.562999999999999901e-06 -1.610973099999999825e+00 1.603206615339999752e+00 -8.022344089999855488e-03
1.563999999999999976e-06 -7.503900000000313097e-03 1.623623020369999725e+00 -1.618038400000000099e+00
1.565000000000000051e-06 -1.926300000000019663e-03 -1.610534579252999476e+00 -1.616653299999999627e+00
1.570000000000000003e-06 -1.612853900000000174e+00 2.634933229997693527e-04 1.612834811859999995e+00
1.577000000000000105e-06 -2.668000000001762712e-04 -1.595447512310000038e+00 -1.595867200000000263e+00
1.580999999999999982e-06 1.617183300000000212e+00 -1.627109409820000074e+00 -1.085255155999991297e-02
1.585000000000000071e-06 -1.598224700000000054e+00 6.866865700000618442e-04 1.596435534519999422e+00
1.585000000000000071e-06 -1.034189999999987966e-02 1.603794082140000077e+00 1.611266865479999977e+00
1.588000000000000085e-06 6.195000000000608874e-03 -1.612514482139999927e+00 -1.614952054779999369e+00
1.593000000000000037e-06 1.607360799999999479e+00 1.612396162796000398e+00 8.430341249999518533e-03
1.605000000000000091e-06 1.614452500000000068e+00 9.385995140000491510e-04 1.614341700000000213e+00
1.607000000000000030e-06 6.829999999997966170e-04 1.595824917083600303e+00 -1.594959300000000191e+00
1.610000000000000044e-06 1.604595030229999830e+00 1.614399067186400583e+00 -9.144029650000107257e-03
1.613000000000000057e-06 1.603889352109999944e+00 1.600723369679999841e+00 -4.116530299998200082e-04
1.624999999999999900e-06 1.493460000000000273e-02 1.625836238026000302e+00 -1.621311243259999868e+00
1.624999999999999900e-06 -1.594722599999999879e+00 3.166661463999834950e-03 1.598793095899999850e+00
1.625999999999999975e-06 -1.623134799999999878e+00 1.617643417525300054e+00 1.280976864800001738e-02
1.630999999999999927e-06 1.907000000000158568e-04 -1.610814900718999798e+00 1.614013960539999903e+00
1.635000000000000016e-06 1.595310269730000119e+00 -1.829489700000062804e-03 1.594425210929999892e+00
1.641000000000000043e-06 -1.601039900000000182e+00 1.615864987352999993e+00 1.344676056999999716e-02
1.644999999999999920e-06 1.595554252150000574e+00 2.975930269998771282e-04 1.596138192449999771e+00
1.645999999999999995e-06 -1.600833800000000195e+00 -1.615417835870000207e+00 1.319494964000000534e-02
1.650000000000000084e-06 -1.614238699999999582e+00 -7.025074739998881691e-04 -1.614101000000000008e+00
1.650000000000000084e-06 1.612834899999999738e+00 -2.206366140002401569e-04 -1.613979699999999795e+00
1.652000000000000023e-06 1.334999999999392228e-04 -1.595465738901999941e+00 1.595165141750000126e+00
1.653000000000000098e-06 -1.614975099999999664e+00 -1.119832951999994580e-02 1.623890044189999937e+00
1.655999999999999900e-06 1.595588616409999938e+00 1.594860221560000291e+00 6.903680199999121143e-04
1.658000000000000050e-06 -1.605407699999999993e+00 -1.606578038568999833e+00 2.178324770000275492e-03
1.658999999999999913e-06 -6.090000000020905080e-05 1.614252448779000204e+00 1.611602678959999757e+00
1.663000000000000002e-06 -1.982000000000146839e-04 -1.613085258016000001e+00 1.615273178359999839e+00
1.664000000000000077e-06 -1.614055600000000146e+00 3.794498200018476923e-05 -1.612479844579999710e+00
1.667999999999999954e-06 -1.615659700000000143e+00 1.614625101213999603e+00 5.466210149998808505e-04
1.669000000000000029e-06 -1.616325499999999860e+00 1.237727340000136650e-03 -1.613680099999999840e+00
1.670999999999999968e-06 -1.203499999999976290e-03 1.615015831279999814e+00 1.613104507515999986e+00
1.683000000000000022e-06 -7.247000000000589776e-04 1.615240335726000342e+00 -1.613693200000000161e+00
1.684000000000000097e-06 1.119900000000018277e-03 -1.617437274744999876e+00 1.616993622559999899e+00
1.689999999999999913e-06 -1.596262300000000245e+00 1.549578599999801385e-04 -1.595833960840000065e+00
1.695000000000000077e-06 -1.605186499999999850e+00 3.286976759999106447e-04 1.587929526798999902e+00
1.701000000000000104e-06 -1.358200000000002461e-02 -1.616041367363000303e+00 1.621419924770999943e+00
1.703000000000000043e-06 -1.380800000000045706e-03 -1.614541561465999919e+00 -1.612860585209999753e+00
1.735999999999999981e-06 -1.873200000000081744e-03 1.612231740123000190e+00 -1.615554768400000007e+00
1.740000000000000069e-06 2.834600000000121918e-03 -1.616476909603000056e+00 1.618260469860000494e+00
1.743999999999999946e-06 -1.143999999999589789e-04 -1.596275637107000156e+00 1.595801761731999724e+00
1.745000000000000022e-06 1.616310099999999972e+00 -1.282131334000007235e-02 -1.600567723492000161e+00
1.746000000000000097e-06 1.615266899999999950e+00 1.612596023080000052e+00 5.270935130003429059e-04
1.746999999999999960e-06 -1.617994300000000329e+00 -1.616040504669999933e+00 -1.368390394000273957e-03
1.748999999999999899e-06 1.615264800000000056e+00 -9.840683399998781302e-04 1.613608760540000020e+00
1.757000000000000076e-06 1.596454767560000043e+00 1.595111638980000413e+00 -2.792324999989926476e-05
1.759000000000000015e-06 1.625890599999999964e+00 1.204676030399992256e-02 -1.617194344970000142e+00
1.763999999999999967e-06 1.769799999999985447e-03 -1.595226365759999876e+00 1.596288775130999760e+00
1.766999999999999980e-06 -1.614896499999999957e+00 -9.242801029999914153e-03 -1.604544244751000104e+00
1.771999999999999933e-06 5.778000000000666284e-04 1.614827062879999664e+00 -1.614539279169999952e+00
1.771999999999999933e-06 1.615402099999999619e+00 1.613679893110000041e+00 2.613778000018496250e-05
1.779999999999999898e-06 1.614849100000000037e+00 1.615097383459999980e+00 -1.959455126998841702e-04
1.783999999999999987e-06 2.121100000000047166e-03 1.614093327704000380e+00 -1.614301999999999904e+00
1.785000000000000062e-06 1.595859472609999941e+00 1.597519666425999851e+00 5.568178699999204451e-04
1.788999999999999939e-06 8.407400000000120333e-03 1.609598102557999955e+00 -1.602325100000000058e+00
1.788999999999999939e-06 1.622833300000000367e+00 1.625807321542000139e+00 -7.457750108000194694e-03
1.794000000000000103e-06 1.614574399999999743e+00 1.399041483399834007e-03 1.610294432606000026e+00
1.794000000000000103e-06 1.597538245507000187e+00 1.596000770731999863e+00 1.430533445000083115e-03
1.802000000000000069e-06 -1.592544745220000113e+00 1.612880015738999973e+00 1.905328099999635712e-04
1.802000000000000069e-06 -4.558700000000032691e-03 -1.605909748811999993e+00 -1.616630699999999532e+00
1.805999999999999946e-06 1.224000000001335131e-04 -1.612986538553499827e+00 1.613441529769999772e+00
1.805999999999999946e-06 -1.615150900000000167e+00 -1.614693207163000022e+00 3.017424214000002936e-03
1.810999999999999898e-06 1.613434000000000035e+00 -1.812582901999910609e-03 1.612247848730000044e+00
1.810999999999999898e-06 -1.595500899999999778e+00 1.595174935350999856e+00 7.017472700001298538e-04
1.821000000000000014e-06 1.608055299999999743e+00 -1.608621729424000169e+00 -6.449055200001161878e-04
1.822999999999999952e-06 -1.595630900000000185e+00 -3.482431658999615535e-04 1.595933537407999925e+00
1.825000000000000103e-06 -1.081449999999995956e-02 1.615688627204999950e+00 -1.599916018907999948e+00
1.830000000000000055e-06 1.595283384720000086e+00 4.057681399997791665e-04 -1.595180500000000112e+00
1.830999999999999918e-06 1.276809999999954995e-02 -1.614000122599999809e+00 1.600250508440000052e+00
1.835000000000000007e-06 1.595931544922000178e+00 -1.595642533459999513e+00 8.790864400004235260e-05
1.836999999999999945e-06 1.624733299999999936e+00 -1.125145305600022683e-02 1.617897238669999904e+00
1.841999999999999898e-06 2.361299999999898723e-03 1.594674113139999960e+00 1.594621731830000222e+00
1.844999999999999911e-06 1.605384949229999858e+00 -1.593576520021999787e+00 7.775764829999838069e-03
1.845999999999999986e-06 1.137540000000013783e-02 1.607272176997000201e+00 -1.609515497950000151e+00
1.845999999999999986e-06 -1.092150000000015331e-02 -1.608619455947000176e+00 1.613604145019999825e+00
1.847000000000000061e-06 1.602893973440000064e+00 1.591253724911999790e+00 3.706627880000206050e-03
1.847999999999999925e-06 1.439290000000015279e-02 1.625433075412800132e+00 -1.614779389320000202e+00
1.847999999999999925e-06 1.596828266800000451e+00 1.595318790744200133e+00 -1.123887780000998315e-04
1.847999999999999925e-06 -1.608138900000000149e+00 -1.606604748871999888e+00 6.501584099999346833e-04
1.850999999999999938e-06 -1.595001015529999844e+00 1.595491859502000231e+00 -1.122933729000090766e-03
1.853999999999999952e-06 1.588882363627999839e+00 1.605921747419999823e+00 -1.322235320000027508e-04
1.856999999999999966e-06 -1.603500410060000325e+00 1.506812900400001341e-02 -1.618409652780000041e+00
1.861999999999999918e-06 -2.002799999999709327e-03 -1.614666789473999886e+00 -1.611598647219999902e+00
1.862999999999999993e-06 -1.613731199999999699e+00 3.296795399998209402e-04 1.612640351120000259e+00
1.862999999999999993e-06 1.595184263084000076e+00 1.595130682030000191e+00 -1.259141140003664124e-04
1.862999999999999993e-06 -1.606472100000000403e+00 -1.603567895661100140e+00 1.144570260000186447e-04
1.866000000000000007e-06 -9.578999999999360596e-04 -1.595915124048899791e+00 -1.595310154689999926e+00
1.867000000000000082e-06 -1.619117399999999929e+00 -1.625899101413999404e+00 -8.121614366000196386e-03
1.869000000000000020e-06 4.882999999998647971e-04 -1.598125667315999809e+00 -1.598964552733999955e+00
1.870000000000000095e-06 -1.527000000000611202e-04 1.593044757249999943e+00 -1.610225800000000262e+00
1.876999999999999986e-06 1.619377400000000078e+00 1.614786884537000144e+00 -1.085666279299975917e-02
1.880000000000000000e-06 2.670000000000944188e-04 1.595687661367999555e+00 1.594665523589999800e+00
1.887000000000000102e-06 -1.614773100000000294e+00 1.323586468500018154e-02 -1.601745923590000231e+00
1.887000000000000102e-06 -1.596782499999999994e+00 -1.594844228970000000e+00 -1.155668009999841987e-03
1.887999999999999965e-06 -1.625663800000000325e+00 -1.046233690570005231e-02 -1.616607416749999970e+00
1.887999999999999965e-06 1.611839399999999811e+00 1.612974724744999921e+00 -5.720953700001185464e-04
1.889999999999999904e-06 1.595275916354000456e+00 -1.595279756469999866e+00 -2.861126899999233419e-04
1.898999999999999945e-06 -1.601905700000000099e+00 -1.070312173900006547e-02 -1.619167201759999841e+00
1.901999999999999958e-06 -2.861000000001219339e-04 -1.615120395461999703e+00 1.615840950730000003e+00
1.909999999999999924e-06 1.614303899999999903e+00 -1.612865198639999775e+00 5.605222160000970788e-04
1.913999999999999801e-06 6.176999999998877833e-04 1.594764907380000096e+00 -1.595367599999999886e+00
1.914999999999999876e-06 7.593000000000720701e-04 1.604213034508000124e+00 1.587558681840000041e+00
1.915999999999999951e-06 1.618919499999999845e+00 1.627586030131999983e+00 7.023072945999880856e-03
1.917000000000000027e-06 1.615718600000000116e+00 1.827187900000076283e-03 -1.613140099999999855e+00
1.926999999999999931e-06 -1.594722600000000323e+00 -1.595069218649999954e+00 -5.419256300001340509e-04
1.937999999999999910e-06 1.593807299999999705e+00 -9.205221005899995312e-03 -1.603500531150000130e+00
1.942999999999999862e-06 5.569400000000113149e-03 -1.618811359996100263e+00 1.604648523978000174e+00
1.942999999999999862e-06 -1.611202099999999859e+00 1.615365037898999656e+00 -1.647928229000148164e-03
1.947000000000000163e-06 -1.614250299999999694e+00 2.137264910002864560e-04 1.614555485340000374e+00
1.948999999999999890e-06 1.595130771439999595e+00 -1.595122761899999686e+00 6.445478400001762760e-04
1.958000000000000142e-06 1.623664999999999914e+00 -8.341878570000016424e-03 -1.612651708100000025e+00
1.958999999999999794e-06 -6.978999999999180304e-04 -1.597239045193840301e+00 -1.598331599999999852e+00
1.964000000000000169e-06 1.603202773449999841e+00 -5.738418036160073538e-03 -1.609943499999999972e+00
1.970999999999999848e-06 1.603870614640000358e+00 -5.250973972000000378e-03 1.585918478120000419e+00
1.977999999999999951e-06 1.612207770899999559e+00 -1.605798887528999686e+00 6.637504099999858020e-03
1.988999999999999930e-06 1.263390000000016306e-02 -1.622500101522700078e+00 -1.615009569770000208e+00
1.992000000000000155e-06 3.202199999999902520e-03 -1.616984884466299954e+00 -1.615627172659999777e+00
1.992999999999999807e-06 -1.596616230230000211e+00 -1.097307434000160953e-03 -1.596748451609999897e+00
2.008000000000000087e-06 1.601513100000000023e+00 -1.617146537815999707e+00 -1.217628276000011674e-02
2.009999999999999814e-06 1.614686215529999913e+00 1.611963712956600236e+00 -1.468715870000033164e-03
2.017999999999999991e-06 -1.594951251269999926e+00 1.079051740027203721e-05 -1.595951164720000204e+00
2.019000000000000066e-06 -1.623297100000000270e+00 1.616579695325999655e+00 -1.194400640000001235e-02
2.019000000000000066e-06 -1.735399999999970300e-03 -1.611868597934000169e+00 1.612697625922999922e+00
2.020999999999999793e-06 1.869000000001143184e-04 -1.613645467178000059e+00 -1.612785263430000171e+00
2.021999999999999868e-06 1.595520993600000104e+00 -3.065836579999037248e-04 1.595418886470000075e+00
2.025000000000000094e-06 1.227529999999999767e-02 -1.617609137690000143e+00 -1.601663483249999853e+00
2.030000000000000046e-06 4.237000000001361205e-04 -1.595840577494000101e+00 -1.595675968889999741e+00
2.031000000000000121e-06 1.616750800000000154e+00 -1.213825134600002298e-02 -1.624943309230000299e+00
2.032000000000000196e-06 1.597667141409999880e+00 -1.596008121850000183e+00 -1.773800000000050597e-03
2.036000000000000073e-06 1.188889999999989677e-02 -1.626934005559999896e+00 -1.620918047680000251e+00
2.037000000000000148e-06 -1.593917351269999561e+00 1.594592997209999918e+00 1.237600000000005362e-03
2.043000000000000175e-06 -1.610923127640000008e+00 1.609920627940000237e+00 -1.159600000000121645e-03
2.049000000000000203e-06 -1.601736427340000102e+00 -1.590446815620000232e+00 6.559999999999621689e-04
2.055999999999999882e-06 1.598970800000000025e+00 -7.972556250000002037e-03 -1.616527567849999958e+00
2.059000000000000107e-06 -1.595923445219999959e+00 -1.595596074859999991e+00 -3.472999999999653448e-04
2.062999999999999984e-06 1.592976925639999930e+00 -1.610904569469999714e+00 -1.462700000000130476e-03
2.064000000000000059e-06 -1.593520843209999871e+00 -1.604885346399999912e+00 6.273999999999776284e-04
2.066999999999999861e-06 -1.603366736570000173e+00 -1.606422341499999629e+00 9.149999999995619970e-05
2.067999999999999936e-06 1.600612821299999933e+00 -1.515934572000009542e-02 -1.615907655740000060e+00
2.071000000000000161e-06 1.595397472320000176e+00 -1.596271851610000292e+00 -3.758000000001048696e-04
2.071000000000000161e-06 -1.606528200000000073e+00 1.607387658295999611e+00 1.216500000000119396e-03
2.075000000000000038e-06 1.613395300000000088e+00 -1.686115535999982429e-03 -1.615319852149999846e+00
2.076000000000000114e-06 5.550999999999186793e-04 -1.595748954480000092e+00 1.594921142499999833e+00
2.084999999999999943e-06 -1.612783400000000311e+00 1.598892346029999523e+00 1.465222975999999101e-02
2.087000000000000093e-06 1.620671699999999937e+00 -1.600894931330000048e+00 -1.711672567999996883e-02
2.092000000000000045e-06 1.223999999999850208e-03 1.592960270589999894e+00 1.612421016816000030e+00
2.092000000000000045e-06 6.727000000000338611e-04 1.599048610069999654e+00 -1.590660133440000124e+00
2.094999999999999847e-06 -1.618121599999999827e+00 1.113884175000018351e-02 -1.622308681839999878e+00
2.094999999999999847e-06 -1.595852000000000270e+00 -1.595462985299999747e+00 -1.469999999998885393e-04
2.099000000000000147e-06 1.599819199999999553e+00 -1.086424487999959609e-02 1.615015175619999521e+00
2.100999999999999874e-06 -1.600875799999999627e+00 1.321793486599996334e-02 -1.622508950679999895e+00
2.104000000000000100e-06 -1.613227699999999931e+00 1.596874480110000105e+00 1.505999999998550165e-04
2.105000000000000175e-06 1.603538399999999919e+00 3.467323004000063755e-03 -1.615268554149999813e+00
2.111999999999999854e-06 1.614112700000000400e+00 2.590117329999917437e-03 1.611541642919999795e+00
2.116999999999999806e-06 1.595980423590000363e+00 -1.595275832520000048e+00 1.794000000001228640e-04
2.116999999999999806e-06 1.216400000000013130e-02 -1.624580484129999780e+00 -1.616209099999999843e+00
2.121000000000000106e-06 -1.594708604299999610e+00 -1.596866507809999725e+00 -5.550000000004162715e-05
2.121000000000000106e-06 -1.092140000000028227e-02 1.598857957129999896e+00 1.612701464550000185e+00
2.129999999999999935e-06 5.720000000001852075e-05 -1.595909339779999936e+00 1.595561999580999757e+00
2.131000000000000011e-06 -1.617969899999999628e+00 1.600570878110000095e+00 1.280780000000014685e-02
2.134999999999999888e-06 -1.596134100000000222e+00 -3.242242399998439099e-04 -1.594482377659999894e+00
2.139999999999999840e-06 -1.612216800000000561e+00 -1.601365700000915732e-04 -1.614007750859999923e+00
2.143000000000000065e-06 -9.613099999999952586e-03 -1.614963700000000113e+00 1.605028122459999818e+00
2.143000000000000065e-06 2.020000000000250762e-04 1.594730516610999960e+00 1.594863897000999842e+00
2.145999999999999867e-06 -2.480999999998970140e-04 -1.587901808550999938e+00 1.604906029150000357e+00
2.146999999999999942e-06 1.487000000000432420e-04 1.602981438290000504e+00 -1.610002741790000247e+00
2.146999999999999942e-06 -1.618713099999999683e+00 6.938768900000030770e-03 -1.607919503469999789e+00
2.148000000000000017e-06 -2.331000000001526296e-04 -1.612644154490000314e+00 -1.613067516999999951e+00
2.149000000000000092e-06 -1.613220399999999888e+00 -1.388385509999922728e-03 -1.613668395959999780e+00
2.151999999999999894e-06 1.595218593649999850e+00 -1.595600146140000009e+00 -3.873999999999843714e-04
2.157999999999999921e-06 1.150920000000001109e-02 1.600877720549999772e+00 -1.616830799999999790e+00
2.157999999999999921e-06 -1.233690000000006726e-02 -1.601379346139999882e+00 1.624289600000000000e+00
2.167000000000000174e-06 -1.590686799999999845e+00 -1.609228053860000340e+00 -5.159999999994639361e-05
2.172000000000000126e-06 -7.621700000000361172e-03 1.601209804680000293e+00 1.616390233989999814e+00
2.174999999999999928e-06 1.595229907130000457e+00 6.854438000016482499e-05 1.595619355920000260e+00
2.177000000000000078e-06 -1.605964700000000356e+00 9.078675999998606951e-04 -1.607999873610000074e+00
2.177000000000000078e-06 1.594802807130000666e+00 -5.755619999814158561e-06 1.595735555920000381e+00
2.179999999999999880e-06 -1.601486200000000082e+00 1.616123357040000208e+00 1.349840000000008915e-02
2.183000000000000106e-06 -1.613914499999999919e+00 1.614768963659999779e+00 1.397899999999820120e-03
2.184999999999999832e-06 -2.824000000000714827e-04 1.596443143549999721e+00 1.595642272075000090e+00
2.185999999999999907e-06 6.219000000001499370e-04 -1.607357238359999663e+00 -1.607314884130000010e+00
2.188000000000000058e-06 1.596382146399999868e+00 -1.594856232240000171e+00 -1.696999999998404646e-04
2.189000000000000133e-06 1.624302099999999971e+00 -9.746748925999838831e-03 -1.615669183550000110e+00
2.194000000000000085e-06 1.319899999999741246e-03 1.613930402260000063e+00 -1.614875953149999877e+00
2.194000000000000085e-06 2.033099999999898877e-03 -1.616035802260000320e+00 -1.618011315180000409e+00
2.195000000000000160e-06 5.532000000000427201e-04 -1.613887500000000141e+00 -1.615265884839999888e+00
2.195999999999999812e-06 -1.613776999999999795e+00 -7.383050146999490214e-04 -1.616128900000000090e+00
2.201000000000000187e-06 -1.491600000000068565e-03 -1.614516999999999758e+00 -1.615435799999999977e+00
2.203999999999999989e-06 1.595218368799999897e+00 -3.891923629999885850e-04 -1.596242299999999892e+00
2.212999999999999818e-06 1.000570000000008085e-02 1.616720422349999797e+00 1.597449699999999861e+00
2.217000000000000119e-06 -1.611220899999999956e+00 -7.212009499999263475e-04 -1.612888400000000111e+00
2.218000000000000194e-06 -4.503000000000458025e-04 1.595913137629000111e+00 1.595179442220000077e+00
2.227000000000000023e-06 -1.616863200000000056e+00 1.296974187099975140e-02 -1.602044209409999809e+00
2.229999999999999825e-06 -1.793999999999663052e-04 -1.594696064999999940e+00 1.595544514240000211e+00
2.231999999999999975e-06 5.455999999997955541e-04 -1.612732035000000064e+00 1.612072334339999635e+00
2.236999999999999927e-06 -1.053099999999830387e-03 1.590717471446999820e+00 1.602039509640999837e+00
2.236999999999999927e-06 -1.617244900000000429e+00 8.541207089000024677e-03 1.626093699999999975e+00
2.242999999999999955e-06 -1.615279999999999827e+00 4.653545000001275272e-04 1.616627300000000211e+00
2.247999999999999907e-06 -1.596363300000000152e+00 2.804207500000303714e-04 -1.594758243209999815e+00
2.248999999999999982e-06 -1.298509999999994911e-02 1.618764946390000237e+00 1.603848120639999930e+00
2.250000000000000057e-06 1.612499300000000080e+00 -1.613418537410000297e+00 -7.154000000000044872e-04
2.252000000000000207e-06 1.614753799999999906e+00 -1.613435799999999976e+00 2.317700000000192349e-03
2.253999999999999934e-06 1.616054700000000066e+00 -1.859647509999983947e-03 1.614637300000000275e+00
2.255000000000000009e-06 2.250999999999503398e-04 -1.596206699999999756e+00 -1.595369463970000456e+00
2.259999999999999961e-06 -1.614311299999999783e+00 1.600568951949999708e+00 -1.112960000000003981e-02
2.272000000000000016e-06 1.613178500000000071e+00 1.226531149700212618e-03 1.613502558910000051e+00
2.276999999999999968e-06 -1.595489699999999900e+00 -1.595412999999999970e+00 5.129999999999032903e-04
2.280000000000000193e-06 1.609188199999999958e+00 1.604322227920000010e+00 1.069999999999910432e-03
2.280000000000000193e-06 -1.259000000001361461e-04 -1.594949829759999549e+00 1.595329597420000134e+00
2.280999999999999845e-06 1.617286699999999744e+00 1.600879594570000286e+00 1.321599999999997083e-02
2.287999999999999947e-06 -1.595275999999999916e+00 4.009226999779347267e-06 1.596004446559000201e+00
2.291000000000000173e-06 -1.612220799999999787e+00 6.580662510000945264e-04 -1.593891102460000209e+00
2.293999999999999975e-06 -8.361599999999925689e-03 -1.613576900000000425e+00 -1.617233436159999593e+00
2.293999999999999975e-06 -1.614833700000000372e+00 -4.339324599999682189e-03 -1.614803398830000125e+00
2.295000000000000050e-06 -1.616958600000000024e+00 -3.110056010001654818e-04 -1.615714835939999761e+00
2.298999999999999927e-06 1.596362630810000072e+00 1.595220563673000136e+00 -1.080900000000128026e-03
2.300000000000000002e-06 9.632499999999852985e-03 -1.601839063672999997e+00 -1.617751700000000126e+00
2.300000000000000002e-06 -1.611095999999999862e+00 1.613603478199999719e+00 -1.282900000000154403e-03
2.302999999999999804e-06 -1.614662100000000322e+00 8.638079370000542254e-04 1.613212539160000070e+00
2.313000000000000131e-06 -1.615300500000000028e+00 9.865596640001592435e-04 1.614342499999999792e+00
2.314999999999999858e-06 1.594653689020000265e+00 1.595788880434999779e+00 8.606000000000169070e-04
2.320999999999999885e-06 -1.604372000000000131e+00 1.420976038499996430e-02 -1.614396152920000382e+00
2.320999999999999885e-06 1.483900000000006741e-03 -1.595973956269999938e+00 1.594584319933000760e+00
2.324000000000000111e-06 1.356999999999764644e-04 -1.612112212650000043e+00 -1.594194494884999980e+00
2.326999999999999913e-06 1.618907700000000283e+00 -1.623338800000000415e+00 -2.489000000000074486e-03
2.330000000000000138e-06 -1.597089700000000168e+00 -8.393067799999411049e-04 1.594314603577000167e+00
2.334000000000000015e-06 1.610071300000000427e+00 1.535386183999974674e-03 -1.604653382319999988e+00
2.336000000000000165e-06 1.612968499999999583e+00 1.611717276470000293e+00 -1.705100000000010600e-03
2.338999999999999967e-06 -1.616821399999999631e+00 -1.617498300000000278e+00 1.777000000002179614e-04
2.344999999999999994e-06 1.613805999999999408e+00 1.612251276470000327e+00 -3.109999999999367611e-04
2.354999999999999899e-06 -7.020999999998800770e-04 1.616483951309999778e+00 1.617111115179999725e+00
2.357000000000000049e-06 -1.609611399999999914e+00 -1.613685874900000705e+00 -1.525999999999749779e-04
2.357000000000000049e-06 -1.614465899999999898e+00 -6.103848399997835461e-04 1.614612799999999737e+00
2.358000000000000124e-06 -1.597204299999999799e+00 -1.595760300000000242e+00 1.808200000000096969e-03
2.363000000000000076e-06 1.607895400000000086e+00 1.605449750819999633e+00 1.150199999999989252e-03
2.363000000000000076e-06 1.594991556739999927e+00 1.595069772607000003e+00 5.055999999999246861e-04
2.365999999999999878e-06 -1.601825700000000019e+00 1.237888735300002319e-02 1.617437878659999662e+00
2.368000000000000028e-06 -1.614208200000000204e+00 1.615469006219999892e+00 2.401200000000076364e-03
2.369000000000000103e-06 -2.626599999999989360e-03 1.616798370019999931e+00 1.616804360919999795e+00
2.369000000000000103e-06 -2.174999999999911379e-04 -1.611888728179999841e+00 1.614692716956000140e+00
2.374000000000000056e-06 -5.984000000000344946e-04 -1.613773599999999808e+00 1.615703675719999843e+00
2.379000000000000008e-06 -2.690999999999943437e-04 -1.596208500000000141e+00 -1.594644250730000046e+00
2.379000000000000008e-06 1.616165399999999863e+00 1.599981253709999773e+00 -1.004039999999982273e-02
