# t	msd	err
1.000000000000099944e-12 6.402317623624918450e-03 1.087740005675073276e-03
2.999999999999541719e-12 7.128046700953451394e-03 1.182785029790919297e-03
4.066666666666363110e-12 7.127551708417827203e-03 1.185096737995822288e-03
9.937106918239061574e-12 7.278804597113472212e-03 2.590110049172617652e-04
1.384615384615387726e-11 7.940968353361230539e-03 8.106986400985951094e-04
2.511351123595518447e-11 8.515179283926928300e-03 2.464626913286869776e-04
4.447487437185916573e-11 1.099418264102603425e-02 3.178307635895713046e-04
8.013817660550497239e-11 1.486314415668588997e-02 3.061271780119826009e-04
1.438601331360908052e-10 2.084611361086766146e-02 3.464918431744092942e-04
2.560038249043767572e-10 2.910928447344528908e-02 3.052295898748646260e-04
4.494230321811726937e-10 4.667078246251223778e-02 2.938670301189961749e-04
8.063154665132732931e-10 7.740481386882659687e-02 3.070923632069068993e-04
1.439998244413717884e-09 1.337820729778490536e-01 3.288236245021624996e-04
2.562221204829196468e-09 2.343079345721821305e-01 3.638895674624142420e-04
4.567869686381201380e-09 4.138007566949217786e-01 4.084086839292032259e-04
8.132728525979984697e-09 7.318194029924122157e-01 4.949329594440325880e-04
1.441891533879442107e-08 1.290498772284113471e+00 6.586833270963291572e-04
2.544325798960875972e-08 2.247724938119301186e+00 9.787670765991198039e-04
4.124629242991508425e-08 3.621606330718226907e+00 1.701241522882743001e-03
