# t	msd	err
2.000000000000000000e+00 5.530488789781726200e-03 0.000000000000000000e+00
5.299999999999954525e+00 5.389855592451451433e-03 nan
7.233499999999999375e+00 1.734557958676333916e-05 3.462317904242385271e-06
1.150000000000000000e+01 2.755972061829411145e-03 1.939184653670386312e-03
1.750000000000000000e+01 1.418960618077166197e-03 1.214267845283352205e-03
2.399999999999998579e+01 1.031726613474545640e-05 nan
5.033333333333333570e+01 9.171054249489408181e-04 8.202249433800882800e-04
8.808095238095239665e+01 1.325818737769201292e-03 5.108348862777920907e-04
1.379514285714286075e+02 2.391688021900986120e-03 5.641840702455946238e-04
2.332904571428571501e+02 2.073235612543313910e-03 4.519910301273611123e-04
3.645764588235294354e+02 4.022025144726885243e-03 3.772274267274903646e-04
5.970905137614678324e+02 5.103602361010162354e-03 4.850278431623122844e-04
9.814821529411768779e+02 7.475997345329054265e-03 4.771590369494997782e-04
1.606276609523809384e+03 1.169785067896690275e-02 3.853122077075639440e-04
2.660746088176352714e+03 1.800211706943567053e-02 3.943932410778319491e-04
4.362731477777777400e+03 2.707506841272523668e-02 3.784743303682737620e-04
7.015154815533973306e+03 4.418592482418536721e-02 4.665338142254811873e-04
1.143317572637631747e+04 6.810593695967379069e-02 5.123522072742124319e-04
1.784382371949690423e+04 1.010173233153811717e-01 5.472836180186034950e-04
