# t
0.000000000000000000e+00
4.033751500000000313e-12
1.312759399999999969e-11
1.806675999999999924e-11
1.816634899999999946e-11
3.485112100000000203e-11
4.748780899999999759e-11
5.269146299999999903e-11
5.422701299999999768e-11
5.554373099999999821e-11
5.815924199999999800e-11
6.673920800000000200e-11
6.689288800000000100e-11
6.764113200000000578e-11
6.857273499999999760e-11
7.145683100000000398e-11
7.243406399999999588e-11
7.299628599999999502e-11
7.556279599999999395e-11
7.695349000000000151e-11
7.713080300000000100e-11
8.625655199999999473e-11
9.075326900000000335e-11
9.484143299999999901e-11
9.601254799999999730e-11
9.652514800000000544e-11
1.012803700000000050e-10
1.104166999999999998e-10
1.138692400000000040e-10
1.181120500000000006e-10
1.186642199999999873e-10
1.209786699999999999e-10
1.261771499999999937e-10
1.262777799999999874e-10
1.275051699999999980e-10
1.303537700000000123e-10
1.314392699999999927e-10
1.364587500000000019e-10
1.389824400000000073e-10
1.394600000000000023e-10
1.472746800000000124e-10
1.597583099999999932e-10
1.615917099999999995e-10
1.625351199999999893e-10
1.667262400000000031e-10
1.684750199999999907e-10
1.693528899999999901e-10
1.774798599999999877e-10
1.800161500000000029e-10
1.865870700000000005e-10
1.881306700000000127e-10
1.884112299999999979e-10
1.923771500000000081e-10
1.961295699999999963e-10
1.963697399999999948e-10
2.021941599999999992e-10
2.051164399999999984e-10
2.066029000000000094e-10
2.134487399999999935e-10
2.163073600000000017e-10
2.243810100000000062e-10
2.251921099999999901e-10
2.291566699999999907e-10
2.292005200000000102e-10
2.306305699999999891e-10
2.309877699999999876e-10
2.342701699999999907e-10
2.345343699999999927e-10
2.359739800000000103e-10
2.402216999999999978e-10
2.410348100000000175e-10
2.423318099999999769e-10
2.423722500000000054e-10
2.450042100000000204e-10
2.452056000000000181e-10
2.452176999999999979e-10
2.454088800000000084e-10
2.462640800000000139e-10
2.482629100000000166e-10
2.505460799999999893e-10
2.509825999999999973e-10
2.648244599999999861e-10
2.707762199999999838e-10
2.771624600000000008e-10
2.774295599999999967e-10
2.795727100000000236e-10
2.817920900000000209e-10
2.867198299999999855e-10
2.878522000000000226e-10
2.900197199999999908e-10
2.956242299999999822e-10
2.980449899999999845e-10
3.011537300000000095e-10
3.035125400000000128e-10
3.065509800000000138e-10
3.069414399999999802e-10
3.134371100000000043e-10
3.164295800000000028e-10
3.167812699999999871e-10
3.178536199999999891e-10
3.184976600000000050e-10
3.186759600000000250e-10
3.241091799999999977e-10
3.262472200000000086e-10
3.263501699999999974e-10
3.275524000000000113e-10
3.282045700000000029e-10
3.300875000000000246e-10
3.338010499999999989e-10
3.363364099999999813e-10
3.414729700000000064e-10
3.544323699999999958e-10
3.549117199999999772e-10
3.563917399999999929e-10
3.574801700000000233e-10
3.579342999999999992e-10
3.640336899999999802e-10
3.646703799999999796e-10
3.679358200000000150e-10
3.688013899999999967e-10
3.719499299999999909e-10
3.867657200000000101e-10
3.878920600000000172e-10
3.897153200000000120e-10
3.909847699999999781e-10
3.927172500000000172e-10
3.979812300000000042e-10
3.994259499999999859e-10
4.003450300000000059e-10
4.010648599999999968e-10
4.096083599999999787e-10
4.140399200000000047e-10
4.150187200000000158e-10
4.150840999999999915e-10
4.239570499999999923e-10
4.295199299999999792e-10
4.337354399999999975e-10
4.355962099999999966e-10
4.387982900000000076e-10
4.397884899999999821e-10
4.426337799999999856e-10
4.652131199999999806e-10
4.652698699999999762e-10
4.697066300000000055e-10
4.698415199999999498e-10
4.741288399999999978e-10
4.775245500000000248e-10
4.831390900000000288e-10
4.867932000000000184e-10
4.883607300000000021e-10
4.944392600000000130e-10
4.965255999999999837e-10
4.973658500000000315e-10
4.985597899999999774e-10
5.022012999999999830e-10
5.027068200000000141e-10
5.032270899999999909e-10
5.041654099999999505e-10
5.059178100000000116e-10
5.071065799999999845e-10
5.130430400000000163e-10
5.137358500000000484e-10
5.139550599999999674e-10
5.146856099999999945e-10
5.170836700000000502e-10
5.172349699999999936e-10
5.186706500000000301e-10
5.210231199999999667e-10
5.252496899999999847e-10
5.260812699999999778e-10
5.327401599999999505e-10
5.362553799999999614e-10
5.365157300000000287e-10
5.425499700000000246e-10
5.498168100000000272e-10
5.526823099999999487e-10
5.528166099999999530e-10
5.539416400000000182e-10
5.546732500000000109e-10
5.603636900000000146e-10
5.605203599999999948e-10
5.621912699999999700e-10
5.773830400000000237e-10
5.807910599999999836e-10
5.917301900000000014e-10
5.918548299999999870e-10
5.990453800000000103e-10
6.008224000000000407e-10
6.013627700000000140e-10
6.019469200000000052e-10
6.071032699999999902e-10
6.094560099999999922e-10
6.228405000000000476e-10
6.238480799999999995e-10
6.297893400000000105e-10
6.309149999999999870e-10
6.363063700000000091e-10
6.384829900000000346e-10
6.407154900000000059e-10
6.460517399999999522e-10
6.490378800000000318e-10
6.541807399999999972e-10
6.595785600000000075e-10
6.596907999999999694e-10
6.661737700000000294e-10
6.726301399999999853e-10
6.736573300000000258e-10
6.763226800000000450e-10
6.775414900000000398e-10
6.828705699999999960e-10
6.861466000000000054e-10
6.902200999999999500e-10
6.982701499999999537e-10
7.086153299999999583e-10
7.145409499999999881e-10
7.163710699999999880e-10
7.208685299999999796e-10
7.214537800000000113e-10
7.232960799999999853e-10
7.240512199999999514e-10
7.245629099999999641e-10
7.251935500000000512e-10
7.283802399999999539e-10
7.366225800000000013e-10
7.388376600000000238e-10
7.540364800000000501e-10
7.550699500000000453e-10
7.553545899999999559e-10
7.557412300000000178e-10
7.605604799999999751e-10
7.624649199999999673e-10
7.625214100000000456e-10
7.629877100000000029e-10
7.634215300000000290e-10
7.685362000000000452e-10
7.714727999999999873e-10
7.733038499999999941e-10
7.733732199999999595e-10
7.748395700000000327e-10
7.755668999999999846e-10
7.805318200000000344e-10
7.821824399999999937e-10
7.828163400000000240e-10
7.856134600000000475e-10
7.897224899999999650e-10
7.903124499999999885e-10
7.957140899999999550e-10
7.981866899999999491e-10
8.033254700000000408e-10
8.037767499999999872e-10
8.047626299999999494e-10
8.050861900000000451e-10
8.067224099999999635e-10
8.072218100000000290e-10
8.085271199999999905e-10
8.123218800000000441e-10
8.158629399999999789e-10
8.215954200000000042e-10
8.225372400000000455e-10
8.254134100000000389e-10
8.290315600000000012e-10
8.313216499999999879e-10
8.367973700000000150e-10
8.392467099999999977e-10
8.395672299999999928e-10
8.407858900000000433e-10
8.475652700000000228e-10
8.514230899999999536e-10
8.549268499999999923e-10
8.557491399999999606e-10
8.567509499999999551e-10
8.661187100000000472e-10
8.662785100000000119e-10
8.682083000000000199e-10
8.686754399999999969e-10
8.691966899999999965e-10
8.711266200000000078e-10
8.745602600000000489e-10
8.817155000000000454e-10
8.915308699999999687e-10
8.939386399999999557e-10
8.959257399999999726e-10
8.979942300000000434e-10
8.989656899999999792e-10
9.018042299999999507e-10
9.021276900000000144e-10
9.029328800000000117e-10
9.111919399999999917e-10
9.137723600000000070e-10
9.155865100000000033e-10
9.262624899999999919e-10
9.281763600000000123e-10
9.335692400000000401e-10
9.347239699999999568e-10
9.370231199999999777e-10
9.400620899999999615e-10
9.433428000000000359e-10
9.467578199999999524e-10
9.468104000000000871e-10
9.525563700000000285e-10
9.544898699999999164e-10
9.565765599999999987e-10
9.587231099999999720e-10
9.634609899999999643e-10
9.656939200000000934e-10
9.710440600000000834e-10
9.757903199999999760e-10
9.822964000000001029e-10
9.837118400000000361e-10
9.843459399999999233e-10
9.890935500000000394e-10
9.909489400000000090e-10
9.924517200000000318e-10
9.945398999999999272e-10
9.945556100000000134e-10
9.995057500000000875e-10
1.015215100000000026e-09
1.020599799999999907e-09
1.023000799999999928e-09
1.023833400000000018e-09
1.024500699999999942e-09
1.041146000000000036e-09
1.041582199999999911e-09
1.044206800000000071e-09
1.052311800000000014e-09
1.058624399999999966e-09
1.060183600000000065e-09
1.060472200000000039e-09
1.066266299999999937e-09
1.070687000000000027e-09
1.073332199999999930e-09
1.074059100000000035e-09
1.074235999999999970e-09
1.074846499999999986e-09
1.079923799999999897e-09
1.080933800000000083e-09
1.084591499999999935e-09
1.086015200000000061e-09
1.086222600000000000e-09
1.088158999999999985e-09
1.091017000000000101e-09
1.091830099999999972e-09
1.092207900000000049e-09
1.092573300000000103e-09
1.096950000000000022e-09
1.099163199999999942e-09
1.107106299999999974e-09
1.109714799999999966e-09
1.112819699999999997e-09
1.115582599999999989e-09
1.118762599999999972e-09
1.122235600000000090e-09
1.125612499999999974e-09
1.127641599999999937e-09
1.128537599999999972e-09
1.130468099999999938e-09
1.132899200000000041e-09
1.138365400000000053e-09
1.141033500000000018e-09
1.143060200000000044e-09
1.152640700000000081e-09
1.160958500000000029e-09
1.166081999999999986e-09
1.168917999999999913e-09
1.172052699999999931e-09
1.175659900000000021e-09
1.178044499999999984e-09
1.182208300000000073e-09
1.188690099999999987e-09
1.193489000000000075e-09
1.196861899999999924e-09
1.201278700000000012e-09
1.204716300000000012e-09
1.210277300000000051e-09
1.213350300000000047e-09
1.223583799999999999e-09
1.225542899999999982e-09
1.230432000000000079e-09
1.238904099999999996e-09
1.241581299999999967e-09
1.245756399999999935e-09
1.247124699999999979e-09
1.248034099999999943e-09
1.251151399999999998e-09
1.251762399999999966e-09
1.260033800000000013e-09
1.260888499999999911e-09
1.267545400000000014e-09
1.268442999999999939e-09
1.272114500000000054e-09
1.275959699999999911e-09
1.278231900000000027e-09
1.278420100000000049e-09
1.283600700000000009e-09
1.284600299999999982e-09
1.291494099999999915e-09
1.292548600000000017e-09
1.293262699999999970e-09
1.299122499999999926e-09
1.307031000000000095e-09
1.312535599999999940e-09
1.314024700000000027e-09
1.314785499999999978e-09
1.316629199999999985e-09
1.319739900000000004e-09
1.322498699999999930e-09
1.326042799999999965e-09
1.326310099999999973e-09
1.328050200000000043e-09
1.328274999999999945e-09
1.329083000000000052e-09
1.332233599999999968e-09
1.333702399999999996e-09
1.340157699999999941e-09
1.343310399999999907e-09
1.344052099999999973e-09
1.344938699999999906e-09
1.345923699999999981e-09
1.348618299999999915e-09
1.355161999999999916e-09
1.358106300000000038e-09
1.358817699999999957e-09
1.368814800000000032e-09
1.369421400000000046e-09
1.379783699999999903e-09
1.380334300000000057e-09
1.380781800000000018e-09
1.383829700000000077e-09
1.385089699999999926e-09
1.385817799999999999e-09
1.387433300000000054e-09
1.387829000000000047e-09
1.390260300000000008e-09
1.392640600000000047e-09
1.395912700000000024e-09
1.402649800000000050e-09
1.404028500000000101e-09
1.404649900000000075e-09
1.405879000000000000e-09
1.414508199999999952e-09
1.419449800000000034e-09
1.424239900000000005e-09
1.425920699999999989e-09
1.426003200000000025e-09
1.427336699999999936e-09
1.434493499999999954e-09
1.437927899999999968e-09
1.449957899999999977e-09
1.451105299999999915e-09
1.457127100000000019e-09
1.461329899999999925e-09
1.465604200000000083e-09
1.474941300000000079e-09
1.476710800000000008e-09
1.485790199999999955e-09
1.493556699999999941e-09
1.496547999999999949e-09
1.496730999999999968e-09
1.498243699999999927e-09
1.499817400000000099e-09
1.505296500000000086e-09
1.510248700000000031e-09
1.514597200000000060e-09
1.514894499999999912e-09
1.522148500000000102e-09
1.526131400000000014e-09
1.527579500000000060e-09
1.534846799999999940e-09
1.535322299999999935e-09
1.539869500000000025e-09
1.543894699999999979e-09
1.544104899999999983e-09
1.545194300000000044e-09
1.550654700000000067e-09
1.551162299999999955e-09
1.555212999999999973e-09
1.557807899999999972e-09
1.558599000000000069e-09
1.560240399999999901e-09
1.560717000000000040e-09
1.562403999999999933e-09
1.568058000000000046e-09
1.572948000000000016e-09
1.573930800000000009e-09
1.575085600000000031e-09
1.577293499999999915e-09
1.578337299999999916e-09
1.580716700000000082e-09
1.582959699999999988e-09
1.587764099999999968e-09
1.588420800000000029e-09
1.594105399999999970e-09
1.603803400000000033e-09
1.607069499999999958e-09
1.610835899999999926e-09
1.612833100000000060e-09
1.613578699999999922e-09
1.620952000000000091e-09
1.621631000000000022e-09
1.621740399999999947e-09
1.625260999999999936e-09
1.625285900000000015e-09
1.627937599999999923e-09
1.628329200000000056e-09
1.629916100000000093e-09
1.631733899999999909e-09
1.633732599999999901e-09
1.639654600000000038e-09
1.640627999999999931e-09
1.646934500000000006e-09
1.650096000000000089e-09
1.655457199999999923e-09
1.657751199999999957e-09
1.671860500000000009e-09
1.673135099999999962e-09
1.679856300000000090e-09
1.687203600000000036e-09
1.687499799999999951e-09
1.692896800000000031e-09
1.693496099999999991e-09
1.696350499999999994e-09
1.704655399999999966e-09
1.704889499999999937e-09
1.715069100000000078e-09
1.723903400000000063e-09
1.727871500000000013e-09
1.734380099999999992e-09
1.734534700000000057e-09
1.735405800000000013e-09
1.739862000000000045e-09
1.742083200000000034e-09
1.746307299999999905e-09
1.749485300000000078e-09
1.753840100000000047e-09
1.756037900000000020e-09
1.757552299999999901e-09
1.769501000000000050e-09
1.769575000000000065e-09
1.770040800000000069e-09
1.770644600000000017e-09
1.774970199999999984e-09
1.774997700000000065e-09
1.778925200000000101e-09
1.781149999999999996e-09
1.786727099999999998e-09
1.790861799999999909e-09
1.792568199999999989e-09
1.793567599999999898e-09
1.807029999999999911e-09
1.818403900000000051e-09
1.823912900000000058e-09
1.826574500000000019e-09
1.828770400000000007e-09
1.828997500000000022e-09
1.829761900000000086e-09
1.838916600000000048e-09
1.843937999999999925e-09
1.844067199999999958e-09
1.853675399999999933e-09
1.854198800000000101e-09
1.858370700000000083e-09
1.860793799999999911e-09
1.863666899999999877e-09
1.869362499999999809e-09
1.872399700000000180e-09
1.876429999999999899e-09
1.879837800000000119e-09
1.880257100000000191e-09
1.882751600000000031e-09
1.887595200000000099e-09
1.888185999999999832e-09
1.888930100000000043e-09
1.889158999999999804e-09
1.890196099999999943e-09
1.893567799999999823e-09
1.897527599999999816e-09
1.897722499999999906e-09
1.904502799999999848e-09
1.904663500000000203e-09
1.905899999999999798e-09
1.915253499999999853e-09
1.918275099999999800e-09
1.921204100000000008e-09
1.921913100000000196e-09
1.927521400000000010e-09
1.929271099999999831e-09
1.930821999999999973e-09
1.931673600000000124e-09
1.935897099999999804e-09
1.937975000000000021e-09
1.938730500000000143e-09
1.940383400000000126e-09
1.941303699999999842e-09
1.942159300000000027e-09
1.944620099999999878e-09
1.954223400000000153e-09
1.955443100000000183e-09
1.955658500000000190e-09
1.957418800000000081e-09
1.963625399999999951e-09
1.965821300000000146e-09
1.966564400000000038e-09
1.968334600000000190e-09
1.978059800000000031e-09
1.986872899999999875e-09
2.016532300000000179e-09
2.017542800000000111e-09
2.017797599999999856e-09
2.019822799999999818e-09
2.031625400000000130e-09
2.033661300000000193e-09
2.033951199999999961e-09
2.034016899999999811e-09
2.036269100000000168e-09
2.038595999999999936e-09
2.039825200000000100e-09
2.043876199999999800e-09
2.044054399999999943e-09
2.047064499999999947e-09
2.047455200000000000e-09
2.053557999999999869e-09
2.056005099999999903e-09
2.057220000000000057e-09
2.062346100000000015e-09
2.077971300000000012e-09
2.078773200000000036e-09
2.080185000000000091e-09
2.095060000000000001e-09
2.101476899999999907e-09
2.105859799999999941e-09
2.106876200000000099e-09
2.106923799999999970e-09
2.108769400000000169e-09
2.109963399999999865e-09
2.112109599999999934e-09
2.120646000000000082e-09
2.124267100000000054e-09
2.128273099999999885e-09
2.128617400000000037e-09
2.128909199999999996e-09
2.131865400000000189e-09
2.132172600000000095e-09
2.138196700000000105e-09
2.140334800000000073e-09
2.151570499999999999e-09
2.162640600000000077e-09
2.170590899999999923e-09
2.179296899999999954e-09
2.183592200000000189e-09
2.190117299999999844e-09
2.199933400000000124e-09
2.206075799999999795e-09
2.216291400000000038e-09
2.216346799999999914e-09
2.221131799999999913e-09
2.221786500000000163e-09
2.222711600000000168e-09
2.229129099999999852e-09
2.234701499999999803e-09
2.235111699999999868e-09
2.256826700000000139e-09
2.257126400000000135e-09
2.270735999999999923e-09
2.283136899999999877e-09
2.294153200000000175e-09
2.295829999999999919e-09
2.297189499999999846e-09
2.301509999999999841e-09
2.303514699999999885e-09
2.314478299999999928e-09
2.321344299999999891e-09
2.343161500000000067e-09
2.344672900000000025e-09
2.346728699999999815e-09
2.349961400000000053e-09
2.352988700000000163e-09
2.353451700000000103e-09
2.355833199999999904e-09
2.362847700000000056e-09
2.366091600000000143e-09
2.367237499999999809e-09
2.372222299999999806e-09
2.377899700000000141e-09
2.384496599999999936e-09
2.386962999999999918e-09
2.387340599999999932e-09
2.391996600000000169e-09
2.397307399999999860e-09
2.398329300000000117e-09
2.399143199999999830e-09
2.401165300000000044e-09
2.403587299999999935e-09
2.414668399999999797e-09
2.421607399999999870e-09
2.421710400000000029e-09
2.424187799999999796e-09
2.424779899999999943e-09
2.429529499999999825e-09
2.433184699999999914e-09
2.441673300000000128e-09
2.444982099999999810e-09
2.445942100000000187e-09
2.446597000000000087e-09
2.451139500000000126e-09
2.451258299999999945e-09
2.451938999999999798e-09
2.455191999999999890e-09
2.456591500000000160e-09
2.457698300000000184e-09
2.466939700000000073e-09
2.467414199999999956e-09
2.467723600000000149e-09
2.470540599999999810e-09
2.473693100000000125e-09
2.475033300000000104e-09
2.477800199999999924e-09
2.493361499999999817e-09
2.494128599999999915e-09
2.495105599999999921e-09
2.498278300000000058e-09
2.500209699999999897e-09
2.500443099999999852e-09
2.506291200000000007e-09
2.506568100000000180e-09
2.512834600000000119e-09
2.513927899999999975e-09
2.517419900000000153e-09
2.519804099999999988e-09
2.522041899999999891e-09
2.524279400000000112e-09
2.533514400000000029e-09
2.533965900000000025e-09
2.536153900000000183e-09
2.539512500000000023e-09
2.540186200000000126e-09
2.541608699999999870e-09
2.542006700000000182e-09
2.543150700000000070e-09
2.544223199999999913e-09
2.544364599999999905e-09
2.545181100000000034e-09
2.550706199999999796e-09
2.551324900000000151e-09
2.552103300000000128e-09
2.552961900000000028e-09
2.555223700000000137e-09
2.560509500000000132e-09
2.560887299999999795e-09
2.566762499999999903e-09
2.567461400000000181e-09
2.569325099999999946e-09
2.570651600000000106e-09
2.570695199999999943e-09
2.579551699999999973e-09
2.580952000000000085e-09
2.584241699999999881e-09
2.586495299999999858e-09
2.587979200000000149e-09
2.589857299999999955e-09
2.590369699999999925e-09
2.590398199999999911e-09
2.599709200000000066e-09
2.603322600000000065e-09
2.604704899999999816e-09
2.605676500000000168e-09
2.605779499999999914e-09
2.610187999999999838e-09
2.614110099999999807e-09
2.615043399999999945e-09
2.630266299999999913e-09
2.647191799999999991e-09
2.651695900000000196e-09
2.654357700000000014e-09
2.654681799999999931e-09
2.659500900000000047e-09
2.665145499999999852e-09
2.668003000000000015e-09
2.669930699999999915e-09
2.672432399999999983e-09
2.677723199999999917e-09
2.682223699999999802e-09
2.685884700000000086e-09
2.690655300000000044e-09
2.691196700000000160e-09
2.692499599999999829e-09
2.693134900000000098e-09
2.702066500000000080e-09
2.705482700000000083e-09
2.705641499999999833e-09
2.705827700000000045e-09
2.706307299999999899e-09
2.708405399999999937e-09
2.710420600000000019e-09
2.713233800000000123e-09
2.713745000000000124e-09
2.713929499999999794e-09
2.716888999999999798e-09
2.722274999999999887e-09
2.730607700000000035e-09
2.734235999999999821e-09
2.737213000000000027e-09
2.737453500000000177e-09
2.738956000000000194e-09
2.745599599999999987e-09
2.746930900000000023e-09
2.749724199999999987e-09
2.750578400000000139e-09
2.758656400000000160e-09
2.760501100000000072e-09
2.762136799999999949e-09
2.764941899999999952e-09
2.765366099999999931e-09
2.765507099999999796e-09
2.769640200000000025e-09
2.770709199999999993e-09
2.773703199999999827e-09
2.774048799999999980e-09
2.775551199999999964e-09
2.777035800000000065e-09
2.778244599999999929e-09
2.784057700000000094e-09
2.784937200000000039e-09
2.786536799999999989e-09
2.791205600000000170e-09
2.794632699999999926e-09
2.803212699999999910e-09
2.804329300000000163e-09
2.804636300000000005e-09
2.813042099999999881e-09
2.813920799999999984e-09
2.817654200000000186e-09
2.822608299999999909e-09
2.825714800000000037e-09
2.840533300000000134e-09
2.843676399999999935e-09
2.846415199999999896e-09
2.846648400000000201e-09
2.846684200000000033e-09
2.850191799999999807e-09
2.850638800000000022e-09
2.850725199999999854e-09
2.850809599999999875e-09
2.853846400000000118e-09
2.864724899999999916e-09
2.874855700000000011e-09
2.875185199999999995e-09
2.876211199999999904e-09
2.877744000000000066e-09
2.883545799999999938e-09
2.884989699999999886e-09
2.888552900000000012e-09
2.890176799999999850e-09
2.895579499999999886e-09
2.898138800000000117e-09
2.900245199999999906e-09
2.902287800000000037e-09
2.907463500000000090e-09
2.912267000000000196e-09
2.912822300000000193e-09
2.913168200000000028e-09
2.913769799999999895e-09
2.918133800000000108e-09
2.918287299999999822e-09
2.935260999999999962e-09
2.939773000000000204e-09
2.941182800000000036e-09
2.945411100000000005e-09
2.949615000000000055e-09
2.949937000000000129e-09
2.951585399999999919e-09
2.954785400000000073e-09
2.956174499999999923e-09
2.959595100000000088e-09
2.959624299999999883e-09
2.961761800000000074e-09
2.970484700000000116e-09
2.972067999999999833e-09
2.974467700000000060e-09
2.980533100000000000e-09
2.983956300000000167e-09
2.987799400000000182e-09
2.989065099999999987e-09
2.990161600000000036e-09
2.990508999999999935e-09
2.996995999999999853e-09
3.002110599999999867e-09
3.003764600000000201e-09
3.004422200000000135e-09
3.010247999999999798e-09
3.011641300000000160e-09
3.012785500000000111e-09
3.014536399999999901e-09
3.019220700000000060e-09
3.027431799999999910e-09
3.029009599999999942e-09
3.033872599999999990e-09
3.034970900000000199e-09
3.037731900000000206e-09
3.038143299999999827e-09
3.040009600000000007e-09
3.041469700000000156e-09
3.047467999999999800e-09
3.050091899999999944e-09
3.054746200000000053e-09
3.059093900000000034e-09
3.060134099999999920e-09
3.061830300000000058e-09
3.062588100000000086e-09
3.069165200000000187e-09
3.071007100000000034e-09
3.072198100000000014e-09
3.074776500000000130e-09
3.076630899999999826e-09
3.080027400000000166e-09
3.081172700000000055e-09
3.088109000000000094e-09
3.092685799999999900e-09
3.093800599999999992e-09
3.095008299999999920e-09
3.096618399999999908e-09
3.098630000000000083e-09
3.101818100000000166e-09
3.101875499999999852e-09
3.104668200000000038e-09
3.106479800000000152e-09
3.110687000000000014e-09
3.113348500000000150e-09
3.116964300000000087e-09
3.118413700000000133e-09
3.122309199999999895e-09
3.123891899999999834e-09
3.127178699999999947e-09
3.127646999999999922e-09
3.128041399999999914e-09
3.128338800000000004e-09
3.132598500000000057e-09
3.133748400000000171e-09
3.137604400000000163e-09
3.138822200000000001e-09
3.141991900000000010e-09
3.144857699999999923e-09
3.148402099999999847e-09
3.149045799999999900e-09
3.149440600000000019e-09
3.149714299999999999e-09
3.151156699999999883e-09
3.153113900000000088e-09
3.166152699999999900e-09
3.173092100000000100e-09
3.177294400000000054e-09
3.178039000000000010e-09
3.179906100000000032e-09
3.183907700000000114e-09
3.184314699999999987e-09
3.190067900000000082e-09
3.191219599999999943e-09
3.201543700000000031e-09
3.207437100000000151e-09
3.215942299999999866e-09
3.219977000000000160e-09
3.220765600000000081e-09
3.221687299999999829e-09
3.227906600000000025e-09
3.234105399999999890e-09
3.236243499999999858e-09
3.242623199999999900e-09
3.246413299999999977e-09
3.252340099999999990e-09
3.253546900000000045e-09
3.254050999999999851e-09
3.254718400000000013e-09
3.255200200000000155e-09
3.256264499999999866e-09
3.264429599999999941e-09
3.267841699999999878e-09
3.273194200000000042e-09
3.274071400000000081e-09
3.274717999999999817e-09
3.283639200000000206e-09
3.297331000000000140e-09
3.298317799999999961e-09
3.300683899999999817e-09
3.301287499999999908e-09
3.306447599999999951e-09
3.308856799999999897e-09
3.309559400000000114e-09
3.310046799999999973e-09
3.313692599999999960e-09
3.317240100000000046e-09
3.317780300000000192e-09
3.322333800000000015e-09
3.326006799999999988e-09
3.330046599999999840e-09
3.333500100000000153e-09
3.334394200000000202e-09
3.335385999999999963e-09
3.339629200000000133e-09
3.344362699999999846e-09
3.347725000000000038e-09
3.348289500000000073e-09
3.349137499999999903e-09
3.349751800000000096e-09
3.360240700000000192e-09
3.360458999999999883e-09
3.364247499999999864e-09
3.364499199999999862e-09
3.364848700000000017e-09
3.366939699999999860e-09
3.370009699999999933e-09
3.372099100000000094e-09
3.374808799999999878e-09
3.375920899999999937e-09
3.377553099999999938e-09
3.381705300000000052e-09
3.387529400000000000e-09
3.388690599999999994e-09
3.392059599999999841e-09
3.392126800000000169e-09
3.392168899999999941e-09
3.398552299999999921e-09
3.408572199999999819e-09
3.413204800000000042e-09
3.420149000000000118e-09
3.420750099999999826e-09
3.422371099999999980e-09
3.425486099999999922e-09
3.428984300000000008e-09
3.432320400000000120e-09
3.435754500000000039e-09
3.437137199999999917e-09
3.438876400000000113e-09
3.440827600000000059e-09
3.443415499999999895e-09
3.443758500000000046e-09
3.444906199999999872e-09
3.447333300000000148e-09
3.448559200000000087e-09
3.448843700000000201e-09
3.449747700000000098e-09
3.450983100000000170e-09
3.451081200000000008e-09
3.452005799999999854e-09
3.456724100000000099e-09
3.457630399999999901e-09
3.465042899999999952e-09
3.466395300000000097e-09
3.467075599999999822e-09
3.467754099999999801e-09
3.479850499999999883e-09
3.483612700000000166e-09
3.495363500000000097e-09
3.497057399999999914e-09
3.499204599999999888e-09
3.505676800000000051e-09
3.505813000000000041e-09
3.508054699999999946e-09
3.509740500000000077e-09
3.509973599999999936e-09
3.511408199999999815e-09
3.516982599999999989e-09
3.517255700000000192e-09
3.519909199999999846e-09
3.521068900000000189e-09
3.525773599999999820e-09
3.529515799999999931e-09
3.530551900000000165e-09
3.536165900000000142e-09
3.536347700000000192e-09
3.541517800000000114e-09
3.545428000000000012e-09
3.546847199999999944e-09
3.549432899999999906e-09
3.550055599999999881e-09
3.550083199999999994e-09
3.551861200000000151e-09
3.555560100000000108e-09
3.556673500000000167e-09
3.566647000000000164e-09
3.568227699999999879e-09
3.572279499999999834e-09
3.579042900000000179e-09
3.580598699999999815e-09
3.580890500000000188e-09
3.581377100000000206e-09
3.582640700000000168e-09
3.588125699999999969e-09
3.588193800000000170e-09
3.590531099999999945e-09
3.595542300000000086e-09
3.599321600000000029e-09
3.609561300000000097e-09
3.620724600000000105e-09
3.623558999999999936e-09
3.623674199999999849e-09
3.632243400000000113e-09
3.634565700000000069e-09
3.634767799999999973e-09
3.643403000000000183e-09
3.644354900000000046e-09
3.645676399999999854e-09
3.650584200000000121e-09
3.652813300000000146e-09
3.659439200000000087e-09
3.660937099999999877e-09
3.667287700000000155e-09
3.671136800000000015e-09
3.673611000000000002e-09
3.680398000000000012e-09
3.685242499999999953e-09
3.688191499999999919e-09
3.691149299999999795e-09
3.692686099999999992e-09
3.697666100000000113e-09
3.698316400000000201e-09
3.698510199999999941e-09
3.699868799999999994e-09
3.700596900000000067e-09
3.701321499999999852e-09
3.704271999999999882e-09
3.705082300000000102e-09
3.707176200000000043e-09
3.709660700000000005e-09
3.711415999999999956e-09
3.731428299999999672e-09
3.743944199999999889e-09
3.746924300000000256e-09
3.749256299999999996e-09
3.749444400000000399e-09
3.751045300000000350e-09
3.751787100000000241e-09
3.755231999999999880e-09
3.761329000000000381e-09
3.764012000000000340e-09
3.765768400000000228e-09
3.767389399999999969e-09
3.777927600000000064e-09
3.779042799999999870e-09
3.784425800000000243e-09
3.787255099999999689e-09
3.787984899999999890e-09
3.790220899999999633e-09
3.795980600000000146e-09
3.799431600000000076e-09
3.799450400000000278e-09
3.801144900000000287e-09
3.801369900000000046e-09
3.802615199999999965e-09
3.808240099999999694e-09
3.809543800000000032e-09
3.811014999999999996e-09
3.813893500000000236e-09
3.814688799999999811e-09
3.815233399999999706e-09
3.817727699999999896e-09
3.818415499999999944e-09
3.818502699999999617e-09
3.826464499999999820e-09
3.831150899999999821e-09
3.833137000000000140e-09
3.834266300000000305e-09
3.839788400000000351e-09
3.839962699999999665e-09
3.842439300000000003e-09
3.843052800000000355e-09
3.849357400000000032e-09
3.849524899999999659e-09
3.850124199999999620e-09
3.850566299999999928e-09
3.851684599999999895e-09
3.856034900000000291e-09
3.858920300000000249e-09
3.860627100000000043e-09
3.862203599999999660e-09
3.863649399999999800e-09
3.865603799999999939e-09
3.868924399999999660e-09
3.869516999999999967e-09
3.873950000000000255e-09
3.880071800000000390e-09
3.883604099999999766e-09
3.887665399999999854e-09
3.888916600000000000e-09
3.893256699999999626e-09
3.900871400000000025e-09
3.903094699999999856e-09
3.904875400000000046e-09
3.909186699999999590e-09
3.910031500000000055e-09
3.910169000000000045e-09
3.910869800000000101e-09
3.915046299999999689e-09
3.919196700000000055e-09
3.922301599999999673e-09
3.922845900000000299e-09
3.924932100000000267e-09
3.926390500000000287e-09
3.933928000000000066e-09
3.934308499999999763e-09
3.934917500000000335e-09
3.935303800000000226e-09
3.935906300000000380e-09
3.936915800000000406e-09
3.939038000000000269e-09
3.939383100000000262e-09
3.941893599999999826e-09
3.943193399999999748e-09
3.946090600000000158e-09
3.947043200000000244e-09
3.948043499999999820e-09
3.955143599999999961e-09
3.957722399999999791e-09
3.961143600000000147e-09
3.964029000000000105e-09
3.973472100000000184e-09
3.987969900000000208e-09
3.991411999999999782e-09
4.000332600000000393e-09
4.005466499999999943e-09
4.009486200000000005e-09
4.017145299999999669e-09
4.020794499999999913e-09
4.023201999999999731e-09
4.023903299999999947e-09
4.028385100000000075e-09
4.028887599999999784e-09
4.039006500000000222e-09
4.049524699999999732e-09
4.052532799999999925e-09
4.055302700000000288e-09
4.059506899999999607e-09
4.062058299999999801e-09
4.063569200000000013e-09
4.064456700000000027e-09
4.067439200000000332e-09
4.068555100000000361e-09
4.074702500000000385e-09
4.077042200000000097e-09
4.079353699999999919e-09
4.088131100000000377e-09
4.088271599999999670e-09
4.088717200000000266e-09
4.089397699999999642e-09
4.094222099999999793e-09
4.096576299999999991e-09
4.098664299999999705e-09
4.103840500000000331e-09
4.103916599999999774e-09
4.105999799999999613e-09
4.106264799999999714e-09
4.107565599999999955e-09
4.108379999999999827e-09
4.108842900000000148e-09
4.109801499999999666e-09
4.115431800000000289e-09
4.119188299999999996e-09
4.123080700000000010e-09
4.127816800000000138e-09
4.131108899999999873e-09
4.131292799999999765e-09
4.133218799999999950e-09
4.143835600000000285e-09
4.144340299999999869e-09
4.151166100000000253e-09
4.153779899999999659e-09
4.154631699999999873e-09
4.159616899999999998e-09
4.163757599999999754e-09
4.173342400000000335e-09
4.174256000000000397e-09
4.176208599999999963e-09
4.179901700000000139e-09
4.180814700000000009e-09
4.185063100000000183e-09
4.185358800000000145e-09
4.190812699999999958e-09
4.191098700000000136e-09
4.193085399999999819e-09
4.195769300000000064e-09
4.198092500000000307e-09
4.202620900000000401e-09
4.208504299999999814e-09
4.213706200000000361e-09
4.217708099999999712e-09
4.218770099999999930e-09
4.219282000000000154e-09
4.221833999999999713e-09
4.225719199999999914e-09
4.231967399999999809e-09
4.233605600000000070e-09
4.238738500000000127e-09
4.246860400000000080e-09
4.248678599999999817e-09
4.249368499999999707e-09
4.253451099999999968e-09
4.258734700000000088e-09
4.259202200000000221e-09
4.259304299999999680e-09
4.270282900000000368e-09
4.271848099999999692e-09
4.271938100000000257e-09
4.272182100000000283e-09
4.273023799999999759e-09
4.278203499999999846e-09
4.283222700000000055e-09
4.286013799999999731e-09
4.286932399999999733e-09
4.288123699999999809e-09
4.292641699999999896e-09
4.294904699999999974e-09
4.295554500000000317e-09
4.300815599999999882e-09
4.301528100000000359e-09
4.305598700000000103e-09
4.307293100000000080e-09
4.309051199999999683e-09
4.311777800000000305e-09
4.319468500000000116e-09
4.320929400000000107e-09
4.320969200000000386e-09
4.322160799999999731e-09
4.323578600000000044e-09
4.324024299999999845e-09
4.329096799999999675e-09
4.330189499999999753e-09
4.330614799999999669e-09
4.332608499999999928e-09
4.350131899999999934e-09
4.358164200000000277e-09
4.360346600000000304e-09
4.362804699999999709e-09
4.367022800000000149e-09
4.368681100000000199e-09
4.369725999999999930e-09
4.372745000000000289e-09
4.373852300000000058e-09
4.377861700000000146e-09
4.386554099999999978e-09
4.389089099999999908e-09
4.390511700000000097e-09
4.394662099999999636e-09
4.395764300000000261e-09
4.401749399999999834e-09
4.404026800000000366e-09
4.408558299999999794e-09
4.418897400000000114e-09
4.418981999999999785e-09
4.424456100000000247e-09
4.424709599999999992e-09
4.428315299999999604e-09
4.433150199999999794e-09
4.434125899999999799e-09
4.438118300000000258e-09
4.438358699999999963e-09
4.443639199999999922e-09
4.444097499999999604e-09
4.449463300000000285e-09
4.462303699999999718e-09
4.466855799999999922e-09
4.468304800000000255e-09
4.468779700000000266e-09
4.469791100000000070e-09
4.470375300000000181e-09
4.476357399999999624e-09
4.477375800000000006e-09
4.478061500000000212e-09
4.478930400000000087e-09
4.483140399999999600e-09
4.486979600000000026e-09
4.489624000000000088e-09
4.494273099999999780e-09
4.498992400000000343e-09
4.503360099999999668e-09
4.503509600000000175e-09
4.505954300000000271e-09
4.508958700000000112e-09
4.510085600000000339e-09
4.512089000000000382e-09
4.519752699999999858e-09
4.522162400000000377e-09
4.522642699999999628e-09
4.525248799999999888e-09
4.536610200000000179e-09
4.536868499999999800e-09
4.539523199999999836e-09
4.540199999999999686e-09
4.541585699999999693e-09
4.543844700000000151e-09
4.544552499999999957e-09
4.546541500000000372e-09
4.554680299999999922e-09
4.560244900000000282e-09
4.560424000000000298e-09
4.569348899999999799e-09
4.570995300000000191e-09
4.579419999999999888e-09
4.581653299999999598e-09
4.583525399999999972e-09
4.585472800000000362e-09
4.587029300000000221e-09
4.592589600000000037e-09
4.593516300000000139e-09
4.600016500000000128e-09
4.600886999999999686e-09
4.603523299999999647e-09
4.609364899999999798e-09
4.609647699999999784e-09
4.611924900000000252e-09
4.614093900000000144e-09
4.614239400000000203e-09
4.614612900000000150e-09
4.628833400000000287e-09
4.628896499999999722e-09
4.630985799999999851e-09
4.631606299999999952e-09
4.636787899999999818e-09
4.640655100000000071e-09
4.647354599999999899e-09
4.647508100000000027e-09
4.652443199999999897e-09
4.674806099999999905e-09
4.677255899999999972e-09
4.679135800000000351e-09
4.680938900000000237e-09
4.681453299999999604e-09
4.684240000000000360e-09
4.687713700000000080e-09
4.689024500000000200e-09
4.690270400000000310e-09
4.695498400000000077e-09
4.698130600000000386e-09
4.698616299999999703e-09
4.707770600000000365e-09
4.707819100000000109e-09
4.709606499999999953e-09
4.717523299999999874e-09
4.717724400000000286e-09
4.719725100000000295e-09
4.727452000000000065e-09
4.727735900000000402e-09
4.729706900000000043e-09
4.729929299999999800e-09
4.731127200000000326e-09
4.735507500000000359e-09
4.744556799999999809e-09
4.745237099999999948e-09
4.752833899999999605e-09
4.759372600000000287e-09
4.759971800000000216e-09
4.761946400000000177e-09
4.766574799999999888e-09
4.769767100000000069e-09
4.771756199999999690e-09
4.772007300000000324e-09
4.778669799999999938e-09
4.779712999999999953e-09
4.780454099999999621e-09
4.790629199999999775e-09
4.792391499999999890e-09
4.794909600000000223e-09
4.795842299999999756e-09
4.800000100000000000e-09
4.800502899999999805e-09
4.801370400000000061e-09
4.806755800000000372e-09
4.812782099999999843e-09
4.815336000000000007e-09
4.818176299999999650e-09
4.822757299999999968e-09
4.823589999999999884e-09
4.825490000000000053e-09
4.826659799999999893e-09
4.827218600000000178e-09
4.829221800000000158e-09
4.830547800000000159e-09
4.833035499999999900e-09
4.834103500000000377e-09
4.839485000000000272e-09
4.845090699999999671e-09
4.850135999999999928e-09
4.852706300000000357e-09
4.856683300000000043e-09
4.857196599999999886e-09
4.857824199999999769e-09
4.859175899999999691e-09
4.862889299999999721e-09
4.864987600000000237e-09
4.865239999999999631e-09
4.871578000000000028e-09
4.873557299999999834e-09
4.877064000000000148e-09
4.881453299999999741e-09
4.884110099999999620e-09
4.884797500000000367e-09
4.892745200000000211e-09
4.898882400000000292e-09
4.900335400000000246e-09
4.901179799999999756e-09
4.909861100000000185e-09
4.910015099999999645e-09
4.910668000000000149e-09
4.913202299999999855e-09
4.913668899999999702e-09
4.918517800000000218e-09
4.923986999999999945e-09
4.924737800000000224e-09
4.926172300000000070e-09
4.930199800000000137e-09
4.931299399999999933e-09
4.942721299999999658e-09
4.955884000000000089e-09
4.958423099999999671e-09
4.968564399999999804e-09
4.969688099999999838e-09
4.970277199999999856e-09
4.980026800000000031e-09
4.982159199999999837e-09
4.983984600000000214e-09
4.984232299999999764e-09
4.984895100000000115e-09
4.993150100000000310e-09
4.997252300000000201e-09
4.997641200000000094e-09
4.998216599999999881e-09
4.999916599999999989e-09
5.001876000000000068e-09
5.008135400000000225e-09
5.014575199999999986e-09
5.016739500000000034e-09
5.017411099999999881e-09
5.021585699999999690e-09
5.021687099999999754e-09
5.029892199999999759e-09
5.035459800000000247e-09
5.037017399999999630e-09
5.038231500000000357e-09
5.041658199999999985e-09
5.042285899999999900e-09
5.044518700000000277e-09
5.044561499999999858e-09
5.045952699999999964e-09
5.049396800000000175e-09
5.050327799999999994e-09
5.057132400000000237e-09
5.057138199999999604e-09
5.062000000000000097e-09
5.063879799999999618e-09
5.064017999999999831e-09
5.065306700000000350e-09
5.074630100000000322e-09
5.075174700000000217e-09
5.075493500000000098e-09
5.086668399999999669e-09
5.087317299999999724e-09
5.090571299999999721e-09
5.094503199999999919e-09
5.099881599999999653e-09
5.101727700000000012e-09
5.107840299999999695e-09
5.108251300000000016e-09
5.111028300000000161e-09
5.111734700000000347e-09
5.112278099999999860e-09
5.115569400000000167e-09
5.115610400000000001e-09
5.117239799999999938e-09
5.117883499999999990e-09
5.119088899999999598e-09
5.119555900000000399e-09
5.120396200000000256e-09
5.127579399999999591e-09
5.130103900000000309e-09
5.142596999999999876e-09
5.161753800000000266e-09
5.163228499999999692e-09
5.163358699999999837e-09
5.166693199999999853e-09
5.180173899999999910e-09
5.183907599999999793e-09
5.186872400000000246e-09
5.188744299999999730e-09
5.190164099999999853e-09
5.191352499999999832e-09
5.193795300000000150e-09
5.200863299999999985e-09
5.207973400000000006e-09
5.210747500000000053e-09
5.213802300000000244e-09
5.217399100000000328e-09
5.217430500000000412e-09
5.218791199999999894e-09
5.218879299999999854e-09
5.220814399999999631e-09
5.230839800000000042e-09
5.235034599999999673e-09
5.235788099999999984e-09
5.235913800000000349e-09
5.241133099999999825e-09
5.242050000000000111e-09
5.248961100000000390e-09
5.249620499999999656e-09
5.251048699999999976e-09
5.251356899999999787e-09
5.257128700000000021e-09
5.257655199999999937e-09
5.262761199999999691e-09
5.267938099999999713e-09
5.272070900000000260e-09
5.272866099999999802e-09
5.286680699999999590e-09
5.295907300000000138e-09
5.300331600000000135e-09
5.302882100000000042e-09
5.305307299999999713e-09
5.306313000000000182e-09
5.308335199999999600e-09
5.309895599999999876e-09
5.312290599999999845e-09
5.320009600000000405e-09
5.321761699999999750e-09
5.327084499999999959e-09
5.327366999999999849e-09
5.328382600000000165e-09
5.336315300000000191e-09
5.340172799999999834e-09
5.344729399999999818e-09
5.349689400000000181e-09
5.350569000000000158e-09
5.350912999999999801e-09
5.352292500000000313e-09
5.358473400000000262e-09
5.363297500000000318e-09
5.381381999999999688e-09
5.383540400000000337e-09
5.383924999999999686e-09
5.386812400000000281e-09
5.387515700000000307e-09
5.392545899999999887e-09
5.395051699999999608e-09
5.395088899999999886e-09
5.399756999999999844e-09
5.405364199999999721e-09
5.405461800000000227e-09
5.405803700000000027e-09
5.413123399999999861e-09
5.417719099999999901e-09
5.420334299999999754e-09
5.422791299999999635e-09
5.424377199999999767e-09
5.428198800000000373e-09
5.428386299999999759e-09
5.429137500000000165e-09
5.434348100000000176e-09
5.434836600000000385e-09
5.435858300000000165e-09
5.438417400000000332e-09
5.443419900000000181e-09
5.446880299999999799e-09
5.452368999999999951e-09
5.455305699999999719e-09
5.459894500000000041e-09
5.466238299999999806e-09
5.466415700000000107e-09
5.467029599999999759e-09
5.467674900000000321e-09
5.470735099999999752e-09
5.475006599999999844e-09
5.477072199999999863e-09
5.484534899999999786e-09
5.485603899999999754e-09
5.490640199999999624e-09
5.493636100000000064e-09
5.498635799999999848e-09
5.498664399999999866e-09
5.511789199999999796e-09
5.517455100000000186e-09
5.520303299999999866e-09
5.528690600000000049e-09
5.528698800000000181e-09
5.529089699999999885e-09
5.529597200000000361e-09
5.531864300000000092e-09
5.532859299999999632e-09
5.539043399999999774e-09
5.546444699999999976e-09
5.546739000000000319e-09
5.551202400000000372e-09
5.551298500000000401e-09
5.552971300000000110e-09
5.557808700000000269e-09
5.558868399999999754e-09
5.560376299999999838e-09
5.562110099999999967e-09
5.562411700000000155e-09
5.566400700000000357e-09
5.569965900000000294e-09
5.575481199999999827e-09
5.576671500000000412e-09
5.577051199999999854e-09
5.577192900000000356e-09
5.579596499999999758e-09
5.579874699999999932e-09
5.584328400000000202e-09
5.588465899999999765e-09
5.591498999999999656e-09
5.594767300000000076e-09
5.601540000000000077e-09
5.606718799999999877e-09
5.621151999999999988e-09
5.624268900000000122e-09
5.625292399999999648e-09
5.631454800000000318e-09
5.634459300000000191e-09
5.642060100000000295e-09
5.643390700000000109e-09
5.649047099999999953e-09
5.649266500000000408e-09
5.652266100000000374e-09
5.654225499999999626e-09
5.666161200000000180e-09
5.669574000000000340e-09
5.670946800000000371e-09
5.675779099999999732e-09
5.678167500000000079e-09
5.687404399999999775e-09
5.689478500000000021e-09
5.693452999999999736e-09
5.695393899999999709e-09
5.696125399999999625e-09
5.697688199999999838e-09
5.703232300000000280e-09
5.705524000000000407e-09
5.706774500000000330e-09
5.708749899999999719e-09
5.718385599999999982e-09
5.720051800000000069e-09
5.722133500000000256e-09
5.733756000000000233e-09
5.734578200000000111e-09
5.738852200000000173e-09
5.739777499999999828e-09
5.749680500000000099e-09
5.749718199999999709e-09
5.750962700000000200e-09
5.754657900000000219e-09
5.758793600000000035e-09
5.759963900000000035e-09
5.768536999999999888e-09
5.771276200000000391e-09
5.775645000000000066e-09
5.776431800000000240e-09
5.781492000000000284e-09
5.789946200000000286e-09
5.793137700000000212e-09
5.797165300000000311e-09
5.799438400000000300e-09
5.800596499999999719e-09
5.803393399999999590e-09
5.804823899999999816e-09
5.807146299999999803e-09
5.807249699999999677e-09
5.812301500000000352e-09
5.815579000000000396e-09
5.821244699999999896e-09
5.823794799999999676e-09
5.824456000000000344e-09
5.827845100000000394e-09
5.829496699999999962e-09
5.834828599999999763e-09
5.836932999999999741e-09
5.842053199999999887e-09
5.846202399999999871e-09
5.847285000000000038e-09
5.850968999999999795e-09
5.853117599999999802e-09
5.854044299999999903e-09
5.858052999999999768e-09
5.860061899999999910e-09
5.866602699999999606e-09
5.869199200000000115e-09
5.871173299999999917e-09
5.874371000000000166e-09
5.878012599999999642e-09
5.880339700000000300e-09
5.887021900000000404e-09
5.889957599999999852e-09
5.892720999999999797e-09
5.894679799999999685e-09
5.896664799999999653e-09
5.898420700000000209e-09
5.899251400000000315e-09
5.901287500000000028e-09
5.901495100000000031e-09
5.902134999999999699e-09
5.902763599999999901e-09
5.910785800000000332e-09
5.910874699999999720e-09
5.911067499999999968e-09
5.911320100000000253e-09
5.915161099999999599e-09
5.916051100000000409e-09
5.921394099999999612e-09
5.922249400000000115e-09
5.925253799999999956e-09
5.925736299999999908e-09
5.927187200000000019e-09
5.928262999999999673e-09
5.932774500000000170e-09
5.938738799999999729e-09
5.952293700000000278e-09
5.954573399999999889e-09
5.955615899999999681e-09
5.955926000000000098e-09
5.959999399999999907e-09
5.960735599999999667e-09
5.961000000000000405e-09
5.962328400000000344e-09
5.965818700000000394e-09
5.967334000000000354e-09
5.969317799999999940e-09
5.970091099999999946e-09
5.976473599999999639e-09
5.987379300000000250e-09
5.989061799999999742e-09
5.989320100000000190e-09
5.996552500000000319e-09
6.002589099999999765e-09
6.003697900000000012e-09
6.007194499999999588e-09
6.010086199999999900e-09
6.010180100000000054e-09
6.013914100000000033e-09
6.015230400000000251e-09
6.017102799999999894e-09
6.020257799999999766e-09
6.021916199999999848e-09
6.026117499999999896e-09
6.029313599999999634e-09
6.031295300000000205e-09
6.033473699999999784e-09
6.033654300000000279e-09
6.036471500000000003e-09
6.041417400000000008e-09
6.044731300000000074e-09
6.045903099999999725e-09
6.050328300000000008e-09
6.051087499999999656e-09
6.052325499999999729e-09
6.053808100000000020e-09
6.056870200000000056e-09
6.057442399999999650e-09
6.063943699999999990e-09
6.064749300000000366e-09
6.068548699999999686e-09
6.074584899999999831e-09
6.075325200000000071e-09
6.076455299999999664e-09
6.082162399999999953e-09
6.087953499999999723e-09
6.091922100000000039e-09
6.095581400000000194e-09
6.096222500000000245e-09
6.098374200000000412e-09
6.101625600000000408e-09
6.103540000000000204e-09
6.108333699999999668e-09
6.112589199999999623e-09
6.115218999999999994e-09
6.118827599999999704e-09
6.124616000000000267e-09
6.125048499999999996e-09
6.129616000000000146e-09
6.130626399999999632e-09
6.132951100000000353e-09
6.135390100000000286e-09
6.136439899999999924e-09
6.139313800000000352e-09
6.141613899999999849e-09
6.150443999999999735e-09
6.151845599999999848e-09
6.155209200000000041e-09
6.155595800000000028e-09
6.156547299999999763e-09
6.159321099999999715e-09
6.162821200000000407e-09
6.162846200000000104e-09
6.164341000000000148e-09
6.166385600000000089e-09
6.167787300000000233e-09
6.170524500000000098e-09
6.173281000000000326e-09
6.174275499999999706e-09
6.176650299999999854e-09
6.177032800000000189e-09
6.178165799999999879e-09
6.179860900000000079e-09
6.182491799999999973e-09
6.183150499999999844e-09
6.183956400000000316e-09
6.184560300000000088e-09
6.189189600000000086e-09
6.191614599999999693e-09
6.193028100000000289e-09
6.194368299999999854e-09
6.205561300000000231e-09
6.211541199999999800e-09
6.213523199999999639e-09
6.220219300000000037e-09
6.221214599999999673e-09
6.227374600000000405e-09
6.231401900000000408e-09
6.239586899999999796e-09
6.244687700000000374e-09
6.247172700000000082e-09
6.260015999999999613e-09
6.268131700000000071e-09
6.273732999999999722e-09
6.282866500000000371e-09
6.289361100000000230e-09
6.289881399999999823e-09
6.290270599999999812e-09
6.294545400000000129e-09
6.297650199999999715e-09
6.300205300000000261e-09
6.300706599999999588e-09
6.303765800000000355e-09
6.308375699999999958e-09
6.308792300000000410e-09
6.309137799999999703e-09
6.309711799999999871e-09
6.311367800000000015e-09
6.312774400000000067e-09
6.313105599999999764e-09
6.314905400000000253e-09
6.320689600000000304e-09
6.327280400000000223e-09
6.328016499999999951e-09
6.332900900000000204e-09
6.337293199999999926e-09
6.341627500000000185e-09
6.343298300000000084e-09
6.343890500000000263e-09
6.354729500000000291e-09
6.355378400000000347e-09
6.362150400000000124e-09
6.369971100000000016e-09
6.370071799999999857e-09
6.370621499999999723e-09
6.370918800000000195e-09
6.371083399999999725e-09
6.373494699999999928e-09
6.377658000000000270e-09
6.388250600000000336e-09
6.390340599999999860e-09
6.394493900000000324e-09
6.394659700000000237e-09
6.394704000000000296e-09
6.395729999999999792e-09
6.396175999999999689e-09
6.398246300000000378e-09
6.398398300000000028e-09
6.399294000000000174e-09
6.404020999999999883e-09
6.410137299999999919e-09
6.411324700000000406e-09
6.416561699999999734e-09
6.419534999999999587e-09
6.420481800000000306e-09
6.422462499999999730e-09
6.424552199999999986e-09
6.429089499999999608e-09
6.431445000000000221e-09
6.434327099999999954e-09
6.438004300000000025e-09
6.440059600000000069e-09
6.444589299999999750e-09
6.444736200000000255e-09
6.446621099999999747e-09
6.446660900000000026e-09
6.447456799999999792e-09
6.450545900000000163e-09
6.455179299999999813e-09
6.457915000000000027e-09
6.466072999999999908e-09
6.467424499999999766e-09
6.476083399999999673e-09
6.477555800000000020e-09
6.480750800000000235e-09
6.481927799999999889e-09
6.482104199999999872e-09
6.483663899999999924e-09
6.486510299999999857e-09
6.492377299999999833e-09
6.493697100000000340e-09
6.499643199999999888e-09
6.501466000000000263e-09
6.503567200000000049e-09
6.504666099999999622e-09
6.508574199999999678e-09
6.508574999999999933e-09
6.510180999999999855e-09
6.515137800000000026e-09
