# time Ni NiV
0.000000000000000000e+00 3.978245784390520468e-13 7.596772936643991538e-14
1.320000000000000030e-12 1.691845393803753260e-03 4.801433742982854783e-07
3.894999999999999862e-12 3.814471038953509089e-03 3.748721003951248975e-07
4.168999999999999704e-12 5.902689987652859696e-03 3.392646993424934122e-07
5.858000000000000282e-12 3.814471031106725970e-03 3.748733812948298849e-07
6.387000000000000149e-12 6.069244642391682931e-03 3.053223632260207687e-07
8.398000000000000365e-12 8.131274724275560500e-03 1.196862307326649457e-06
1.035000000000000013e-11 1.016212017251984061e-02 1.844330754705995643e-06
1.106000000000000013e-11 1.235615311531119455e-02 2.957802048993167406e-06
1.172999999999999950e-11 1.428992869551728995e-02 1.729183704881229857e-06
1.454999999999999919e-11 1.235726919501113109e-02 2.946722990066759595e-06
1.502000000000000022e-11 1.428992873615027477e-02 1.729125014556745642e-06
1.546000000000000077e-11 1.663388176103861027e-02 1.379558292135537763e-06
1.579000000000000118e-11 2.245410120644075747e-02 2.218625855342144673e-06
1.579999999999999972e-11 2.834031554415248136e-02 3.122694773373701799e-06
1.988999999999999865e-11 2.765133434825755090e-02 1.854827123627542609e-06
2.096999999999999971e-11 2.932803959907123725e-02 2.310074965111006894e-06
2.602000000000000101e-11 3.112894711910693668e-02 5.946986605400561447e-06
2.691000000000000065e-11 2.932809955583841680e-02 2.310074965111006894e-06
2.777999999999999997e-11 3.127220304963081177e-02 6.123798542323397743e-06
2.782000000000000061e-11 2.932814075403310239e-02 2.310327426061946797e-06
2.993000000000000030e-11 3.141178222457864655e-02 1.399894876016923271e-06
3.023000000000000185e-11 3.713011761270948452e-02 5.938662469717436176e-07
3.034999999999999730e-11 3.141178238312947874e-02 1.399939521751280992e-06
3.068999999999999949e-11 2.933932523245902022e-02 3.544891570905914712e-06
3.260999999999999777e-11 3.110602106550046375e-02 6.867821167459241719e-06
3.387999999999999700e-11 2.933936260123268941e-02 3.546581406049526178e-06
3.545999999999999956e-11 3.110602141529755088e-02 6.867872438038349520e-06
3.559999999999999856e-11 3.334357519343863346e-02 1.532553170917016192e-05
3.573000000000000224e-11 3.539186281143891916e-02 1.380766028421440806e-05
3.707000000000000098e-11 3.772028362088301889e-02 8.548437717743368494e-06
3.738999999999999961e-11 4.033647247293266347e-02 3.664210088122960982e-06
3.791000000000000144e-11 4.180105754397198808e-02 8.788816942586555359e-07
3.882000000000000140e-11 4.349397870386972897e-02 1.278035239556745772e-06
3.951000000000000108e-11 4.613206380515773308e-02 5.571726806217977144e-07
4.039000000000000218e-11 4.871937671773435286e-02 3.040964922628474625e-07
4.072999999999999790e-11 4.613206381117539168e-02 5.571726806217977144e-07
4.076000000000000323e-11 4.874902739909117710e-02 1.129470001692283487e-06
4.095999999999999995e-11 5.401957635077855868e-02 5.189836986089116305e-07
4.124999999999999973e-11 5.269234100542347088e-02 4.059445190963370665e-06
4.148000000000000177e-11 5.038611009785072536e-02 7.871859259307560508e-07
4.244999999999999946e-11 5.293949530019587124e-02 2.324013140234436139e-07
4.254000000000000251e-11 5.519650695076565999e-02 8.005045980902910169e-07
4.327999999999999814e-11 6.016033136724547453e-02 1.944984467908187979e-06
4.483000000000000184e-11 5.926120072710459180e-02 2.646819383333496265e-06
4.491000000000000311e-11 6.123332211407887110e-02 4.565487384609938824e-06
4.498000000000000261e-11 5.898481902479509043e-02 4.420091270774724422e-06
4.550999999999999975e-11 6.450704347913233105e-02 2.549055959733736668e-06
4.579999999999999952e-11 6.387997756426312679e-02 7.100823050434719145e-07
4.597999999999999916e-11 6.462160109305778444e-02 2.187946803415617995e-07
4.648999999999999921e-11 5.956182341571589905e-02 7.791798917680380141e-07
4.673999999999999835e-11 6.149308231004820685e-02 1.648252097061001132e-06
4.761999999999999944e-11 6.335745815506246825e-02 4.755812720717815359e-06
4.863999999999999954e-11 6.149326109619330377e-02 1.643950814628882512e-06
4.866999999999999840e-11 6.335745886451411846e-02 4.755609557936438638e-06
4.883000000000000095e-11 6.527134949994681246e-02 5.634314229908399896e-06
4.894000000000000109e-11 6.335741889467506882e-02 4.751418361630963262e-06
4.908000000000000009e-11 6.527133031416848530e-02 5.634155682696009674e-06
4.917000000000000314e-11 6.335624523939242803e-02 4.716468016430475369e-06
4.968999999999999850e-11 6.150240988204300208e-02 6.410354746978166799e-06
5.085999999999999937e-11 5.956411940109535008e-02 6.840471601510188047e-06
5.095000000000000242e-11 5.730206884758941993e-02 5.738285864117820740e-06
5.448999999999999743e-11 5.496492146467273077e-02 4.598023764545431703e-06
5.451000000000000098e-11 5.595307533086581880e-02 1.919078565297314956e-06
5.503999999999999812e-11 5.496757234713327278e-02 4.493149157740203176e-06
5.525999999999999839e-11 5.729909426652723958e-02 3.817690374353549767e-06
5.642999999999999926e-11 6.243526727250287012e-02 3.641654222161156453e-06
5.681000000000000209e-11 5.729914182058550021e-02 3.817494316052730771e-06
5.711999999999999895e-11 5.496386761444797819e-02 3.474997934994565862e-06
5.733999999999999922e-11 5.729908611261836510e-02 3.809641334221257004e-06
5.735000000000000100e-11 5.496387253685401653e-02 3.474797730392796479e-06
5.788999999999999991e-11 5.729914948591920826e-02 3.804047426173447579e-06
5.816000000000000259e-11 5.955620161750452973e-02 4.544591023223506390e-06
5.916000000000000560e-11 6.151860900570189916e-02 6.252573800588915649e-06
5.919000000000000447e-11 6.368075559132817254e-02 7.402441627985505016e-06
5.953999999999999550e-11 6.151866494522216511e-02 6.244497271322355374e-06
5.982000000000000643e-11 6.308845993413260411e-02 6.866699245136286284e-06
5.988000000000000415e-11 6.488806756190586278e-02 5.702357279170833376e-06
6.071000000000000284e-11 7.096195547756656286e-02 4.508159891186263152e-06
6.113999999999999515e-11 7.384714975822230520e-02 2.153782424819902705e-06
6.156000000000000507e-11 7.544753180564496564e-02 1.454258201736531027e-06
6.248000000000000034e-11 7.746713914472670715e-02 1.421200010777829592e-06
6.292000000000000089e-11 7.544746153416823087e-02 1.454203312488743869e-06
6.328999999999999548e-11 7.746713910616129239e-02 1.421160383152461498e-06
6.430000000000000026e-11 7.946965496088127801e-02 1.054909603983853389e-06
6.469999999999999371e-11 8.655498747086042000e-02 9.997489573233971434e-07
6.491999999999999398e-11 9.536059019401268988e-02 5.851222631431451712e-07
6.824999999999999696e-11 9.437687227511835919e-02 1.089280168417947389e-06
6.873999999999999992e-11 9.667102198908607280e-02 3.288104980134295990e-06
6.943999999999999492e-11 9.437681473774270358e-02 1.089683345660611754e-06
6.967000000000000343e-11 9.745414318843828583e-02 2.669665789144543976e-06
6.992000000000000257e-11 1.106342963268049234e-01 1.906123949160844360e-06
7.110000000000000521e-11 1.044771065000818649e-01 7.376197629809035866e-07
7.160999999999999880e-11 1.035166114327455561e-01 6.618449573823937497e-07
7.274999999999999435e-11 1.054618694933442125e-01 1.638898624260166146e-06
7.284999999999999917e-11 1.079587290698364177e-01 2.803925017719106797e-06
7.365999999999999431e-11 1.104592439555189404e-01 3.755010630164284437e-06
7.400999999999999827e-11 1.121855801848422179e-01 9.667473127440651750e-06
7.428000000000000095e-11 1.104594096815798843e-01 3.755269169764867084e-06
7.502999999999999836e-11 1.079707267487902272e-01 7.753430067607880894e-06
7.508999999999999609e-11 1.054704196967365393e-01 1.373164503246369362e-05
7.555000000000000019e-11 1.077132842773682736e-01 1.376338485445571952e-05
7.635999999999999532e-11 1.133900409326087100e-01 1.011440993512137922e-05
7.853999999999999451e-11 1.113830997062448952e-01 3.513799967619935914e-06
8.039000000000000622e-11 1.133900170659703360e-01 1.010481263070134887e-05
8.046999999999999457e-11 1.188820707447170305e-01 3.500223964573824235e-06
8.120000000000000136e-11 1.224077098157873161e-01 3.169503835793353439e-06
8.134999999999999567e-11 1.245358670737325424e-01 8.276552444803602555e-06
8.227000000000000386e-11 1.269936179134359411e-01 1.612119006840630295e-05
8.415999999999999682e-11 1.289884104487837579e-01 1.406237445022715274e-05
8.472000000000000574e-11 1.307452939149029991e-01 8.613386866658124256e-06
8.486000000000000474e-11 1.328668046373940592e-01 4.013875659642912112e-06
8.495000000000000133e-11 1.351579674588535562e-01 1.650237731992702775e-06
8.500999999999999906e-11 1.328668044031842410e-01 4.013716483416394592e-06
8.550000000000000202e-11 1.348544599738780159e-01 1.599946675979661722e-06
8.605000000000000270e-11 1.328668046547938630e-01 4.013716483416394592e-06
8.619000000000000170e-11 1.390710965902559326e-01 4.668051249833877585e-06
8.622000000000000056e-11 1.328664291475979697e-01 4.014362421149667336e-06
8.638999999999999843e-11 1.348559842265080189e-01 1.713196828583294095e-06
8.682000000000000366e-11 1.328664292263010693e-01 4.014291510485950167e-06
8.687000000000000607e-11 1.348564615673225886e-01 1.713550542046266364e-06
8.779999999999999666e-11 1.371530488808908044e-01 1.397821064074162553e-06
8.881999999999999676e-11 1.391887944806282085e-01 1.196855880562800634e-06
8.892000000000000158e-11 1.414988095738064500e-01 1.565162119239731690e-06
8.894000000000000513e-11 1.439072149556441527e-01 2.219084538480929730e-06
8.922999999999999844e-11 1.461142725101139683e-01 2.965208239250045322e-06
8.928000000000000085e-11 1.480652978097204142e-01 4.814857617660970455e-06
9.134000000000000460e-11 1.503913180645924941e-01 8.521900135532673454e-06
9.153000000000000601e-11 1.518867382549749234e-01 9.031999027265045135e-06
9.167000000000000501e-11 1.542478100236178984e-01 8.186016847773035170e-06
9.244000000000000597e-11 1.568519553392334343e-01 8.276217997925399181e-06
9.410000000000000334e-11 1.542478100225365967e-01 8.185881196885251736e-06
9.553000000000000512e-11 1.518390414758785389e-01 8.557128170528026894e-06
9.570000000000000298e-11 1.500493204430475291e-01 8.764647607347260974e-06
9.903000000000000596e-11 1.518389692797409707e-01 8.556504798488995492e-06
9.948999999999999713e-11 1.503780393244799618e-01 1.049456396061996882e-05
9.961000000000000551e-11 1.518389643408372680e-01 8.556566767712901674e-06
1.002000000000000004e-10 1.542415483171431789e-01 8.793931891973087069e-06
1.011999999999999969e-10 1.568497936646561230e-01 8.482837072356455316e-06
1.013000000000000017e-10 1.542415482393533210e-01 8.793367529185957410e-06
1.016999999999999952e-10 1.518847017623795592e-01 8.253297928646007817e-06
1.040000000000000028e-10 1.542415486051082196e-01 8.793265789955966084e-06
1.040000000000000028e-10 1.568499513515308474e-01 8.253597066399561747e-06
1.043999999999999962e-10 1.620980611701028362e-01 9.177628326636206091e-06
1.051000000000000041e-10 1.650902452843066581e-01 9.305216026563348672e-06
1.062000000000000055e-10 1.677542894757173275e-01 7.891942237258961260e-06
1.067000000000000038e-10 1.695759362641972301e-01 5.829989851631735605e-06
1.067999999999999957e-10 1.677543363190077685e-01 7.885459123518090440e-06
1.070000000000000053e-10 1.651118619199669069e-01 8.078332443899472192e-06
1.083999999999999953e-10 1.670929616133433049e-01 7.464265108054646229e-06
1.091000000000000032e-10 1.694418656156757297e-01 7.727230461859972818e-06
1.100999999999999998e-10 1.717307247156704408e-01 8.941412301745143461e-06
1.105000000000000062e-10 1.765430423922518255e-01 9.750283235617849460e-06
1.105000000000000062e-10 1.759191162239908957e-01 8.329112229998475458e-06
1.107000000000000029e-10 1.724349364396525475e-01 5.993173710150753431e-06
1.107999999999999948e-10 1.753319963484438748e-01 4.770610129052164007e-06
1.110000000000000044e-10 1.724346550078186824e-01 5.985318600040129695e-06
1.110000000000000044e-10 1.711335141473578902e-01 5.736040028446690183e-06
1.110999999999999963e-10 1.724346504460108620e-01 5.985184475128576641e-06
1.123999999999999944e-10 1.708594369999220375e-01 2.242519867952181381e-06
1.129999999999999975e-10 1.737646804309818938e-01 1.882562548905450555e-06
1.129999999999999975e-10 1.759322539760983795e-01 2.481987547080686613e-06
1.147999999999999939e-10 1.766577416841068893e-01 3.901771626658390927e-06
1.153999999999999970e-10 1.718378361051845493e-01 6.853906987917693888e-06
1.176999999999999916e-10 1.692387553793680277e-01 8.669172026356978543e-06
1.183999999999999996e-10 1.748716672742942069e-01 9.395038901613213336e-07
1.186000000000000092e-10 1.692390502377103256e-01 8.663341442056343686e-06
1.190000000000000027e-10 1.718403106557123139e-01 9.357704423932706783e-06
1.196000000000000058e-10 1.766506477164326849e-01 9.784278514112461681e-06
1.217000000000000037e-10 1.759286483519842959e-01 8.051898301958120916e-06
1.220999999999999971e-10 1.764150270594284919e-01 5.838026767957060890e-06
1.239000000000000064e-10 1.753682774860413629e-01 5.661586739939459910e-06
1.260000000000000043e-10 1.734492116279551521e-01 4.563228052505202108e-06
1.268999999999999961e-10 1.793561935921834938e-01 1.865387405887436961e-06
1.268999999999999961e-10 1.804948825931591283e-01 2.815131846219531520e-06
1.271000000000000057e-10 1.788551947016183141e-01 2.225440769200436250e-06
1.279999999999999974e-10 1.804948695203866527e-01 2.814427970541840337e-06
1.283000000000000119e-10 1.866158016550447107e-01 2.213173797553951468e-06
1.288000000000000102e-10 1.804948297375906785e-01 2.814354693609690480e-06
1.315999999999999902e-10 1.793270791900690719e-01 3.208956507682813579e-06
1.315999999999999902e-10 1.780293374463605971e-01 3.832231754835214417e-06
1.326999999999999915e-10 1.799534496305401909e-01 4.874941065979860314e-06
1.331000000000000108e-10 1.826344747532997748e-01 6.345556112806259220e-06
1.336000000000000091e-10 1.914460907417360191e-01 6.679167720342932453e-06
1.342000000000000122e-10 1.976924493270750816e-01 6.465523720529254816e-06
1.351000000000000039e-10 1.914460912129469783e-01 6.679010011726397585e-06
1.354999999999999974e-10 1.937807878691728547e-01 4.505430556562404019e-06
1.370999999999999970e-10 1.993186074347900183e-01 1.991023786884023901e-06
1.374000000000000115e-10 2.014426612258357618e-01 1.587150549734512562e-06
1.378000000000000049e-10 1.997863594810921073e-01 1.464532023387673353e-06
1.379000000000000098e-10 2.014427154452522462e-01 1.587150549734512562e-06
1.381999999999999984e-10 1.993426718373041417e-01 1.566483177432851431e-06
1.402999999999999963e-10 1.866496293797165751e-01 2.084948323431920519e-06
1.404000000000000011e-10 1.828835843781163317e-01 2.015136856364694119e-06
1.420000000000000008e-10 1.857018121372259190e-01 4.023996293579414509e-06
1.426000000000000039e-10 1.880412614721201081e-01 9.012892076255245102e-06
1.427000000000000087e-10 1.901378400413399061e-01 1.685059992622651442e-05
1.437000000000000052e-10 1.922760993297127075e-01 1.487118437210228058e-05
1.439999999999999939e-10 1.901378398943530668e-01 1.685087780728147959e-05
1.453000000000000049e-10 1.923271665927653584e-01 2.592166178069657892e-05
1.463000000000000014e-10 1.945694280673820886e-01 2.414373867002208348e-05
1.474000000000000028e-10 1.969007377407099302e-01 1.678747230416347832e-05
1.475000000000000076e-10 1.994613018386482972e-01 9.428404662705325591e-06
1.481000000000000107e-10 2.008305123340518861e-01 1.117137313238938172e-05
1.481999999999999897e-10 2.034435717637705920e-01 7.744021977472443095e-06
1.486000000000000090e-10 2.167725343250175019e-01 3.485114729889768995e-06
1.497999999999999894e-10 2.108383291016839578e-01 8.649269103648497716e-07
1.502999999999999876e-10 2.167725344157691580e-01 3.485085780665270661e-06
1.504999999999999973e-10 2.236761948640502151e-01 4.741221323667131595e-06
1.508999999999999907e-10 2.231733215250710223e-01 9.418609484657660956e-06
1.513000000000000100e-10 2.398235655700240720e-01 7.206306096492005890e-06
1.513000000000000100e-10 2.460021656839475879e-01 3.258039848653934953e-06
1.514999999999999938e-10 2.398235557766495163e-01 7.206647697199969522e-06
1.518999999999999873e-10 2.346750719742085323e-01 3.285825095525538234e-06
1.519999999999999921e-10 2.360717139107229579e-01 8.348911966371681246e-07
1.530999999999999935e-10 2.348597433813391644e-01 5.199655306629405017e-07
1.531999999999999983e-10 2.408601570734618669e-01 1.510122183191090477e-06
1.533000000000000031e-10 2.405713189025764642e-01 3.037399577263213769e-06
1.536999999999999966e-10 2.414366478825564488e-01 3.384819030126150284e-06
1.538000000000000014e-10 2.438851006299489754e-01 3.510869002632016728e-06
1.539000000000000062e-10 2.457563073686736266e-01 4.446028096838431047e-06
1.540000000000000110e-10 2.480889619460674989e-01 6.929195365944729195e-07
1.544000000000000045e-10 2.504807244971132829e-01 1.289230293783573201e-06
1.546999999999999931e-10 2.480889620206854218e-01 6.929184255239870661e-07
1.550000000000000076e-10 2.499789814661214915e-01 9.498507715944728584e-07
1.561999999999999879e-10 2.523862648883281046e-01 1.241847713261915804e-06
1.572000000000000103e-10 2.574075623693538040e-01 1.979160369082441039e-06
1.572999999999999893e-10 2.575030558331677932e-01 2.900196375924810340e-06
1.573999999999999941e-10 2.577897273679409795e-01 3.225450537331416791e-06
1.577000000000000086e-10 2.519426222430302120e-01 5.074937964185555663e-06
1.586000000000000003e-10 2.577899287841265985e-01 3.225392420849021882e-06
1.594999999999999920e-10 2.605522268260429541e-01 3.806055568454185041e-06
1.602000000000000000e-10 2.668483577532011486e-01 1.032581057237230498e-06
1.603000000000000048e-10 2.650484994496561386e-01 1.092963121161310337e-06
1.610999999999999917e-10 2.667639805240364370e-01 1.030314192479428409e-06
1.613000000000000013e-10 2.693006367833709058e-01 1.509277403320135231e-06
1.614000000000000062e-10 2.713057440165512757e-01 1.263017446042539678e-06
1.624000000000000027e-10 2.693007923755835753e-01 1.505134283683434626e-06
1.624000000000000027e-10 2.713057418735850268e-01 1.263017446042539678e-06
1.635000000000000041e-10 2.735737124314153168e-01 1.089771791724887814e-06
1.638999999999999975e-10 2.789428980361959298e-01 1.639919473622884713e-06
1.652000000000000086e-10 2.770149479994009067e-01 2.635853734026203944e-06
1.656000000000000020e-10 2.792815191644739681e-01 4.443329825790886063e-06
1.657000000000000068e-10 2.735442203401997063e-01 5.279493649712775853e-06
1.658999999999999906e-10 2.751859371527897169e-01 4.414135994985250651e-06
1.678000000000000047e-10 2.735440173080285198e-01 5.270151974957302681e-06
1.702999999999999961e-10 2.792906292297351878e-01 7.048304189215152065e-06
1.705000000000000058e-10 2.735440173132966390e-01 5.270017590945506467e-06
1.726000000000000037e-10 2.751863329835924632e-01 4.334033041562643572e-06
1.727999999999999875e-10 2.735124765362589860e-01 3.875010485399784285e-06
1.732000000000000068e-10 2.751863329931375501e-01 4.334033041562643572e-06
1.739999999999999937e-10 2.776515813616031170e-01 1.983104580024840307e-06
1.748000000000000064e-10 2.795734684753942156e-01 2.105560294302901917e-06
1.748000000000000064e-10 2.814984753387751448e-01 7.583460917118459149e-06
1.748000000000000064e-10 2.838090773601264494e-01 1.027824315165114096e-05
1.758000000000000030e-10 2.859149113788764796e-01 2.099363306929126461e-05
1.763000000000000012e-10 2.838091826167161158e-01 1.027901641272162464e-05
1.769000000000000043e-10 2.859602988883374608e-01 1.048957836108445520e-05
1.780000000000000057e-10 2.882770784901849681e-01 7.423251498162552151e-06
1.782999999999999943e-10 2.904259235502019698e-01 4.527538283726128649e-06
1.786999999999999878e-10 2.922456791850076008e-01 4.310076910940070967e-06
1.801000000000000036e-10 2.942568544959717758e-01 3.748945927914918467e-06
1.802999999999999874e-10 2.964192956956417935e-01 2.827270969337835761e-06
1.809999999999999953e-10 2.952372912877538891e-01 3.063306599161620527e-06
1.814999999999999936e-10 3.007379259259682081e-01 1.358638431864617108e-06
1.824999999999999902e-10 3.029763154356228672e-01 1.352228886312684451e-06
1.828000000000000046e-10 3.051523173485619633e-01 3.217752238571651620e-06
1.828000000000000046e-10 3.029767094893452417e-01 1.352595664480670785e-06
1.833000000000000029e-10 3.051336376992364041e-01 3.234888180739790152e-06
1.835999999999999915e-10 3.073075555468012254e-01 8.119817460928426014e-06
1.856999999999999895e-10 3.093363468195854393e-01 1.634533436700511932e-05
1.861999999999999877e-10 3.113803339551139415e-01 2.600553333526239364e-05
1.871000000000000053e-10 3.093363875340366387e-01 1.634583969394891168e-05
1.882000000000000067e-10 3.115291334135701362e-01 2.008895649394892667e-05
1.886000000000000001e-10 3.136617344828280252e-01 3.298112560285671661e-05
1.910999999999999915e-10 3.115291495737542160e-01 2.008910027478964181e-05
1.927999999999999960e-10 3.136638711942398849e-01 2.239213378680717564e-05
1.931000000000000104e-10 3.115291413815651222e-01 2.008927873129406116e-05
1.946000000000000053e-10 3.136636389055670882e-01 2.238982821617528012e-05
1.958999999999999904e-10 3.115291336885444018e-01 2.008950756560472299e-05
1.962000000000000049e-10 3.136535844835595110e-01 2.229152989876726423e-05
1.978000000000000045e-10 3.159789039812413991e-01 1.684642215173186671e-05
1.996999999999999928e-10 3.182266758010046104e-01 9.877654095364843688e-06
2.004000000000000007e-10 3.205155639411131907e-01 4.164538313138485720e-06
2.008999999999999990e-10 3.224576358634066997e-01 1.233966680525539268e-06
2.015000000000000021e-10 3.318461323086339121e-01 8.041475999503180636e-07
2.018999999999999956e-10 3.224576432442303742e-01 1.233975586282409591e-06
2.021000000000000052e-10 3.244114926910554586e-01 1.610128551091445641e-06
2.032000000000000066e-10 3.267558768246202616e-01 3.743221611603787264e-06
2.038000000000000097e-10 3.325967261673221098e-01 2.778845448157895077e-06
2.047000000000000014e-10 3.351885492289396473e-01 1.092609304666977464e-06
2.049999999999999900e-10 3.372086125914232624e-01 8.572166362552397421e-07
2.055999999999999931e-10 3.434371981806997876e-01 1.160755993138487871e-06
2.058000000000000028e-10 3.531410608156940745e-01 1.229601429740723795e-06
2.059000000000000076e-10 3.565586128054038517e-01 2.033805815090825157e-06
2.063000000000000010e-10 3.552407436286783016e-01 2.927103824589815511e-06
2.063000000000000010e-10 3.602494201478936287e-01 3.391559227206000814e-06
2.069000000000000041e-10 3.543538634607710236e-01 3.495078128736379599e-06
2.075000000000000072e-10 3.606408988911061764e-01 3.463451757538229062e-06
2.080000000000000055e-10 3.628456953015001818e-01 5.265039747405979362e-06
2.086000000000000086e-10 3.606395049216643556e-01 3.455424559996890680e-06
2.090000000000000021e-10 3.628457098411180803e-01 5.264912750060845834e-06
2.101000000000000034e-10 3.606395545752772436e-01 3.446506120768602484e-06
2.102999999999999872e-10 3.621784287875389752e-01 7.456296383494667862e-07
2.102999999999999872e-10 3.728147514401461970e-01 2.189585331260530829e-06
2.104999999999999969e-10 3.710292887953022256e-01 4.314808773184699900e-06
2.106000000000000017e-10 3.729999451143463096e-01 8.828279449943856566e-06
2.108999999999999903e-10 3.751683016952599981e-01 3.693729304421157373e-06
2.114999999999999934e-10 3.773523802432427465e-01 5.935769062981315402e-06
2.118000000000000079e-10 3.792469200967445997e-01 2.705592725761178278e-06
2.141999999999999944e-10 3.810363859255653241e-01 2.989247478988099263e-06
2.146999999999999927e-10 3.792469152434563839e-01 2.705617006582538064e-06
2.151000000000000120e-10 3.810361355655105253e-01 2.986793145501877979e-06
2.156000000000000103e-10 3.792469163941643573e-01 2.705637149479902988e-06
2.156999999999999893e-10 3.810362308474828374e-01 2.985378127508536768e-06
2.170000000000000003e-10 3.792469171319484134e-01 2.705637149479902988e-06
2.189999999999999934e-10 3.773775930448238225e-01 2.974587873192572752e-06
2.209000000000000075e-10 3.792241995566740242e-01 2.992975869510805761e-06
2.209000000000000075e-10 3.813724020830246420e-01 2.725229563948989835e-06
2.209000000000000075e-10 3.871287261670685043e-01 3.181799833050316192e-06
2.224000000000000023e-10 3.899032670975408621e-01 2.873202034261199807e-06
2.230000000000000054e-10 3.923241882576203321e-01 2.263359658118303599e-06
2.235000000000000037e-10 3.944711425741115329e-01 1.638985136438441378e-06
2.236000000000000085e-10 3.923249692103482067e-01 2.259866214790404351e-06
2.236999999999999875e-10 3.899290206788821878e-01 2.976788307207968680e-06
2.237999999999999923e-10 3.924159913612728090e-01 2.267096594883557006e-06
2.241000000000000068e-10 3.944833972190748272e-01 1.663739346226518478e-06
2.252999999999999871e-10 3.963542023325243302e-01 2.503436847346685476e-06
2.259999999999999951e-10 3.983013945334750172e-01 2.888423094321497575e-06
2.269000000000000126e-10 3.955628306342521827e-01 3.125099017138509878e-06
2.269999999999999916e-10 3.947350251067937577e-01 2.924408733387776053e-06
2.272000000000000012e-10 3.964631685503519631e-01 2.640906711300262045e-06
2.279000000000000092e-10 3.983627765876464055e-01 1.988362150693843243e-06
2.296999999999999926e-10 4.002579600146096150e-01 2.925050609581309860e-06
2.310000000000000036e-10 3.992120683093057787e-01 3.202965451167174032e-06
2.315000000000000019e-10 3.997996297010017464e-01 3.126345731987016165e-06
2.322999999999999888e-10 4.022025838201098158e-01 1.697571279254370936e-06
2.324999999999999985e-10 4.003744362511275079e-01 1.869879121171619728e-06
2.331999999999999805e-10 3.985841986597712938e-01 1.330739282745691602e-06
2.331999999999999805e-10 3.958183316449871425e-01 1.373330509445737400e-06
2.336999999999999788e-10 4.011586019671845582e-01 2.895473644896754797e-06
2.341999999999999771e-10 4.078407481597253748e-01 2.130637636764477437e-06
2.345999999999999964e-10 4.020403816683640885e-01 7.689025249433320240e-07
2.360999999999999912e-10 4.048438373447494909e-01 6.440593535607825504e-07
2.370000000000000088e-10 4.077846324891697960e-01 8.321666839838535484e-07
2.390999999999999808e-10 4.048428600777385644e-01 6.434024754486877871e-07
2.392999999999999905e-10 4.020282303150634617e-01 8.303676712063346440e-07
2.400999999999999774e-10 4.078229083867169757e-01 8.883146462940538505e-07
2.404000000000000177e-10 4.020279426543584278e-01 8.291915336717904376e-07
2.437999999999999749e-10 4.085520844855062839e-01 8.733565849068467376e-07
2.437999999999999749e-10 4.098640652752105207e-01 2.954674284670858726e-06
2.449999999999999811e-10 4.039670558261590494e-01 2.173054595348547850e-06
2.451999999999999908e-10 4.074464536267912163e-01 7.310595839473686642e-07
2.453000000000000215e-10 4.046317241921844610e-01 4.476951024526332700e-07
2.456000000000000101e-10 4.055048397852444308e-01 3.929058651273094469e-07
2.459999999999999777e-10 4.046315951395734745e-01 4.474741655286852393e-07
2.466999999999999856e-10 4.102561714336698806e-01 5.682498730832475483e-07
2.473999999999999935e-10 4.046315982432407421e-01 4.474741655286852393e-07
2.476000000000000032e-10 4.029455334753963003e-01 3.859303172675052874e-07
2.478999999999999918e-10 4.087783337934107752e-01 3.323378043750971569e-07
2.481000000000000015e-10 4.029455254012207499e-01 3.859303172675052874e-07
2.493999999999999866e-10 4.046148893108415523e-01 3.380782988448999468e-07
2.513999999999999797e-10 4.054899267309096111e-01 5.385836915269368055e-07
2.520999999999999876e-10 4.003681110448955582e-01 4.597741102600527469e-07
2.525999999999999859e-10 4.056016200304596309e-01 5.732196914710449063e-07
2.525999999999999859e-10 4.087436311006434342e-01 1.325594870020183032e-07
2.527999999999999956e-10 4.111606623386630521e-01 5.131410775378407656e-07
2.527999999999999956e-10 4.112952453069185776e-01 6.401059352694318933e-08
2.532000000000000149e-10 4.132257060583621189e-01 1.234113772061613126e-06
2.537999999999999921e-10 4.153880458266325237e-01 1.709520704796535209e-06
2.540999999999999807e-10 4.132257038345864553e-01 1.234178197074071524e-06
2.540999999999999807e-10 4.112916978208109864e-01 2.440871946973414376e-06
2.549000000000000193e-10 4.132251791734092849e-01 1.236647532186552859e-06
2.564000000000000141e-10 4.112917255329027189e-01 2.440871946973414376e-06
2.572999999999999800e-10 4.131990077621789381e-01 2.373099292477298580e-06
2.576999999999999993e-10 4.152137285953822476e-01 2.017855962156605706e-06
2.579999999999999879e-10 4.173281900639239095e-01 1.662396604451916561e-06
2.586999999999999959e-10 4.197621208180181140e-01 2.919415616695299546e-06
2.593000000000000248e-10 4.218636507314630912e-01 4.959468848963101219e-06
2.593000000000000248e-10 4.239870616337699794e-01 7.793288518100605124e-06
2.599000000000000021e-10 4.263535084877186909e-01 7.654950329582962910e-06
2.599000000000000021e-10 4.278502011337924071e-01 4.129978330839364981e-06
2.608000000000000196e-10 4.263535803161830895e-01 7.647520130024489430e-06
2.643999999999999865e-10 4.319118803285664221e-01 4.088128452107149836e-06
2.652000000000000251e-10 4.303920117855067895e-01 2.562417136807644359e-06
2.658999999999999813e-10 4.360431310877696531e-01 2.098238130921198431e-06
2.667000000000000199e-10 4.303920106018113700e-01 2.562483421069993643e-06
2.667000000000000199e-10 4.360429833867567884e-01 2.098849173159886464e-06
2.673999999999999762e-10 4.303920105388552297e-01 2.562483421069993643e-06
2.677999999999999955e-10 4.360424124320393391e-01 2.100736531281633074e-06
2.682000000000000148e-10 4.303920248675608962e-01 2.562483421069993643e-06
2.685000000000000034e-10 4.324878216013308685e-01 2.325396269891621314e-06
2.685999999999999824e-10 4.346271070695438832e-01 2.406164300972675490e-06
2.689000000000000227e-10 4.363740758889762539e-01 3.238832719733225615e-06
2.694999999999999999e-10 4.386573661770810650e-01 2.657985601762706553e-06
2.707999999999999851e-10 4.399946119855065452e-01 1.993611041823847525e-06
2.719999999999999913e-10 4.388068732865013644e-01 1.685617296125217371e-06
2.724999999999999896e-10 4.408915710846401104e-01 1.775182270895362762e-06
2.734000000000000071e-10 4.426211331401393445e-01 2.945538791665031619e-06
2.741000000000000151e-10 4.446368732812165381e-01 2.822187354041878081e-06
2.741999999999999940e-10 4.426208252345985028e-01 2.945756752418768912e-06
2.758000000000000195e-10 4.409342914779200706e-01 4.125568391229358890e-06
2.770000000000000257e-10 4.429716372402587310e-01 4.847905019516263499e-06
2.778999999999999916e-10 4.453774903248619577e-01 5.854172200227749958e-06
2.781999999999999802e-10 4.475276051381150699e-01 5.959548517648823842e-06
2.786999999999999785e-10 4.453774899890122763e-01 5.854172787866725896e-06
2.786999999999999785e-10 4.475275812216769622e-01 5.960400685608956106e-06
2.788999999999999882e-10 4.497137242009984215e-01 5.425228487477101319e-06
2.790999999999999978e-10 4.517142293127325292e-01 5.564613812982634208e-06
2.796999999999999750e-10 4.497137209939973679e-01 5.425290598730783978e-06
2.808000000000000023e-10 4.515638626400610423e-01 6.433142802817107610e-06
2.820000000000000085e-10 4.535958965527122633e-01 6.497373200894273689e-06
2.820000000000000085e-10 4.554469017099752604e-01 5.803267665862192195e-06
2.827000000000000164e-10 4.535959062850636880e-01 6.497257042300885853e-06
2.827000000000000164e-10 4.515471893360253897e-01 6.996064567987115815e-06
2.832000000000000147e-10 4.535958778515944978e-01 6.497257042300885853e-06
2.849000000000000191e-10 4.558948966025783700e-01 7.192245156690733607e-06
2.867000000000000026e-10 4.581995306260622791e-01 9.169317439696473556e-06
2.887999999999999746e-10 4.598612881868062163e-01 9.315148273771927447e-06
2.903000000000000212e-10 4.620190260935188031e-01 1.146536056305309598e-05
2.933000000000000108e-10 4.643489950123579346e-01 1.868995718512730884e-05
2.943000000000000073e-10 4.667399314586432313e-01 1.825766708848316512e-05
2.950000000000000153e-10 4.687373264696051423e-01 2.417594490092220022e-05
2.955000000000000135e-10 4.710907750992511245e-01 2.114979563324264283e-05
2.963000000000000004e-10 4.734881300195318832e-01 1.745492573941524248e-05
2.965999999999999891e-10 4.751903233152890982e-01 2.009703879567262488e-05
2.975999999999999856e-10 4.727966646044261534e-01 1.549855841972581425e-05
2.994000000000000208e-10 4.717353211074037378e-01 1.948483288351696469e-05
2.997999999999999884e-10 4.727969365249366507e-01 1.549933917657680721e-05
2.999000000000000190e-10 4.752052775818947916e-01 1.970698053598684142e-05
3.007999999999999849e-10 4.780921200591308207e-01 2.701229111709656640e-05
3.014000000000000138e-10 4.800233801852460958e-01 2.965363884020259292e-05
3.017000000000000025e-10 4.822054384407416516e-01 3.813600710865694730e-05
3.019999999999999911e-10 4.841493135464088327e-01 4.124204574938673731e-05
3.021000000000000218e-10 4.862083635705331530e-01 4.107126293810357533e-05
3.024000000000000104e-10 4.841493117670226942e-01 4.124201393382780832e-05
3.049000000000000018e-10 4.865261512772719454e-01 4.071692700936764596e-05
3.056999999999999887e-10 4.886682546931465643e-01 3.746193780625531322e-05
3.070000000000000255e-10 4.907692210180957804e-01 3.161942367128129543e-05
3.098999999999999845e-10 4.926303337237984414e-01 3.583382787178817925e-05
3.115000000000000100e-10 4.912898145308663977e-01 3.291913277938318590e-05
3.120999999999999872e-10 4.933060311828507127e-01 3.626580632025793696e-05
3.139000000000000224e-10 4.912898191963573913e-01 3.290441413051163735e-05
3.142999999999999900e-10 4.933060091263993252e-01 3.626543578268296233e-05
3.150999999999999769e-10 4.993542092005893718e-01 3.252084666804612505e-05
3.150999999999999769e-10 5.017191408915440132e-01 2.701398903861589574e-05
3.157000000000000058e-10 5.035935346899237386e-01 3.783178937190885251e-05
3.196999999999999920e-10 5.060191325108164273e-01 4.333589111997066510e-05
3.199999999999999806e-10 5.082876141180655560e-01 4.411396337384957555e-05
3.204999999999999789e-10 5.103215169798027695e-01 4.553624286040570799e-05
3.218000000000000158e-10 5.127196459249707683e-01 4.495205846278218809e-05
3.226999999999999817e-10 5.147672161043087558e-01 4.125821726782875231e-05
3.235999999999999992e-10 5.172987530130819245e-01 4.254411912321069672e-05
3.246999999999999747e-10 5.233509652309067395e-01 4.550321093583034084e-05
3.250000000000000151e-10 5.256659129210784487e-01 3.370006195567537116e-05
3.272999999999999968e-10 5.283348984791066405e-01 3.806693578268038018e-05
3.290999999999999802e-10 5.302408936897724523e-01 3.198879128941237745e-05
3.294000000000000206e-10 5.322963048149947918e-01 4.175938412630361192e-05
3.324000000000000102e-10 5.345059056838827871e-01 4.310638195754695458e-05
3.356000000000000095e-10 5.366210492092828854e-01 3.631003607946359105e-05
3.359999999999999771e-10 5.388204658165340888e-01 3.943427344844589570e-05
3.361000000000000078e-10 5.411161763321103990e-01 4.103870562447524124e-05
3.366999999999999850e-10 5.428831833978040589e-01 4.022965692337212201e-05
3.422000000000000177e-10 5.432532125802878031e-01 3.268712645179086567e-05
3.423999999999999757e-10 5.452356046445435700e-01 2.858462696197871158e-05
3.427999999999999950e-10 5.453989934749151614e-01 2.537976276085699754e-05
3.440000000000000012e-10 5.475173971901925452e-01 2.777716459271308748e-05
3.444999999999999994e-10 5.497222597183698545e-01 2.360480978872303586e-05
3.472000000000000004e-10 5.517502520981326652e-01 2.260987258567304233e-05
3.482999999999999760e-10 5.540877239214980765e-01 2.429621708498058900e-05
3.496999999999999918e-10 5.563024272400814985e-01 2.062115547410960784e-05
3.496999999999999918e-10 5.585295113538952805e-01 2.627321725283107885e-05
3.499999999999999804e-10 5.606439008766873622e-01 2.727746774704625831e-05
3.503999999999999997e-10 5.629794483981698239e-01 2.187005098972908025e-05
3.540999999999999973e-10 5.648757619424692455e-01 1.483490579614734594e-05
3.558999999999999807e-10 5.670914131681857873e-01 1.073824312894969812e-05
3.562000000000000211e-10 5.648757663748097402e-01 1.483490579614734594e-05
3.570000000000000080e-10 5.670777103351961612e-01 1.038034968699037505e-05
3.572999999999999966e-10 5.648757627522521529e-01 1.483473597840397065e-05
3.584000000000000238e-10 5.669055560682600969e-01 1.074231182080732716e-05
3.594999999999999993e-10 5.690637772543369888e-01 1.159295218300884184e-05
3.595999999999999783e-10 5.713056866823711388e-01 1.003400414552787018e-05
3.600999999999999766e-10 5.733452959168456875e-01 1.121972834509004398e-05
3.614999999999999924e-10 5.754240781484281086e-01 9.853530462351347088e-06
3.621000000000000214e-10 5.777964363656660218e-01 8.647348810690387772e-06
3.621000000000000214e-10 5.833977197107967916e-01 8.181851596771462076e-06
3.626000000000000196e-10 5.816299024438087439e-01 1.042802212239093062e-05
3.631000000000000179e-10 5.834019828835246280e-01 8.150570244205096744e-06
3.631999999999999969e-10 5.816299018048263214e-01 1.042784249500155856e-05
3.638000000000000258e-10 5.840754075838374693e-01 1.793735356964757025e-05
3.648000000000000224e-10 5.816305737109297436e-01 1.041363670196941540e-05
3.649999999999999803e-10 5.842657064250972310e-01 1.797418310539125279e-05
3.651000000000000110e-10 5.862182172661402069e-01 2.619899067377436742e-05
3.651999999999999900e-10 5.885269341926050446e-01 2.531415847862753470e-05
3.671000000000000041e-10 5.908764871768620308e-01 2.093415978367411853e-05
3.671999999999999831e-10 5.927910115713855843e-01 1.936961824446592373e-05
3.688000000000000086e-10 5.909404691443405078e-01 2.667474335166899593e-05
3.712999999999999999e-10 5.929842678273847811e-01 2.995764889916549810e-05
3.715999999999999886e-10 5.909399093989847751e-01 2.680567117482455492e-05
3.717000000000000192e-10 5.887336160693714682e-01 2.195577621186461240e-05
3.745999999999999782e-10 5.907468215939600809e-01 2.764122691295218864e-05
3.752999999999999861e-10 5.932475434236461620e-01 3.001431229614734102e-05
3.766000000000000230e-10 5.933041008137877048e-01 1.741937434864228491e-05
3.767000000000000020e-10 5.993024009104699346e-01 2.584824880854214951e-05
3.776999999999999985e-10 5.933041032652226487e-01 1.741950525499456114e-05
3.786000000000000161e-10 5.992971916164292479e-01 2.605916688464290058e-05
3.788000000000000257e-10 6.015117548268823500e-01 2.774566350494099846e-05
3.801999999999999899e-10 6.036619002855533322e-01 3.355638136073047910e-05
3.808999999999999978e-10 6.015084917512957263e-01 2.768027672431299199e-05
3.833999999999999892e-10 5.993088211242264540e-01 3.287925655145475088e-05
3.840999999999999971e-10 6.015887187322684904e-01 3.007117809860657568e-05
3.845999999999999954e-10 6.035638107053395984e-01 3.397978370721394675e-05
3.877000000000000157e-10 6.015880712066424829e-01 3.004399813850645504e-05
3.929000000000000081e-10 6.036958884978360640e-01 2.362383715589582805e-05
3.934999999999999853e-10 6.060490626567630601e-01 1.668551627504114083e-05
3.936000000000000160e-10 6.079517650512227256e-01 2.048477830642215171e-05
3.966000000000000056e-10 6.060481236232710955e-01 1.651823653193991873e-05
3.986999999999999777e-10 6.079399907461252583e-01 1.037438313660378707e-05
3.990999999999999970e-10 6.096525123283365044e-01 7.565884259696480068e-06
4.003000000000000032e-10 6.079399794199012996e-01 1.037436594719764367e-05
4.005999999999999918e-10 6.098261241839698643e-01 7.509214586210992736e-06
4.020000000000000077e-10 6.119611541217737649e-01 5.892353879987582601e-06
4.025000000000000059e-10 6.141280262544849267e-01 5.236845153019717430e-06
4.040000000000000008e-10 6.119611574412876509e-01 5.892284030607050924e-06
4.040999999999999797e-10 6.141268777769778309e-01 5.221775308306162947e-06
4.072999999999999790e-10 6.119611515762337639e-01 5.892284030607050924e-06
4.076000000000000193e-10 6.138783446510752695e-01 8.927622702959165982e-06
4.081999999999999966e-10 6.119611810082464798e-01 5.871272678448224641e-06
4.106000000000000090e-10 6.098244713983749232e-01 6.070823780665269671e-06
4.108999999999999976e-10 6.117856192456972986e-01 6.237195788341093968e-06
4.109999999999999766e-10 6.098244758983188962e-01 6.070902106520729164e-06
4.113000000000000169e-10 6.118102217183182256e-01 5.794254983996274664e-06
4.121000000000000038e-10 6.098244477870559122e-01 6.070753122213941422e-06
4.133000000000000100e-10 6.079119633297703773e-01 5.631764194007918427e-06
4.160999999999999900e-10 6.060272379155898781e-01 8.727362622654862996e-06
4.168999999999999769e-10 6.079384312062159346e-01 7.878655725350877323e-06
4.180999999999999831e-10 6.060272312704861886e-01 8.727112531648034926e-06
4.192000000000000103e-10 6.036863241223252574e-01 1.677504065050768717e-05
4.202999999999999858e-10 6.058751367693580026e-01 2.617824597590124385e-05
4.204000000000000165e-10 6.080728591922925919e-01 2.222458176141282608e-05
4.207999999999999841e-10 6.100161766498194416e-01 2.824064584994333388e-05
4.226000000000000192e-10 6.124699334374635873e-01 3.914500026964758426e-05
4.229999999999999868e-10 6.184135509276686982e-01 3.098827106727294580e-05
4.234000000000000061e-10 6.166014928444145671e-01 2.392669265969647339e-05
4.266999999999999844e-10 6.184135653272802013e-01 3.098800693655025398e-05
4.270000000000000247e-10 6.253711842857223591e-01 3.553951032214019745e-05
4.271000000000000037e-10 6.282481422064187804e-01 3.259509936727292989e-05
4.288999999999999872e-10 6.304535470871255320e-01 3.254293064987813288e-05
4.315000000000000092e-10 6.405887054484109555e-01 3.573254098894969896e-05
4.327000000000000154e-10 6.430974616579083758e-01 3.459624603435258505e-05
4.334000000000000233e-10 6.405886379227232474e-01 3.573300715112870678e-05
4.388000000000000253e-10 6.469491754285391361e-01 3.445588349964289236e-05
4.401999999999999895e-10 6.536565725080283329e-01 3.052537847278682568e-05
4.435999999999999984e-10 6.556659090825820435e-01 3.483297179797546615e-05
4.441999999999999757e-10 6.536516872478732587e-01 3.047268603141127378e-05
4.443000000000000064e-10 6.469416118350556077e-01 3.386742632636624469e-05
4.450000000000000143e-10 6.405776844935404668e-01 3.556959975696942104e-05
4.477000000000000153e-10 6.430519899740289036e-01 3.620493780623815742e-05
4.477000000000000153e-10 6.452819933843995104e-01 3.079758365727733809e-05
4.499000000000000180e-10 6.475538742741300258e-01 3.411646067949385027e-05
4.505999999999999743e-10 6.500979255567815862e-01 3.572495525998526847e-05
4.512999999999999822e-10 6.557796294551082594e-01 3.432335909060705193e-05
4.516000000000000225e-10 6.536302849808798276e-01 3.053815604930289922e-05
4.519000000000000111e-10 6.557796216065898687e-01 3.432310025383713626e-05
4.546999999999999911e-10 6.621540572965879390e-01 3.017685565033457603e-05
4.553000000000000201e-10 6.557796292279494121e-01 3.432310025383713626e-05
4.553999999999999990e-10 6.500988370177505082e-01 3.606442058724422338e-05
4.568000000000000149e-10 6.556445146623945952e-01 3.504867358335972383e-05
4.576999999999999808e-10 6.541056022314207796e-01 3.195594343814044434e-05
4.588999999999999870e-10 6.566620429634877354e-01 2.196258364221509741e-05
4.597000000000000255e-10 6.585664873072775150e-01 2.752455107936111891e-05
4.597000000000000255e-10 6.599473097003986100e-01 3.232339762217978574e-05
4.603999999999999818e-10 6.585622979208329841e-01 2.747339232315246978e-05
4.615000000000000090e-10 6.609260294983507755e-01 2.295615437520379093e-05
4.629000000000000248e-10 6.630380514077202081e-01 3.051853821833189678e-05
4.640000000000000004e-10 6.647481936500709843e-01 3.687890489543763556e-05
4.674999999999999883e-10 6.630393580466734660e-01 3.037554316647147638e-05
4.687000000000000462e-10 6.651256798921789670e-01 2.826316341507422448e-05
4.706000000000000086e-10 6.630393396075286994e-01 3.037526720240067430e-05
4.747999999999999527e-10 6.609461806313260412e-01 2.805410120984409383e-05
4.762999999999999992e-10 6.630911688148447558e-01 2.174242836767342472e-05
4.762999999999999992e-10 6.648552441756707676e-01 1.416537503835556264e-05
4.771999999999999651e-10 6.672691834005729516e-01 1.246638397710060082e-05
4.780000000000000037e-10 6.690563040806160044e-01 9.653004410066759176e-06
4.781000000000000344e-10 6.713610340838965795e-01 7.963067570645081586e-06
4.794000000000000196e-10 6.736501491653273943e-01 7.519832228847152379e-06
4.808000000000000354e-10 6.755386351391908795e-01 5.399959833094237767e-06
4.808999999999999627e-10 6.776849514969176536e-01 5.358305717435182126e-06
4.811999999999999513e-10 6.798495235143798832e-01 6.463551508726130961e-06
4.821000000000000206e-10 6.818728008941001839e-01 5.765232383285976671e-06
4.824000000000000092e-10 6.877018555460674420e-01 6.677283120612479541e-06
4.832999999999999751e-10 6.865564925644433991e-01 7.271071594764680822e-06
4.839999999999999830e-10 6.921146227026208075e-01 5.265023930334575236e-06
4.839999999999999830e-10 6.903031560801424771e-01 5.344984549563733705e-06
4.842000000000000443e-10 6.923013160396394028e-01 8.467920667400249713e-06
4.859999999999999761e-10 6.943945230059175300e-01 1.646732811145552996e-05
4.869999999999999726e-10 6.975991137194598180e-01 1.490432117985483712e-05
4.882999999999999578e-10 7.064618282045852515e-01 1.018475496269833397e-05
4.889999999999999657e-10 6.975991054336569963e-01 1.490386673596103243e-05
4.889999999999999657e-10 7.064483916240104078e-01 1.008825266545878032e-05
4.890999999999999964e-10 7.092288592373251488e-01 8.128021010260054067e-06
4.892999999999999544e-10 7.121759592922151105e-01 7.598800031847272442e-06
4.896000000000000464e-10 7.092288658818404201e-01 8.127877346071262914e-06
4.896999999999999737e-10 7.064422715978579959e-01 6.285170657211612705e-06
4.899000000000000350e-10 7.055472052981347497e-01 6.933036317041610357e-06
4.917999999999999974e-10 7.064422670773837787e-01 6.285071868327895974e-06
4.922000000000000167e-10 7.055444094073949346e-01 6.853940521226517428e-06
4.956000000000000257e-10 7.056611479221871486e-01 5.723505968447970284e-06
4.997999999999999698e-10 7.052316585989903963e-01 4.884046450020958026e-06
4.999000000000000005e-10 7.064502024229338817e-01 5.458001502074214306e-06
5.017000000000000356e-10 7.052268232767893164e-01 4.885537038357397883e-06
5.018999999999999936e-10 6.993275463675835413e-01 6.217906937238896613e-06
5.018999999999999936e-10 7.011281244756527586e-01 7.104876181243888143e-06
5.026000000000000015e-10 7.036675709176465343e-01 4.606408608497576322e-06
5.035999999999999980e-10 7.051471930538872890e-01 4.231303671278528911e-06
5.047000000000000253e-10 7.030693775464977868e-01 5.063643535488279081e-06
5.054999999999999604e-10 7.056711486306406211e-01 6.351784659522589944e-06
5.058999999999999797e-10 7.113271899953541588e-01 6.877710851889382794e-06
5.074999999999999535e-10 7.056711418121832669e-01 6.351784659522589944e-06
5.084999999999999501e-10 7.030812930024792351e-01 5.692856602696008739e-06
5.097000000000000080e-10 7.051477040093604431e-01 6.613871979677845318e-06
5.105999999999999739e-10 7.064623686433147975e-01 5.772072970066759077e-06
5.115000000000000431e-10 7.052783782143496882e-01 8.875323081680641524e-06
5.136999999999999942e-10 7.031418409065115505e-01 8.442106165818976093e-06
5.144000000000000021e-10 7.052783639802666649e-01 8.875212010206491711e-06
5.145999999999999600e-10 7.075033256016614036e-01 1.673949148647414556e-05
5.148000000000000214e-10 7.047107773215414150e-01 1.506776701191196803e-05
5.159999999999999759e-10 7.107485337326564512e-01 1.024509172669227772e-05
5.161000000000000066e-10 7.143789068205420589e-01 8.071908491513737501e-06
5.172000000000000338e-10 7.166507988513181049e-01 7.603132087325506426e-06
5.176999999999999804e-10 7.185627589950132066e-01 7.502149097191776135e-06
5.178000000000000110e-10 7.243346146476021818e-01 4.697249139202211492e-06
5.183999999999999883e-10 7.222287797456636849e-01 6.760892110443546583e-06
5.195000000000000155e-10 7.246998067248513475e-01 6.943710178974327151e-06
5.196000000000000462e-10 7.345676769364581915e-01 4.760221349551764053e-06
5.200999999999999928e-10 7.370651455790150353e-01 6.598427487544129388e-06
5.219999999999999552e-10 7.389847487832246209e-01 4.666062035573513010e-06
5.223999999999999745e-10 7.370651529616200071e-01 6.598427487544129388e-06
5.226999999999999631e-10 7.390672729872691527e-01 6.388242850854428706e-06
5.229000000000000244e-10 7.415437883495721305e-01 6.812724540487408684e-06
5.230999999999999824e-10 7.437227314472063533e-01 5.177892504161679031e-06
5.236000000000000324e-10 7.456899258679953180e-01 4.260863618668436150e-06
5.246999999999999562e-10 7.478011649422189322e-01 3.561018536941469269e-06
5.246999999999999562e-10 7.498479856497229923e-01 3.156976724412359215e-06
5.257999999999999834e-10 7.521421260945447829e-01 3.251177917047043509e-06
5.257999999999999834e-10 7.498473598045007904e-01 3.166988880907467714e-06
5.263000000000000334e-10 7.522665365677254634e-01 5.415204566757490650e-06
5.267999999999999800e-10 7.544283181847105668e-01 6.037761418087572662e-06
5.270999999999999686e-10 7.522672316820859795e-01 5.350691098550690818e-06
5.277000000000000492e-10 7.544458981660240315e-01 3.657094928737774083e-06
5.279000000000000072e-10 7.563823663995519198e-01 3.439161770628782264e-06
5.287999999999999730e-10 7.584172691459228899e-01 5.454832405287999227e-06
5.287999999999999730e-10 7.607975039680355822e-01 6.090784955954047028e-06
5.289000000000000037e-10 7.625564532408164453e-01 6.188269306343108425e-06
5.291999999999999923e-10 7.641763368028787751e-01 5.983332142780571226e-06
5.297999999999999696e-10 7.625502826674038781e-01 6.133666847860632851e-06
5.314999999999999741e-10 7.689171958837356380e-01 3.974143327793818878e-06
5.323000000000000127e-10 7.713358612335184938e-01 5.781129237202090710e-06
5.324000000000000433e-10 7.731265526918782438e-01 5.679393320237041862e-06
5.334999999999999672e-10 7.715348868671625393e-01 6.638923270358055229e-06
5.335999999999999978e-10 7.781363108698490239e-01 6.576311584587424680e-06
5.344000000000000364e-10 7.796364405277661502e-01 5.756549434428051731e-06
5.347000000000000251e-10 7.781373326535095947e-01 6.588372359497329143e-06
5.348999999999999830e-10 7.836372801685380640e-01 4.507463014562141381e-06
5.351000000000000443e-10 7.781373395659699765e-01 6.588378745850087955e-06
5.351999999999999716e-10 7.836325134122877900e-01 4.533155786861706505e-06
5.355999999999999909e-10 7.895733234232836795e-01 3.677652875131967951e-06
5.357000000000000216e-10 7.960734101366082616e-01 5.620927055185964639e-06
5.357000000000000216e-10 7.987080361130003414e-01 3.623138338385343699e-06
5.364000000000000295e-10 8.050768674042538819e-01 2.265113565374942205e-06
5.388999999999999692e-10 8.119553042676211918e-01 3.162541422140194453e-06
5.392999999999999885e-10 8.143671460200424539e-01 8.277689788490143424e-06
5.395000000000000498e-10 8.119571309774109569e-01 3.261846808275887753e-06
5.401000000000000271e-10 8.096741651083088076e-01 2.887429003098897818e-06
5.408000000000000350e-10 8.072162351770300059e-01 1.442184659441080205e-06
5.428000000000000281e-10 8.058774668678481135e-01 1.249673725651296503e-06
5.442999999999999712e-10 8.120718039491897633e-01 1.952765927664182176e-06
5.449999999999999791e-10 8.058774785104241278e-01 1.249673725651296503e-06
5.456999999999999871e-10 8.037905406232147554e-01 1.152298671147337263e-06
5.463999999999999950e-10 8.090680268498802175e-01 2.225853607484086209e-06
5.465000000000000257e-10 8.107950534376917595e-01 1.642866743667132609e-06
5.478000000000000108e-10 8.129090145706410198e-01 1.680087565968017746e-06
5.510999999999999891e-10 8.226919280024407310e-01 2.331872080795682855e-06
5.512000000000000198e-10 8.219422911996715486e-01 5.015099650231909001e-06
5.512000000000000198e-10 8.236420771481370862e-01 5.666491546836480945e-06
5.523000000000000470e-10 8.187343271283359369e-01 5.444486881817669153e-06
5.535000000000000015e-10 8.289649901396645149e-01 4.883544683334830755e-06
5.546999999999999560e-10 8.342271572015977910e-01 4.217812484120357087e-06
5.550000000000000480e-10 8.372629663469942640e-01 3.155553920709201247e-06
5.550999999999999753e-10 8.393730564263162108e-01 3.064966125862322872e-06
5.552000000000000060e-10 8.410046682883898228e-01 3.080872178306580285e-06
5.559000000000000139e-10 8.429485358703989739e-01 2.537888796417626944e-06
5.562000000000000025e-10 8.446029024448689082e-01 3.196453831505126972e-06
5.562000000000000025e-10 8.429485614097090851e-01 2.537888796417626944e-06
5.563999999999999605e-10 8.454996628266840952e-01 2.153755107601783368e-06
5.573999999999999570e-10 8.518270159417807852e-01 5.129114815333576614e-06
5.583000000000000263e-10 8.497072858146931251e-01 4.295054783558756032e-06
5.594999999999999808e-10 8.525650421106387711e-01 4.014891725727352100e-06
5.599000000000000001e-10 8.581556070195009989e-01 3.599961201348391447e-06
5.600999999999999580e-10 8.525687594489924637e-01 4.014991269367620855e-06
5.606000000000000080e-10 8.497171130432760178e-01 6.474469210501071153e-06
5.624999999999999704e-10 8.484989434644959472e-01 4.404336429414434825e-06
5.634000000000000397e-10 8.576691556669734373e-01 6.654646939827291054e-06
5.641000000000000476e-10 8.561297999817489845e-01 4.473284967611979832e-06
5.641000000000000476e-10 8.615786523446800071e-01 6.742325922231981599e-06
5.641000000000000476e-10 8.525881060867303018e-01 6.955153890070653714e-06
5.643000000000000056e-10 8.615778996144185520e-01 6.649211136685338129e-06
5.651000000000000441e-10 8.561381141262296435e-01 4.477580778527262406e-06
5.664999999999999566e-10 8.583751762069243840e-01 8.831690144272123211e-06
5.697000000000000076e-10 8.605470583694524445e-01 1.300858734432303560e-05
5.699999999999999962e-10 8.628906734608589035e-01 1.309927667129951918e-05
5.702999999999999848e-10 8.648265869958510210e-01 1.207934364637126285e-05
5.708000000000000348e-10 8.666259616456131187e-01 1.126611958681447566e-05
5.732000000000000472e-10 8.684975559178280680e-01 1.016262351014436730e-05
5.734000000000000051e-10 8.709011215950869245e-01 8.963586040725945569e-06
5.736999999999999938e-10 8.731545984479940348e-01 7.458051814988308427e-06
5.745000000000000324e-10 8.755427701340364743e-01 6.349356064121254046e-06
5.751000000000000096e-10 8.731545963087685713e-01 7.457953080536672079e-06
5.765999999999999527e-10 8.754505416975674192e-01 5.304316899463593600e-06
5.766999999999999834e-10 8.778692756865026370e-01 5.280160694249338339e-06
5.769000000000000448e-10 8.754505458186735423e-01 5.304316899463593600e-06
5.782000000000000299e-10 8.778618346553747065e-01 5.184361357149509973e-06
5.790999999999999958e-10 8.796004859606054715e-01 7.944235931075920517e-06
5.799000000000000344e-10 8.818341345303477574e-01 5.897491701208659936e-06
5.800999999999999924e-10 8.796005001797114753e-01 7.944235931075920517e-06
5.805000000000000116e-10 8.818340314317714146e-01 5.852388114125913934e-06
5.809999999999999582e-10 8.838161872320197121e-01 7.951178518804533489e-06
5.822000000000000161e-10 8.816862350180246777e-01 1.053537619472898684e-05
5.843000000000000399e-10 8.838306650332350412e-01 7.510876043760285735e-06
5.850999999999999751e-10 8.861436173475529809e-01 5.932488735656729906e-06
5.863000000000000330e-10 8.837965483583952730e-01 8.102705164834652754e-06
5.864999999999999909e-10 8.858028951234695469e-01 1.067980445974731513e-05
5.873000000000000295e-10 8.878241670679350994e-01 1.212870421018152958e-05
5.874999999999999875e-10 8.899116967521006893e-01 1.276818110929825721e-05
5.887999999999999726e-10 8.925227490552740672e-01 1.252038227453384281e-05
5.889000000000000033e-10 8.981043644976810514e-01 1.056225852812817386e-05
5.890000000000000340e-10 8.925227722469104563e-01 1.252014150408486295e-05
5.896000000000000112e-10 8.898902240059273216e-01 1.064819441404576204e-05
5.900999999999999578e-10 8.920416585049155689e-01 1.219440477040431490e-05
5.900999999999999578e-10 8.906596896703435906e-01 1.179978750656365074e-05
5.900999999999999578e-10 8.963065628501138971e-01 1.108763037632790129e-05
5.904999999999999771e-10 9.025045009584521383e-01 1.017912830677345846e-05
5.907000000000000385e-10 8.963065752548770027e-01 1.108763037632790129e-05
5.917000000000000350e-10 8.983337321687697719e-01 1.008286016483617946e-05
5.926000000000000009e-10 9.047370542538024640e-01 8.949292338695059108e-06
5.933000000000000088e-10 9.080326129418940795e-01 7.660880484926313255e-06
5.934000000000000395e-10 9.128049757912830575e-01 1.166021578045364527e-05
5.944999999999999633e-10 9.112212725008854708e-01 8.039875824944478435e-06
5.947000000000000247e-10 9.134206528785284718e-01 1.174455492884334681e-05
5.951999999999999712e-10 9.110888994987755840e-01 1.272884821328545633e-05
5.958999999999999791e-10 9.094573056663421973e-01 1.263804173941797080e-05
5.971999999999999643e-10 9.111034383298872719e-01 1.238227437619158638e-05
5.977000000000000143e-10 9.094573003016389601e-01 1.263838309307188807e-05
5.981000000000000336e-10 9.194806817392622289e-01 1.050918060960005547e-05
5.987000000000000108e-10 9.258649509860401583e-01 9.218935773986267385e-06
5.988999999999999688e-10 9.273102237817025806e-01 1.228673328360754810e-05
5.998999999999999653e-10 9.183745156066250859e-01 1.426912176819563801e-05
6.001999999999999540e-10 9.275840858249897458e-01 1.058276661164936069e-05
6.011000000000000232e-10 9.258612523471302369e-01 9.111654140203301059e-06
6.012999999999999812e-10 9.192063575998958846e-01 1.234045641596252485e-05
6.021000000000000198e-10 9.217347031275583413e-01 9.389644400406854465e-06
6.025000000000000391e-10 9.197669556497043430e-01 7.925619957014081344e-06
6.032000000000000470e-10 9.217347029569930017e-01 9.389786077806079405e-06
6.052000000000000401e-10 9.192063155867713498e-01 1.230567136178715742e-05
6.059999999999999753e-10 9.219474906166783557e-01 1.238012402931086796e-05
6.062999999999999639e-10 9.197685923904694860e-01 1.051545989563857163e-05
6.072000000000000332e-10 9.211401134439232141e-01 9.112705572965959234e-06
6.076999999999999798e-10 9.242969189456886614e-01 8.013599959352800427e-06
6.076999999999999798e-10 9.265779922991044248e-01 1.812896746597196905e-05
6.088000000000000070e-10 9.288986376949659451e-01 2.055232773166777499e-05
6.123000000000000466e-10 9.311890961882809403e-01 2.142375652379272598e-05
6.126000000000000352e-10 9.336483333807414908e-01 2.117682735753707000e-05
6.129000000000000238e-10 9.359139001417727810e-01 2.022378134638710265e-05
6.140000000000000511e-10 9.378417987464471306e-01 1.791449057829141457e-05
6.140000000000000511e-10 9.398027612249221230e-01 1.483832562310299600e-05
6.144999999999999976e-10 9.378417883989602633e-01 1.791449057829141457e-05
6.163000000000000328e-10 9.399249790670438642e-01 1.496168320624999299e-05
6.170000000000000407e-10 9.378418015990397372e-01 1.791413621557366652e-05
6.179000000000000066e-10 9.400534320811348987e-01 1.785512147088574289e-05
6.180000000000000372e-10 9.420788072019399273e-01 2.175753827394565117e-05
6.183999999999999531e-10 9.441905003258914686e-01 2.503624442165703265e-05
6.184999999999999838e-10 9.460529081836108745e-01 2.419605635104374506e-05
6.190999999999999611e-10 9.445693009551987540e-01 2.789482356205628689e-05
6.204000000000000496e-10 9.460478013834371369e-01 2.427661565550805241e-05
6.204999999999999769e-10 9.482616507455470245e-01 2.801540869957538503e-05
6.207999999999999655e-10 9.509469824224733303e-01 3.214796089425567960e-05
6.211999999999999848e-10 9.530022578281321932e-01 3.406410270377174766e-05
6.211999999999999848e-10 9.509477644097650284e-01 3.199774983866019698e-05
6.217999999999999621e-10 9.567626358164367240e-01 2.887128339453761915e-05
6.231000000000000507e-10 9.591181864508179222e-01 3.279787199976850581e-05
6.281000000000000334e-10 9.615162493408487832e-01 2.893545537199279226e-05
6.287000000000000106e-10 9.635165993013687924e-01 1.464557036806706986e-05
6.289999999999999993e-10 9.653374164070465113e-01 1.377331970858569939e-05
6.291999999999999572e-10 9.675274603202039803e-01 1.329164207561507487e-05
6.302999999999999844e-10 9.653363698839932949e-01 1.379035241715245726e-05
6.308000000000000344e-10 9.675274489724117188e-01 1.329148369773589394e-05
6.317000000000000003e-10 9.653325096795738469e-01 1.382266368873086938e-05
6.322000000000000503e-10 9.672771341212644813e-01 1.205632324377696280e-05
6.336999999999999934e-10 9.691629763728479841e-01 1.507349257093423723e-05
6.338999999999999513e-10 9.714052022687914567e-01 1.338738426929292214e-05
6.349999999999999785e-10 9.772386394800720577e-01 2.421983887543021000e-05
6.359999999999999751e-10 9.718821601888734119e-01 3.102716043112284703e-05
6.363999999999999944e-10 9.772346884250634469e-01 2.424428904291608050e-05
6.369999999999999716e-10 9.803246134426197855e-01 3.105244740419901611e-05
6.375000000000000216e-10 9.772395156497527546e-01 2.426557845778093506e-05
6.378000000000000102e-10 9.759812724893146552e-01 2.312997352841272882e-05
6.380999999999999989e-10 9.737307173371174684e-01 2.525333517403587525e-05
6.382000000000000295e-10 9.756420091536311956e-01 3.619618117868247996e-05
6.382000000000000295e-10 9.780571208189705601e-01 4.220542792047817258e-05
6.382999999999999568e-10 9.779996922266754877e-01 1.732573931267201300e-02
6.383999999999999875e-10 9.798464191028030124e-01 1.727812546075931099e-02
6.383999999999999875e-10 9.802421806209976607e-01 6.718681835791885659e-02
6.386999999999999761e-10 9.784731274099209841e-01 6.568243145497688895e-02
6.386999999999999761e-10 9.779668966634881277e-01 7.461703311570482000e-02
6.389999999999999647e-10 9.799565924141833140e-01 7.391088394768831338e-02
6.390999999999999954e-10 9.820576228534125818e-01 7.470455039919872420e-02
