# t	msd	err
1.838443301131655332e-11 4.318124588332037522e-02 2.391743345021646392e-04
5.748642709279094868e-11 1.152325904332176520e-01 3.730880578848298399e-04
9.570156363758075480e-11 1.831182655633245004e-01 5.134038626707837158e-04
1.336297385343121974e-10 2.444857959338677111e-01 6.201609602502897904e-04
1.721812543949595690e-10 2.947065474285908704e-01 7.364601780717834265e-04
2.105077052282781373e-10 3.514656781817294129e-01 7.518853443414312250e-04
2.484825317150174531e-10 4.099238807279393937e-01 8.037242141197808434e-04
2.867292504934208043e-10 4.757214931022660243e-01 8.854586070888850139e-04
3.249870758164110103e-10 5.297995798523618127e-01 1.018002579103202297e-03
3.629054056585018845e-10 5.777159004858705149e-01 1.136657347336549398e-03
4.015592802447214410e-10 6.206802179605193093e-01 1.191819947746004067e-03
4.404477215987379209e-10 6.625489896025543723e-01 1.159727229572027124e-03
4.774486263510018515e-10 7.185224249313861833e-01 1.129982048523117894e-03
5.163336459304273510e-10 7.750777996166638983e-01 1.112013740192970522e-03
5.548114990833461893e-10 8.369660345200014007e-01 1.058280506142013919e-03
5.918235306752368788e-10 8.890134801477661552e-01 9.802888725662956427e-04
6.309309812421105730e-10 9.415197152415991644e-01 9.259582955710711450e-04
6.695547132741129248e-10 1.004033804642740391e+00 9.664781458250717430e-04
7.073272660927917126e-10 1.066016198556951400e+00 7.990356589823813813e-04
7.451744559274946829e-10 1.137991273247914714e+00 6.059500885213905865e-04
7.843815285373930197e-10 1.215011568705723244e+00 4.996430557710719242e-04
8.221291525867704522e-10 1.293634712927352659e+00 5.760634997359980565e-04
8.597816116101230258e-10 1.375897751912958711e+00 6.783176289563218157e-04
8.993599487574800790e-10 1.456989219950934000e+00 7.822345961604617410e-04
9.361383633958884373e-10 1.532837096124836096e+00 9.773676718558446490e-04
9.753549890334111708e-10 1.609556200559272066e+00 9.170802013040615496e-04
1.012601733333367316e-09 1.706054189133620946e+00 7.499954734881060818e-04
1.048880694827556102e-09 1.789463638440868420e+00 7.110851810787852936e-04
1.090768126060561733e-09 1.877500279406156158e+00 8.688768760471965707e-04
1.126522059645991543e-09 1.956715618515358246e+00 1.048568461593714363e-03
1.157689108303127199e-09 2.009623308968646160e+00 1.065107733443976376e-03
