# t	msd	err
2.999999999999886243e-13 6.147932425058000305e+00 0.000000000000000000e+00
6.000000000000030979e-13 6.147926113276822591e+00 nan
1.001828125000019298e-12 7.012487385633581205e+00 2.585604825768979542e-01
1.999999999999972091e-12 8.813048332662004825e+00 4.302788071626378330e-01
3.502322289156628371e-12 1.007372311699354128e+01 4.225267858392290354e-01
5.515014492753634611e-12 1.163652414231038890e+01 5.449081546446495894e-01
8.983514124293779523e-12 1.648479896087868468e+01 4.646659193823455825e-01
1.552265034482759288e-11 2.535492647978519898e+01 6.169046863725701213e-01
2.603539093137260825e-11 4.381407318808411588e+01 8.267415795932253619e-01
4.338579536873917186e-11 7.074688676871716098e+01 1.047181670796565101e+00
7.282387501848788213e-11 1.315608709814610791e+02 1.383656857732358691e+00
1.231427514533584027e-10 2.517353686614393666e+02 1.921990913768669040e+00
2.068108263574954728e-10 5.329833160470318489e+02 2.869777399594170664e+00
3.474946312026480813e-10 1.191179446057924224e+03 4.599145269830406058e+00
5.843355981814922414e-10 2.890945640734611516e+03 8.491940375648541206e+00
9.818813372043817141e-10 7.109934941883616375e+03 1.538479464878391489e+01
1.644399002871013956e-09 1.706341320433355213e+04 2.724480202080105684e+01
2.734952933654599311e-09 4.416677551162644522e+04 5.403318200595180798e+01
4.190300470326747220e-09 9.666257455494836904e+04 1.305268689697782349e+02
