# t	msd	err
2.999999999999886243e-13 2.796689756082166300e-01 0.000000000000000000e+00
6.000000000000030979e-13 2.804923270264568225e-01 0.000000000000000000e+00
1.001828125000019298e-12 8.089501874733439069e-01 5.054345583756388038e-02
1.999999999999972091e-12 1.005539470694829074e+00 6.627361647717275317e-02
3.502322289156629178e-12 1.287232620577470232e+00 6.266288521644326759e-02
5.515014492753641074e-12 1.586647416790156528e+00 7.636505078669379720e-02
8.983514124293621195e-12 2.085532405455431615e+00 7.005095255086048189e-02
1.552265034482774151e-11 3.359715349614611046e+00 8.216433891092947417e-02
2.603539093137290229e-11 5.587116447347111325e+00 1.065576826059652649e-01
4.338579536873573389e-11 9.298947349571712095e+00 1.337038666881302518e-01
7.282387501849020858e-11 1.654960642509303881e+01 1.837242266096195675e-01
1.231427514533546287e-10 2.786239792908235913e+01 2.367757902198520392e-01
2.068108263575021161e-10 4.921806735891465223e+01 3.288455934492943156e-01
3.474946312026495288e-10 1.051535989974785679e+02 5.306093429375664527e-01
5.843355981814941025e-10 2.218515889473003142e+02 7.759659364339215326e-01
9.818813372043645501e-10 5.185261591154740017e+02 1.138890722878290962e+00
1.644399002870997205e-09 1.209097126202796517e+03 1.779238072460341602e+00
2.734952933654638189e-09 3.050739186875764972e+03 3.290325793837764135e+00
4.190300470326695934e-09 5.786965367241054082e+03 6.354986162258849269e+00
