# t	msd	err
1.000000000000500610e-15 1.283226020044866411e+00 0.000000000000000000e+00
1.350000000000433485e-14 4.143265740601459468e-01 1.242380326650612508e-02
2.657142857142987094e-14 1.336767686462337457e+00 1.968607059439131390e-01
4.500000000000367683e-14 7.488444224341384015e-01 2.843306212481396256e-01
9.460000000000008411e-14 1.644155972729253401e+00 9.374101357805550427e-02
1.419592592592590697e-13 2.214208515101693919e+00 3.881753479665087103e-01
2.463728888888906636e-13 2.340292342735650344e+00 1.311464542516600496e-01
4.410600858369113134e-13 2.748437223863373191e+00 1.758992290689440907e-01
8.026537037037054671e-13 3.356621149086117306e+00 1.373883386693558750e-01
1.438092867756330331e-12 4.797172754978222819e+00 1.811137951689214820e-01
2.553841162420350964e-12 6.803916158307528050e+00 1.646152677311946977e-01
4.500808018648052768e-12 1.035122208251170584e+01 1.885489146665243476e-01
7.899475563359722217e-12 1.542720127975635158e+01 2.291194045396599266e-01
1.413833095790530871e-11 2.563917340128804412e+01 3.241371253664176999e-01
2.521583768506041294e-11 3.820703337654234844e+01 3.596571338050953970e-01
4.520543618282455132e-11 6.103756918896321082e+01 3.360443344036156965e-01
7.958260316613963468e-11 1.154193718678015586e+02 4.724168866457376659e-01
1.425459645046408015e-10 1.899143937873717505e+02 6.561279344648054401e-01
2.495482893024100666e-10 4.194441532069086520e+02 1.128176581268433232e+00
4.138631264577684341e-10 8.797634563641934164e+02 1.342772420156107982e+00
