# t	msd	err
2.200000000000005772e-15 3.876545996500846587e-03 0.000000000000000000e+00
9.960000000000526297e-15 3.740849019510549076e-03 3.554749243244154479e-04
1.973749999999842085e-14 4.115643483899310805e-03 3.629349293203864104e-04
3.462857142857100676e-14 4.647685308343548968e-03 3.296110055063165931e-04
5.924561403508803527e-14 5.027255725056949814e-03 3.553855343826707635e-04
1.031720930232552526e-13 5.560091732424210335e-03 2.234929720740898090e-04
1.979437500000000319e-13 7.032557918312020220e-03 2.708112061123966606e-04
3.509868421052631278e-13 8.349426579481573907e-03 2.423092692684770770e-04
6.416782511210752464e-13 1.345119541207464436e-02 2.710834250825439593e-04
1.183804060248856425e-12 1.951990573296382217e-02 2.691147675217901410e-04
2.126595371835461433e-12 3.058512813554543908e-02 2.894218272037147525e-04
3.839350425857162311e-12 4.708957209263275878e-02 2.998564438837019678e-04
6.949372364904130227e-12 8.107949131254937880e-02 3.038785300643615374e-04
1.258528049099159575e-11 1.442583278131612801e-01 3.423233667276908126e-04
2.272567797454090405e-11 2.504810796269384410e-01 3.992915366553213331e-04
4.092108400827411141e-11 4.257126487535745629e-01 4.289330866609865952e-04
7.382336675571413463e-11 7.627121256149564932e-01 6.195021285385306957e-04
1.237594515217963814e-10 1.334015289027746354e+00 1.162042366375918602e-03
