# t	msd	err
2.770807543615354121e-12 3.597100164209056372e-02 2.141743400193175245e-04
8.453322039501595467e-12 9.834593247579508091e-02 3.078154151604562717e-04
1.411171015141999158e-11 1.605884005967179728e-01 3.833327290416436322e-04
1.977753819726930790e-11 2.210126842988536788e-01 4.557881319269871780e-04
2.546898629470679047e-11 2.777617193731267697e-01 5.538516702446410990e-04
3.108389253961779501e-11 3.363234228676756365e-01 6.071896792563056654e-04
3.668924491634474487e-11 3.890741975293467436e-01 6.355586995480945163e-04
4.232655717222419969e-11 4.385572601574574958e-01 6.242445793968449909e-04
4.798464847114672880e-11 4.873906612361912360e-01 5.866377462368513795e-04
5.370798337289272937e-11 5.447409825687283824e-01 5.410090942929169635e-04
5.939233570883054289e-11 6.038264660010375096e-01 5.054465938819447052e-04
6.503335991680097995e-11 6.661153971982466393e-01 4.956861513117482437e-04
7.062342360171218273e-11 7.287584130017985551e-01 4.983420353211840542e-04
7.623764179506382766e-11 7.902501150529437357e-01 5.091020865790984833e-04
8.189891113013781294e-11 8.499223487375254793e-01 5.227036528238671346e-04
8.761520847675859018e-11 9.126660577628380455e-01 5.754551963514420486e-04
9.326705769605898451e-11 9.755282669721386801e-01 7.112191605698113756e-04
9.891593206672935483e-11 1.038214782842156403e+00 8.411665363533905914e-04
1.045162736045618613e-10 1.100698576767744186e+00 9.421292857645041739e-04
1.102132477186704590e-10 1.162210329725945845e+00 9.811364530314626783e-04
1.157910451434861585e-10 1.223557010024519220e+00 8.884071997925538323e-04
1.214409771517273209e-10 1.289760462361704052e+00 8.293361711998103666e-04
1.271243769604256724e-10 1.360710860175526893e+00 7.853509999748870549e-04
1.328314921835920425e-10 1.430010411923803737e+00 7.431867178180035600e-04
1.384477160000073386e-10 1.505932716333871602e+00 6.929113121750737079e-04
1.440712076743373377e-10 1.585674446751041522e+00 6.593507588746369118e-04
1.496070123595625601e-10 1.674590863625021964e+00 6.933663390238545103e-04
1.553113893407204232e-10 1.760059938023923465e+00 8.291948165821161646e-04
1.610075085959835579e-10 1.843967766739330161e+00 8.018999929084472079e-04
1.663892212041844834e-10 1.920316871029605243e+00 8.993491795367571226e-04
1.710442297188756997e-10 1.993386716874263609e+00 1.553626214001775727e-03
