# t	msd	err
1.417396592093378645e-10 4.181007108289964969e-02 1.886637566236372984e-04
4.479984147688652901e-10 1.157990615891193592e-01 3.102061982379881902e-04
7.563768821883754690e-10 1.812401728071363904e-01 4.129338891198327025e-04
1.063894939144084184e-09 2.444367155589015628e-01 4.992105663625497807e-04
1.361845095733545602e-09 3.157894672369518374e-01 6.592498670648372361e-04
1.655759903187283700e-09 3.619858780164761924e-01 9.116751274204571353e-04
1.973463660237985751e-09 3.920942928615451795e-01 1.091355586763184714e-03
2.281067816137550513e-09 4.436703908084524417e-01 1.189679282615265302e-03
2.590468977381922960e-09 4.832986484118722559e-01 1.431703971074388534e-03
2.874273255968192951e-09 5.330342996161118174e-01 1.506788440922100921e-03
3.182276748862973757e-09 5.588272632343620483e-01 1.585492477816174842e-03
3.489023988993937241e-09 6.156970057623034620e-01 1.517480029803941954e-03
3.798180322065426550e-09 6.684871562661296451e-01 1.536130958848010890e-03
4.097772666666631402e-09 7.217755469178774863e-01 1.748944976723442683e-03
4.392006070315258883e-09 7.630034853959206664e-01 1.951613688618992820e-03
4.705145781746063553e-09 7.940731620930775447e-01 2.125188710813644133e-03
5.009036733572706405e-09 8.153772803822294524e-01 2.167540222824393837e-03
5.311060053911365377e-09 8.308185458343776419e-01 1.943330141653562201e-03
5.598645181035976644e-09 8.414536887191715886e-01 1.463755602923840155e-03
5.927351760909189978e-09 8.804520243149709380e-01 7.328144692670392158e-04
6.222681323495404240e-09 9.522024791801625421e-01 6.239754210044279629e-04
6.528431645716845630e-09 1.046405936625993016e+00 6.153631732041598464e-04
6.833799904030757742e-09 1.136431037459363802e+00 7.115566649130406580e-04
7.129993933665150478e-09 1.198554408645646996e+00 8.137054776752414460e-04
7.443364530313359948e-09 1.271130746531037747e+00 8.263941887944828034e-04
7.737839677829592276e-09 1.357547806639941790e+00 9.003250265853868835e-04
8.033163866162978460e-09 1.428589808711336451e+00 1.171882064732350948e-03
8.337249435897463664e-09 1.472893873089647254e+00 1.438018555302943494e-03
8.640721500000016523e-09 1.543840326700754106e+00 1.248703348186264639e-03
8.925296288343608044e-09 1.616635139183755898e+00 5.356869220476071641e-04
9.195035882352098797e-09 1.630479642926597750e+00 8.922449731503884424e-04
