# t
0.000000000000000000e+00
6.605263699999999782e-12
1.011874700000000016e-11
1.990146200000000105e-11
2.410924400000000107e-11
2.418038200000000157e-11
2.574780099999999877e-11
3.065729100000000070e-11
5.466280399999999836e-11
5.828888299999999479e-11
7.856894600000000532e-11
8.031524099999999955e-11
1.662029900000000121e-10
1.696394400000000081e-10
1.732988299999999954e-10
1.734347500000000043e-10
1.791065299999999897e-10
1.898344999999999921e-10
1.922928000000000031e-10
1.947282400000000011e-10
1.948878000000000081e-10
2.060746999999999915e-10
2.062252599999999989e-10
2.177395599999999940e-10
2.341905400000000221e-10
2.376011399999999979e-10
2.410065799999999935e-10
2.551782200000000238e-10
2.579835999999999817e-10
2.948612100000000168e-10
3.277247100000000244e-10
3.365996099999999748e-10
3.374800999999999873e-10
3.405264700000000035e-10
3.508860300000000116e-10
3.713532400000000245e-10
3.885247399999999894e-10
3.947615000000000021e-10
3.956715199999999878e-10
4.131059800000000144e-10
4.725154399999999918e-10
4.740766999999999621e-10
4.746517999999999635e-10
4.788417399999999682e-10
4.841413299999999743e-10
6.000325200000000020e-10
6.077420200000000156e-10
6.351360099999999490e-10
6.381142100000000205e-10
6.398707899999999871e-10
6.404556200000000090e-10
6.406201099999999797e-10
6.474121399999999592e-10
6.476593300000000294e-10
6.640669500000000236e-10
6.657869499999999929e-10
6.705596199999999704e-10
6.730121399999999535e-10
6.804138599999999593e-10
6.836452200000000187e-10
7.139478700000000247e-10
7.211057800000000245e-10
7.267793999999999604e-10
7.291252699999999645e-10
7.492518500000000445e-10
1.052848500000000079e-09
1.099716800000000017e-09
1.110950800000000022e-09
1.112465399999999966e-09
1.116472399999999909e-09
1.117112099999999927e-09
1.121503899999999904e-09
1.137516399999999904e-09
1.139601800000000030e-09
1.185163700000000011e-09
1.185949799999999961e-09
1.211253000000000056e-09
1.211429899999999992e-09
1.233626599999999959e-09
1.233723999999999988e-09
1.246278099999999975e-09
1.246328599999999943e-09
1.252227399999999923e-09
1.255172799999999982e-09
1.260625999999999985e-09
1.444981700000000033e-09
1.449260800000000067e-09
1.449278099999999998e-09
1.455993699999999995e-09
1.456291399999999974e-09
1.464984299999999966e-09
1.467656199999999902e-09
1.472375400000000019e-09
1.510398000000000061e-09
1.510580599999999952e-09
1.518886799999999925e-09
1.519235600000000064e-09
1.520665599999999923e-09
1.522467899999999968e-09
1.525263000000000092e-09
1.527998199999999940e-09
1.529173199999999990e-09
1.535159499999999945e-09
1.535774200000000059e-09
1.571230800000000008e-09
1.571254200000000023e-09
1.584187900000000040e-09
1.593028900000000093e-09
1.599427900000000083e-09
1.709802700000000064e-09
1.712786900000000084e-09
1.730355899999999943e-09
1.736642099999999958e-09
1.741615000000000091e-09
1.745812000000000009e-09
1.745910299999999912e-09
1.748754200000000082e-09
1.749443499999999988e-09
1.759233399999999981e-09
1.765500699999999968e-09
1.776658400000000053e-09
1.782078799999999940e-09
1.790858799999999987e-09
1.792293400000000072e-09
1.800505400000000002e-09
1.800547600000000012e-09
1.824577700000000012e-09
1.825903100000000029e-09
1.836867400000000088e-09
1.841050400000000093e-09
1.841873400000000018e-09
1.854233499999999995e-09
1.864711499999999925e-09
1.879141599999999875e-09
1.893959400000000163e-09
1.898291200000000038e-09
1.900121699999999973e-09
1.901977400000000083e-09
1.913492899999999866e-09
1.918984600000000148e-09
1.919168299999999977e-09
1.919357900000000031e-09
1.921977600000000078e-09
1.928323600000000130e-09
1.928387100000000106e-09
1.936706899999999865e-09
1.936790400000000012e-09
1.940587300000000190e-09
1.940869600000000016e-09
1.950990499999999850e-09
1.951065999999999929e-09
1.955129799999999987e-09
1.955200200000000095e-09
1.960419299999999920e-09
1.983472499999999946e-09
1.984228100000000100e-09
1.984391400000000043e-09
1.985925999999999952e-09
1.985938200000000118e-09
1.987111799999999929e-09
1.987620700000000024e-09
1.988161499999999949e-09
1.988731099999999955e-09
1.990052600000000176e-09
1.995091800000000144e-09
1.995472199999999809e-09
2.019018599999999888e-09
2.063874099999999889e-09
2.065353399999999954e-09
2.093380599999999842e-09
2.096761999999999919e-09
2.113009999999999924e-09
2.143947000000000103e-09
2.146623199999999962e-09
2.528068599999999903e-09
2.541825199999999814e-09
2.555646899999999797e-09
2.564840799999999848e-09
2.577203500000000033e-09
2.613271400000000046e-09
2.620891500000000100e-09
2.621019700000000021e-09
2.623620200000000150e-09
2.624208199999999818e-09
2.633063399999999847e-09
2.635477400000000083e-09
2.635560700000000167e-09
2.639402400000000150e-09
2.641311800000000007e-09
2.646766199999999979e-09
2.651801700000000008e-09
2.652992900000000052e-09
2.654200000000000202e-09
2.694274499999999824e-09
2.696982799999999990e-09
2.704491099999999973e-09
2.709671200000000187e-09
2.722470899999999882e-09
2.737236900000000201e-09
2.760327600000000186e-09
2.768368099999999834e-09
2.769119399999999858e-09
2.771740099999999810e-09
2.842837999999999856e-09
2.845703199999999992e-09
2.852074300000000188e-09
2.853986999999999856e-09
2.870747200000000180e-09
2.881842800000000114e-09
2.886666800000000138e-09
2.890264099999999968e-09
2.891417599999999989e-09
2.898289100000000052e-09
2.905664799999999952e-09
2.910521099999999932e-09
2.911653899999999972e-09
2.912437700000000017e-09
2.914464300000000010e-09
2.914561499999999976e-09
2.914580399999999797e-09
2.917120700000000175e-09
2.917151099999999940e-09
2.919366200000000051e-09
2.920002100000000099e-09
2.920150300000000191e-09
2.920589800000000084e-09
2.937188999999999958e-09
2.937348499999999930e-09
2.954443000000000113e-09
2.982257900000000156e-09
3.002890499999999909e-09
3.004066800000000167e-09
3.004349899999999835e-09
3.005130999999999846e-09
3.049045899999999863e-09
3.049062200000000096e-09
