# t
0.000000000000000000e+00
1.355148899999999979e-10
4.508278199999999909e-10
8.215064300000000090e-10
9.765267999999999494e-10
1.171905300000000093e-09
1.177020599999999917e-09
1.350677599999999993e-09
1.471891500000000035e-09
1.521048299999999908e-09
1.601721299999999925e-09
2.015457600000000049e-09
2.659331499999999814e-09
2.662412400000000053e-09
2.672750400000000023e-09
2.695152500000000118e-09
2.806908700000000184e-09
2.998059899999999849e-09
3.274521900000000171e-09
3.325204599999999868e-09
3.544833900000000054e-09
3.586660100000000135e-09
3.736959900000000265e-09
3.896677399999999823e-09
4.123178699999999817e-09
4.187330800000000104e-09
4.328995499999999643e-09
4.365169499999999977e-09
4.610238100000000216e-09
4.754753500000000232e-09
5.092446999999999589e-09
5.134047200000000005e-09
5.199876899999999878e-09
5.802891600000000103e-09
5.918215299999999598e-09
5.965981800000000273e-09
6.016103099999999683e-09
6.032231900000000154e-09
6.340496800000000401e-09
6.391432999999999843e-09
6.536951000000000167e-09
6.541648500000000398e-09
6.762663900000000305e-09
7.162390200000000184e-09
7.209819400000000043e-09
7.415578999999999834e-09
7.527484300000000692e-09
7.840742599999999542e-09
7.870391499999999394e-09
8.223725399999999871e-09
8.373036099999999861e-09
8.417265000000000298e-09
8.515173399999999504e-09
8.520026899999999833e-09
8.586947200000000769e-09
8.589485000000000764e-09
9.196594499999999348e-09
9.206319600000000812e-09
9.438665500000000259e-09
9.563575000000000654e-09
9.614595500000000499e-09
9.667761499999999361e-09
9.709776900000000610e-09
9.716203399999999440e-09
9.817309400000000518e-09
9.939064699999999641e-09
1.000976700000000014e-08
1.007824599999999998e-08
1.027103400000000070e-08
1.027851899999999946e-08
1.034256500000000067e-08
1.035555400000000032e-08
1.036109600000000010e-08
1.038819300000000042e-08
1.046663800000000076e-08
1.052686699999999952e-08
1.062898400000000028e-08
1.067463300000000011e-08
1.078696899999999929e-08
1.084416799999999998e-08
1.088882499999999957e-08
1.090796499999999957e-08
1.104059300000000036e-08
1.115491000000000072e-08
1.139322400000000011e-08
1.141488999999999965e-08
1.157584400000000046e-08
1.158712100000000032e-08
1.181400000000000077e-08
1.183767400000000016e-08
1.194594400000000025e-08
1.202060500000000039e-08
1.229868600000000064e-08
1.233553999999999936e-08
1.245066800000000017e-08
1.261864100000000008e-08
1.262432000000000051e-08
1.268546799999999940e-08
1.271564400000000018e-08
1.278107300000000054e-08
1.279677600000000011e-08
1.290862200000000026e-08
1.301078800000000009e-08
1.312232400000000069e-08
1.323375499999999924e-08
1.324765100000000016e-08
1.349871099999999950e-08
1.357296799999999990e-08
1.390521600000000047e-08
1.428610899999999968e-08
1.461618400000000074e-08
1.463512000000000023e-08
1.466669899999999992e-08
1.473654199999999946e-08
1.483290500000000070e-08
1.489659499999999926e-08
1.503954999999999983e-08
1.515829800000000150e-08
1.516538999999999906e-08
1.518901900000000065e-08
1.519035800000000066e-08
1.522913199999999931e-08
1.523755999999999923e-08
1.525161900000000083e-08
1.526808499999999877e-08
1.530017999999999917e-08
1.547007800000000060e-08
1.559255199999999887e-08
1.561539300000000073e-08
1.561788899999999899e-08
1.565221100000000122e-08
1.567326100000000126e-08
1.574319399999999972e-08
1.581215100000000139e-08
1.581802400000000080e-08
1.584593700000000150e-08
1.587958400000000032e-08
1.589997000000000046e-08
1.596782100000000030e-08
1.609505800000000148e-08
1.616406800000000019e-08
1.625370600000000008e-08
1.637126800000000088e-08
1.642598199999999854e-08
1.647517499999999982e-08
1.653760900000000002e-08
1.661490099999999844e-08
1.663360499999999842e-08
1.666013500000000163e-08
1.673842500000000054e-08
1.675211400000000000e-08
1.676167500000000044e-08
1.681119600000000039e-08
1.686965999999999900e-08
1.710585400000000089e-08
1.716671599999999960e-08
1.725296300000000049e-08
1.727703799999999867e-08
1.731617600000000086e-08
1.734012599999999890e-08
1.739647000000000000e-08
1.742115600000000105e-08
1.744044000000000063e-08
1.745131399999999940e-08
1.746857000000000102e-08
1.746944100000000074e-08
1.750837400000000044e-08
1.757227599999999876e-08
1.763618499999999931e-08
1.770305700000000139e-08
1.772989900000000150e-08
1.777286600000000003e-08
1.805438200000000008e-08
1.805518500000000128e-08
1.832396300000000062e-08
1.833244899999999917e-08
1.847995800000000055e-08
1.848743300000000109e-08
1.850334799999999875e-08
1.880308099999999904e-08
1.893028399999999931e-08
1.897773600000000148e-08
1.906769999999999941e-08
1.911084699999999907e-08
1.914183600000000094e-08
1.917169900000000121e-08
1.919313400000000156e-08
1.931330900000000151e-08
1.935952399999999979e-08
1.935955600000000006e-08
1.937284099999999977e-08
1.945086900000000119e-08
1.946521300000000099e-08
1.952367900000000024e-08
1.958710599999999934e-08
1.959895600000000153e-08
1.960745999999999921e-08
1.961718799999999994e-08
1.966080600000000086e-08
1.966268899999999891e-08
1.971928600000000126e-08
1.980379600000000100e-08
1.985867999999999992e-08
1.992266100000000026e-08
1.994848199999999915e-08
1.996024600000000039e-08
1.997100300000000158e-08
2.003207500000000105e-08
2.018058700000000121e-08
2.020113700000000069e-08
2.026789900000000080e-08
2.037113300000000028e-08
2.041697699999999940e-08
2.066097799999999846e-08
2.067227299999999910e-08
2.074527800000000075e-08
2.076382199999999936e-08
2.077069000000000161e-08
2.079056999999999927e-08
2.091742300000000047e-08
2.093510200000000127e-08
2.093734300000000095e-08
2.096312800000000160e-08
2.096420300000000018e-08
2.097446599999999940e-08
2.101039500000000104e-08
2.104015400000000125e-08
2.107960500000000064e-08
2.111340300000000127e-08
2.112718099999999932e-08
2.117660200000000049e-08
2.125995000000000039e-08
2.136847100000000108e-08
2.140949200000000132e-08
2.144212099999999989e-08
2.147501700000000085e-08
2.147594200000000123e-08
2.152723600000000058e-08
2.162820800000000030e-08
2.170322799999999908e-08
2.171622099999999835e-08
2.174340799999999924e-08
2.176682100000000147e-08
2.204416100000000043e-08
2.208139999999999946e-08
2.210721800000000070e-08
2.213331300000000091e-08
2.214979500000000064e-08
2.215114700000000149e-08
2.215548999999999956e-08
2.215894100000000114e-08
2.230793800000000040e-08
2.233311800000000010e-08
2.240521099999999889e-08
2.247939200000000153e-08
2.254967599999999938e-08
2.256194299999999884e-08
2.256979299999999980e-08
2.259948200000000085e-08
2.265908799999999954e-08
2.273404799999999904e-08
2.277578000000000094e-08
2.286485399999999972e-08
2.288731599999999988e-08
2.294833399999999869e-08
2.301238599999999850e-08
2.306125399999999875e-08
2.309349499999999936e-08
2.310073699999999841e-08
2.310287999999999994e-08
2.313736899999999916e-08
2.339338199999999911e-08
2.345252699999999974e-08
2.345933700000000005e-08
2.349331699999999914e-08
2.358115899999999893e-08
2.362010000000000118e-08
2.373982199999999900e-08
2.378331399999999946e-08
2.380707999999999840e-08
2.385691299999999855e-08
2.388048599999999884e-08
2.391928000000000056e-08
2.395139300000000007e-08
2.416517400000000087e-08
2.419596399999999885e-08
2.420178799999999919e-08
2.425935700000000035e-08
2.439055800000000121e-08
2.456123000000000122e-08
2.456412500000000093e-08
2.459701299999999934e-08
2.459705700000000013e-08
2.468381799999999943e-08
2.470632799999999836e-08
2.473790599999999938e-08
2.477261900000000052e-08
2.479057399999999997e-08
2.485676600000000035e-08
2.492308100000000024e-08
2.493164199999999955e-08
2.493948100000000031e-08
2.494026300000000144e-08
2.494653900000000027e-08
2.505842000000000000e-08
2.518032300000000153e-08
2.519356199999999982e-08
2.519424599999999948e-08
2.526268400000000114e-08
2.526961600000000064e-08
2.541219900000000008e-08
2.543681399999999835e-08
2.553117100000000036e-08
2.553183999999999855e-08
2.555792000000000060e-08
2.561654799999999855e-08
2.566210300000000150e-08
2.572486099999999910e-08
2.574028499999999907e-08
2.576972500000000016e-08
2.578693299999999971e-08
2.580555299999999939e-08
2.581632100000000077e-08
2.588918299999999985e-08
2.593839800000000153e-08
2.599612299999999948e-08
2.611644800000000093e-08
2.612230899999999982e-08
2.628318999999999886e-08
2.633777000000000013e-08
2.634543200000000072e-08
2.641013900000000088e-08
2.643210200000000080e-08
2.652932299999999925e-08
2.652956299999999966e-08
2.671863499999999869e-08
2.672577000000000003e-08
2.692073400000000122e-08
2.697818200000000022e-08
2.702576799999999877e-08
2.703610599999999874e-08
2.705969400000000050e-08
2.707758800000000036e-08
2.718893100000000064e-08
2.720951999999999932e-08
2.724211700000000092e-08
2.726486299999999897e-08
2.727631099999999874e-08
2.730547799999999884e-08
2.738641300000000048e-08
2.740397600000000070e-08
2.754337999999999924e-08
2.763128900000000053e-08
2.763648800000000016e-08
2.772043399999999878e-08
2.772510499999999884e-08
2.777482000000000108e-08
2.778412100000000136e-08
2.780732399999999950e-08
2.798287299999999906e-08
2.811791399999999977e-08
2.817945299999999922e-08
2.818372200000000017e-08
2.823967399999999874e-08
2.824465400000000134e-08
2.825867799999999840e-08
2.826578400000000042e-08
2.838734300000000149e-08
2.847324200000000064e-08
2.859263399999999914e-08
2.879181699999999858e-08
2.886990399999999895e-08
2.921147799999999949e-08
2.927365400000000017e-08
2.933327700000000096e-08
2.935264899999999882e-08
2.940591799999999908e-08
2.964710899999999906e-08
2.976123199999999879e-08
2.991379100000000192e-08
2.999147599999999988e-08
3.003329799999999738e-08
3.010242500000000030e-08
3.013085600000000070e-08
3.019646500000000053e-08
3.026148199999999693e-08
3.033187000000000147e-08
3.045394300000000095e-08
3.046654799999999896e-08
3.050332799999999726e-08
3.050398899999999952e-08
3.051149199999999905e-08
3.058159599999999908e-08
3.066688900000000027e-08
3.075402899999999796e-08
3.081990599999999720e-08
3.082560899999999866e-08
3.085319600000000133e-08
3.087206200000000001e-08
3.090696999999999713e-08
3.113809299999999719e-08
3.120058000000000105e-08
3.120645400000000077e-08
3.126120799999999795e-08
3.141911699999999921e-08
3.147969599999999704e-08
3.148169599999999931e-08
3.149262499999999908e-08
3.162445599999999893e-08
3.164394599999999800e-08
3.164459199999999879e-08
3.168030400000000074e-08
3.168996999999999826e-08
3.178873099999999793e-08
3.190463299999999897e-08
3.196648599999999925e-08
3.197156999999999861e-08
3.197979300000000266e-08
3.198625299999999728e-08
3.201061700000000156e-08
3.202789800000000123e-08
3.213090400000000082e-08
3.213971799999999806e-08
3.218526700000000240e-08
3.219277799999999787e-08
3.226615200000000134e-08
3.230741800000000028e-08
3.250789499999999861e-08
3.254087600000000020e-08
3.254880800000000083e-08
3.258991099999999743e-08
3.259440999999999891e-08
3.261390300000000225e-08
3.262375000000000121e-08
3.277585200000000094e-08
3.287630299999999671e-08
3.287876399999999704e-08
3.291397799999999906e-08
3.293434100000000180e-08
3.296147599999999935e-08
3.306141100000000268e-08
3.311892499999999955e-08
3.325929099999999704e-08
3.327563200000000146e-08
3.328935899999999979e-08
3.335062700000000219e-08
3.335344000000000223e-08
3.349738799999999674e-08
3.360673199999999838e-08
3.366058100000000155e-08
3.366695599999999886e-08
3.367738200000000041e-08
3.378651600000000129e-08
3.400850700000000199e-08
3.402284099999999861e-08
3.415099200000000329e-08
3.416184400000000167e-08
3.428971899999999777e-08
3.431773599999999855e-08
3.450773200000000096e-08
3.456891600000000305e-08
3.458057100000000263e-08
3.459802700000000184e-08
3.467777999999999727e-08
3.468082800000000274e-08
3.469136199999999901e-08
3.478838200000000288e-08
3.489539999999999760e-08
3.497820700000000041e-08
3.500670200000000136e-08
3.511338400000000146e-08
3.514856199999999863e-08
3.534619499999999697e-08
3.540625400000000110e-08
3.555396900000000197e-08
3.558107299999999956e-08
3.569934799999999934e-08
3.572354900000000129e-08
3.579246400000000280e-08
3.596479599999999927e-08
3.599470700000000161e-08
3.607537399999999723e-08
3.627770699999999825e-08
3.630270900000000077e-08
3.633461900000000175e-08
3.634142900000000206e-08
3.638657299999999972e-08
3.643408200000000021e-08
3.653958200000000072e-08
3.665159599999999983e-08
3.669795499999999769e-08
3.675139200000000187e-08
3.684817099999999840e-08
3.691223000000000045e-08
3.698651599999999685e-08
3.708642899999999979e-08
3.711001300000000028e-08
3.715975399999999757e-08
3.722859500000000197e-08
3.727110500000000041e-08
3.733333400000000143e-08
3.740519899999999703e-08
3.750020500000000079e-08
3.756093300000000310e-08
3.756291299999999899e-08
3.757839699999999823e-08
3.775043400000000323e-08
3.777648499999999934e-08
3.779156300000000151e-08
3.779955399999999778e-08
3.780181099999999926e-08
3.781425500000000220e-08
3.782237899999999786e-08
3.784989999999999934e-08
3.790928500000000037e-08
3.793386799999999836e-08
3.795740200000000276e-08
3.807026400000000087e-08
3.814140300000000327e-08
3.819523100000000305e-08
3.834448799999999916e-08
3.837639300000000185e-08
3.837898900000000220e-08
3.849681700000000177e-08
3.856954299999999720e-08
3.860164499999999983e-08
3.866717800000000190e-08
3.881964799999999982e-08
3.896796300000000005e-08
3.901109099999999697e-08
3.903628300000000049e-08
3.906695499999999726e-08
3.913161100000000101e-08
3.914976600000000135e-08
3.916173100000000049e-08
3.919049400000000084e-08
3.924313699999999677e-08
3.925908800000000260e-08
3.930378200000000240e-08
3.933607300000000241e-08
3.937095499999999787e-08
3.938972299999999840e-08
3.954041299999999801e-08
3.966272800000000184e-08
3.966861300000000176e-08
3.971143200000000275e-08
3.972489399999999933e-08
3.976392499999999718e-08
3.977925999999999856e-08
3.981925400000000230e-08
3.990018199999999840e-08
3.992058399999999702e-08
4.006488000000000320e-08
4.010696799999999947e-08
4.011399700000000011e-08
4.013499300000000279e-08
4.015566599999999847e-08
4.025328600000000169e-08
4.032521100000000318e-08
4.033107099999999844e-08
4.035258300000000018e-08
4.035619099999999887e-08
4.039903899999999917e-08
4.054858099999999679e-08
4.055196300000000285e-08
4.061445699999999902e-08
4.067954199999999725e-08
4.072224099999999969e-08
4.077753300000000293e-08
4.086360400000000066e-08
4.094044200000000324e-08
4.109632599999999757e-08
4.110979099999999842e-08
4.117418699999999870e-08
4.117966899999999920e-08
4.123080799999999876e-08
4.126399999999999813e-08
4.129023200000000230e-08
4.143226000000000019e-08
4.146222900000000116e-08
4.148008899999999680e-08
4.148330100000000161e-08
4.151403499999999829e-08
4.151422699999999993e-08
4.153220799999999774e-08
4.154609500000000076e-08
4.160786800000000201e-08
4.163357199999999669e-08
4.167277600000000007e-08
4.175130399999999874e-08
4.186798799999999759e-08
4.187676400000000257e-08
4.202394400000000164e-08
4.208577900000000280e-08
4.209950100000000285e-08
4.222897399999999881e-08
4.234660000000000016e-08
4.268681500000000093e-08
4.270254600000000281e-08
4.273577100000000276e-08
4.284294999999999917e-08
4.291141300000000219e-08
4.292313900000000124e-08
4.296053299999999674e-08
4.303062900000000084e-08
4.305116199999999820e-08
4.305483099999999980e-08
4.315068800000000020e-08
4.315530099999999831e-08
4.321941599999999836e-08
4.323055099999999762e-08
4.330410099999999764e-08
4.336783299999999801e-08
4.339578700000000186e-08
4.339805199999999927e-08
4.340198999999999728e-08
4.342734500000000313e-08
4.353026900000000305e-08
4.358819699999999955e-08
4.363386800000000308e-08
4.377345399999999677e-08
4.380190899999999820e-08
4.380253799999999687e-08
4.380430399999999734e-08
4.383202500000000302e-08
4.383406099999999691e-08
4.390298499999999798e-08
4.392260499999999879e-08
4.392624500000000107e-08
4.395742799999999860e-08
4.405280299999999756e-08
4.407501400000000043e-08
4.414004100000000002e-08
4.417514400000000306e-08
4.423124899999999746e-08
4.424885200000000051e-08
4.429573000000000168e-08
4.429751600000000190e-08
4.434749399999999865e-08
4.443003899999999735e-08
4.450033299999999839e-08
4.450161899999999805e-08
4.475264700000000042e-08
4.475765300000000139e-08
4.481524500000000327e-08
4.488667399999999885e-08
4.496933300000000080e-08
4.499730199999999951e-08
4.515653299999999867e-08
4.518278700000000324e-08
4.525880100000000124e-08
4.530604999999999825e-08
4.538029899999999940e-08
4.541914199999999689e-08
4.555912300000000069e-08
4.556298999999999922e-08
4.567131199999999934e-08
4.569008099999999688e-08
4.572938200000000139e-08
4.575780499999999924e-08
4.578534300000000283e-08
4.588982399999999946e-08
4.596084400000000032e-08
4.606677700000000320e-08
4.607599399999999986e-08
4.610852600000000059e-08
4.622929599999999831e-08
4.625936600000000170e-08
4.629084999999999923e-08
4.632270099999999794e-08
4.644977799999999775e-08
4.647439799999999761e-08
4.649853200000000137e-08
4.654117499999999919e-08
4.657697800000000037e-08
4.660509099999999866e-08
4.669295500000000215e-08
4.679511800000000103e-08
4.683276300000000044e-08
4.686318600000000055e-08
4.691414899999999695e-08
4.692538499999999863e-08
4.695368999999999857e-08
4.695394300000000311e-08
4.696868100000000278e-08
4.700144699999999869e-08
4.709786300000000193e-08
4.713219900000000201e-08
4.717013499999999823e-08
4.721259999999999886e-08
4.721694499999999757e-08
4.731047999999999894e-08
4.737038500000000030e-08
4.737523299999999722e-08
4.740594900000000140e-08
4.758119500000000032e-08
4.759724100000000004e-08
4.782273300000000172e-08
4.792444200000000146e-08
4.802688600000000057e-08
4.803248500000000197e-08
4.804063299999999867e-08
4.808139899999999703e-08
4.834800799999999979e-08
4.838271899999999698e-08
4.853658100000000188e-08
4.859009099999999956e-08
4.861050199999999774e-08
4.864949300000000270e-08
4.865699299999999797e-08
4.871908899999999962e-08
4.875134299999999776e-08
4.885651900000000087e-08
4.900765800000000133e-08
4.904637099999999708e-08
4.922795899999999933e-08
4.924685000000000267e-08
4.926115700000000060e-08
4.929571499999999865e-08
4.931807799999999704e-08
4.936085400000000086e-08
4.950419199999999944e-08
4.951329200000000182e-08
4.954075400000000104e-08
4.958715200000000140e-08
4.964654200000000071e-08
4.964896599999999917e-08
4.965888000000000295e-08
4.972252099999999748e-08
4.972879000000000070e-08
4.973290699999999952e-08
4.983346999999999790e-08
4.983767600000000193e-08
4.985951600000000234e-08
4.991531499999999846e-08
5.011759600000000276e-08
5.017418900000000052e-08
5.020322400000000154e-08
5.021913999999999953e-08
5.023346899999999785e-08
5.026347999999999898e-08
5.029523999999999847e-08
5.048972099999999789e-08
5.049383400000000205e-08
5.059906200000000189e-08
5.077579799999999932e-08
5.080665200000000117e-08
5.082035099999999719e-08
5.084063299999999727e-08
5.096043699999999807e-08
5.097588400000000206e-08
5.102416199999999952e-08
5.102681900000000277e-08
5.102980399999999808e-08
5.104735100000000313e-08
5.107150599999999704e-08
5.124183099999999893e-08
5.125118300000000223e-08
5.131014699999999809e-08
5.142748599999999729e-08
5.144037200000000216e-08
5.147129599999999985e-08
5.159202000000000275e-08
5.163465299999999739e-08
5.166018399999999979e-08
5.167994300000000189e-08
5.169636899999999701e-08
5.173071299999999964e-08
5.180419600000000146e-08
5.204648000000000244e-08
5.205364500000000011e-08
5.223430800000000197e-08
5.232627499999999982e-08
5.252084600000000146e-08
5.253576500000000258e-08
5.258547900000000119e-08
5.270036599999999962e-08
5.277365799999999680e-08
5.281006200000000097e-08
5.284113899999999780e-08
5.284849999999999840e-08
5.294526199999999943e-08
5.304978399999999921e-08
5.311270899999999711e-08
5.315023900000000287e-08
5.316030199999999789e-08
5.316214799999999739e-08
5.320252300000000016e-08
5.341593199999999818e-08
5.344438699999999961e-08
5.349000699999999681e-08
5.363645099999999949e-08
5.368182699999999832e-08
5.380959399999999971e-08
5.386638999999999931e-08
5.395683599999999869e-08
5.414210700000000038e-08
5.416347100000000126e-08
5.419300699999999986e-08
5.441589000000000036e-08
5.442254000000000261e-08
5.449522700000000215e-08
5.460210200000000092e-08
5.463579100000000320e-08
5.466503999999999965e-08
5.479156399999999854e-08
5.481893200000000088e-08
5.489949699999999708e-08
5.493033799999999809e-08
5.495590600000000236e-08
5.496122200000000288e-08
5.503847399999999847e-08
5.506856099999999735e-08
5.507974599999999932e-08
5.509389900000000110e-08
5.511202599999999913e-08
5.515549899999999683e-08
5.516128799999999924e-08
5.533396600000000012e-08
5.536922599999999696e-08
5.542505199999999837e-08
5.544383000000000209e-08
5.545181199999999880e-08
5.547904399999999750e-08
5.548434800000000081e-08
5.550718200000000044e-08
5.552983600000000226e-08
5.555939499999999827e-08
5.569801599999999867e-08
5.571050700000000005e-08
5.573012599999999723e-08
5.578257699999999813e-08
5.585215899999999719e-08
5.592460199999999837e-08
5.594985400000000117e-08
5.605859699999999983e-08
5.608839700000000318e-08
5.610508700000000304e-08
5.629934200000000322e-08
5.637369200000000017e-08
5.638103599999999866e-08
5.644074499999999709e-08
5.644184600000000064e-08
5.654051800000000172e-08
5.655454500000000304e-08
5.656852699999999995e-08
5.668011500000000223e-08
5.668430199999999689e-08
5.672902300000000199e-08
5.682977699999999840e-08
5.688931200000000092e-08
5.690686300000000063e-08
5.693391300000000086e-08
5.704713500000000124e-08
5.707250599999999896e-08
5.711644600000000325e-08
5.712981299999999933e-08
5.716864600000000024e-08
5.717546900000000139e-08
5.729172100000000149e-08
5.743150299999999810e-08
5.749478700000000125e-08
5.754279600000000230e-08
5.763410700000000280e-08
5.766862500000000133e-08
5.773568400000000016e-08
5.781242300000000096e-08
5.786680499999999868e-08
5.800948499999999926e-08
5.811612299999999858e-08
5.816123699999999992e-08
5.823421100000000162e-08
5.823593799999999958e-08
5.832059100000000189e-08
5.863627500000000140e-08
5.864715300000000145e-08
5.878540700000000067e-08
5.880304099999999706e-08
5.886634200000000231e-08
5.890240000000000207e-08
5.894170799999999889e-08
5.898050999999999985e-08
5.906000900000000034e-08
5.929571199999999791e-08
5.929916399999999981e-08
5.934600900000000039e-08
5.938392800000000111e-08
5.942757799999999899e-08
5.943207200000000218e-08
5.945667200000000228e-08
5.946090600000000200e-08
5.966978699999999922e-08
5.967488100000000177e-08
5.968997699999999644e-08
5.983874499999999880e-08
5.984425799999999925e-08
5.984489700000000111e-08
5.985291300000000205e-08
5.993858899999999629e-08
5.994672099999999450e-08
6.006703499999999905e-08
6.017220899999999491e-08
6.023441299999999789e-08
6.024100099999999361e-08
6.027501800000000118e-08
6.027716100000000602e-08
6.048548799999999870e-08
6.055671399999999905e-08
6.063168899999999341e-08
6.065179200000000590e-08
6.066441900000000431e-08
6.069831199999999883e-08
6.078948699999999568e-08
6.079481600000000365e-08
6.087811599999999488e-08
6.087973999999999640e-08
6.097239299999999455e-08
6.102200199999999609e-08
6.104377199999999404e-08
6.125515899999999601e-08
6.137604199999999997e-08
6.151717800000000468e-08
6.152332299999999484e-08
6.154495700000000238e-08
6.155695499999999549e-08
6.157896500000000377e-08
6.161548099999999732e-08
6.162144599999999628e-08
6.167361500000000654e-08
6.167780200000000121e-08
6.171657100000000157e-08
6.176195500000000295e-08
6.178398800000000202e-08
6.182430199999999527e-08
6.183318400000000095e-08
6.196839999999999789e-08
6.203463200000000110e-08
6.219255199999999594e-08
6.231389500000000095e-08
6.232171299999999832e-08
6.233692999999999517e-08
6.240076399999999497e-08
6.246454099999999977e-08
6.252774900000000516e-08
6.280400900000000395e-08
6.286338599999999582e-08
6.296034000000000512e-08
6.302725899999999902e-08
6.306044799999999412e-08
6.319543100000000612e-08
6.323853300000000137e-08
6.326253300000000211e-08
6.331393599999999981e-08
6.339391200000000346e-08
6.342236099999999636e-08
6.349430499999999398e-08
6.351962800000000287e-08
6.352394100000000461e-08
6.356702799999999838e-08
6.360378999999999755e-08
6.363394399999999464e-08
6.367273099999999412e-08
6.369295499999999556e-08
6.371869400000000471e-08
6.380884700000000002e-08
6.396694999999999695e-08
6.399415599999999397e-08
6.401146400000000555e-08
6.417168099999999476e-08
6.418117799999999465e-08
6.424015699999999861e-08
6.440913900000000583e-08
6.459773200000000107e-08
6.472673499999999941e-08
6.476375300000000078e-08
6.477304700000000544e-08
6.483059999999999820e-08
6.487133300000000259e-08
6.489156400000000296e-08
6.498107399999999513e-08
6.498419299999999345e-08
6.518801600000000622e-08
6.524548700000000593e-08
6.531181799999999769e-08
6.534718999999999714e-08
6.534963700000000624e-08
6.537102700000000217e-08
6.539132800000000499e-08
6.547437599999999530e-08
6.550055799999999677e-08
6.552985199999999764e-08
6.565074899999999944e-08
6.568590599999999984e-08
6.576941000000000315e-08
6.578324500000000283e-08
6.580708500000000551e-08
6.585936700000000216e-08
6.587013199999999597e-08
6.594024199999999792e-08
6.598792299999999367e-08
6.609407299999999624e-08
