# t	msd	err
4.999999999999999536e-11 3.646957980765428875e+00 4.947505059577488734e-02
1.000000000000000553e-10 3.759028998303941993e+00 4.917929023405292338e-02
1.500000000000001024e-10 3.766735258826752641e+00 4.852689511722421689e-02
2.499664991624792546e-10 3.769701241248800461e+00 2.831127467939557538e-02
3.999663978494677249e-10 3.856084600927413675e+00 2.830132951892566293e-02
6.248523206751102433e-10 3.878848298794116189e+00 1.980990605264084520e-02
1.024578866768777884e-09 3.978073561635476096e+00 1.515657455371517692e-02
1.624160206718363588e-09 4.170174133496836077e+00 1.291980421765944430e-02
2.572474081883555899e-09 4.413907895783439450e+00 9.940402081814009652e-03
4.093790849673272392e-09 4.812007053652851418e+00 8.122701301144612251e-03
6.483333333333414549e-09 5.449092002269650514e+00 6.578975049647276668e-03
1.025461796809402962e-08 6.495968664967284312e+00 5.469603535861496633e-03
1.618949517446157541e-08 7.986982161268523228e+00 4.734911122996727888e-03
2.542261410788351082e-08 1.004610731082760644e+01 4.798032685875237499e-03
3.785000000000040179e-08 1.300612957784172785e+01 6.496977734618269128e-03
