# t	msd	err
5.000000000000000311e-10 1.741311882048817239e+01 2.247304255539335216e-01
9.999999999999994419e-10 1.754172947832189067e+01 2.233536058258575874e-01
1.500000000000001438e-09 1.781966651672520996e+01 2.245124113875735516e-01
2.499664991624762767e-09 1.816620530641096209e+01 1.302306857399709861e-01
3.999663978494641473e-09 1.872074452578970138e+01 1.321786103302407256e-01
6.248523206751073896e-09 1.955385517384724281e+01 9.532075513448635962e-02
1.024578866768748974e-08 2.095659794954345756e+01 7.581161155948741570e-02
1.624160206718337738e-08 2.303133774439466563e+01 6.702294378322017077e-02
2.572474081883684195e-08 2.625093215833012650e+01 5.472146117470394477e-02
4.093790849673233680e-08 3.091278100655399896e+01 4.695634414023167058e-02
6.483333333333425137e-08 3.751146410905734996e+01 3.915089443233444461e-02
1.025461796809415634e-07 4.665566155794068948e+01 3.225080646446276678e-02
1.618949517446170445e-07 5.912751524461404529e+01 2.889947014370587708e-02
2.542261410788374838e-07 7.408323011787227586e+01 2.805699117845338389e-02
3.784999999999988960e-07 8.983958473364532438e+01 3.041597133721887086e-02
