# time dx dy dz
7.137999999999999546e-10 -1.613872474069999896e+00 -1.613962201230000115e+00 -4.153466917999892871e-04
1.263000000000000085e-09 1.613561488344700035e+00 -1.339041570000032433e-03 -1.613734335414399812e+00
2.991000000000000115e-09 1.614004161127299941e+00 -1.132919830000146330e-03 -1.614974248938000123e+00
7.155999999999999690e-09 -1.174848629999985378e-03 1.613618108089000192e+00 -1.617622243602000021e+00
1.176000000000000075e-08 -1.593322940221000072e+00 1.597718609970000259e+00 -4.784068500002389363e-04
1.366999999999999932e-08 1.601436747091000035e+00 1.226900341999996764e-02 1.614563129889999837e+00
1.560999999999999883e-08 -3.547568999998432226e-04 -1.594481032300000045e+00 1.595550008170000034e+00
1.876000000000000056e-08 -1.615670975919999641e+00 1.601492221820000061e+00 1.219803067999998894e-02
1.893999999999999953e-08 1.623117447479999864e+00 -1.602435416379999866e+00 -1.417202283000023808e-02
2.944999999999999901e-08 -1.615747341741399667e+00 1.601376746100000359e+00 1.219318417000013130e-02
4.130999999999999735e-08 1.623258657401399851e+00 -1.602247440660000022e+00 -1.429182999000029423e-02
4.258999999999999954e-08 -2.858042500000373444e-04 -1.611900137539999722e+00 1.615346491780000227e+00
4.593000000000000166e-08 -1.615360331797999649e+00 -9.091356830000202338e-03 1.625307614330000039e+00
5.432999999999999747e-08 -1.314142332000112212e-03 -1.595827121499999723e+00 -1.596709225549999722e+00
5.602000000000000135e-08 1.614475308955999999e+00 1.600366672550000313e+00 -1.108834046200021795e-02
6.331000000000000244e-08 -1.613315718778000285e+00 1.613603346984000098e+00 -7.749618339999262036e-04
6.660000000000000080e-08 -1.595489491763999901e+00 6.932976639998474555e-04 1.595459400758000079e+00
6.827000000000000186e-08 -1.625406278247000014e+00 -1.615343234357999869e+00 1.135900372999999221e-02
6.970999999999999357e-08 1.611656119787000296e+00 9.547159899999451641e-04 1.614540246345999686e+00
6.995999999999999912e-08 -5.360355409999775908e-04 -1.615982141219999724e+00 1.615544465584000111e+00
7.123999999999999470e-08 -1.171294241999945064e-03 1.613032976670999874e+00 1.617776934780000175e+00
8.700999999999999628e-08 1.616380568089399894e+00 -1.613202085150999832e+00 3.043923259998313055e-04
9.771000000000000607e-08 1.594253734729000227e+00 -2.381017509999971971e-03 1.595124135597000059e+00
1.107000000000000053e-07 1.628311232390000196e+00 1.615656576679000089e+00 1.168261025200009739e-02
1.135999999999999981e-07 1.614822121000999866e+00 -1.612997339170999744e+00 7.321049789999821249e-04
1.137999999999999999e-07 1.618026809528999799e+00 1.612697910805999779e+00 -1.849718708000045071e-04
1.144000000000000053e-07 -4.878780462999896331e-03 -1.611932359723999841e+00 1.617044280430799841e+00
1.181999999999999996e-07 6.149182378999890064e-03 -1.615933236240000070e+00 -1.617482805589999684e+00
1.205000000000000004e-07 1.594761187344000186e+00 -1.596484662830000012e+00 1.434279179999897041e-03
1.265000000000000012e-07 1.208879467000006404e-02 -1.625748369889999712e+00 1.616001145040000253e+00
1.277999999999999929e-07 1.315755030000061512e-03 -1.615728444580000200e+00 -1.613445282773000145e+00
1.277999999999999929e-07 -1.617256176955999880e+00 -4.780482099999983081e-04 -1.615662418217999940e+00
1.354000000000000081e-07 1.614479115785999896e+00 -3.643625230000004014e-03 -1.614694671779000057e+00
1.362999999999999963e-07 -1.613567381797999856e+00 -7.848830900000114581e-04 -1.615399369403999863e+00
1.371000000000000034e-07 -3.127789779998740036e-04 1.613491563530000228e+00 1.612358905004999787e+00
1.401999999999999981e-07 -9.459615940003514474e-04 1.614787552457999986e+00 1.613735224693599424e+00
1.418999999999999935e-07 6.139636030001766227e-04 -1.617249508867999896e+00 -1.616173920292600208e+00
1.442999999999999885e-07 -4.311728910001877586e-04 -1.614946101819999980e+00 -1.613162136135999791e+00
1.463000000000000064e-07 1.594978369147999953e+00 -1.594916556935999985e+00 -6.254780929999738826e-04
1.482999999999999978e-07 1.210802712000009530e-02 1.602957373217999582e+00 1.618087542835300097e+00
1.527000000000000108e-07 1.596275255967999795e+00 1.595152039729400117e+00 -7.218094883000331259e-04
1.577999999999999969e-07 -1.587204181928000057e+00 1.604586402711600357e+00 9.438299999851851307e-07
1.583000000000000080e-07 -1.609111933359999913e+00 -1.591325153092999933e+00 5.817898200001195459e-04
1.668999999999999923e-07 -7.785735209999768668e-03 1.609975328909800441e+00 -1.615617754619999902e+00
1.689999999999999913e-07 7.774282479999683644e-03 -1.609740126199800780e+00 1.623107962070000188e+00
1.704999999999999981e-07 -8.094755947299650534e-03 1.609584156563000468e+00 1.615660752573999659e+00
1.727000000000000046e-07 -1.614563029688700357e+00 1.614653998789000067e+00 8.288194660001583364e-04
1.741000000000000039e-07 -1.615287761081999784e+00 1.615155990522999740e+00 2.773644957000143433e-04
1.753999999999999957e-07 -2.040765371000260835e-03 -1.612266952237999540e+00 -1.613848433500000068e+00
1.784999999999999903e-07 -1.613670236250999812e+00 2.359637099986957448e-05 -1.617789476100000012e+00
1.792999999999999975e-07 -1.596368689549999775e+00 1.595420839111999722e+00 2.594791499998805318e-04
1.827999999999999958e-07 -1.627475823985999659e+00 1.085857031999992381e-02 -1.620738052129999884e+00
1.852999999999999983e-07 1.594606158149999731e+00 -1.594249240219999919e+00 7.839145099998692974e-04
1.857000000000000019e-07 1.623050643190000253e+00 -1.128535260000013141e-02 -1.616977975154000102e+00
1.859999999999999979e-07 -1.614738480627000428e+00 -1.616440527319999987e+00 -2.353870468999846432e-03
1.862000000000000130e-07 -2.212263849996284632e-04 1.613470841950000123e+00 -1.614315320473000082e+00
1.890999999999999926e-07 -8.163533490000986995e-04 1.613990126070000031e+00 -1.615247164199999919e+00
1.893999999999999887e-07 1.613586318498999805e+00 -1.612990442290000104e+00 -1.661771049999896405e-03
1.926999999999999984e-07 1.614822316160999804e+00 1.613718494270000026e+00 -1.393996959999984665e-03
1.954999999999999970e-07 1.617782468010000141e+00 -4.257837699999165830e-04 -1.614471312219999621e+00
2.035999999999999967e-07 1.178740039999862099e-03 -1.613388046841699897e+00 -1.615102837669999847e+00
2.056999999999999957e-07 -1.595084833820000103e+00 -1.794306701299985818e-03 -1.597182275084000125e+00
2.066999999999999914e-07 -1.604587780203999836e+00 -8.325655670000098318e-04 1.586853744823999879e+00
2.081999999999999982e-07 -1.610723659396600116e+00 -1.605726661020000057e+00 3.997246480000049562e-03
2.126000000000000111e-07 -1.603074951719400509e+00 -5.911315606000152288e-03 1.598089545710000170e+00
2.154000000000000097e-07 -1.768677990399991976e-02 1.610578950678999810e+00 -1.600756417669999987e+00
2.171000000000000051e-07 1.697149050399989617e-02 -1.620945850678999989e+00 1.601926304640000076e+00
2.175999999999999897e-07 1.584949518060000173e+00 -2.496593009999963607e-03 -1.586590066250000097e+00
2.217999999999999876e-07 4.013229274999746167e-03 -1.606672704580000222e+00 1.599272737680000223e+00
2.221999999999999912e-07 -1.613281499320000201e+00 -1.623318168620000224e+00 4.444777980200126377e-03
2.284000000000000070e-07 -1.614936776154000109e+00 -2.309307369999942603e-03 1.613842925179799881e+00
2.285999999999999956e-07 -1.596159169856000037e+00 -1.596125818734000168e+00 2.685998529999603871e-04
2.292999999999999952e-07 -1.342387222999992698e-02 1.600593889145399906e+00 1.616559956520000174e+00
2.334999999999999931e-07 1.433364862999998018e-02 -1.601457289145400198e+00 -1.624381415890000291e+00
2.337000000000000082e-07 -1.409919515999978785e-02 1.599449300414000019e+00 1.615812993299999833e+00
2.387999999999999943e-07 -6.712960200000795460e-04 -1.595493198411999991e+00 1.595886395920900203e+00
2.392000000000000243e-07 -8.105362799999578372e-04 1.588343261222000091e+00 1.606184575486099941e+00
2.394999999999999939e-07 -1.617776772810000319e+00 1.621534474736999965e+00 1.046009051399984791e-02
2.401999999999999936e-07 1.612915125892000034e+00 -1.051469047000201879e-03 -1.612165922723000300e+00
2.434000000000000222e-07 -1.613824783471000002e+00 -8.458244999985957066e-05 -1.614450417578999986e+00
2.476000000000000201e-07 -4.215924268999307004e-04 -1.595283400864000001e+00 -1.596174897430000295e+00
2.483999999999999744e-07 -7.284753720999986209e-04 -1.605612826195999876e+00 -1.605774637109999903e+00
2.610999999999999756e-07 -4.006594660000416556e-04 -1.612702243899999832e+00 1.593258581313000022e+00
2.633999999999999896e-07 -8.107444860000230643e-04 -1.603471748579999634e+00 1.600109065437000044e+00
2.738999999999999843e-07 1.660086699999704755e-04 1.609431131609999843e+00 -1.606922147740000195e+00
2.756000000000000062e-07 1.617595923928000001e+00 1.601358476789999763e+00 3.957529800000525455e-04
2.803999999999999962e-07 -9.059322410001346970e-04 1.616192792144000245e+00 1.618628855950000167e+00
2.815999999999999805e-07 -1.167218915999967965e-03 -1.617315196271000177e+00 -1.618098823349999993e+00
2.868000000000000006e-07 -1.613319475059000085e+00 2.219348747000258852e-03 -1.613966302603200065e+00
2.913000000000000210e-07 -1.615364126851999815e+00 -1.615534773830000326e+00 -1.356351796800072534e-03
2.968000000000000107e-07 1.616991034331999977e+00 1.617405873830000340e+00 5.177192368001053840e-04
2.988000000000000021e-07 -1.616224491367900029e+00 1.615670288446999336e+00 -6.468593177000880878e-04
3.019999999999999779e-07 -5.833709441001536794e-04 -1.613639072877000480e+00 1.612315947670899918e+00
3.035999999999999922e-07 -1.133014049999908623e-03 1.613719245170000205e+00 1.614691475179999891e+00
3.056999999999999911e-07 1.610301799898000041e+00 -1.612105530600000503e+00 3.126818937999876515e-03
3.059000000000000062e-07 -1.610370519683999913e+00 -1.158225309999871833e-03 1.612807096320000300e+00
3.098999999999999890e-07 -2.936691640000434547e-04 1.613883390489999847e+00 1.614798753569999912e+00
3.102000000000000116e-07 1.613363262655999941e+00 3.175578700001477654e-04 -1.612149820377999809e+00
3.103999999999999737e-07 2.251238840001918741e-04 1.614433455536000039e+00 1.614047009596000226e+00
3.131000000000000177e-07 1.848940899995222750e-04 1.615188431390000012e+00 -1.615281589462099765e+00
3.143000000000000020e-07 -2.080546759998802564e-04 1.615494783764999998e+00 -1.613806817033900387e+00
3.167000000000000235e-07 -2.957471800000341508e-04 -1.594705898580999870e+00 -1.596146218430000152e+00
3.287999999999999796e-07 -2.288455600000657234e-04 1.603005530859999972e+00 -1.625886056009999692e+00
3.294000000000000247e-07 -3.645663000000631815e-04 1.595855729318000238e+00 -1.596411650964000062e+00
3.331999999999999925e-07 -3.298844200000650151e-04 1.606969227613999962e+00 1.588149556073999769e+00
3.385000000000000202e-07 -1.616768023799999954e+00 1.625508309198000045e+00 5.647801818999837603e-03
3.435999999999999798e-07 1.613012447715999720e+00 1.615729546769999914e+00 -3.901964889999697374e-04
3.437999999999999948e-07 1.614315067994000152e+00 1.439932097000051758e-03 1.614052961180000079e+00
3.456999999999999787e-07 1.615181277140000038e+00 6.477157929999487890e-04 1.614677853749999947e+00
3.483000000000000153e-07 1.616128787689999902e+00 1.276878299999641836e-04 1.615189067530000244e+00
3.491000000000000224e-07 -1.618328196339999803e+00 -8.154151840000156345e-04 -1.616737892789999798e+00
3.596000000000000172e-07 1.573503539999899364e-03 1.613406263122000306e+00 1.614729420960000050e+00
3.596000000000000172e-07 2.479418684200002804e-03 -1.616377817607999479e+00 1.614846435782999912e+00
3.601000000000000018e-07 1.594969017459800131e+00 1.598652600529999468e+00 2.086771809999860006e-03
3.601000000000000018e-07 1.248950919599998641e-02 -1.601690289109999998e+00 1.616764029037000228e+00
3.613999999999999936e-07 -1.615131516199999950e+00 1.616683098040000210e+00 2.270832702999964203e-03
3.636000000000000001e-07 -1.613784489230000174e+00 5.053303500001937731e-04 -1.612434422529000155e+00
3.637000000000000076e-07 -1.680490389999981507e-03 1.614219794070000269e+00 -1.614657840010999879e+00
3.646999999999999768e-07 -2.077048360000008712e-03 1.617053912919999892e+00 1.615853578111000388e+00
3.651000000000000069e-07 -1.614147253019999839e+00 6.598343899999192796e-04 1.614201504778000285e+00
3.665000000000000062e-07 -1.594539510000203813e-03 1.614576442740000006e+00 1.614910159898000019e+00
3.689999999999999822e-07 -1.614212315490000105e+00 9.821404230000777263e-04 1.615946919382999614e+00
3.719999999999999959e-07 -2.282772699999935373e-03 -1.613277381637999941e+00 -1.612566996266999952e+00
3.763000000000000013e-07 2.357415410000063272e-03 1.615919064724999910e+00 1.614952138365000067e+00
3.817999999999999910e-07 1.612384946094999716e+00 2.214237100000044246e-04 1.614743950222000235e+00
3.879999999999999803e-07 1.614524592283000270e+00 5.759193822000236232e-04 1.617900993680000177e+00
3.895999999999999947e-07 6.407761919999658586e-04 1.595035375935799804e+00 1.595073604440000015e+00
3.942999999999999772e-07 -1.616708810120000006e+00 1.626453678712000084e+00 1.221836801000006009e-02
3.949000000000000223e-07 1.613708674420000211e+00 1.615387109169999835e+00 8.278897700000494540e-04
4.095000000000000074e-07 -6.886864999986006680e-05 -1.612083511410000281e+00 -1.613523621229000060e+00
4.205999999999999943e-07 1.614828127171999750e+00 2.179863561000100307e-03 1.611009655390000184e+00
4.211999999999999864e-07 -1.613861084339999863e+00 1.612058604999000444e+00 1.447675119000209690e-03
4.231000000000000233e-07 -5.150533099999299314e-04 1.614963315869999860e+00 -1.613326879783999912e+00
4.254999999999999919e-07 1.613834320169999836e+00 1.615421667310000142e+00 -1.260869155999863600e-03
4.260999999999999840e-07 1.614829773214800035e+00 1.174921899999958885e-03 1.613245100219999895e+00
4.288999999999999826e-07 -1.617738723966799519e+00 -1.411535309999878418e-03 -1.615835140250000190e+00
4.299000000000000048e-07 5.836518299998751710e-04 -1.611352895290000475e+00 -1.614427460139999937e+00
4.323999999999999809e-07 1.614540121414000051e+00 -1.612895989939999941e+00 -1.546863506900006228e-03
4.339999999999999952e-07 3.070582599999371887e-04 1.595098374288999921e+00 -1.595885502543100243e+00
4.378000000000000160e-07 1.616596264634000191e+00 1.288982727300003184e-02 1.600309449476799983e+00
4.381999999999999931e-07 -1.625875475871000120e+00 -1.288973379100002981e-02 -1.598747351066799993e+00
4.472999999999999885e-07 -1.616174745847999805e+00 1.238791996699978824e-02 1.600440191270000145e+00
4.506000000000000247e-07 -1.613836288967999799e+00 3.820866999988247609e-05 1.613601700998999799e+00
4.532000000000000083e-07 -1.616125157437999782e+00 -1.278261699998576618e-04 1.614471495121000189e+00
4.604000000000000198e-07 -1.595771868682000161e+00 1.596469994309999807e+00 1.031938980000012170e-03
4.653000000000000174e-07 -1.376723347000008077e-02 -1.600759388610000000e+00 -1.614667862928000019e+00
4.682999999999999781e-07 1.617361111886000291e+00 5.110555899998261813e-04 -1.612968393877400430e+00
4.703000000000000224e-07 -3.156722115999925637e-03 1.595516125419999875e+00 -1.598004553124599880e+00
4.709000000000000146e-07 1.599720019479999866e+00 1.611490061080000036e+00 -8.098625413799836331e-03
4.712999999999999917e-07 -1.587293821339999855e+00 1.601373815870000161e+00 -3.151895223199950320e-03
4.751000000000000125e-07 -8.352186953000273473e-03 1.626987584129999886e+00 1.614308462532000110e+00
4.759999999999999742e-07 1.613916358003000262e+00 -1.611416180319999558e+00 3.068169339999530197e-04
4.795000000000000254e-07 -1.613988893590000195e+00 -1.300828810000181912e-03 1.616466517721000251e+00
4.832999999999999933e-07 -4.691282269999926674e-04 -1.612699268020000076e+00 1.613840163939999961e+00
4.856999999999999618e-07 -1.613420606940000113e+00 -2.423217100000442034e-04 1.614673367179999985e+00
4.882000000000000438e-07 1.616037553740000021e+00 4.196366600002397144e-04 -1.617254043988999523e+00
4.901999999999999823e-07 -1.613840164940000266e+00 1.613077067190000324e+00 1.277953698999788248e-03
4.902999999999999898e-07 -7.476476817000004237e-04 1.614314880569999611e+00 -1.615314407849000045e+00
4.921000000000000191e-07 -1.319868101300170592e-03 1.616313700000000075e+00 -1.613008613761000243e+00
4.934000000000000109e-07 1.617902710627999951e+00 -1.614074725432700141e+00 1.255261329999873485e-03
4.940999999999999576e-07 1.611480804831999958e+00 -1.614242266217299715e+00 -5.771820056999847105e-03
4.968999999999999562e-07 1.329439649000012554e-03 1.615592751519999926e+00 1.612773884842999994e+00
4.972999999999999863e-07 -1.612865401534899989e+00 1.615059013869999838e+00 1.411420333999796606e-03
5.014999999999999842e-07 1.613405216225899830e+00 1.614761486129999923e+00 -1.850295599999107754e-04
5.068999999999999664e-07 -1.614032771700299573e+00 -2.281962470013221278e-05 1.614385553560000020e+00
5.122000000000000469e-07 1.613612982060300460e+00 9.498158320001559574e-04 1.615092941039999896e+00
5.163000000000000373e-07 -1.617218202104000246e+00 -1.266420212000074486e-03 -1.615876714259999680e+00
5.221000000000000495e-07 -1.615192242718000326e+00 6.102832640001404178e-04 -1.613762093480000104e+00
5.324999999999999838e-07 -1.430646212199669122e-03 -1.615333564360000196e+00 1.615646200458999981e+00
5.417000000000000398e-07 -1.493515575799880812e-03 -1.614330387550000356e+00 -1.613361079991999958e+00
5.420999999999999639e-07 1.613651477299999915e+00 -1.834486859999678865e-03 -1.614210247427000366e+00
5.473000000000000370e-07 1.615793092672700215e+00 -3.051772559999867129e-03 -1.614172966719999991e+00
5.516000000000000424e-07 -1.613922248062699794e+00 1.615180856740000115e+00 -2.322334100000211787e-03
5.567000000000000020e-07 -1.613796083196000097e+00 1.614929499999999685e+00 -1.285674914999986257e-03
5.574999999999999562e-07 -1.615673017321999749e+00 1.614658400000000160e+00 -9.009348593999832967e-04
5.587000000000000464e-07 -8.032427920001560147e-04 1.616394300000000062e+00 1.614011801375399902e+00
5.633999999999999760e-07 1.613617104550999937e+00 -1.614380135500000257e+00 -1.943973919998065458e-04
5.633999999999999760e-07 1.614862393799000095e+00 1.472549520000070861e-03 -1.612524012198999657e+00
5.678999999999999964e-07 1.615856195919999738e+00 -1.614063062850000119e+00 -1.406751740000081533e-03
5.734999999999999936e-07 -1.618465547939999638e+00 1.616218309779999807e+00 1.813387000009587455e-05
5.741000000000000387e-07 2.202948989999808406e-03 -1.617004451110000129e+00 -1.615298225800000154e+00
5.744999999999999629e-07 1.616468369750999834e+00 1.616092900000000165e+00 -3.769899607000006848e-03
5.745999999999999704e-07 -1.612789098191000026e+00 1.613826599999999667e+00 -9.145316229999637947e-04
5.777999999999999991e-07 1.595487538670000038e+00 1.596164799999999939e+00 -4.482302299998975822e-04
5.780000000000000141e-07 1.610483278830000087e+00 -1.591514532250000169e+00 3.366567999999745334e-04
5.884999999999999559e-07 -1.603889529229999944e+00 -4.791421977999980181e-03 -1.616524657198999737e+00
5.954999999999999524e-07 -1.613307925330000003e+00 -4.197717760001536645e-04 -1.615384219252999909e+00
5.996000000000000487e-07 -1.615673094249999941e+00 1.045072316000080891e-03 -1.617757301670999848e+00
6.007000000000000254e-07 1.610952490099999856e+00 1.612243904300000086e+00 -1.521992455999998835e-03
6.008000000000000330e-07 1.613962037670000127e+00 7.207922039999536956e-04 1.613127189638999814e+00
6.097999999999999680e-07 7.382520399999311072e-04 1.614826599999999779e+00 -1.613411826318799758e+00
6.104000000000000130e-07 1.614065464733999589e+00 -1.611454062890000039e+00 -1.035494897199955473e-03
6.105000000000000205e-07 1.615548978878000197e+00 -5.072925299998455595e-04 -1.614204366368000132e+00
6.107000000000000356e-07 -1.735558588000114637e-03 1.614501900000000045e+00 1.613932578805000295e+00
6.182999999999999713e-07 5.798062600001147385e-04 -1.613075122849999987e+00 1.612104165250999754e+00
6.190000000000000239e-07 -1.946356370000757027e-04 -1.614112947609999793e+00 1.615454709750000051e+00
6.224999999999999692e-07 1.614067004051999987e+00 -1.541153901999713820e-03 1.615372556420000105e+00
6.334999999999999486e-07 -1.612829349471999851e+00 -1.289610392999995456e-03 1.615159649408000053e+00
6.379999999999999690e-07 -1.614101588320000058e+00 -7.020279719999848733e-04 1.615459436971999896e+00
6.401000000000000209e-07 1.615738022077999991e+00 1.613097799999999804e+00 1.037534219199859331e-03
6.475000000000000475e-07 1.611513339042000004e+00 2.491357042000098745e-03 1.614969210642799968e+00
6.492999999999999709e-07 1.614645076720000016e+00 4.538166999999470111e-04 1.615326048818000348e+00
6.520999999999999695e-07 1.495314700000088468e-03 -1.614383815660000110e+00 -1.612001477625000234e+00
6.546999999999999531e-07 6.254795609999923029e-04 -1.615139070060000126e+00 -1.613794233444999948e+00
6.578999999999999818e-07 1.613193528545999733e+00 -7.629532679998621281e-04 -1.617285838159999933e+00
6.630000000000000473e-07 1.556443806000152924e-03 -1.595646004313000077e+00 1.596568195490000175e+00
6.725000000000000199e-07 2.443535599998890133e-04 -1.605033912956999931e+00 -1.588022380852000204e+00
6.741000000000000342e-07 1.616958428290000027e+00 1.598384851280000518e+00 -9.029426067999900968e-03
6.826000000000000375e-07 1.615917151341000224e+00 1.612987330229999738e+00 -8.694153820001481034e-04
6.840000000000000368e-07 -1.619991325895000056e+00 -1.617618479579999935e+00 2.221111820000845876e-04
6.908000000000000183e-07 1.616157425645000201e+00 1.612602099999999705e+00 -1.207054542000062175e-03
6.911000000000000408e-07 -1.619792947852999987e+00 -1.617126562289999958e+00 3.176034320000173166e-04
6.925000000000000401e-07 -1.613208785007999913e+00 -1.671025390000011913e-03 -1.613822085139999807e+00
6.938000000000000319e-07 -1.614002235491999837e+00 -4.695299840001307227e-04 -1.615118802109999807e+00
6.996000000000000442e-07 -1.614889110536000150e+00 -3.545666100000931416e-04 -1.615338312793999975e+00
7.039000000000000496e-07 -1.597028907043999801e+00 1.595764300000000135e+00 -2.143855442099861994e-03
7.039999999999999512e-07 -1.613092387063000288e+00 1.021555387200007159e-02 -1.604836264867900208e+00
7.151000000000000440e-07 -1.624158891022000173e+00 1.617774999999999963e+00 -1.047829709900028640e-02
7.175000000000000125e-07 1.624483239701999704e+00 -1.622799025390000427e+00 9.525727788999887452e-03
7.176000000000000200e-07 1.601247841965699692e+00 -1.613693289680000031e+00 -8.233057653999922149e-03
7.247000000000000241e-07 1.615884893032299985e+00 1.612571800000000000e+00 -1.895977835000020595e-03
7.250000000000000466e-07 -1.318101323099700331e-03 1.597656099999999801e+00 1.594711769847999783e+00
7.250999999999999482e-07 1.617277320999000345e+00 -1.599304255659999896e+00 1.378730910300000195e-02
7.289000000000000220e-07 1.594665282708999765e+00 1.595619499999999746e+00 -1.956189765000000951e-03
7.293999999999999537e-07 -1.601718843419999816e+00 1.625793499999999892e+00 2.397521107000022671e-03
7.366999999999999727e-07 1.597201871648999738e+00 -1.871213399999641092e-04 -1.596629113219000251e+00
7.451999999999999760e-07 -1.601382966812000097e+00 1.616585000000000161e+00 -1.250407033899978218e-02
7.501000000000000265e-07 1.613926079190000085e+00 3.555134529999934723e-03 1.612914593827999621e+00
7.512000000000000033e-07 -1.619354419200000006e+00 -3.360782177000146836e-03 -1.616053306589999794e+00
7.530000000000000326e-07 7.515976550002368903e-04 1.597011300000000134e+00 -1.596185972131000108e+00
7.568000000000000005e-07 -4.501458480000452319e-04 1.605628999999999973e+00 1.587000954321999835e+00
7.664999999999999881e-07 1.619186341869000012e+00 1.563240058399999188e-02 -1.607015552660000068e+00
7.674999999999999573e-07 1.614879536317999964e+00 -1.612849935490000108e+00 -2.488991799999562549e-04
7.702999999999999559e-07 1.615459392569300157e+00 -1.614235058299999803e+00 -8.917041099999988008e-04
7.739000000000000146e-07 1.533563077399967452e-03 -1.614769019659999749e+00 1.613795670170000029e+00
7.880000000000000152e-07 -1.213026221500082026e-03 1.617118899999999915e+00 -1.616655340590000156e+00
7.882000000000000302e-07 1.615757004976799971e+00 -2.061135599999326662e-04 -1.615046421399999765e+00
7.926000000000000431e-07 -1.619476228809999974e+00 2.555054299998990239e-04 1.616212571883099969e+00
7.974999999999999877e-07 1.450101760000540446e-04 -1.595962754443999598e+00 -1.595680995793100188e+00
8.024000000000000382e-07 -1.614261615995999932e+00 -1.627609263456000210e+00 -1.330257525900003027e-02
8.072999999999999828e-07 1.594948074357999790e+00 -3.013268030000060965e-04 1.595182127193000010e+00
8.082999999999999521e-07 -1.592670494288600080e+00 -9.498901900002578239e-04 1.610293394579999982e+00
8.135000000000000251e-07 -1.600856945851400148e+00 -1.636440330999756540e-03 1.603931307305999976e+00
8.138999999999999493e-07 1.589244889760000223e+00 -8.202720240000327921e-04 1.607479195705000308e+00
8.228999999999999902e-07 6.237299350000394087e-03 -1.616932032369999828e+00 1.625602569100999872e+00
8.228999999999999902e-07 -1.105999700000137587e-04 -1.615596631979999920e+00 1.616295882249700000e+00
8.240999999999999745e-07 -3.205907200002078294e-04 -1.596489099120000033e+00 -1.594512037141699645e+00
8.251000000000000496e-07 1.616779353909400196e+00 1.596553454149999940e+00 -1.154408139800011668e-02
8.263000000000000339e-07 1.617042732933600124e+00 1.612385089600000265e+00 -9.040760710000272232e-04
8.265999999999999505e-07 1.615470871120999963e+00 1.182226769999994952e-03 -1.614018439850000153e+00
8.302000000000000092e-07 1.615196382096000249e+00 1.613865099999999941e+00 -1.042310913000055184e-03
8.329000000000000003e-07 -1.616008803370000191e+00 -1.616466568079999888e+00 9.055943600000393445e-05
8.329000000000000003e-07 -1.612220675819999727e+00 9.956801099999692921e-04 -1.615595971214000226e+00
8.406000000000000494e-07 1.029958762400129662e-03 -1.613048705229999991e+00 1.613181059549999796e+00
8.418000000000000337e-07 -1.614074797762399704e+00 -1.831017630000153495e-03 -1.614187237270999775e+00
8.444000000000000173e-07 1.614345387159999978e+00 1.613777249019999971e+00 -2.802750899000620811e-04
8.459000000000000241e-07 -1.613956449359999823e+00 1.614177850980000217e+00 -1.117753217999765351e-03
8.464999999999999633e-07 -1.758467099999820159e-03 1.616916700000000207e+00 1.613326019469999872e+00
8.476000000000000459e-07 1.613445171871999984e+00 4.579062969999325716e-04 -1.615332837567999835e+00
8.484000000000000001e-07 1.808113518000233934e-03 -1.612808368380000079e+00 -1.613154267831999888e+00
8.537999999999999823e-07 1.595813957040000286e+00 -5.834827149998299267e-04 1.594945733610000360e+00
8.543000000000000199e-07 1.184036245000006510e-02 1.615291499999999658e+00 -1.601958748629999985e+00
8.545000000000000349e-07 -1.612319745889999822e+00 1.752653900001510667e-04 -1.613903945719000088e+00
8.581999999999999953e-07 -1.209342939000006625e-03 1.614303800000000289e+00 1.611747364332999588e+00
8.584000000000000103e-07 -1.614154663741000251e+00 9.308446339998713813e-04 1.613753359197000581e+00
8.595999999999999946e-07 -2.704567989999796286e-03 -1.612888529179999697e+00 1.616053548320000033e+00
8.648999999999999692e-07 1.614574446769999838e+00 -2.979143252999881530e-03 1.616559102110000090e+00
8.717999999999999582e-07 1.987410060000222457e-03 1.615615800000000046e+00 -1.611882286720000002e+00
8.841000000000000353e-07 1.616874604051000031e+00 -7.285346099998001035e-04 -1.614970323088599891e+00
8.847999999999999820e-07 -6.102308309997410418e-04 -1.612175223419999748e+00 1.613208154264599958e+00
8.849999999999999970e-07 -1.519541000012647990e-05 1.614784599999999681e+00 -1.616509526826999998e+00
8.858999999999999587e-07 -1.596336505545999707e+00 -1.594265133119999955e+00 -4.966808530000904782e-04
8.867000000000000188e-07 -1.604767027704000482e+00 -1.605415339787000129e+00 -8.984433691001478695e-04
8.889999999999999799e-07 1.613987276674000437e+00 1.615043913576999834e+00 4.680816350000165105e-04
8.891999999999999949e-07 -7.812680376999864285e-03 1.602325359329999976e+00 -1.616063638370000000e+00
8.964000000000000064e-07 1.611316912693000258e+00 -1.274120208000217858e-03 1.614269356199999894e+00
8.995000000000000276e-07 -1.613117427641999946e+00 -2.176126920003336115e-04 1.613843970720000298e+00
9.014999999999999661e-07 -1.595497171468000186e+00 1.595577400000000257e+00 8.145156200002321746e-04
9.021000000000000112e-07 -1.307677956100022909e-02 -1.600818471869999815e+00 1.617441016479999938e+00
9.029999999999999729e-07 -1.377054134999720555e-03 1.613982899999999887e+00 1.615161978629999995e+00
9.049000000000000098e-07 -1.595642060045000088e+00 -1.595466552410000016e+00 5.246924240001771961e-04
9.076000000000000009e-07 -1.605129317689999668e+00 1.587951704600000236e+00 3.595448459999539548e-04
9.077000000000000084e-07 -1.364884969000009635e-02 1.622459447809999844e+00 -1.618583681840000121e+00
9.122000000000000288e-07 -3.566660134000004811e-03 1.594764899999999930e+00 1.597406473960000017e+00
9.150000000000000274e-07 -2.151437724000010085e-03 -1.589724300570000137e+00 1.606123684469999979e+00
9.214999999999999864e-07 -2.174083950000311538e-04 -1.600742236579999922e+00 1.605522019051000449e+00
9.220000000000000239e-07 -2.033180309699979087e-03 1.609645619829999763e+00 -1.613920196181000133e+00
9.347000000000000251e-07 8.316296609999845272e-04 -1.605666947269999811e+00 1.610959922219999951e+00
9.401000000000000073e-07 -1.616638457712300081e+00 -6.885747600000069815e-03 1.621891174369999966e+00
9.408999999999999616e-07 -9.500063293998775842e-04 -1.595661182670000011e+00 1.596321217240000090e+00
9.441999999999999977e-07 1.613349931146699889e+00 -1.626716505550000136e+00 1.371177252999980847e-02
9.477999999999999505e-07 1.430488009999996216e-03 1.612911099999999820e+00 1.614454301760000154e+00
9.480999999999999731e-07 1.614486917524000198e+00 1.613937100000000013e+00 1.045284629999837511e-03
9.534999999999999553e-07 -1.612568204957999907e+00 4.119901890002057761e-04 -1.612685869959999962e+00
9.567000000000000898e-07 -1.247358426000114151e-03 -1.613250689980000097e+00 -1.616020287272200040e+00
9.579999999999999757e-07 -7.742999399999589416e-04 -1.614742482759999875e+00 -1.615234482707800012e+00
9.606999999999999668e-07 -1.613834466398000433e+00 -1.903545262000006736e-03 -1.615381163399999931e+00
9.622000000000000795e-07 1.616932202134000018e+00 7.933273499999555882e-04 1.618259336470000420e+00
9.640000000000000030e-07 -3.510047090001177056e-04 1.595001000000000113e+00 1.594728477659999921e+00
9.645000000000000405e-07 -4.386818329000310730e-04 1.604725199999999852e+00 1.604495843959999890e+00
9.665999999999999865e-07 1.616787105521899859e+00 1.626613700000000273e+00 1.363770091999974392e-02
9.776999999999999734e-07 1.616111631491400136e+00 -1.612533617899999827e+00 -1.500986429999823235e-03
9.874000000000000669e-07 1.615661584762600134e+00 -2.898812879998827023e-04 -1.613493039231999937e+00
1.002999999999999968e-06 1.612995261625999710e+00 5.835382900000463113e-04 1.614825977901999998e+00
1.007000000000000057e-06 2.795875039999927165e-03 1.594802699999999795e+00 1.594002011309999745e+00
1.013000000000000084e-06 -3.131808773999927333e-03 -1.608150566870000020e+00 -1.606268244459999828e+00
1.016000000000000098e-06 4.121186260001579067e-04 -1.614955776713999480e+00 1.616378970909999824e+00
1.016999999999999961e-06 1.596301990509999769e+00 1.594913399999999815e+00 -2.647172400000983878e-04
1.016999999999999961e-06 1.628185430227999886e+00 9.841913474599922607e-03 1.617982703110000031e+00
1.018999999999999900e-06 1.595195691309999830e+00 1.596592000000000011e+00 -1.774310299998596140e-04
1.018999999999999900e-06 1.606067862550000003e+00 1.605678300000000114e+00 2.196358500000106240e-04
1.027999999999999941e-06 -1.615562481590000043e+00 -1.614788123739999914e+00 -7.747057599999940258e-04
1.027999999999999941e-06 1.624504080759999969e+00 1.119972475400010832e-02 -1.615760944560000301e+00
1.030999999999999954e-06 1.616859199929999935e+00 -1.613574753022000152e+00 -1.925002099999739702e-04
1.035999999999999907e-06 1.491296299999861352e-03 -1.615055056230000119e+00 -1.615682638370000035e+00
1.039999999999999995e-06 1.616212904219999968e+00 -2.834430860999906984e-03 1.615072265379999816e+00
1.041000000000000070e-06 1.859462969999955452e-03 -1.614528795160000030e+00 1.614006169730000106e+00
1.046000000000000023e-06 1.383348799999943417e-03 1.616588800000000159e+00 -1.616569723080000243e+00
1.047000000000000098e-06 -1.613269549370000000e+00 1.613410999999999706e+00 8.584675000014867392e-05
1.049000000000000036e-06 2.698460619600008201e-03 -1.615768315029999957e+00 1.617328713670000084e+00
1.050999999999999975e-06 -1.486476399600032347e-03 1.613987000000000060e+00 1.612659436930000023e+00
1.058000000000000077e-06 -5.149142699999850400e-04 -1.613449218840000032e+00 1.615848502560000011e+00
1.058999999999999940e-06 -3.477971200000762320e-04 1.613582600000000200e+00 1.615291753860000235e+00
1.064999999999999968e-06 1.614447425789999890e+00 -4.882270999998681270e-04 -1.610988686429999595e+00
1.074000000000000009e-06 1.249546120000078701e-03 -1.613136333489999963e+00 -1.613477485470000028e+00
1.075999999999999947e-06 -1.613379594660000027e+00 -9.039495999997506498e-04 1.612665131019999754e+00
1.083000000000000049e-06 1.613487933410000075e+00 1.612865599999999677e+00 -9.747249899995794400e-04
1.086000000000000063e-06 -1.613502917079999932e+00 2.553596200000158786e-04 1.614043921299999740e+00
1.086999999999999926e-06 -1.799131080000321292e-03 -1.612949575540000069e+00 -1.612064137159999522e+00
1.089000000000000077e-06 1.614114353180000183e+00 -1.918682753999630640e-03 -1.614147038800000322e+00
1.092999999999999954e-06 1.614973340179999939e+00 -1.614475089939999997e+00 -9.938778499999950840e-04
1.094000000000000029e-06 1.615167303150000233e+00 -1.434468592000026632e-03 -1.614134090699999913e+00
1.095000000000000104e-06 1.023397949999865775e-03 -1.614589832959999693e+00 -1.615184836230000087e+00
1.095000000000000104e-06 -8.866736079999326670e-04 1.615253700000000014e+00 1.619588738620000301e+00
1.097000000000000042e-06 7.517833300000331676e-04 -1.614464010740000122e+00 -1.614669586130000223e+00
1.097000000000000042e-06 -1.613150271060000085e+00 -1.616584790530000149e+00 -2.944865699999910102e-03
1.105000000000000008e-06 1.613326865769999952e+00 -1.616005146089999789e+00 -2.572702099999828792e-04
1.106999999999999947e-06 -1.614205928115999722e+00 -3.280528069999976738e-03 1.615146595110000138e+00
1.114999999999999912e-06 1.597482346965999778e+00 3.130443799999143000e-04 1.596422300790000026e+00
1.117999999999999926e-06 1.605110864029999806e+00 -6.598100599999785505e-04 1.605811869900000133e+00
1.119000000000000001e-06 1.229117949999988108e-02 -1.618210048450000160e+00 -1.598850003119999919e+00
1.140000000000000097e-06 -1.612413403889999985e+00 -1.362115030000134869e-03 1.614549509270000183e+00
1.142000000000000035e-06 -1.614676158019999974e+00 -1.615386769729999950e+00 1.836955519999711184e-03
1.143999999999999974e-06 -1.134133260000202851e-03 1.596134031100000072e+00 -1.596374563519999956e+00
1.143999999999999974e-06 -1.617147672969999839e+00 -1.601833498480000006e+00 -1.174754930999996616e-02
1.145000000000000049e-06 1.624628766379999867e+00 1.602172998479999944e+00 1.350789701000018606e-02
1.146999999999999987e-06 -1.617218299531000270e+00 -1.601795264789999784e+00 -1.171120088000010551e-02
1.148000000000000062e-06 -1.532332808999841258e-03 -1.614158675539999699e+00 -1.613645630450000201e+00
1.148999999999999926e-06 -3.752220099999478437e-04 -1.614944392239999971e+00 -1.615369883189999634e+00
1.159000000000000042e-06 1.595452288790000228e+00 1.594736441760000289e+00 -1.073666809999935644e-03
1.159999999999999905e-06 1.605040141970000223e+00 -1.588070207429999936e+00 -1.072249160000120086e-03
1.162000000000000055e-06 1.384036035999990089e-02 1.603788344670000088e+00 1.614984604049999994e+00
1.163999999999999994e-06 1.175060555000009398e-03 1.614914172859999830e+00 -1.612214836080000158e+00
1.168000000000000083e-06 -1.613228754030000101e+00 -1.612762403419999657e+00 -1.087282739999863648e-03
1.174999999999999973e-06 -1.841685859999967097e-03 1.615188560799999840e+00 1.614818201719999902e+00
1.182999999999999939e-06 4.142427799999444035e-04 -1.617290233400000110e+00 -1.617105435149999604e+00
1.184000000000000014e-06 -1.594912589210000231e+00 -7.745908099996414928e-04 -1.595890148960000587e+00
1.185000000000000089e-06 -1.626224370594999913e+00 1.617149501120000110e+00 -1.178369789999992798e-02
1.194999999999999994e-06 -1.595859090044999817e+00 -2.021092299998835176e-04 -1.596498777537399993e+00
1.205999999999999973e-06 1.601216840650000250e+00 1.616077699999999950e+00 -1.307846369960002919e-02
1.208999999999999987e-06 -2.096759910000089294e-03 1.596873808100000236e+00 1.594335452570999845e+00
1.208999999999999987e-06 -1.210768230000019985e-03 1.615825491899999911e+00 1.611968980663000206e+00
1.210999999999999925e-06 1.499486700000662864e-04 -1.622596768013999879e+00 -1.618101280663000185e+00
1.213000000000000075e-06 -1.616211462559999923e+00 1.626018691900000146e+00 9.905022053000034354e-03
1.216999999999999952e-06 1.612697997379999748e+00 2.578758750000020861e-03 -1.612947235955000114e+00
1.218000000000000027e-06 1.614138512479999843e+00 1.480232810000067182e-03 -1.614664224084999988e+00
1.218000000000000027e-06 -1.618064695840000011e+00 -4.833355612000090479e-03 1.618406521280999932e+00
1.218000000000000027e-06 -2.208728499999896601e-03 -1.610027396920000076e+00 -1.617458738660999984e+00
1.219999999999999966e-06 1.595823514209999683e+00 -1.094847259999594691e-03 1.594953756419999813e+00
1.221000000000000041e-06 -1.603461038819999906e+00 -1.615802790170000058e+00 6.551966850000083553e-03
1.221999999999999904e-06 -4.805752599998595453e-04 1.594344626169999612e+00 1.596006360297999693e+00
1.230000000000000082e-06 -5.666168299996645220e-04 -1.608711004099999897e+00 -1.604881181301999860e+00
1.230000000000000082e-06 1.614160622970000070e+00 -1.614513319519999879e+00 -6.160847860001705811e-04
1.235000000000000034e-06 -1.613177377630000020e+00 -1.615470664019999836e+00 -2.880054799999920423e-04
1.235999999999999897e-06 -1.615533243209999803e+00 1.610999809179999964e+00 -2.154260400000773679e-04
1.236999999999999973e-06 -2.699910600001687033e-04 1.599838304639999986e+00 1.597145043555399990e+00
1.236999999999999973e-06 1.617065192310000121e+00 -1.597324134319999978e+00 1.562299051459996660e-02
1.238999999999999911e-06 -3.692618999997926421e-04 -1.594295632519999728e+00 -1.595882460029799610e+00
1.241000000000000061e-06 1.615448121339999599e+00 -1.090610226999998850e-02 -1.627815183213199957e+00
1.243000000000000000e-06 -1.613155234559999762e+00 -1.618000061060000050e+00 2.267720789999955189e-03
1.244000000000000075e-06 1.614211532470000154e+00 -1.127221310000059342e-03 1.611953686909999961e+00
1.244000000000000075e-06 -1.595363579439999846e+00 1.595069790729999992e+00 -4.165143999979026290e-05
1.247000000000000089e-06 -1.012894020000021378e-02 1.608860099999999349e+00 -1.601941930051999918e+00
1.247000000000000089e-06 1.617255565969999864e+00 1.094405786000010594e-02 1.605028251120000249e+00
1.258000000000000068e-06 1.613949153010000082e+00 9.424262300007637747e-04 1.614229294742000276e+00
1.258999999999999931e-06 -1.616866178069999993e+00 -8.165081000002447076e-04 -1.616804542624100005e+00
1.258999999999999931e-06 -1.613660585669999925e+00 6.030051400005564943e-04 1.614059567134099815e+00
1.261999999999999945e-06 -9.190554700000330354e-04 -1.613163145170000590e+00 1.615177420759999816e+00
1.267999999999999972e-06 -1.614441792260000064e+00 -5.034599199998813362e-04 -1.612468764560000212e+00
1.275999999999999938e-06 -1.495415200000021908e-03 1.613204862799999972e+00 1.614185140660000517e+00
1.277000000000000013e-06 -1.614543989309999539e+00 1.614902583249999690e+00 1.919028999997074436e-05
1.278000000000000088e-06 1.612910117539999355e+00 1.110179499999983891e-03 -1.613252649380000125e+00
1.278999999999999952e-06 -1.595651259439999636e+00 -1.595310152971999518e+00 -7.741724099995794806e-04
1.287999999999999993e-06 1.591239973010000419e+00 -9.578653958000005186e-03 1.604705784319999884e+00
1.297000000000000033e-06 1.620373558649999879e+00 -1.619819866510000761e+00 6.242599769999850057e-03
1.300000000000000047e-06 1.595693493160000198e+00 -3.740496099999268687e-04 -1.594512958899999777e+00
1.301999999999999986e-06 1.399898704999978649e-02 -1.616085164559999843e+00 -1.624431556172700519e+00
1.301999999999999986e-06 -1.596609197599999863e+00 -3.770632799999942917e-03 1.595540899362700049e+00
1.306999999999999938e-06 1.590250987030000118e+00 1.604095716529999827e+00 8.667134329999645614e-03
1.306999999999999938e-06 4.497017112999996367e-03 1.608734100000000611e+00 1.607381896470000626e+00
1.314000000000000040e-06 1.864401409999884860e-03 -1.599376658160000186e+00 1.621446517979999724e+00
1.315999999999999979e-06 3.340017900000327548e-03 -1.612260996868000174e+00 -1.610780731560000012e+00
1.320000000000000067e-06 -3.734467520000264197e-03 1.615484296867999880e+00 1.615892165880000064e+00
1.323000000000000081e-06 1.614452313020000140e+00 -1.613458795399999701e+00 1.188379859999902930e-03
1.328000000000000033e-06 8.037723800002477548e-04 -1.614751895710000440e+00 -1.612880729879999864e+00
1.332999999999999985e-06 -2.118376130000018502e-03 1.615539774950000673e+00 1.616237603080000085e+00
1.334000000000000060e-06 -1.614971855970000147e+00 2.995931599996965594e-04 1.615669203769999562e+00
1.345000000000000040e-06 -1.613261803589999932e+00 -2.683625539999971634e-03 1.617012088390000324e+00
1.345000000000000040e-06 -2.581655909999981159e-03 -1.613574970110000173e+00 -1.611246068850000324e+00
1.349999999999999992e-06 1.613636877809999648e+00 -1.615291788389999983e+00 6.637279000000803446e-04
1.354000000000000081e-06 1.614792374599999913e+00 -1.029847240000041292e-03 -1.613929913309999797e+00
1.354000000000000081e-06 -1.615055051379999718e+00 1.612577258790000467e+00 -2.389788970000087092e-03
1.363999999999999985e-06 1.596972331909999987e+00 5.493823899998116940e-04 -1.595249200639999865e+00
1.365000000000000060e-06 -1.605261802289999817e+00 -2.590077910000336894e-03 1.602312067150000185e+00
1.365000000000000060e-06 -1.614471926140000679e+00 1.617284519619999861e+00 -8.393632900002279129e-04
1.370000000000000012e-06 1.595193400000000317e+00 2.616695700001689905e-04 1.595275852519999926e+00
1.379000000000000053e-06 -1.602155985729999621e+00 -1.615148594190000342e+00 1.268777290800019580e-02
1.379999999999999916e-06 -7.685894699998585544e-04 -1.616148016249999930e+00 1.615087657239999697e+00
1.384000000000000005e-06 1.613677928569999809e+00 1.612972330360000317e+00 5.551659999999620024e-04
1.384000000000000005e-06 -1.613105957449999739e+00 8.143993700000084351e-04 -1.615036045380000118e+00
1.390999999999999896e-06 1.169053430000123808e-03 1.614034786230000185e+00 1.613286935910000164e+00
1.391999999999999971e-06 -1.615046970799999926e+00 7.055958699998979115e-04 1.618248159909999817e+00
1.399000000000000073e-06 -1.720235199999855516e-03 1.596552135940000117e+00 -1.596992642760000081e+00
1.402999999999999950e-06 -1.618724955309999824e+00 -1.601417677779999771e+00 -1.301005786999970271e-02
1.405000000000000101e-06 -1.167181229999959390e-03 -1.612882672359999603e+00 -1.613349955190000129e+00
1.405000000000000101e-06 1.612983523360000060e+00 1.613069540089999698e+00 -7.096825499998903573e-04
1.405999999999999964e-06 -1.616046990780000137e+00 5.495778200001423183e-04 -1.616266251150000333e+00
1.408999999999999978e-06 -1.613880293870000315e+00 3.052914999995826051e-05 -1.615444160450000499e+00
1.411999999999999991e-06 1.612720583199999780e+00 -3.568814500000895736e-04 -1.615341233116999842e+00
1.415000000000000005e-06 -1.618759019590000126e+00 -2.565393319999954500e-03 1.618202518296999681e+00
1.416999999999999943e-06 1.705005360000075862e-03 1.598077850050000137e+00 1.595060088877000126e+00
1.418000000000000018e-06 -1.606471920063999859e+00 9.189446331000036827e-03 -1.593841850680999706e+00
1.422999999999999971e-06 -9.418603076000103130e-03 -1.610994485850000046e+00 1.608278163874000022e+00
1.425999999999999984e-06 1.612182788443000003e+00 -1.413064200001265883e-04 -1.614347265049999702e+00
1.427999999999999923e-06 1.614734903157000190e+00 -1.052810900000117345e-03 1.612863572939999601e+00
1.427999999999999923e-06 1.615764916759999448e+00 1.616798428820000133e+00 -1.241086500000103572e-04
1.433000000000000087e-06 -1.594188959489999391e+00 -2.441641540000305359e-03 -1.596431658450000235e+00
1.433999999999999950e-06 -1.079182270000023786e-02 1.616489653019999917e+00 1.601280159579999918e+00
1.433999999999999950e-06 1.595314019839999986e+00 -1.910956000045205272e-05 -1.595487456580000130e+00
1.433999999999999950e-06 1.624757150819999385e+00 -1.614875758159999286e+00 -1.157954180000034250e-02
1.436000000000000100e-06 -2.312384499996585595e-04 -1.615608367179999671e+00 -1.618036406169999442e+00
1.442999999999999991e-06 -1.592877830189999955e+00 -1.411464059999756326e-03 1.596908543389999657e+00
1.444000000000000066e-06 1.601365612639999991e+00 1.616586869269999838e+00 1.023082474000001386e-02
1.444999999999999929e-06 1.595191793109999701e+00 -2.978893299998564004e-04 -1.594999310730000897e+00
1.449000000000000018e-06 1.286100700999989049e-02 1.616649720750000352e+00 1.601135168410000142e+00
1.450000000000000093e-06 1.614524900000000152e+00 1.615215491899999911e+00 -2.650463400001856762e-04
1.455000000000000045e-06 1.166584758999861249e-03 1.616054499999999505e+00 1.614065053610000522e+00
1.455999999999999909e-06 1.614761500000000183e+00 1.094931401999902926e-03 1.615045766010000161e+00
1.456999999999999984e-06 -1.612717210429999826e+00 -1.612892113190000032e+00 1.939336450000152864e-03
1.456999999999999984e-06 1.595832410429999904e+00 -5.682920300001321253e-04 1.595847984790000007e+00
1.456999999999999984e-06 1.165056147999988384e-02 1.615234199999999731e+00 -1.600046137870000607e+00
1.472999999999999915e-06 2.391905700004099550e-04 1.614741999999999678e+00 -1.613338569610000217e+00
1.475000000000000066e-06 -1.613621217590000656e+00 1.615856400000000193e+00 -1.291271510000326994e-03
1.477000000000000004e-06 1.613116456850000047e+00 1.615146600000000099e+00 -8.907470699997528489e-04
1.478999999999999943e-06 1.595608605759999854e+00 5.605141099999234704e-04 1.595276131359999905e+00
1.487999999999999983e-06 1.172795788000009776e-02 -1.614501953950000068e+00 1.624864423210000242e+00
1.490999999999999997e-06 1.614566899999999805e+00 -2.124847839999994496e-03 1.616562020759999996e+00
1.492000000000000072e-06 -1.616427994329999951e+00 8.429040559999267067e-04 -1.620328826890000240e+00
1.494000000000000011e-06 -4.303469690000449877e-04 -1.615428942759999931e+00 1.616712437200000130e+00
1.498000000000000100e-06 5.326165799999665364e-04 -1.614200687300000103e+00 1.615451762800000246e+00
1.501999999999999977e-06 1.595638200000000229e+00 -9.917274699998944454e-04 -1.594663551183700179e+00
1.508000000000000004e-06 1.175479553999993036e-02 -1.617027654990000229e+00 -1.623334821926300187e+00
1.511000000000000017e-06 -1.612458128619999709e+00 -1.834811319999808329e-03 1.613418618420000117e+00
1.515999999999999970e-06 5.266827000025182948e-05 1.595054600000000100e+00 -1.595294803420000296e+00
1.515999999999999970e-06 -1.570473490000450119e-03 -1.607177504640000087e+00 1.606923840330000353e+00
1.517000000000000045e-06 5.236374000042415093e-05 1.595115699999999803e+00 1.595502817280000318e+00
1.520000000000000058e-06 1.614847979999999961e+00 1.084890454999997041e-02 -1.602802392310000323e+00
1.520999999999999922e-06 3.860144350002897573e-04 1.615146500000000263e+00 -1.613244620699999743e+00
1.523000000000000072e-06 1.595638999999999807e+00 8.621783730000743065e-04 1.595260427629999977e+00
1.523000000000000072e-06 1.626587899999999642e+00 1.620296900000000040e+00 9.931631276000104508e-03
1.523000000000000072e-06 -1.628200128859999873e+00 -1.625835714399999965e+00 -9.103629157000081573e-03
1.526000000000000086e-06 -1.595328906740000274e+00 1.884654741999792268e-03 1.613296374659999977e+00
1.526999999999999949e-06 -4.574353419999899195e-03 1.616100000000000092e+00 -1.604324384179999896e+00
1.526999999999999949e-06 1.614532399999999646e+00 1.159627640000096636e-03 -1.614126234870000065e+00
1.528000000000000024e-06 1.615598754420000116e+00 7.896244800000007391e-04 -1.614742090319999823e+00
1.528000000000000024e-06 -1.614073094150000109e+00 -1.694101451999996399e-03 -1.615798961999999950e+00
1.531000000000000038e-06 1.612784700000000182e+00 -1.615745294879999960e+00 -3.679508360000000033e-03
1.537000000000000065e-06 -6.488955999997547686e-05 -1.614101287619999825e+00 1.613918273749999965e+00
1.537999999999999928e-06 1.615028399999999920e+00 1.612560157299999908e+00 1.127464650000078398e-03
1.543000000000000092e-06 -1.651715859999547051e-04 -1.616557797750000081e+00 1.616428265529999742e+00
1.545000000000000031e-06 -1.611606645539999993e+00 4.995553300001097548e-04 1.614648847800000064e+00
1.549999999999999983e-06 -1.614543747309999944e+00 -1.615482271229999878e+00 1.449131899995577399e-04
1.551000000000000058e-06 -2.235545613999960924e-03 -1.614807501080000041e+00 -1.612638510019999583e+00
1.551000000000000058e-06 -1.615181253529999861e+00 -1.880488430000059469e-03 -1.615974491110000244e+00
1.552999999999999996e-06 1.617529499999999842e+00 9.878495499999664226e-04 1.618226991110000235e+00
1.557000000000000085e-06 -1.617299693860000165e+00 -1.231873782000153517e-03 1.614000209189999646e+00
1.566999999999999989e-06 -8.627004600000875989e-04 1.594635105762000293e+00 1.595485861370000036e+00
1.571999999999999942e-06 1.613794900000000032e+00 -1.602150224759999908e+00 1.387790456000032036e-02
1.580999999999999982e-06 1.615698499999999926e+00 -1.613582705470000267e+00 -4.802360800000241708e-04
1.596000000000000051e-06 1.555205370000173337e-03 1.613372776910000139e+00 -1.616054782130000200e+00
1.596000000000000051e-06 -1.613080854059999902e+00 -5.952329100000486317e-04 -1.614955659090000051e+00
1.604000000000000016e-06 -2.501356958999869252e-03 -1.612998873160000013e+00 -1.615909770309999605e+00
1.605000000000000091e-06 1.613708500000000212e+00 1.613796273160000183e+00 -2.459212879998562418e-04
1.608999999999999968e-06 -1.612760337770000163e+00 1.613651199999999619e+00 -7.230639320001674974e-04
1.610000000000000044e-06 -7.214768920000380441e-04 -1.612716360829999918e+00 1.613628359920000310e+00
1.610999999999999907e-06 -1.613389070780000267e+00 1.613326921290000104e+00 5.953646200003714917e-04
1.616000000000000071e-06 -1.261925269999630839e-03 -1.613655433109999482e+00 1.614263669769999687e+00
1.621000000000000023e-06 -1.614261760550000036e+00 -2.400472599999314838e-04 -1.612878852980000222e+00
1.633999999999999941e-06 1.613491843159999606e+00 1.616206800000000054e+00 1.678577500004718726e-04
1.635000000000000016e-06 3.338664520002865288e-04 -1.613285072660000097e+00 1.613376519720000069e+00
1.636000000000000091e-06 -1.341573422900007532e-03 -1.614261403140000661e+00 1.614687080279999964e+00
1.650999999999999948e-06 1.614029599999999842e+00 1.612739475500000630e+00 9.765478000000090818e-04
1.652000000000000023e-06 2.239497399999746882e-04 -1.595615268260000441e+00 1.595935857959999815e+00
1.655999999999999900e-06 -1.619434235625000218e+00 1.603454557120000068e+00 1.409533884000035639e-02
1.658000000000000050e-06 -8.561192699996231573e-04 1.611560790389999998e+00 -1.612690001999999900e+00
1.664000000000000077e-06 -1.614038361780000042e+00 8.660890130002358786e-04 -1.614687215039999790e+00
1.664000000000000077e-06 -1.695677740000067768e-03 -1.613098075439999946e+00 -1.615310421350000247e+00
1.669000000000000029e-06 -4.026541600001011783e-04 1.613224075439999794e+00 -1.617931407216000039e+00
1.669000000000000029e-06 1.613177999999999557e+00 3.893780799994642043e-04 1.613388128225999862e+00
1.672000000000000043e-06 1.614878400000000269e+00 -4.597001999938864214e-05 -1.614021581380000070e+00
1.673999999999999981e-06 -1.615264542696000394e+00 5.262691400001848381e-04 1.617587981379999817e+00
1.684000000000000097e-06 -1.614702259840000043e+00 -3.788060540000304233e-03 1.611679299999999371e+00
1.686999999999999899e-06 -1.595560510763999851e+00 1.595908999999999800e+00 -2.080246299997479120e-04
1.692000000000000063e-06 -1.259688605600012626e-02 -1.602935728560000328e+00 1.616882300000000328e+00
1.692999999999999927e-06 -1.534054819999831898e-03 -1.612171074269999949e+00 1.616329100000000185e+00
1.694000000000000002e-06 -1.614309052490000340e+00 -1.384758460000208753e-03 1.615990099999999874e+00
1.697000000000000015e-06 -3.490864770000063916e-03 -1.613464444959999966e+00 1.616481600000000185e+00
1.706000000000000056e-06 -1.613312988839999962e+00 1.612175023379999850e+00 -4.186112999992035871e-05
1.707999999999999995e-06 1.612858751550000136e+00 -3.737168500000387361e-04 -1.612811792610000072e+00
1.709000000000000070e-06 -1.616008127720000243e+00 4.804035100000880742e-04 1.615699800000000019e+00
1.709999999999999933e-06 1.595334663930000119e+00 -4.763810500000816624e-04 1.595936100000000080e+00
1.711000000000000008e-06 1.112458139399987410e-02 -1.615875560460000138e+00 -1.601661834074000534e+00
1.712999999999999947e-06 -7.403130199998553262e-04 -1.614972904040000046e+00 1.613590400000000091e+00
1.715000000000000097e-06 1.727530539999997533e-03 -1.615556752990000122e+00 1.613552299999999828e+00
1.721999999999999988e-06 -2.338777589999944083e-03 -1.614129833529999836e+00 1.615215300000000020e+00
1.726999999999999940e-06 -1.614008015649999850e+00 -1.616401379194000176e+00 3.490584680000007392e-03
1.732000000000000104e-06 -1.617497706510000022e+00 1.612539008173999866e+00 -1.060349314000031632e-03
1.734000000000000042e-06 -1.614835099410000030e+00 5.703395600001267846e-04 1.614459800000000111e+00
1.735999999999999981e-06 -1.930313729999912640e-03 1.614391390640000257e+00 1.615249500000000005e+00
1.742000000000000008e-06 -1.614814478380000029e+00 3.565888199997813146e-04 -1.612453265166600147e+00
1.745000000000000022e-06 -1.769975190000105947e-03 -1.613136209159999890e+00 -1.614075081291999725e+00
1.745000000000000022e-06 1.613048459380000299e+00 1.613067813149999807e+00 -1.403761124000091343e-03
1.754999999999999926e-06 -1.615283959380000134e+00 -1.615375513150000053e+00 3.697420480001933907e-04
1.760999999999999953e-06 -1.614227618949999998e+00 1.613228172830000196e+00 -1.426625383999938993e-03
1.765000000000000042e-06 -1.616180363683000110e+00 -1.612775606689999863e+00 -8.847899400000998685e-04
1.768999999999999919e-06 -1.615600700567000114e+00 -1.318308999999880451e-04 1.614108899999999736e+00
1.768999999999999919e-06 -2.048237415999855718e-03 1.613258416169999876e+00 -1.613265923669999991e+00
1.771000000000000069e-06 -1.596042587404000068e+00 4.597713999987236913e-05 1.595554400000000150e+00
1.771999999999999933e-06 -1.612266660533000273e+00 -1.472024499999157257e-04 1.611190800000000145e+00
1.773000000000000008e-06 1.590091570553000100e+00 -2.669316599999498572e-04 1.602252800000000255e+00
1.774999999999999946e-06 -1.602741079544000247e+00 -4.517951000000105036e-04 -1.608409816982699692e+00
1.779000000000000035e-06 1.592166829690000007e+00 -3.357970799999633431e-04 1.600032699999999863e+00
1.779000000000000035e-06 6.248503100000263148e-03 1.598545452440000236e+00 -1.585666644430000272e+00
1.796000000000000042e-06 5.266515299995758528e-04 -1.586362923590000085e+00 -1.599926060490000079e+00
1.797999999999999980e-06 1.598907450980000089e+00 -6.622267419999947405e-03 1.586925660490000167e+00
1.805999999999999946e-06 1.606002625290000374e+00 -1.615481969999914367e-03 1.602276100000000092e+00
1.808999999999999959e-06 1.627212649610000117e+00 1.615480362170000017e+00 1.057413778999989791e-02
1.810000000000000035e-06 -1.611446476929999871e+00 9.955880200000401942e-04 1.614767821599999875e+00
1.810999999999999898e-06 -8.125655199999011133e-04 -1.615776196660000164e+00 1.615904802579999799e+00
1.811999999999999973e-06 2.899438200000161022e-04 -1.613880164280000251e+00 1.616248750849999860e+00
1.814999999999999987e-06 -1.595413035272999824e+00 -3.376523900000417272e-04 1.596343752319999698e+00
1.816000000000000062e-06 -1.605712809994999990e+00 -2.115439699999577608e-04 1.605904289060000156e+00
1.816999999999999925e-06 1.599799841227999897e+00 -1.614908426059999957e+00 1.139840000000006716e-02
1.816999999999999925e-06 -1.396080328000157481e-03 1.612781567310000108e+00 -1.612712808320000191e+00
1.819000000000000075e-06 1.595264327350000233e+00 -1.595666898949999801e+00 -2.853999999999252968e-04
1.821000000000000014e-06 1.305781561900022300e-02 -1.624483474810000327e+00 1.616253667901999869e+00
1.822000000000000089e-06 -1.324455795900019751e-02 1.625524663040000206e+00 -1.622330853329999822e+00
1.822000000000000089e-06 1.626960640630000121e+00 -1.361472384000003699e-02 1.615808332921999657e+00
1.825999999999999966e-06 1.616710916749999782e+00 -1.615038167639999855e+00 1.549138490000242022e-03
1.830999999999999918e-06 1.615894531989999994e+00 1.613136196440000170e+00 -6.140000000001699654e-05
1.830999999999999918e-06 2.120927640000002529e-03 -1.614669803139999971e+00 -1.612234312360000033e+00
1.833000000000000068e-06 -1.674547260000023218e-03 1.617002517009999973e+00 1.617008767431999949e+00
1.833999999999999932e-06 3.356970290000165728e-03 1.615062710019999681e+00 -1.612311300710000062e+00
1.836999999999999945e-06 1.613447899829999699e+00 1.045345099999926133e-03 1.611538036330000256e+00
1.839000000000000096e-06 1.615279798950000067e+00 1.090904520000216893e-03 -1.613611429710000156e+00
1.839999999999999959e-06 -1.616202704609999596e+00 1.615653850870000019e+00 -2.215328799999279411e-04
1.844000000000000048e-06 3.996477999984593410e-05 -1.596216049950000215e+00 -1.595554552860000364e+00
1.847999999999999925e-06 -8.906558699999377222e-04 -1.611782177930000559e+00 1.593899800000000200e+00
1.850999999999999938e-06 -1.596683055310000210e+00 -5.882288159999859989e-03 1.597959976130000070e+00
1.858999999999999904e-06 1.587033886348000022e+00 -2.046648169999806203e-03 1.604914349790000028e+00
1.859999999999999979e-06 -1.605187982828000237e+00 -1.617500218518000299e+00 1.348819999999978370e-02
1.864000000000000068e-06 -5.215792400001186165e-04 1.612226360088000243e+00 -1.612569665920000173e+00
1.875000000000000048e-06 -1.614295613229999926e+00 -8.162032500000099972e-04 1.613635641790000186e+00
1.878000000000000061e-06 -8.316316499998180692e-04 -1.595096402682999681e+00 -1.595634181870000390e+00
1.883000000000000013e-06 -2.514134859999738857e-03 -1.609466925749000188e+00 1.593651228920000218e+00
1.884999999999999952e-06 -1.615341079523000545e+00 1.602350279992999837e+00 3.597800000000150877e-03
1.889999999999999904e-06 -1.615051228162999841e+00 -1.148057654999902477e-03 -1.613836662404000144e+00
1.890999999999999979e-06 -1.615516637762999919e+00 -4.293976099999847508e-04 1.613195444019999591e+00
1.892000000000000054e-06 -2.800275257000125681e-03 -1.613271512191300161e+00 1.615144385949999872e+00
1.908000000000000197e-06 1.595028081264999953e+00 -1.596939076117700029e+00 -7.041999999999300555e-04
1.908999999999999849e-06 1.611949753330999657e+00 -1.612819835419000203e+00 -3.656699999999978024e-03
1.909999999999999924e-06 1.602451515470000087e+00 1.592271788069999694e+00 3.355200000000030380e-03
1.910999999999999999e-06 1.359163525000008955e-02 -1.605554350810999953e+00 1.616456249040000070e+00
1.910999999999999999e-06 1.615512859100000309e+00 -2.037042500000186412e-03 1.616764960140000262e+00
1.913000000000000150e-06 9.005409400000548119e-04 -1.614576471180999784e+00 -1.612283774199999797e+00
1.915999999999999951e-06 2.899023670000030854e-03 -1.614850106232800009e+00 1.614658476079999794e+00
1.920999999999999904e-06 -1.615550924780000175e+00 -4.125465586200197793e-03 1.613865071019999986e+00
1.931999999999999883e-06 1.621921593129999950e+00 3.100242123200053906e-03 -1.613610323289999648e+00
1.936000000000000183e-06 -1.597408185139999937e+00 -2.197107253200175029e-03 -1.597148993880000312e+00
1.937999999999999910e-06 1.601558810489999818e+00 -1.617014752259999799e+00 -1.393789999999981571e-02
1.947999999999999814e-06 -1.596096101569999703e+00 -1.595215007341000080e+00 1.667299999999849978e-03
1.966999999999999971e-06 -1.214608523999996699e-02 1.599829608629999678e+00 -1.616649082140000138e+00
1.968000000000000046e-06 -1.618011484129999955e+00 1.614846171149000309e+00 -1.604499999999905915e-03
1.970000000000000197e-06 1.595432238860999608e+00 -5.230460800024518131e-05 1.594933499999999782e+00
1.970999999999999848e-06 8.357733159000260009e-03 1.608606464740000241e+00 1.611275051209999809e+00
1.974000000000000074e-06 2.289492999999931562e-04 -1.590851991329999882e+00 1.601090363670000460e+00
1.986000000000000128e-06 -1.616157350159999950e+00 -9.529899395999966855e-03 -1.598291460500000039e+00
1.987000000000000203e-06 1.623744750159999750e+00 1.012501710589997286e-02 1.599242199999999947e+00
1.994999999999999957e-06 -1.617118506300000202e+00 -9.334282535999900016e-03 -1.600633783549999745e+00
1.998000000000000183e-06 1.613750279790000075e+00 -4.977317299998994596e-04 -1.612228338749999601e+00
1.998999999999999834e-06 -1.613563489900000203e+00 -5.386978699999319959e-04 -1.614525349680000055e+00
2.005999999999999937e-06 -1.614242696153000090e+00 -1.614164212159000078e+00 -2.055800000000026877e-03
2.008000000000000087e-06 -1.483763906999975481e-03 -1.614997967821000024e+00 1.613184852088000110e+00
2.009999999999999814e-06 -1.614357375008999895e+00 -1.234124251999882405e-03 1.614728750620000097e+00
2.015000000000000189e-06 -2.590055301000149246e-03 1.612771838140999670e+00 -1.611451917060000127e+00
2.019000000000000066e-06 1.613010457819999965e+00 2.575910100000680420e-04 1.614021168730000122e+00
2.027999999999999896e-06 1.614734609819999944e+00 1.489104299995649625e-04 1.614160382840000185e+00
2.031000000000000121e-06 1.615188584740000266e+00 -2.888561409997822578e-04 1.615174966260000122e+00
2.042000000000000100e-06 -1.620036922789999778e+00 1.522144887999900623e-03 -1.618107599999999868e+00
2.043999999999999827e-06 1.461212349999766293e-03 -1.596616678673000056e+00 -1.595787213622899881e+00
2.043999999999999827e-06 -1.614944565679999888e+00 -1.625325158799999947e+00 -9.639700000000044414e-03
2.044999999999999902e-06 -9.156787100000856987e-04 -1.615472396743000250e+00 -1.614444579960000237e+00
2.050999999999999929e-06 -1.614509229349999853e+00 -1.728476770199993684e-03 1.612668044509999898e+00
2.053000000000000080e-06 -1.615387094810300406e+00 -1.614771230376800037e+00 3.308999999999950870e-04
2.054000000000000155e-06 -1.614932845529700067e+00 -2.335223490000090836e-03 1.612895900000000049e+00
2.055999999999999882e-06 -1.596023622200000158e+00 -6.394309726999833528e-04 1.595904300000000386e+00
2.060000000000000182e-06 -1.625522625910000629e+00 1.615780411122699878e+00 1.225380000000008199e-02
2.061999999999999909e-06 1.611862139780000591e+00 3.634030500001611194e-04 -1.612432500000000157e+00
2.061999999999999909e-06 -1.615081551899999912e+00 -4.985022799995937745e-04 1.614286200000000004e+00
2.062999999999999984e-06 -2.498901360000194138e-03 1.614906422069999792e+00 -1.612845199999999757e+00
2.066999999999999861e-06 -1.595871231829999903e+00 -1.594998389170000141e+00 -4.950000000001064659e-04
2.067999999999999936e-06 -1.271813961200012402e-02 -1.623143210084000199e+00 -1.616633482259999921e+00
2.070000000000000086e-06 -1.548717832600093490e-03 -1.615249693735000269e+00 -1.615477499999999900e+00
2.077000000000000189e-06 1.615577509523000055e+00 -8.831305609998531085e-04 1.612972311290000293e+00
2.077999999999999840e-06 -1.075626290999996768e-03 1.594061240199999840e+00 -1.596131441640000315e+00
2.090999999999999970e-06 1.615291585966999843e+00 -1.601921727652999561e+00 -1.165279999999999788e-02
2.095999999999999922e-06 1.615589084980999957e+00 -1.613846455937000268e+00 -1.274099999999933445e-03
2.100999999999999874e-06 1.308316381999824907e-03 -1.614733719290000202e+00 -1.614073428129999987e+00
2.107999999999999977e-06 -1.612994981048000209e+00 1.611658473871200314e+00 -2.757900000000136371e-03
2.109000000000000052e-06 1.613445158557999859e+00 1.613893889248799951e+00 -1.202099999999979834e-03
2.116000000000000154e-06 -1.613620499729999880e+00 5.999762599999797739e-04 1.613677599999999934e+00
2.120000000000000031e-06 1.616790678429999684e+00 -1.164430249999756726e-03 -1.617296400000000078e+00
2.120000000000000031e-06 -1.613601514429999995e+00 5.918536500000376671e-04 1.613665200000000022e+00
2.124999999999999983e-06 1.595829130579999866e+00 -1.595172185879999871e+00 -1.106000000002842557e-04
2.128000000000000209e-06 9.609300320000496026e-03 -1.609882428029999701e+00 -1.605112001900000029e+00
2.129999999999999935e-06 -6.883543600007182173e-05 -1.603540604010000425e+00 -1.601677809799999963e+00
2.133999999999999812e-06 -1.616626724000000070e+00 1.599750174129999980e+00 -1.527029412999985833e-02
2.137000000000000038e-06 -3.205417739997051818e-04 1.594826276826000200e+00 1.594750300000000065e+00
2.137000000000000038e-06 -1.616977484686000111e+00 -1.601274061693999773e+00 1.104169999999993212e-02
2.139000000000000188e-06 1.613456809776999901e+00 -1.613490480871999644e+00 2.129699999999944051e-03
2.145999999999999867e-06 -1.613445529990999994e+00 -1.616995874620000384e+00 -1.065699999999843162e-03
2.146999999999999942e-06 -1.616222429670000071e+00 -3.006190229999939397e-03 -1.613609495089999957e+00
2.150000000000000167e-06 1.595332974560000006e+00 1.595248515664999811e+00 -5.902999999997920327e-04
2.154000000000000044e-06 -1.601787575981000078e+00 1.265461167500001559e-02 -1.617186657900000046e+00
2.160000000000000072e-06 1.602405520072999856e+00 -1.331313006799993495e-02 1.625025123109999914e+00
2.168999999999999901e-06 1.114278217000037874e-02 -1.601778994342000217e+00 -1.617926026880000201e+00
2.172000000000000126e-06 -1.613079231399999980e+00 1.613284800510000006e+00 -2.489300000000038877e-03
2.174999999999999928e-06 -1.614631525106000165e+00 -1.613192640849999915e+00 -8.055000000001017076e-04
2.176000000000000003e-06 -1.614969308659999880e+00 -4.921835499999841282e-04 -1.614301441000000059e+00
2.177000000000000078e-06 -1.953119559999793187e-03 1.613818340827999798e+00 -1.615274795929999785e+00
2.177000000000000078e-06 -1.188134689999834157e-03 -1.613212499648000176e+00 -1.615467971900000244e+00
2.178000000000000153e-06 -7.552505699999489952e-04 1.613693781869999899e+00 -1.615485245840000195e+00
2.184999999999999832e-06 -8.774786819999956522e-04 1.613971335472000002e+00 1.612076800000000087e+00
2.186999999999999983e-06 -1.614034576619999939e+00 -1.612070609372000085e+00 -3.791356400002117433e-04
2.196999999999999887e-06 -1.615228534802999993e+00 6.323416100002471688e-04 1.614164580910000035e+00
2.197999999999999962e-06 -1.614727382243000164e+00 1.970101259999967880e-03 -1.613709297300000234e+00
2.200000000000000112e-06 -1.680236755000002070e-03 1.594690352458299820e+00 -1.595470900419999838e+00
2.202999999999999914e-06 -2.317289929000037642e-03 1.613779760586699918e+00 1.591766687259999813e+00
2.205000000000000064e-06 -1.616891673790000095e+00 1.089332718580010746e-02 -1.605606696239999964e+00
2.210000000000000016e-06 1.596858944277999903e+00 -1.596136616360800176e+00 -6.154258280000011148e-03
2.211000000000000092e-06 -1.603279086096000228e+00 -1.023930613000020862e-02 1.620359678099999812e+00
2.213999999999999893e-06 -1.049307521001564998e-04 1.614369634820000066e+00 -1.612945099770000112e+00
2.216000000000000044e-06 -1.595190000885900128e+00 -7.085717701599920579e-04 1.595387087180000218e+00
2.217000000000000119e-06 -1.605485642759999720e+00 2.687680160040617494e-06 1.605065338410000209e+00
2.218999999999999846e-06 1.599662636069999699e+00 1.616130955286999793e+00 1.206069888999996773e-02
2.223000000000000146e-06 1.613054509817999804e+00 1.334060147999555513e-03 1.615068199999999843e+00
2.227000000000000023e-06 -1.615266747397999803e+00 -1.088948601999855086e-03 -1.616629161629999700e+00
2.230999999999999900e-06 -1.615949837030000058e+00 -1.612584105393000122e+00 -9.195229200000859700e-04
2.230999999999999900e-06 -1.614851047990000232e+00 2.973327329999927125e-04 1.614788914280000043e+00
2.235999999999999852e-06 1.596699071130000203e+00 2.994375080000494151e-04 1.594445037799999909e+00
2.238000000000000002e-06 1.000224622989991270e-02 1.614389040609000014e+00 1.626280091064000288e+00
2.239000000000000078e-06 1.597272632348099908e+00 1.598351361470000231e+00 4.159999999996067885e-05
2.240999999999999804e-06 1.614835674286000167e+00 -1.592098133614999966e+00 2.217399999999918915e-03
2.245000000000000105e-06 1.601427130985000113e+00 1.593620091336399813e+00 -1.126230000027261813e-05
2.250000000000000057e-06 -1.603210632895000209e+00 6.978301030600176161e-03 1.615853294070000334e+00
2.251000000000000132e-06 -1.595384471039999585e+00 1.596341627485999837e+00 -7.012999999999602885e-04
2.253999999999999934e-06 -1.133362053999994665e-02 1.625094501456299856e+00 -1.615367213125900037e+00
2.257000000000000159e-06 -1.615909825759999974e+00 2.240120437800224851e-03 -1.615788599018000316e+00
2.258999999999999886e-06 -1.616720204740000222e+00 -1.612888357215999768e+00 -1.414599999999857985e-03
2.268000000000000139e-06 -1.614569449869999840e+00 -1.615049382860000105e+00 -1.195600000000018870e-03
2.275999999999999893e-06 1.615091302460000211e+00 -1.616016438483000028e+00 -1.737492370000019975e-03
2.280999999999999845e-06 1.612861673189999845e+00 -2.410695376999871884e-03 1.614985131270000096e+00
2.280999999999999845e-06 1.614900723010000316e+00 -1.218206539999930728e-03 -1.612965132423999748e+00
2.282999999999999995e-06 -1.612218937830000254e+00 -7.879410010000198472e-04 -1.614108392509999934e+00
2.291000000000000173e-06 1.613845899360000002e+00 1.614647257551000026e+00 -2.291964750000017887e-03
2.291999999999999824e-06 1.614328380329999924e+00 6.113617509998781063e-04 -1.614524390280000166e+00
2.296000000000000125e-06 -1.619138551686000183e+00 -2.818195869998818548e-04 1.617669108399999889e+00
2.308000000000000179e-06 1.614627880783000125e+00 1.614490162285999952e+00 -1.252075160000220601e-03
2.309999999999999906e-06 -1.611118057146999849e+00 5.550267900011895961e-05 1.615880552320000163e+00
2.314999999999999858e-06 1.594751287330000045e+00 1.596459297830999713e+00 -6.643359100001024545e-04
2.317000000000000008e-06 -1.606018027843199913e+00 -1.608854459331999998e+00 4.475000000000912709e-04
2.319999999999999810e-06 -1.464896996800050958e-03 1.596198085379999965e+00 -1.596746691749999947e+00
2.321999999999999961e-06 -1.616464577830000415e+00 1.232720281359997450e-02 1.601700560540000096e+00
2.327999999999999988e-06 1.594594949650000260e+00 -1.593843436987600004e+00 -5.669999999998256730e-04
2.330000000000000138e-06 1.624794235190000435e+00 -9.113900197999930120e-03 -1.617144700000000324e+00
2.335000000000000090e-06 -1.593775153030000169e+00 -2.834383453999722580e-03 -1.596568022420000066e+00
2.336000000000000165e-06 1.603132745559999961e+00 1.617535296852000481e+00 -1.364758573199991928e-02
2.338999999999999967e-06 1.595268204100000364e+00 -1.860084700001634478e-04 -1.596147657499999983e+00
2.340000000000000042e-06 1.610927493170000169e+00 -4.433715879997847343e-04 1.593733157499999553e+00
2.343999999999999919e-06 1.108924001799997151e-02 1.616610572170999571e+00 -1.610027254499999838e+00
2.344999999999999994e-06 1.595907178361999801e+00 6.016304900000437120e-04 1.595394879700000157e+00
2.359000000000000199e-06 -1.602720272140000013e+00 -1.615749075029999871e+00 1.042169833000000830e-02
2.360999999999999926e-06 2.023247600000182504e-04 -1.595670522380000289e+00 1.595651001979999872e+00
2.362000000000000001e-06 1.598056700662000118e+00 -1.605197140709999637e+00 8.376867049999972559e-03
2.362000000000000001e-06 1.313041141210002927e-02 1.598769422385000194e+00 -1.612714727380000213e+00
2.364000000000000151e-06 1.615995436597999602e+00 -2.887857978999597286e-03 1.612912232990000305e+00
2.368000000000000028e-06 -1.615913596675900177e+00 -1.615035997870000184e+00 1.349968069999762932e-03
2.372999999999999980e-06 5.970465299001415094e-04 1.613647208222000362e+00 -1.613744996496999651e+00
2.375000000000000131e-06 1.613553973161999888e+00 -1.613830759962000094e+00 -1.284317679999939267e-03
2.377999999999999933e-06 1.614944568274000236e+00 -1.297670050000032660e-03 1.614150999999999891e+00
2.380000000000000083e-06 1.615324151899999672e+00 -8.964615900000022855e-04 1.614758006290000214e+00
2.381000000000000158e-06 1.472515286000000354e-03 -1.613827404582999669e+00 1.618048631392999592e+00
2.386000000000000110e-06 8.047904549997875190e-04 -1.615620217118999946e+00 -1.611049092849999864e+00
2.387000000000000185e-06 1.613159101174999943e+00 -4.581986579999717223e-04 -1.615561389124000158e+00
2.389999999999999987e-06 -1.614498122778999623e+00 9.487643100002482888e-04 -1.614852824700000244e+00
2.389999999999999987e-06 -1.613725780236999752e+00 -1.616344096200000191e+00 -3.443957429999796281e-03
2.391000000000000062e-06 -1.617443233880000442e+00 -1.616104182920000021e+00 -2.229185163000117591e-03
2.392999999999999789e-06 -1.613639807049999986e+00 -1.134409140000101641e-03 1.614893210279999991e+00
2.393999999999999864e-06 -8.240454030000745299e-04 1.612801636795000215e+00 1.614951619570000663e+00
2.396000000000000014e-06 -1.595800281957000299e+00 1.518954999804762729e-06 -1.595004002970000112e+00
2.398000000000000165e-06 -1.612841080589999976e+00 4.494888000001492998e-04 -1.613045614270000039e+00
2.398000000000000165e-06 1.602785277662000185e+00 -1.614645576620000078e+00 -7.747272869999904943e-03
2.404999999999999844e-06 2.315397667999920424e-03 -1.596410874580000083e+00 -1.597610668649999344e+00
2.411999999999999946e-06 1.616195608019999952e+00 -1.363287300000018409e-02 1.600273468649999975e+00
2.413000000000000021e-06 -1.613357632150000054e+00 1.612667423440000025e+00 -8.382160000002802924e-04
2.419000000000000048e-06 -1.615871344731999670e+00 1.614232464229999886e+00 7.808000000003312291e-04
2.420000000000000123e-06 1.617410598712000214e+00 -1.616281774870000021e+00 -1.195681820000182860e-03
2.426000000000000151e-06 3.630071399990603478e-05 1.615505219442999962e+00 1.615253856080000272e+00
2.431000000000000103e-06 -1.085294573000272766e-03 1.614686201239999841e+00 -1.613437868070000114e+00
2.434999999999999980e-06 -1.613498855707999891e+00 -1.612077683332999722e+00 -1.110185649999939801e-03
2.436000000000000055e-06 -1.614814826213000210e+00 3.834610999955967436e-05 1.613402973360000381e+00
2.437000000000000130e-06 -1.737720840000372968e-03 1.613714428447999838e+00 -1.613046494580000267e+00
2.438999999999999857e-06 1.594962861745000238e+00 1.595947215802999475e+00 -2.486922400001256861e-04
2.439999999999999932e-06 1.608329864639999940e+00 -1.590936943470999232e+00 -2.981524299999815941e-03
2.441000000000000007e-06 -1.610597649522999664e+00 1.600490647955999268e+00 3.151517510000090283e-03
2.443000000000000157e-06 8.174796740000067966e-03 -1.604319401225999808e+00 -1.614928248150000467e+00
2.445999999999999959e-06 1.613679831689999844e+00 -1.779765760000009533e-03 -1.616949110308999904e+00
2.448000000000000109e-06 1.117910609999834236e-03 -1.613445607460000097e+00 -1.615025195440000116e+00
2.466999999999999843e-06 1.616788732820000130e+00 -1.616389076299999950e+00 -3.251864589999839492e-03
2.471000000000000143e-06 -1.596139903229999879e+00 -6.892247999981671036e-05 1.596279600000000354e+00
2.476000000000000095e-06 -1.623775329233999809e+00 1.614972994894000147e+00 1.105540000000028444e-02
2.477000000000000171e-06 1.612964532073999369e+00 -1.643549739999651191e-04 1.614183584940000138e+00
2.477999999999999822e-06 1.613595984969000252e+00 -1.614906500780000309e+00 3.337800000000112899e-03
