eventId                :        1015959
event label            :         653862        943377       1108951
energy barrier         :       4.52093100
initial energy          :  -3732.83546372
FINAL energy            :  -3733.12807283
rate constant prefactor :  0.26981907E-32
rate htst prefactor     :  0.00000000E+00
rate htst computed     : F
rate of event           :  0.26981907E-32
delr initial-SADDLE     :      3.53537090
delr initial-FINAL      :      5.60527088
delr main atom (normalized) :      -0.72073306     -0.01294723      0.69309179
npar initial-SADDLE     :            20
npar initial-FINAL      :             5
active atom label       :             0
ncluster                :            79
shape of cluster atoms :            512
cluster atoms           :
           573
           574
           118
           600
           580
           814
           701
           742
           455
           859
           121
           598
           704
           672
           680
           652
           553
           550
           716
           692
           713
           141
           142
           670
           845
           857
           839
           571
           595
           555
           579
           743
           551
           843
           691
           675
           721
           674
           840
           842
           532
           741
           834
           576
           862
           552
           820
           837
           817
           698
           714
           690
           556
           844
           597
           577
           693
           673
           818
           864
           717
           697
           694
           676
           718
           575
           695
           838
           720
           700
           719
           841
           696
           861
           858
           599
           863
           699
           715
             0
             0
             0
             0
             0
             0
             0
             0
             0
             0
             0
             0
             0
             0
             0
             0
             0
             0
             0
             0
             0
             0
             0
             0
             0
             0
             0
             0
             0
             0
             0
             0
             0
             0
             0
             0
             0
             0
             0
             0
             0
             0
             0
             0
             0
             0
             0
             0
             0
             0
             0
             0
             0
             0
             0
             0
             0
             0
             0
             0
             0
             0
             0
             0
             0
             0
             0
             0
             0
             0
             0
             0
             0
             0
             0
             0
             0
             0
             0
             0
             0
             0
             0
             0
             0
             0
             0
             0
             0
             0
             0
             0
             0
             0
             0
             0
             0
             0
             0
             0
             0
             0
             0
             0
             0
             0
             0
             0
             0
             0
             0
             0
             0
             0
             0
             0
             0
             0
             0
             0
             0
             0
             0
             0
             0
             0
             0
             0
             0
             0
             0
             0
             0
             0
             0
             0
             0
             0
             0
             0
             0
             0
             0
             0
             0
             0
             0
             0
             0
             0
             0
             0
             0
             0
             0
             0
             0
             0
             0
             0
             0
             0
             0
             0
             0
             0
             0
             0
             0
             0
             0
             0
             0
             0
             0
             0
             0
             0
             0
             0
             0
             0
             0
             0
             0
             0
             0
             0
             0
             0
             0
             0
             0
             0
             0
             0
             0
             0
             0
             0
             0
             0
             0
             0
             0
             0
             0
             0
             0
             0
             0
             0
             0
             0
             0
             0
             0
             0
             0
             0
             0
             0
             0
             0
             0
             0
             0
             0
             0
             0
             0
             0
             0
             0
             0
             0
             0
             0
             0
             0
             0
             0
             0
             0
             0
             0
             0
             0
             0
             0
             0
             0
             0
             0
             0
             0
             0
             0
             0
             0
             0
             0
             0
             0
             0
             0
             0
             0
             0
             0
             0
             0
             0
             0
             0
             0
             0
             0
             0
             0
             0
             0
             0
             0
             0
             0
             0
             0
             0
             0
             0
             0
             0
             0
             0
             0
             0
             0
             0
             0
             0
             0
             0
             0
             0
             0
             0
             0
             0
             0
             0
             0
             0
             0
             0
             0
             0
             0
             0
             0
             0
             0
             0
             0
             0
             0
             0
             0
             0
             0
             0
             0
             0
             0
             0
             0
             0
             0
             0
             0
             0
             0
             0
             0
             0
             0
             0
             0
             0
             0
             0
             0
             0
             0
             0
             0
             0
             0
             0
             0
             0
             0
             0
             0
             0
             0
             0
             0
             0
             0
             0
             0
             0
             0
             0
             0
             0
             0
             0
             0
             0
             0
             0
             0
             0
             0
             0
             0
             0
             0
             0
             0
             0
             0
             0
             0
             0
             0
             0
             0
             0
             0
             0
             0
             0
             0
             0
             0
             0
             0
             0
             0
             0
             0
             0
             0
             0
             0
             0
             0
             0
             0
             0
             0
             0
             0
             0
             0
             0
             0
             0
             0
             0

  Initial pos 

  -1.7583548367536039       -4.6814754514745260E-002  -5.4088637745529180        2.2501381902959139E-002   1.7509239679964210       -5.4115337101206933        2.0149120777148255E-002  -1.8531551057215978        5.3204393726017649       -1.7585048475067957        5.3183075171923448       -6.0987478324427968E-003   1.7920563978150810        5.3146822364219979       -2.1373090943043849E-002   1.2226325070741950E-002  -5.4040471925504878        1.7359290789756265        5.3854199982699491       -5.5202199284032361E-002  -1.8596237005586627       -1.0279952803600167E-003   5.2846557409658104        1.7956137716313521       -1.5072345712894730E-002   3.5356953532000475       -3.6561218498898160       -3.5877268345660553       -4.0075530498217660E-002   3.5436741170726407        1.7882003270331630       -4.0002688329131786E-002   5.3316767437780967        7.4558901578427594E-003   5.2852947408230264       -1.8264177379720294        5.3674533384006118        1.7256380619894287       -9.6622100485138418E-002  -1.7640723659500637       -5.4109222690420165       -2.8306396988128313E-002   5.3761369640868359       -1.8805993872279601       -6.9705747942354179E-002   1.7859079534020594       -5.3991096593265340       -7.1388737828023352E-002   1.7962093547866580       -5.5851689207919719E-002  -5.4729145561023280       -4.7185015609152003E-002  -1.8658397116045293       -5.4431530153006555       -5.3361056183170756        1.7548255093245153       -7.8596765350120279E-002  -5.2987440465937929       -1.7848779009276114       -9.7852019001319235E-002  -5.3200968732771869       -2.0977028189033575E-002  -1.8881947668572305       -1.7249160635746748       -1.0580582880578504E-002   5.2717179242321990        3.9311774123415688E-002   1.7143609006647686        5.2627046671490305       -7.5313620603978393E-003  -5.3967206660278269       -1.8342259266796219        5.3532126980551737       -6.0947719231236874E-002   1.6997700259256412       -5.3749709852088969       -5.6504311180312072E-002   1.7186875669229131       -3.3109585885799930E-002  -3.5919815911068600        3.4807738999606492       -3.5867120603383604       -7.8248714559880028E-002  -3.6280174495241244       -3.5767767957357286        3.5505875487697622        8.1704677904426148E-003   3.5904545201854425       -1.2211552980588181E-002  -3.6949349900875763        3.5757035586802175        3.5138950716596256       -6.0273026004207253E-002   7.1232293291036086E-002   3.4799280150405458        3.5443495717740419       -4.1081716306724303E-002  -3.6490210574260455       -3.6213261715537364        3.5139426726849656       -5.1901349282072573E-002   3.5078022015801835       -3.5220131663039531       -3.6006555990959033       -3.2302660647317794E-002   3.5880190136499479       -3.6570382845998690       -9.3459632819783423E-002   1.8205897470989996        3.5299222878189767        1.7516772863236625        3.5753886730409334       -1.8131749688508023       -1.8629064666478445       -1.7809298765851480       -1.8321483973687442        3.5421429835035525        3.6128052798050128        1.7420003100980814        1.7290250689597393        1.7764907921403328       -1.8084290361261708       -3.6566989356886328       -3.5994877487746884        1.7214379947322911        1.7422935774178860       -3.5586394243834505       -1.8054989008495816        1.7447536674303237       -1.8612994145998698        1.7715450274202347       -3.6465111296351989       -1.7295975764004545        3.4879623085046951        1.7565202743427406       -1.7938963532759082       -1.8569980680994220       -3.6125769442954976        1.7925084453929792       -1.8816368648152171        3.5114938486514973       -1.8053560226638226       -3.6318721259035254        1.7177836420681025        1.7982410730662259       -3.6420332481246511        1.6978429461023836        3.6022244594126747        1.7323105493789726       -1.8635150181999336       -3.5873548856618562        1.7644909465332255       -1.7969601214539512       -3.5494059270845995       -1.8444210162093064       -1.8208766717429103        1.8731999877894374        1.7812000108841737       -3.6409601319613643        1.8203952158204686        1.7376034644201823        3.5241040627812978       -1.8355207683838337        3.5727963923223172       -1.8037432245057978        1.8332600139629207        3.5085003494419382       -1.8464199246902400       -1.8145003118571523       -3.6493750944478318       -1.8271765270978761        1.7789666311945815       -3.6568657510273024       -1.8926131694356716        3.5320613881285041       -1.8952141890680387        1.7255695595520208       -1.7715971921271283        1.7694476022221295        3.5034332516581870       -1.7764181343312480       -4.0659314530689272E-002  -1.8461589694728779        1.7996607611468178       -1.7510919145973247E-002  -1.8470516382071409        4.7230405282334686E-003  -1.8205263316124309       -1.8443871608827695        1.7912430023036556       -1.8335648710479298       -7.9825532603237548E-002  -1.0738808975688130E-002   1.7655446104326380       -1.8555383549371154        2.1714812551760332E-002  -2.9567185741715463E-002  -3.6430143092146210       -1.2786932579711419E-002  -3.5946521838179510       -5.8524654510140550E-002  -7.3487257724664801E-003  -1.8281162127031507        1.7476834778278700       -1.7933570579251636        1.7444910829042364       -1.7080469839314105E-002   1.8355817995871888        1.7575013538652158       -7.6616475504390991E-002   2.1973469853829641E-002   1.7453537761454712        1.7370041448789166        1.8011449454629016       -5.6980103425505746E-002   1.7121088789562648       -1.7887872640433500       -1.8205628496056327       -5.7819125793599824E-002   0.0000000000000000        0.0000000000000000        0.0000000000000000       -1.7626124602985698       -2.1167230253215763E-002   1.7345154748510083        2.2902133857403584E-002   3.5259605352988466       -5.9367866134365954E-002   5.3005399179667734E-002  -6.5594262780390267E-002   3.4971715789243447        3.6278353828701562       -6.2967357021793902E-002  -7.0908386959409597E-003  -3.5588226115552750       -4.2224801301788517E-002  -7.5442761930265334E-002

 SADDLE  pos 

  -1.7481531034613198       -4.9237276661191487E-002  -5.4178985145911192        3.3692118659594428E-002   1.7486570488898572       -5.4176191097121311        3.2824254066657232E-002  -1.8715564075585505        5.3343611267692523       -1.7249849297207582        5.3330081754316438       -1.8468201572044762E-002   1.8097133360610229        5.3463928381453130       -4.9825926757346650E-002   1.4210869699656570E-002  -5.4149647845038800        1.7351488971681874        5.3854168726230931       -5.8778301023373558E-002  -1.8536341976803339       0.14754257550039895        5.5715969067521165        1.7683564501237292        6.0699498951386488E-003   3.5359437258574253       -3.6560696583757473       -3.5621784936091601      -0.14661127096609761        3.7299670894101737        1.8024618185524446       -6.7939941509997936E-002   5.3430435540940202        2.7071092937440255E-002   5.3411160700786091       -1.8711183943585645        5.3566875308176591        1.7310566946062131       -9.4287492454249389E-002  -1.7658172215178247       -5.4241635674700674       -2.9921311165832520E-002   5.3720977020013585       -1.8855620155821136       -6.9622216505141665E-002   1.7972496986347934       -5.4205731956424934       -7.7893616866457904E-002   1.8069989514179277       -6.1222337427071949E-002  -5.4768974441107936       -3.8926994939153303E-002  -1.8727515138387147       -5.4452637747209156       -5.2644738778317581        1.7153912703259984       -4.9555254014652661E-002  -5.3086131988510221       -1.8013622383509791       -9.4540584637282876E-002  -5.3549491210866016       -4.6847051871232281E-002  -1.9409128041673824       -1.7090060029595762       -4.4102214149859265E-002   5.3533728483363809        4.5438229217186432E-002   1.6250016431981891        5.3197366955213354        1.0596125372543952E-003  -5.4131488863335431       -1.8449528025446025        5.3407564616012344       -6.1182681313283638E-002   1.6955322878490051       -5.4985037952076983      -0.17996159937484890        1.6936112241893291       -2.6275398508030179E-002  -3.6188070334531197        3.4966636257923014       -3.5702928787198935       -8.6800335942790241E-002  -3.6437069922325307       -3.6756087003171523        3.6608407107152097      -0.35328226463834689        3.6012895532090674       -2.4737800459952553E-002  -3.7012346238569105        3.5542943716368463        3.5220300956008295       -4.9939157869822282E-002  0.16497402899759450        3.3889102123179384        3.7196916942363210       -3.2762411329379404E-002  -3.6567092041281857       -3.6221807597630349        3.5040032517758064       -6.0088613607593544E-002   3.4968070383122374       -3.5249669259498795       -3.6104206857242005       -2.7060923330921582E-002   3.5791226270899408       -3.6610687941029880       -9.6202142080095143E-002   1.7488001576450571        3.5287675741730773        1.7447808411415124        3.5721643939032859       -1.8131742407985527       -1.8568061288757196       -1.7494580125276080       -1.8297952317233026        3.5352846965533544        3.5883933811948978        1.7456830801145209        1.7258833819232358        1.7825097262849994       -1.8121900572172649       -3.6551722525691730       -3.1106511686506586        3.0870500545830808        1.7705453152183850       -3.5295020275358517       -1.7616554726573170        1.7581604506378348       -1.8397894126371348        1.7690292618651888       -3.6443246808083956      -0.96388661603771197        3.6249574453966069        1.7559442957516076       -1.7737500787187876       -1.8645645222141738       -3.6215730949086247        1.8037930237880460       -1.8990517976241499        3.5185066815037231       -1.7953266201643245       -3.6222080497290907        1.7138216274351095        1.7981313552021234       -3.6504141226026388        1.6915652637408982        3.6201412830518578        1.7218867696593030       -1.8746901506352120       -3.5830538140345460        1.7139300225667569       -1.8316370015679890       -3.5349249123198305       -1.9081308586186339       -1.9176602369895601        1.8827062397718279        1.7664614667249054       -3.6423825069091702        1.8174085988458906        1.7127968050692530        3.5193952320753681       -1.8046538583897380        3.5740757696651357       -1.8444044439761793        1.8811525488880321        3.4918820237079018       -1.8778634018427312       -1.8059437420908644       -3.6714599018167480       -1.8322622881545811        1.7854533880133481       -3.6619420310511543       -1.8951455904881094        3.5307011815943277       -1.9085466548955843        1.7204185681333648       -1.7667180386888823        1.7461905254137626        3.4389220345556772       -1.7262677609277759       -4.2943615784302835E-002  -1.8337326110462673        1.7921274106051150       -2.1640353728848538E-002  -1.8358372682150339        6.1113466925384330E-003  -1.8297046735080293       -1.8377741440571711        1.7659577418070889       -1.8259101276789487       -8.6808520065829953E-002   2.2421488020007985E-003   1.7437988410394603       -1.8461253641559718        3.2822079481722000E-002  -3.8671033811958466E-002  -3.6621270958764018       -2.3535517017734264E-003  -3.6394839646727348       -7.3045820335661205E-002   4.2287826388029970E-002  -1.8651082507646706        1.7320679254139293       -1.8426753808713485        1.7674382740591703       -4.3639385392967966E-002   1.8769619181189334        1.7619143037245593      -0.10726764199886674        4.1286909658865056E-002   1.5954826488339364        1.6411139136020552        1.7801728632681950       -9.1103796855840358E-002   1.6761495754632101       -1.7745002451949112       -1.8511178406824129       -7.6881355124118755E-002  -1.5413079600517250      -0.13246851339229337        1.5316533978374913       -3.5122449636845090       0.92959000714246542        1.6978231347163337        9.8412176869491219E-002   3.5642889084490967      -0.20167647267964739        5.4557316479044715E-002  -7.9966450182041626E-002   3.5323395198207130        3.6220073224114735       -7.0090315991620855E-002   2.1545231745818683E-003  -3.6003764350630050      -0.20108554772513187      -0.26137680514234773     

  FINAL pos

  -1.7571206595125837       -4.5814117271856247E-002  -5.4059929790223791        2.3967182374914131E-002   1.7514703626167858       -5.4078548308294998        2.1496440190730937E-002  -1.8547204278772398        5.3267323026281233       -1.7543988844930425        5.3374823629296984       -1.9276315991572091E-002   1.7889521685181435        5.3161056479694153       -1.8727064754649803E-002   1.1205677286103111E-002  -5.4052397210586740        1.7318709720930414        5.3754704850559492       -5.4091318631350305E-002  -1.8544014027840152       -8.1131409498809148E-003   5.3169789999435224        1.8043466863997111       -1.4027072067648305E-002   3.5357581431147622       -3.6508576233377674       -3.5607959669486995       -2.9640232392278421E-002   3.5352868275501557        1.7824602530276152       -3.7937713813995799E-002   5.3290168002282385        1.7430603332890371E-002   5.2897881171528383       -1.8279331927555980        5.3608929910700418        1.7274884433799720       -9.1713057561943145E-002  -1.7647877083666295       -5.4144046281311677       -3.1617373701607221E-002   5.3663530369050996       -1.8782520622689418       -6.7856772972557877E-002   1.7894762594450917       -5.4033824357499149       -7.3398193415695090E-002   1.7999792506552552       -5.7032245545670435E-002  -5.4763735361653225       -4.8285497171004721E-002  -1.8680970323772499       -5.4417282793291051       -5.3284705632806091        1.7485352754078534       -7.7053008945874524E-002  -5.3078284738755404       -1.7840133095506907       -9.3590374282758404E-002  -5.3219630407291039       -2.5464930559188304E-002  -1.8863740926325470       -1.7276550092058329       -1.6108024382816666E-002   5.3140681844090629        3.9150042437679389E-002   1.7248854989094831        5.2961132416062995       -8.7790483093392879E-003  -5.4013130618210461       -1.8423169481583894        5.3467932773889331       -5.9352313046971972E-002   1.6988998916706173       -5.3398674941333386       -4.1493699489990377E-002   1.7172869670870838       -3.1792565229547876E-002  -3.5999915644363796        3.4888856192433053       -3.5928301454530711       -7.9042641295419713E-002  -3.6373941378517571       -3.5822542708960405        3.5530595106675378       -1.8347306498728955E-002   3.6022993431175472       -1.4582291850231854E-002  -3.7112248679870987        3.5858200876546888        3.5275853962462520       -5.6147985758144614E-002   4.0017627747403139E-002   3.4983655708218429        3.5444997364743855       -4.4283691678863590E-002  -3.6564238656629051       -3.6257915074027682        3.5120540823949220       -5.0888679823085425E-002   3.5093308629228197       -3.5338656115389711       -3.6193916493377483       -3.2121325526670574E-002   3.5803984144673748       -3.6574882640923168       -8.8916268224991768E-002   1.8130426507971436        3.5384522417649222        1.7577305934488443        3.5747352070680094       -1.8165890226038748       -1.8669161525479794       -1.7749316318489896       -1.8338474331892520        3.5475417668485107        3.6048808042217999        1.7426139230067577        1.7313730439662258        1.7810666092227336       -1.8118823382792115       -3.6638011329769995       -1.7838707876503364        3.5278920943294807        1.7325639206281913       -3.5547247883371718       -1.8090122910844322        1.7517617165326591       -1.8569472481428555        1.7703642579546504       -3.6381363374632532        3.5944085529365566E-002   1.7389934369611417        1.6886131914841123       -1.8003639199879196       -1.8581420632582990       -3.6159325298860967        1.7856681279571980       -1.8744588203988535        3.5121819835480927       -1.7999808107370256       -3.6249505218047506        1.7160464688897754        1.7760727809242454       -3.6303334896076453        1.6982216480693708        3.6054514805893518        1.7338246977322882       -1.8652807864507608       -3.5876550775776828        1.7544651076382500       -1.7990566163286150       -3.5541641566676390       -1.8522441485662320       -1.8272588945703365        1.8758553920555059        1.7842853281323805       -3.6413143237912191        1.8063014605130618        1.7427701389685346        3.5248663112777976       -1.8370926546031470        3.5707295000348367       -1.7911348072163218        1.8528931695196142        3.5120821640918152       -1.8559468023227144       -1.8273801614437986       -3.6478329490075545       -1.8255804833736491        1.7852041728416026       -3.6661969274727415       -1.9021919818678281        3.5234712897917895       -1.8903148046448202        1.7252596551425654       -1.7522304476532184        1.7547620833149864        3.4981985313132853       -1.7770096942715625       -4.4791882162972030E-002  -1.8540006581773874        1.8096434967001258       -1.8057765597113473E-002  -1.8655171361246321        4.7665591760868153E-003  -1.8355701559620172       -1.8629988891641265        1.7868879290095592       -1.8370131894363411       -8.9862615466284268E-002  -3.7351673168544153E-003   1.7752837369209651       -1.8520417453236195        2.5210446521022334E-002  -3.0807799339722663E-002  -3.6485687765786032       -1.5565678564819052E-002  -3.6040306336587111       -7.3352008077108621E-002  -8.6077072785073483E-004  -1.8461365990492453        1.7371457355991105       -1.7924158053161641        1.7459228245714371       -4.1091601400740529E-002   1.8442291732382223        1.7684851116955329       -8.0694258734006041E-002   1.1432208956360768E-002  -2.5840777664914327E-002  -5.6403678375339439E-002   1.7733819334470056       -5.1346661445450081E-002   1.7156599597243591       -1.7971166959974205       -1.8221367273207285       -5.8286523069867258E-002  -1.7660809749033461       -3.1725843935785036E-002   1.6983489190770378       -3.5524052021020367        1.7311616698773236        1.7191854296763900        2.6490444830013615E-002   3.5447297124292163       -5.8601603936065061E-002   3.6799212283852967E-002  -5.8712360931341578E-002   3.5049468829253136        3.6022457012046942       -6.4751803292477206E-002  -2.6725232397133425E-003  -3.5671821522394396       -4.8559761509501698E-002  -7.6470458297382748E-002
