eventId                :         398121
event label            :         978295         51050       1242359
energy barrier         :       4.40059490
initial energy          :  -3733.12807283
FINAL energy            :  -3733.12812874
rate constant prefactor :  0.44056072E-31
rate htst prefactor     :  0.00000000E+00
rate htst computed     : F
rate of event           :  0.44056072E-31
delr initial-SADDLE     :      2.91807691
delr initial-FINAL      :      4.39578246
delr main atom (normalized) :       0.70315684      0.00406187     -0.71102318
npar initial-SADDLE     :            25
npar initial-FINAL      :             3
active atom label       :             0
ncluster                :            79
shape of cluster atoms :            512
cluster atoms           :
           829
           831
           687
           761
           757
           568
            15
           741
           729
           759
           138
           590
           834
           567
           136
           852
           708
           720
           833
           615
           140
           864
           447
           572
           135
           849
           861
           738
           730
           110
           826
            14
           706
           686
           714
           130
           709
            17
           707
           859
           832
           688
           740
           736
            13
           595
           731
           587
           739
           589
           713
           133
           851
           836
           692
           596
           592
           137
           593
           715
           856
           712
           711
           830
           134
           855
           853
           735
           716
           854
           737
           733
           860
           857
           591
           734
           710
           858
           850
             0
             0
             0
             0
             0
             0
             0
             0
             0
             0
             0
             0
             0
             0
             0
             0
             0
             0
             0
             0
             0
             0
             0
             0
             0
             0
             0
             0
             0
             0
             0
             0
             0
             0
             0
             0
             0
             0
             0
             0
             0
             0
             0
             0
             0
             0
             0
             0
             0
             0
             0
             0
             0
             0
             0
             0
             0
             0
             0
             0
             0
             0
             0
             0
             0
             0
             0
             0
             0
             0
             0
             0
             0
             0
             0
             0
             0
             0
             0
             0
             0
             0
             0
             0
             0
             0
             0
             0
             0
             0
             0
             0
             0
             0
             0
             0
             0
             0
             0
             0
             0
             0
             0
             0
             0
             0
             0
             0
             0
             0
             0
             0
             0
             0
             0
             0
             0
             0
             0
             0
             0
             0
             0
             0
             0
             0
             0
             0
             0
             0
             0
             0
             0
             0
             0
             0
             0
             0
             0
             0
             0
             0
             0
             0
             0
             0
             0
             0
             0
             0
             0
             0
             0
             0
             0
             0
             0
             0
             0
             0
             0
             0
             0
             0
             0
             0
             0
             0
             0
             0
             0
             0
             0
             0
             0
             0
             0
             0
             0
             0
             0
             0
             0
             0
             0
             0
             0
             0
             0
             0
             0
             0
             0
             0
             0
             0
             0
             0
             0
             0
             0
             0
             0
             0
             0
             0
             0
             0
             0
             0
             0
             0
             0
             0
             0
             0
             0
             0
             0
             0
             0
             0
             0
             0
             0
             0
             0
             0
             0
             0
             0
             0
             0
             0
             0
             0
             0
             0
             0
             0
             0
             0
             0
             0
             0
             0
             0
             0
             0
             0
             0
             0
             0
             0
             0
             0
             0
             0
             0
             0
             0
             0
             0
             0
             0
             0
             0
             0
             0
             0
             0
             0
             0
             0
             0
             0
             0
             0
             0
             0
             0
             0
             0
             0
             0
             0
             0
             0
             0
             0
             0
             0
             0
             0
             0
             0
             0
             0
             0
             0
             0
             0
             0
             0
             0
             0
             0
             0
             0
             0
             0
             0
             0
             0
             0
             0
             0
             0
             0
             0
             0
             0
             0
             0
             0
             0
             0
             0
             0
             0
             0
             0
             0
             0
             0
             0
             0
             0
             0
             0
             0
             0
             0
             0
             0
             0
             0
             0
             0
             0
             0
             0
             0
             0
             0
             0
             0
             0
             0
             0
             0
             0
             0
             0
             0
             0
             0
             0
             0
             0
             0
             0
             0
             0
             0
             0
             0
             0
             0
             0
             0
             0
             0
             0
             0
             0
             0
             0
             0
             0
             0
             0
             0
             0
             0
             0
             0
             0
             0
             0
             0
             0
             0
             0
             0
             0
             0
             0
             0
             0
             0
             0
             0
             0
             0
             0
             0
             0
             0
             0
             0
             0
             0
             0
             0
             0
             0
             0
             0
             0
             0
             0
             0

  Initial pos 

  -1.7701349092258436       -5.3571141187260718       -4.7347048836599015E-003   2.3974838727228942E-002  -5.3537048757530741        1.7833447038752368        5.7512153214862138E-002  -5.3683454967787743       -1.7601660958589562        1.8174900925227728        5.3844108675200069        2.1923132120953426E-003  -1.7966532657002485        5.3707380245808984        2.1719044637311669E-002  -1.7849137764645491        3.6461502661900624E-002  -5.3662456036314552        2.0598022890396805E-003   1.7776761585896814        5.3840459434427537        5.3425035230504427        1.7898008564713841       -8.3296475434551098E-003  -5.3804992861381296        1.8180436518127081        2.3916882461964661E-002   1.4459485836008312E-002   5.3831339947347452        1.7811159740541704        3.5689969876458285        3.6313284075397689E-003   3.5733203676516432        1.8996221128098512E-002   3.6110019216488212       -3.5544289799369793        3.5716495223636073       -3.5471035289425288        1.0868148361012686E-002  -2.9147880234965839E-002  -1.7947833765136956       -5.3725290044807732       -1.8864347622219668       -1.1190027022216498E-002   5.3357641428342930       -5.3596956189296883       -1.9746048538646477E-002   1.7699150522270202       -5.3495685191874083        3.5491405219595151E-002  -1.7701241487730499        5.3339585053846150        7.8315867133404993E-003  -1.7819851695723870        1.8669496322792725       -5.3410883407104581        2.1995400438687085E-002  -1.0507584237059220E-002   5.3344374645432104       -1.7285171981708025        1.8240264402370467       -5.9366003073826334E-003   5.3982152376054131        5.3741438630475606        1.6670845456889793E-002   1.7573049631416389       -3.0627409998073674E-002   1.8379069916388353       -5.3566092336070348        1.7812776806136075       -1.2691653935512193E-002  -5.3710939466024001       -6.8880164298835922E-002  -1.8910018561723199        5.3706549884433024       -5.3363898275972188       -1.7861821957286104       -2.4171984187329798E-002   5.3602933357974329       -1.7698170817938816       -4.2544649094608644E-002   3.5854745750306911        3.5870643433314768        1.9971198618296881E-002  -3.5728181426232126        3.6221747058974429        2.8578004601140350E-002   6.1634337869413969E-003  -3.5597024853433581        3.5944197026580902       -3.5854495852049819       -3.5490274860483311       -7.3460376103255953E-003  -1.2012851690833770E-002   3.5888685602264978        3.5113097505706463       -3.5811417411957507        4.4619946680196421E-002  -3.6349378517874076        1.9893023082197203E-002  -3.6122245623861424       -3.5736547544033872        3.5387192331230963        1.6373869780153427E-002  -3.5399501845002614       -3.6030516553487040       -2.8952136233613146E-002   3.5304092242461600       -1.7576214265122960       -1.7858467791028367       -3.5694828676485244        1.7658009193519870        1.7882650713288015        3.5899532635151736       -3.5528343680248415       -1.7669196312847468       -1.8101953239974229        3.5655783437520796       -1.7677314702503750        1.7943932593785092       -1.7928886770420398       -3.5656062656119332        1.8185955346838441       -1.7807715000816913       -3.5560409815109608       -1.7625799670882571        1.7937950079580034        3.5590297959750892        1.7898650167078785       -1.8024848691683761        3.5627151231090686        1.7823053708227441       -1.7221758191969769        1.8109677172309624        3.5619115284815379        3.5441200398047386        1.8149682728094412       -1.7592408746703754       -3.5273461692704267        1.8037516183815008        1.7914827748446918       -3.6275240506506456        1.8405037218668987       -1.8362851296366145        3.5150907811394561        1.7614836744039266        1.7527405679082975       -1.7813973731400434        1.8312875935971284       -3.5449944554157327        1.8044112699716752       -1.7635561684172849       -3.6272676608041934       -1.8016718967615084       -1.8415163068308047        3.5897106233348275       -3.5855158406969299       -1.8014360261811255        1.7656850954042618        1.7847130713846546       -3.5682315964861893        1.8008579595698926        1.8185458368252387       -3.5221045474087873       -1.8344839424544048        1.8027672162279647        3.5946529200875830       -1.7856774227176224       -1.8129808077939842        3.5676188760695773       -1.7776020721556307        1.7816130019709497       -1.7832547579890807        3.6498369559179231        1.7880592421174502        1.8203747897407254       -3.5508049730479279        3.5591921584613395       -1.7866509993675983       -1.8173640264690292       -1.7624599191240637       -4.9537711674147999E-003   1.7899471917809926       -1.7768947162510251        3.7362856591180105E-002  -1.8086810684758809        1.7787004644608473E-002  -1.7767761217606228       -1.7948971794270427        2.0450449073328159E-002  -3.5658792462207138       -1.3408090795792305E-003   7.2092493110922362E-003  -2.4375528699131621E-002   3.6014620154545227       -4.9884092030367810E-003  -1.8118291650775689        1.8026665177668306       -1.7757782485849827       -1.7943533625364836       -9.4463675471274655E-003   1.0704491134616134E-002   1.7841028869665365        1.7579036151287148        1.7979037474201700        1.0444037549756757E-002  -1.8179465771175209        0.0000000000000000        0.0000000000000000        0.0000000000000000        1.7879467867798020        1.7682483140543894        2.1136382188657876E-003  -1.7846090633635185        1.8301738430950003       -2.4324256357697749E-002   1.7724540431362552       -1.2725805623073683E-002   1.7889318085403509        1.7865068165674405       -1.7795849373480870       -2.3606601084562584E-002   5.9497623366471686E-002   1.8083357464609016       -1.7597043680682027       -7.2286764940336923E-003   3.5776213817992968        1.4950857777307647E-002   2.6642997757511111E-002   4.3851077345070877E-002  -3.6057402571310782        3.5739691085987424       -6.9295679807730437E-003  -2.1708138495256435E-002  -3.5552180210214583        1.3321608355237657E-002   2.8739795797072532E-002

 SADDLE  pos 

  -1.7740720076379368       -5.3819469182571193       -1.5993695068452496E-003   1.6725607823699917E-002  -5.3634619323016963        1.7916293061732205        3.2999038874992337E-002  -5.4101332119614973       -1.7776710723918967        1.8207101360311260        5.4151218815498687        9.1975983802434769E-003  -1.8183198389776098        5.4043487782004469        2.3116903724410776E-002  -1.8042528313507837        4.4521731805765796E-002  -5.3811278519072498       -8.1236333206948785E-003   1.7990832899574798        5.4068839612007622        5.3174266630214646        1.8197805371128943        2.0489295152540166E-002  -5.3742455551626280        1.8186570466926675        2.8425000369612263E-002  -3.3080617363996367E-003   5.4167502283789624        1.7934100117860794        3.5699646012849655        1.2328583256422831E-002   3.6032007972520859        1.9004696012761002E-002   3.6638732382814965       -3.6344933721767063        3.5205828489501769       -3.4737079638471613       -4.3822991099595754E-002  -9.2588437168762638E-002  -1.8080055114909932       -5.4460771441262796       -1.9116460215270639        1.5599543118550940E-002   5.3545987299479521       -5.3409821749669852       -2.5790342385491272E-002   1.7551771372023808       -5.3211119081564595        3.8274351733818435E-002  -1.7455827771573240        5.4039250032041082       0.19545325725651352       -1.7854351552378738        1.8660216312039850       -5.3750074059434407        3.7292984125290474E-002  -1.9464121707441606E-002   5.2972051819928936       -1.7386528532310628        1.8265543182058153        7.6626133683284081E-003   5.4140851327326516        5.3520367450153650        6.5507610060961952E-002   1.7870328876749113       -3.1525620601268400E-002   1.8349485600936006       -5.3501407790517472        1.7967041139209563       -5.9749741547214796E-003  -5.4389712061982145       -7.7332784384491760E-002  -1.9003015578130267        5.3969343273852282       -5.3369808534068808       -1.7839783380966843       -2.0521873711508931E-002   5.5103951764879788       -1.7506366048213025       0.31593832869766914        3.5755959234515622        3.6171174237099670        2.8224381057039949E-002  -3.5926660642272505        3.6556033421970149        4.8592438779511582E-002   1.6729063911071762E-003  -3.6144181411724716        3.6565834720504462       -3.5344602750858325       -3.5181950124707377       -8.4794219726802567E-003  -3.5454610951520138E-002   3.6214604025968526        3.5410241272444338       -3.5784876877417169        5.0327928939996269E-002  -3.5971963463086638       -6.0778446729017332E-003  -3.6423490966641587       -3.6218861246651102        3.4364377080598238       -7.6320532690768772E-002  -3.3328912041087833       -3.5940660800663213       -1.8271219342928191E-002   3.5047566061025535       -1.7738971130416754       -1.7722970420867128       -3.5997350349678019        1.7576221428211856        1.8349343176937865        3.6387362022396559       -3.5064089390793427       -1.7499666486569616       -1.7797651423679355        3.4712733992875471       -1.7440734091519907        1.7669102691283527       -1.8003912941493230       -3.5872839705971273        1.8219304500993978       -1.7916373285022029       -3.5707174840599016       -1.7580789439351712        1.7771174273576396        3.6167967655572006        1.8262532147990669       -1.8131259936629771        3.5791548660866717        1.7799207492839741       -1.7283645843855773        1.8319488434829978        3.5621828322645683        3.4127811736029372        1.7874751646325677       -1.6949563834036354       -3.4925361881346078        1.8225450094553182        1.7496501107150841       -3.5726122397005309        1.8463797282934955       -1.7774584319716986        3.4998286248781305        1.7803725430989026        1.7774070282168886       -1.8323856913564143        1.8503116046917185       -3.5905827924635911        1.7221666634008166       -1.7807277318398498       -3.8931149085222323       -1.8388315692775627       -1.8428372274868146        3.6527816996603661       -3.5357632048830947       -1.8060571504013332        1.7423260880568279        1.7501512320121151       -3.5563817079085709        1.8018442925864626        1.7896914097398007       -3.6515180249332317       -1.9063469370967638        1.7778386775576074        3.6270771628110943       -1.7877518455401464       -1.8910744732405984        3.6336922131331022       -1.7900967329167266        1.7754244709001235       -1.7794722847128526        3.6892266930024462        1.7735773106882871        1.7478692446748845       -3.5169033124956943        4.5336526344615891       -1.8393310142253512       -1.6399342014110090       -1.7051696884013143        1.4022023535602557E-003   1.7895675578036254       -1.7148753415171782        5.7794628356450772E-002  -1.7983645474240930       -2.6752842673191779E-002  -1.8495214787923722       -1.8828067725148543        2.7308794435048966E-002  -3.6018223806690983       -1.8991775387092957E-002  -9.0219540188130054E-003  -2.3131681485359934E-003   3.6744876879360291      -0.11310408897008273       -1.8635895774815410        2.0325103226207055       -1.5853992635748924       -1.6706804110341267       -4.0835925036368792E-003   8.3041733640349946E-003   1.7963649871591656        1.7515364840968957        2.3761381155108943       -1.4896887304090640       -1.7324599496416049        1.0999732993758240       0.36801930930095139       -1.3463509491225132        1.7483187126324573        1.8914539145094729       0.16968417256047275       -1.6684928887875206        1.7536562683067736        4.6629310063401874E-003   1.7443385370818714        7.1003907687938295E-002   1.9072369106527951        1.2562521255635506       -1.4911168617817729       0.24946588653974189      -0.16271360014465230        2.1020402037392785       -1.8592264118018313       -2.9400481466028694E-002   3.6481067917253398        2.7969775297897570E-002   3.0169374760394163E-002   7.5377627265343250E-002  -3.6271311687247483        3.4976763461655800       -3.7851993130885830E-002  -3.6830521803189242E-002  -3.5308807391911365       -3.7841579769590794E-003   4.4062544023855565E-002

  FINAL pos

  -1.7700544645556366       -5.3576746523421352       -4.8371116456955576E-003   2.4139343656745638E-002  -5.3538257918236596        1.7832308229277807        5.7898028975301941E-002  -5.3683158432142850       -1.7604498033190055        1.8179345233530135        5.3840007566207149        1.8931538705331263E-003  -1.7963012671752185        5.3709040531539891        2.1493031657346506E-002  -1.7853161784462390        3.6557780495208192E-002  -5.3657717344540394        2.0043244562497620E-003   1.7776931100716027        5.3838206859057536        5.3428332815234150        1.7900974515644243       -8.4238035044350568E-003  -5.3806225115746837        1.8183067196281471        2.4042464014698339E-002   1.4913902145881508E-002   5.3827335631863669        1.7812289096442484        3.5688764422788033        3.3719325261429844E-003   3.5732522629064292        1.8557639861628061E-002   3.6109009000681169       -3.5542375856448221        3.5720109587639968       -3.5472458719856235        1.0443797675794286E-002  -2.9153708348957252E-002  -1.7944030802243098       -5.3723997006001643       -1.8865964558677213       -1.0976039783006541E-002   5.3351048211520293       -5.3596219695162199       -1.9617208821419041E-002   1.7698729656746330       -5.3494070079954756        3.5328529035584921E-002  -1.7700400239827694        5.3345777212930798        8.3173594814525131E-003  -1.7822024672463748        1.8670675648424648       -5.3414184109051899        2.2014607421560584E-002  -1.0573318231481110E-002   5.3347742902564939       -1.7286533326125451        1.8238858755488891       -6.4062036855681015E-003   5.3980223772913192        5.3746468961995610        1.7140813612996908E-002   1.7574375291078610       -3.1202999510593799E-002   1.8376684637497043       -5.3562214472736933        1.7809697166401968       -1.2268073920182587E-002  -5.3709776873126032       -6.8505202884539429E-002  -1.8914098807039323        5.3704513338558435       -5.3361343460831554       -1.7866675155197456       -2.3900420777568598E-002   5.3607802634421162       -1.7694227187547114       -4.2813688101340119E-002   3.5859385047848598        3.5871735550644246        1.9549578795412970E-002  -3.5733285742994543        3.6230962033072309        2.8158247080884991E-002   6.2836391629552679E-003  -3.5599180077169592        3.5945863327989152       -3.5856042370338095       -3.5494111210396291       -7.2017672882473960E-003  -1.1829914787561790E-002   3.5886788035885608        3.5113997252391300       -3.5816618757126282        4.4533462867978102E-002  -3.6346377539944807        1.9885989038639806E-002  -3.6121725963653013       -3.5737334424024940        3.5392047027875364        1.6468613393509912E-002  -3.5398943237947762       -3.6030391014502108       -2.8458448019080151E-002   3.5297507254539369       -1.7579236013367723       -1.7857358358799189       -3.5692983255907400        1.7658516419048791        1.7881794176984691        3.5899569703729703       -3.5529365064705161       -1.7673600808542886       -1.8100441426791285        3.5660312530590623       -1.7674838061114215        1.7938957609375130       -1.7929369883197417       -3.5660821114936994        1.8188089319198077       -1.7809595530901206       -3.5565542289041012       -1.7624448091024547        1.7941662469511996        3.5586647234417157        1.7896408450984786       -1.8023426711097166        3.5628727330132968        1.7821446502854279       -1.7224372408396249        1.8112742692275816        3.5615629262788460        3.5444013718866039        1.8151207727315573       -1.7595881691048660       -3.5272978429075756        1.8043643894321733        1.7907477283562407       -3.6279442487450684        1.8408226919519599       -1.8355119960995445        3.5150492456856632        1.7613729565780893        1.7523733168769695       -1.7821402918067566        1.8313036749710783       -3.5447239169142151        1.8043076283573409       -1.7634053407057273       -3.6271504683205613       -1.8017186360987267       -1.8419463223912089        3.5897795783051727       -3.5855812863878374       -1.8020531091001466        1.7662432390553739        1.7850979410385790       -3.5684897585064412        1.8004012516930175        1.8186454301288855       -3.5220562706481537       -1.8345200263495691        1.8028068053573225        3.5947156214921634       -1.7861693347771528       -1.8134027578715628        3.5678700033258011       -1.7777705483369708        1.7817213062733366       -1.7836839794192336        3.6491469968092325        1.7877773078095114        1.8203269116707865       -3.5507582038152083        3.5593697649531855       -1.7864038899795176       -1.8172310712002862       -1.7624011211896651       -5.0060648084482295E-003   1.7898936538013857       -1.7773504062314274        3.7298329150477372E-002  -1.8083311127645274        1.7689570616710171E-002  -1.7769564068220198       -1.7947706825146454        2.0419611977144925E-002  -3.5660571134519650       -1.4728394746441609E-003   7.0466487995322069E-003  -2.4648016188926647E-002   3.6013921531796136       -4.9865457501212518E-003  -1.8122056388929337        1.8025167420587529       -1.7759324493300959       -1.7947528096146144       -9.2448309876651535E-003   1.0765608482266487E-002   1.7840668532747088        1.7576247484863998        1.7866123911861411       -1.7795502567059387       -2.3648014937204920E-002   1.7981471743201300        1.0387221995578955E-002  -1.8182633592946900        1.7882200803789878        1.7684567872110541        1.6520210333546004E-003  -1.7848840592033941        1.8303767653765952       -2.4580942459426325E-002   1.7723603151591281       -1.2704270428546494E-002   1.7887204294535479       -3.8245382208756951E-005   2.8030207481322122E-005  -1.6240868103878370E-004   5.8986130743301501E-002   1.8083333484437212       -1.7593955438304043       -7.1720527459895322E-003   3.5775321410642604        1.4672468756888435E-002   2.6228035495332591E-002   4.3809761679970194E-002  -3.6052778372061187        3.5743637743121646       -6.4926516744066021E-003  -2.1907283719812654E-002  -3.5553933380552554        1.2493773988733636E-002   2.9488486499300137E-002
