eventId                :        1216261
event label            :        1255144        849998        822350
energy barrier         :       4.60250310
initial energy          :  -3733.12807283
FINAL energy            :  -3729.19851996
rate constant prefactor :  0.40631513E-33
rate htst prefactor     :  0.00000000E+00
rate htst computed     : F
rate of event           :  0.40631513E-33
delr initial-SADDLE     :      3.35681241
delr initial-FINAL      :      4.72841568
delr main atom (normalized) :      -0.01006850     -0.71766897      0.69631162
npar initial-SADDLE     :            27
npar initial-FINAL      :            22
active atom label       :             0
ncluster                :            79
shape of cluster atoms :            512
cluster atoms           :
           455
           726
           583
           436
           676
           697
            25
           435
           838
           818
           727
           846
           746
             3
           766
            23
           604
           124
           595
           858
           738
           739
           556
           820
           748
             4
           749
           601
           597
           581
           121
           765
            21
             5
           861
           845
           584
           718
           600
           848
           747
           598
           728
           704
           578
           603
           623
           122
           142
           720
           864
           744
           863
           843
           719
           699
             2
           767
            22
           698
           580
           723
           842
           721
           745
           741
           722
           599
           579
           844
           862
           742
           743
           700
           724
           577
           725
           841
             1
             0
             0
             0
             0
             0
             0
             0
             0
             0
             0
             0
             0
             0
             0
             0
             0
             0
             0
             0
             0
             0
             0
             0
             0
             0
             0
             0
             0
             0
             0
             0
             0
             0
             0
             0
             0
             0
             0
             0
             0
             0
             0
             0
             0
             0
             0
             0
             0
             0
             0
             0
             0
             0
             0
             0
             0
             0
             0
             0
             0
             0
             0
             0
             0
             0
             0
             0
             0
             0
             0
             0
             0
             0
             0
             0
             0
             0
             0
             0
             0
             0
             0
             0
             0
             0
             0
             0
             0
             0
             0
             0
             0
             0
             0
             0
             0
             0
             0
             0
             0
             0
             0
             0
             0
             0
             0
             0
             0
             0
             0
             0
             0
             0
             0
             0
             0
             0
             0
             0
             0
             0
             0
             0
             0
             0
             0
             0
             0
             0
             0
             0
             0
             0
             0
             0
             0
             0
             0
             0
             0
             0
             0
             0
             0
             0
             0
             0
             0
             0
             0
             0
             0
             0
             0
             0
             0
             0
             0
             0
             0
             0
             0
             0
             0
             0
             0
             0
             0
             0
             0
             0
             0
             0
             0
             0
             0
             0
             0
             0
             0
             0
             0
             0
             0
             0
             0
             0
             0
             0
             0
             0
             0
             0
             0
             0
             0
             0
             0
             0
             0
             0
             0
             0
             0
             0
             0
             0
             0
             0
             0
             0
             0
             0
             0
             0
             0
             0
             0
             0
             0
             0
             0
             0
             0
             0
             0
             0
             0
             0
             0
             0
             0
             0
             0
             0
             0
             0
             0
             0
             0
             0
             0
             0
             0
             0
             0
             0
             0
             0
             0
             0
             0
             0
             0
             0
             0
             0
             0
             0
             0
             0
             0
             0
             0
             0
             0
             0
             0
             0
             0
             0
             0
             0
             0
             0
             0
             0
             0
             0
             0
             0
             0
             0
             0
             0
             0
             0
             0
             0
             0
             0
             0
             0
             0
             0
             0
             0
             0
             0
             0
             0
             0
             0
             0
             0
             0
             0
             0
             0
             0
             0
             0
             0
             0
             0
             0
             0
             0
             0
             0
             0
             0
             0
             0
             0
             0
             0
             0
             0
             0
             0
             0
             0
             0
             0
             0
             0
             0
             0
             0
             0
             0
             0
             0
             0
             0
             0
             0
             0
             0
             0
             0
             0
             0
             0
             0
             0
             0
             0
             0
             0
             0
             0
             0
             0
             0
             0
             0
             0
             0
             0
             0
             0
             0
             0
             0
             0
             0
             0
             0
             0
             0
             0
             0
             0
             0
             0
             0
             0
             0
             0
             0
             0
             0
             0
             0
             0
             0
             0
             0
             0
             0
             0
             0
             0
             0
             0
             0
             0
             0
             0
             0
             0
             0
             0
             0
             0
             0
             0
             0
             0
             0
             0
             0
             0
             0
             0
             0
             0
             0
             0
             0
             0

  Initial pos 

  -1.8270697228647919       -2.6940986501576003E-003  -5.4085882167866117        5.3413280384626143        1.7985942785729585        3.6458422125207335E-004   5.3270715206864878       -3.3992140350816435E-004  -1.8077294680940952       -1.2836754410923551E-002   1.7680503165493315       -5.4152890162092522       -2.6154721787582297E-002  -5.3754654312012633       -1.8475932089151286       -3.3991540970173817E-003  -3.5565100073620357       -3.6232477295734764       -3.0818695729396717E-002   3.5739866242922558        3.5923241312612397        1.7930800564164859        2.8901956909969106E-003  -5.3876489754553170       -1.8139034215249943       -5.3845888408141676       -2.0584857849733851E-002   1.7104286389946473       -5.4287670464097424       -3.2470938306278896E-002   5.2746010414408531        3.0121947793319753E-002   1.7852661793089979        5.3737768881268355       -1.8132019205225802       -3.8537523790335371E-002   1.7680921179036773        5.3198362869082070        2.2979669997901908E-002   1.7992553988298168        2.0544400430505816E-003   5.3818555952136222       -1.8119532440058173        5.3608151302986675        4.6376345101691641E-002  -1.7780770663671284       -2.7177185189973918E-002   5.3313785406206016       -3.1199410146581147E-002   5.3253287710393389       -1.7752709225249568        4.8636883560822824E-002  -1.8167239468148573        5.3390543689644012       -5.3952969216931841        1.4607268902616988E-002  -1.7760778999475733       -5.3654478528991802       -1.8072905718875987       -3.8545163772454316E-002  -5.3539423864672315        1.7867033394246539        3.1341733410990003E-003  -5.4243261803584666       -3.8877329502896629E-002   1.7359035426310996        6.2812741258364779E-002  -1.7541669136325417       -5.3990449172400634       -2.7374522839944487E-002  -5.4129110621637757        1.7544513900992484       -4.7475242926881073E-002   5.3620887861798661        1.8013831438026919       -1.3312894390356905E-002   1.7845924127912047        5.3667153135939145        3.5185277568545628        3.6138637648260006        1.1790945977764977E-002  -2.9292421138415653E-002   3.5205331670789644       -3.5674062240156967       -3.6501353054002905        3.2277258269915066E-002  -3.5488654006651661        3.5399338061499153       -5.8075064752251548E-003  -3.6410980090934970       -3.0582397769528369E-002  -3.5763899555789180        3.5712862067793942       -3.5521294346181662        3.5856301306658231        4.4614521108929495E-002  -3.5725180421259743       -2.6196063471232545E-002   3.5498121476648237        3.5690190934551054        6.6473432612054739E-003   3.6072356080155927       -3.5791236257004897       -3.5701780857007073       -5.9381674371806525E-002   3.5337506265917913       -3.5978045548118942       -5.8830701778227024E-002   3.5448908020322261        1.7902883757253818       -1.7692023912034820       -1.8167778181139980       -1.7631685048439572       -3.6097723387724638       -3.5674415352901860        1.7990301211647790       -1.7770069094404164        3.5534851391055491       -1.7970269269743468        1.7591894056362598        1.7655652732318616        3.5666367668963366        1.8231320743836079       -1.7956120474642532        1.7513358753879162       -3.5856637862044423        3.5728911994380290        1.7923721766312528        1.8247918457533636        3.5478503402728983       -1.8109637983849503       -1.8494436510107874        1.7839324348573795        1.7924524232874040       -3.5810612532747701        1.7509397314444812        3.5625140094068093       -1.7791244782958202       -1.7925916614312847        3.5680092272486719       -1.7690413769060100        1.7540744738468952       -1.7828180219120568        3.5853483734612901       -1.7738926083594642       -1.8135667428554392        3.5383826481574552       -3.6054584561133076       -1.7925294171934851       -1.7988221948495848       -3.5652730984503620       -1.7836901584499358        1.7404679378644410       -3.5899023241510939        1.7130195626927081        1.8052921207970130       -1.7762434385132906       -3.5971646026962638        1.7472162894764693        1.6990114315977785       -3.5893409215880077        1.7516002694739754       -1.8016104418407828       -3.5642930194298366       -1.8141342718241837        1.7892030504075538       -3.6032040450573994       -1.7604031166885576        1.7864659962140848        1.7701293931977586        3.6047191222272872       -1.8452993300026748        3.5737929777801583        1.8326669843272931       -1.8111011592666060        1.7367250883897232        3.5652851270970523        1.7924088297922109       -1.8046275440326340       -3.6230113798996051       -2.4090482278996850E-002   1.7776534062044957       -1.7764576582034941        1.7738349332091694        8.5668782322946835E-003   1.7978420582751902        1.7918381534246590       -1.7958383187581646       -2.6357549482618481E-002   0.0000000000000000        0.0000000000000000        0.0000000000000000       -3.0760979131179977E-002   3.5641572224305382        3.2293814769946749E-002  -3.5969134384474799       -1.0560147435439621E-002  -2.5166672820652991E-002   1.7844838886632028        1.8004861176436251        2.9188293630010520E-002  -1.7865522059671299        6.2774706642946820E-003  -1.8163321973849094        1.7727774368575466       -1.0866845518669177E-002  -1.8138785792069889       -6.7411902840792959E-003  -1.7956821027963876        1.7671357178289533       -1.7770985652677780       -1.7994588048037805       -6.9117401964732039E-002  -1.8211557917470245        1.7785267581786000        4.6616092950866772E-002  -1.7730250230497404       -4.0086670943078134E-002   1.7867691430255412        3.1186522441079695E-002  -1.7699671300693893       -1.8384248521828503       -3.7554489087938070E-002   1.7851172871005061        1.8123208900061520        3.9850518722472555E-002  -2.6370077673105480E-002  -3.6136773957715587        3.5465176728693533        3.3243527486510327E-002   4.1723751353899274E-002  -3.9660717350134794E-002  -3.5897989032103723       -4.2070633724485162E-002   3.2420522114570138E-003   4.2508771936670409E-003   3.6100916078423495     

 SADDLE  pos 

  -1.8123951485668428       -1.3433168155046749E-003  -5.4252012704762933        5.3556143959992282        1.8139159510399208       -1.8328037273960263E-002   5.3461193607374620        1.4196860036315123E-002  -1.8223221267700040       -1.1160903803856981E-002   1.7684388731458336       -5.4050833402753664       -1.7291678160916008E-002  -5.4538575260881750       -1.9203347539305788        8.9688869129500581E-003  -3.5739181176689492       -3.6643484103776220       -2.4495688040394592E-002   3.5776066039327308        3.5871491925461321        1.7819762434883586        6.7310517416424853E-003  -5.3944709369246659       -1.8134367920259038       -5.2671130265506925        3.4165990010709635E-002   1.7698351386067288       -5.4656300242735778       -5.7470523468253987E-002   5.2700748259044969        5.3909152253681258E-002   1.7774619534037015        5.3862207126689086       -1.8109813590958908       -5.5003725464562336E-002   1.7802970078701446        5.3451823642517962        2.6789490395426441E-002   1.8197076402344030        1.8497280237838254E-002   5.3991874485084494       -1.8150163958518597        5.3645562910956093        4.6698950477914281E-002  -1.7700754451068619       -3.9040057008934981E-002   5.3095040769514092       -2.1672746903564549E-002   5.3516365289812287       -1.7850726302697737        5.0585417924431525E-002  -1.7748097215520247        5.3753893793446466       -5.3929058706266559        2.5844474913026966E-002  -1.7948779733704043       -5.3905018764001333       -1.7817094678360199       -6.9909662880398571E-002  -5.3396530354538996        1.7925947566587779       -2.2147844661045468E-002  -5.4126958344095470       -1.4269279223156628E-003   1.7135707727760483        7.2040002021020677E-002  -1.7471656554424619       -5.4043279632268444        5.3362515533973032E-002  -5.6502243389270230        1.6799052002147477       -3.9210183990513375E-002   5.3792952612070764        1.8066953257831386       -1.6238387321804493E-002   1.7907713940283312        5.3734955688542811        3.4996413024994024        3.6026687541417419        5.2505096199695345E-006  -2.4060241642891611E-002   3.5505811164768502       -3.5827702730611417       -3.5615728886948794        4.7684413821981603E-002  -3.5109076229498566        3.5432953858506480        1.0519015171173651E-002  -3.6345178050157330       0.10653186017832339       -3.5524463934858517        3.9134414836953759       -3.5639911387877632        3.6150869737700586        3.3120618460543483E-002  -3.5910691995695707        3.8648633575539826E-003   3.6018886000750356        3.6058179664853869        2.7067989214571708E-002   3.6413862579613259       -3.7755173706388341       -3.5420411384330741      -0.23544786321773614        3.5546305994035210       -3.5992673063053005       -7.3984203883533439E-002   3.5231165215890821        1.7822621886035752       -1.7698616909944995       -1.7989568695711498       -1.7481209387586070       -3.5948553703257016       -3.5006859661409102        1.7958968622029492       -1.7800744248964016        3.5901568463651969       -1.7796710554577153        1.7500257139608841        1.7637077478179668        3.5597929683899743        1.8093435231229194       -1.7684072489629834        1.7207725067720387       -3.5556996244540020        3.6127553270345731        1.8363091812890358        1.8085167029183467        3.5527792712694195       -1.7855265325191070       -1.8692107480681628        1.7688959463188922        1.7712737870750150       -3.5756050421035273        1.7569820530620768        3.5760511689413073       -1.7781371439116000       -1.7900405383029252        3.6499183213174882       -1.7762732757459538        1.7495513289395177       -1.7433626192668470        3.5504102815895315       -1.7134793921639258       -1.8312840802343153        3.3646230384915157       -3.5265618343738012       -1.7305543275280471       -1.8150013749421490       -3.7201462505463816       -1.5790306550202473        1.7418877895496223       -3.6177504363782127        1.7473280452442725        1.7888952625238765       -2.6902664171142163       -3.5896861587448576        1.7435611606624484        1.7302138228632726       -3.5564851810731568        1.7531548245503501       -1.8180803340096574       -3.6042651444317677       -1.8579305101023067        1.8553468500281594       -3.6132671169243231       -1.8417773546474017        1.7914989793399765        1.7874526751932149        3.6117447983597621       -1.8359822633982326        3.5834900600465507        1.8341568135811208       -1.8051084769320198        1.7559244236304146        3.5618941717046901        1.8099241340606453       -1.7671365917449577       -3.6367987685015795       -3.9013888967779464E-002   1.8582143812505434       -1.8144552464374968        1.9318789795429558       0.11271159803651037        1.7942789028087098        1.8156513507123786       -1.7895717715018051       -5.2854047956881089E-002   6.1741687425880321E-002  -1.2138897869542704        1.5143915845896707       -1.5831493463203061E-002   3.6005160464977881        3.2640465993779344E-002  -3.5002430966447804       -1.5266679612650769E-003 -0.10669049089747418        1.6824963402017010        1.7248116695774913        9.4165610940812883E-003 -0.78284744646800064       -2.7679129487708815E-002 -0.58694860327076626        1.6599098539077746       -2.9895062926215965E-003  -1.7190469566654549      -0.51372003142471323       -3.4307669946182493        1.7739348338004071       -1.7852872207278203       -2.0342698483365034        4.5851385331481254E-003  -1.8050872763852652        1.9011974743907221        5.7934457996321242E-002  -1.8850760678823484        5.9187997022614292E-002   1.7990600199413400        4.1509362325435506E-002  -1.8004679010828681       -1.9023083772936467       -3.4938786933049304E-002   1.7520247540952500        1.7764306513964847       -1.3835252977792728E-002  -2.5437474049922859E-002  -3.5595993677808444        3.5901704957691312        3.4665029839615363E-002  -9.6725340647942915E-003  0.13769298946528136       -3.6864413053050953      -0.35244501003097994        3.8587742872818742E-002   4.7586365143045678E-002   3.6621764992800188     

  FINAL pos

  -1.8293860232879382        4.4861260846099926E-003  -5.4261027161680300        5.3445778373318840        1.8190475256706069       -4.9904817370638455E-003   5.3269597097258288        1.8912321889273137E-002  -1.8125122843775969       -2.0947962442450563E-002   1.7725196838956272       -5.4127101171256626       -4.0723954188658512E-002  -5.3636694565239189       -1.8223540486590331       -1.8770303046093284E-002  -3.5383703442029528       -3.6130122843821688       -3.2815858881624416E-002   3.5796757774653409        3.5865757357600501        1.7871993394407761        1.2717264122814514E-002  -5.3861565127071263       -1.7487203507963507       -5.4153803190051804        4.4669429139275962E-002   1.6279171524053049       -5.4406394862486707        3.2360899304084256E-002   5.2950422942157118        5.5159722739189676E-002   1.7802543616766044        5.3988564277123592       -1.8050366412887726       -5.5832136391515519E-002   1.7580074053896841        5.3349894831535805        1.5035011387869446E-002   1.8185398234433214        4.0510785712277175E-002   5.4062952871164143       -1.8141727938420864        5.3789372036126579        3.9035920509878252E-002  -1.7930830340845141       -1.6674733304012368E-003   5.3434016696385669       -3.6209729163811211E-002   5.3380645165435565       -1.7811591175930843        5.2826848797735138E-002  -1.7412151027587655        5.4151829481571170       -5.4337693917648338        4.1294709658139639E-002  -1.8053048753464154       -5.4120654833995339       -1.7656865421092576       -6.7014920861467431E-002  -5.3666993947552051        1.8087315243743927       -1.4494130343894795E-002  -5.4484123797435338        4.0685868194981212E-004   1.7303447364769511        5.8816820057275232E-002  -1.7430210790512319       -5.3911696873179498        5.4759117534158130E-002  -6.5861419063084519        1.6285663997765809       -5.2484261616176170E-002   5.3684704710511264        1.7929789789450332       -1.4702129709394440E-002   1.7909043958330479        5.3679881027009309        3.5112335165344608        3.6287293013108499        5.7898311021844506E-003  -5.1046169429236565E-002   3.5137083472456769       -3.5675384309198179       -3.6465448568135486        5.9238137230372800E-002  -3.5558691269234188        3.5405024054865173        7.3749741664686230E-003  -3.6442696245912192        4.2305560055699826E-002  -3.3471733708980693        3.8287882255097472       -3.5457118225615751        3.5901695062373342        3.1365568470217653E-002  -3.6031664786596380        1.8844688166603479E-002   3.5711987406423376        3.6012564884795810        4.2232996247391241E-002   3.6203880762495224       -3.6799393795166147       -3.5004211256330677      -0.14734104809232917        3.5382883077529050       -3.5932010399149377       -7.6468172143126623E-002   3.5557842440854004        1.8250213092824232       -1.7795906693331816       -1.8325497204285845       -1.7206105613086784       -3.6021210855116674       -3.5391790158473597        1.7906576770453226       -1.7905112953600835        3.6103965569608092       -1.7469623503536340        1.7515539635366117        1.7585249931520188        3.5788029549576792        1.8142680039624395       -1.7977247075659832        1.7155737671543347       -3.5601126686055604        3.5632957601901332        1.8046740485857597        1.8159421854900515        3.5532393502687212       -1.7908711370569996       -1.8550759464275188        1.7678217387994053        1.8041047014105924       -3.5776831444226662        1.7295278656500446        3.5603988554214689       -1.7847877225150128       -1.7952825519849043        3.6028400676386165       -1.7659864182165563        1.8173228877450613       -1.7237617104639611        3.6031955100777857       -1.8212868767724117       -1.7849243136562762        3.5316691387242862       -3.6002108035126739       -1.7336365105110190       -1.8260727891858437       -3.6740520096674736       -1.6447219217333959        1.7195466733983764       -3.5930184281594428        1.7377490077504258        1.7908458918590320       -2.0914290708836312       -3.3182163603932082        1.5523455463438935        1.8255153873286623       -3.4788501505291691        1.7277444414618088       -1.8553426524964323       -3.5518812697171036       -1.8083097532747097        1.7775966961601801       -3.5801564607946226       -1.7419980820024747        1.7861268625838691        1.7802258834486973        3.5988351955785767       -1.8393639508963133        3.5592638478802154        1.8108967020583577       -1.8123988629348062        1.7489233971457758        3.5663620293034199        1.7875250842905430       -1.7882416074923100       -3.6156651526785577       -7.1765956249503354E-002   1.7584312380071181       -1.7941698509704267        1.7690429151956066        1.4678040361973982E-002   1.7929941801691669        1.7997676685342467       -1.7476202370340488       -4.0455315312215134E-002  -2.5248255611656056E-002  -1.7996614946098539        1.7461047856930811       -4.2665617321220511E-002   3.5625520182110044        2.3305285249069385E-002  -3.6229187077788190        3.1310070772140625E-002  -6.6299504183366054E-002   1.7508305109794291        1.7952715730183721        1.3889373646257752E-002  -3.1233246463678199E-002   1.7968537800224310E-002  -5.1199444121898807E-002   1.8060755921316605        2.7845099727107553E-002  -1.8206383313286025      -0.13866791794537539       -4.4249498072785833        1.8495243663109768       -1.7755394516787213       -1.5389269667279137      -0.19680307041796041       -1.8008546081849985        1.7089333136558613        1.8211548753050977E-002  -1.7878427485301529       -1.3540784079077745E-002   1.8000578995232210       -1.0054876627324599E-002  -1.6726707738549855       -1.8898174449556571       -3.8185250674909965E-002   1.7759816644297513        1.8063431132942185        2.1435182750412729E-002  -1.1990337944545959E-002  -3.6020861892091212        3.5433866523757342        7.9044827106959314E-002   2.9376695153128907E-002  -6.5817577902986285E-002  -3.4342071617850749      -0.21817311407432882        7.6522513946954418E-003   8.5689237614479385E-003   3.6199306292674862     
