eventId                :         532122
event label            :         814364        825574        145691
energy barrier         :       4.36886430
initial energy          :  -3733.12807283
FINAL energy            :  -3728.95202008
rate constant prefactor :  0.92010161E-31
rate htst prefactor     :  0.00000000E+00
rate htst computed     : F
rate of event           :  0.92010161E-31
delr initial-SADDLE     :      3.00123003
delr initial-FINAL      :      3.92907921
delr main atom (normalized) :      -0.77420159     -0.63240803      0.02592283
npar initial-SADDLE     :            23
npar initial-FINAL      :            22
active atom label       :             0
ncluster                :            79
shape of cluster atoms :            512
cluster atoms           :
            17
           118
           840
           145
           848
           718
           143
           859
           763
           747
           166
           597
           577
             5
           725
           820
           838
           286
           766
            46
           737
           860
           740
           165
           598
           748
           768
           728
            19
           843
           719
             3
           623
            47
           595
           579
           842
           138
           600
           580
           745
            25
             4
           122
           720
           700
           141
           124
            18
           121
           861
            24
           841
           144
           858
           765
            45
           738
             2
           722
           741
           721
           723
            21
             1
           742
            22
           743
           844
           862
           864
           142
           724
           744
           863
           739
            23
           599
           767
             0
             0
             0
             0
             0
             0
             0
             0
             0
             0
             0
             0
             0
             0
             0
             0
             0
             0
             0
             0
             0
             0
             0
             0
             0
             0
             0
             0
             0
             0
             0
             0
             0
             0
             0
             0
             0
             0
             0
             0
             0
             0
             0
             0
             0
             0
             0
             0
             0
             0
             0
             0
             0
             0
             0
             0
             0
             0
             0
             0
             0
             0
             0
             0
             0
             0
             0
             0
             0
             0
             0
             0
             0
             0
             0
             0
             0
             0
             0
             0
             0
             0
             0
             0
             0
             0
             0
             0
             0
             0
             0
             0
             0
             0
             0
             0
             0
             0
             0
             0
             0
             0
             0
             0
             0
             0
             0
             0
             0
             0
             0
             0
             0
             0
             0
             0
             0
             0
             0
             0
             0
             0
             0
             0
             0
             0
             0
             0
             0
             0
             0
             0
             0
             0
             0
             0
             0
             0
             0
             0
             0
             0
             0
             0
             0
             0
             0
             0
             0
             0
             0
             0
             0
             0
             0
             0
             0
             0
             0
             0
             0
             0
             0
             0
             0
             0
             0
             0
             0
             0
             0
             0
             0
             0
             0
             0
             0
             0
             0
             0
             0
             0
             0
             0
             0
             0
             0
             0
             0
             0
             0
             0
             0
             0
             0
             0
             0
             0
             0
             0
             0
             0
             0
             0
             0
             0
             0
             0
             0
             0
             0
             0
             0
             0
             0
             0
             0
             0
             0
             0
             0
             0
             0
             0
             0
             0
             0
             0
             0
             0
             0
             0
             0
             0
             0
             0
             0
             0
             0
             0
             0
             0
             0
             0
             0
             0
             0
             0
             0
             0
             0
             0
             0
             0
             0
             0
             0
             0
             0
             0
             0
             0
             0
             0
             0
             0
             0
             0
             0
             0
             0
             0
             0
             0
             0
             0
             0
             0
             0
             0
             0
             0
             0
             0
             0
             0
             0
             0
             0
             0
             0
             0
             0
             0
             0
             0
             0
             0
             0
             0
             0
             0
             0
             0
             0
             0
             0
             0
             0
             0
             0
             0
             0
             0
             0
             0
             0
             0
             0
             0
             0
             0
             0
             0
             0
             0
             0
             0
             0
             0
             0
             0
             0
             0
             0
             0
             0
             0
             0
             0
             0
             0
             0
             0
             0
             0
             0
             0
             0
             0
             0
             0
             0
             0
             0
             0
             0
             0
             0
             0
             0
             0
             0
             0
             0
             0
             0
             0
             0
             0
             0
             0
             0
             0
             0
             0
             0
             0
             0
             0
             0
             0
             0
             0
             0
             0
             0
             0
             0
             0
             0
             0
             0
             0
             0
             0
             0
             0
             0
             0
             0
             0
             0
             0
             0
             0
             0
             0
             0
             0
             0
             0
             0
             0
             0
             0
             0
             0
             0
             0
             0
             0
             0
             0
             0
             0
             0
             0
             0
             0
             0
             0
             0

  Initial pos 

  -5.4005910190961952        2.7990738365054835E-002   1.7863470952124345       -1.8521187556672203E-002  -5.3530859986990826        1.7822325661537377       -1.8149492595963927       -5.3322130040110949        3.0420303741252042E-003   1.7555303449614250        3.5342571517967492E-002   5.3591326356069686        5.3265101621552873       -1.7569402560312675       -2.7579737389281433E-002  -4.3752795064257555E-002  -1.7230818339008778       -5.3965414817980051       -3.0040103044619570E-002  -3.5381745648312943        3.5912191397930897       -3.6008135946961026       -3.5280058032141213       -9.2129089242298789E-003  -3.5939679594858056        3.6102451313391963       -8.5927278741202429E-003   3.5385902962816012        3.6067234378394146        3.6362931358066675E-002  -3.0725282647399155E-002   1.8238666331442053        5.3521230684168017       -1.8771102823505501        7.2363929212993200E-002  -5.3356345436907073        1.8128755417722111        1.3716593269972654E-002  -5.4004465387970999        5.3420441165048445        4.6734014204283608E-002   1.8204664649900515        5.3195426959190932        7.3330198429588461E-002  -1.7450453916716420        1.7456505002097948       -5.3728243912206963       -3.2317752926292798E-002  -4.0878398475253874E-002  -5.3445021698710882       -1.8073540008752751       -3.3388916157278459E-002  -1.7377741813886871        5.3899392847523693       -3.8928220956076842E-002   5.4009018012417460       -1.7403927979238496       -8.7977991383631604E-002   5.4188135714095296        1.7659636895988982       -5.3784451516683802        7.9739810906424291E-003  -1.8014925300838733       -5.3939378953119270       -1.7730001385868199       -1.4674359762388178E-002  -5.3725969304901788        1.7987554630113420       -1.3741151594860668E-002  -1.7758433314751834        8.0241502588706465E-002   5.3124930605725140       -2.2587024414512769E-002   1.7914225463309943       -5.3724329292299835        1.7255497801228579        5.4021754571229446        1.4614000777150693E-002  -1.8060247299181889        5.4734900606557417        1.8610761560577060E-002   5.3459162224877694        1.8324588475743309        3.8022702727822377E-002  -3.5887418244858083       0.12808839699591193        3.5760154435833762        3.4720364546475189       -3.5492542506449283       -3.5168873551565838E-002  -2.8585418791042372E-002  -3.5242063484867572       -3.6009034148497250        3.5722804218795545        4.2141110986128716E-002   3.5950864521880810       -1.9566638381544266E-002   3.6080958981917499       -3.5558105199315513       -8.7725122179580950E-002   3.5786754721855170        3.5222849295326029       -3.6222718986434437        5.4693939845695122E-002  -3.5628470429731145        3.5458024599072857        2.9219825424408957E-002  -3.6006477222325302        3.5648631764743968       -1.7557516478150852       -1.8131266925081597       -3.5973949508023537       -1.7566430045562065        1.7697141993489041       -1.7944165122404456        1.8391167921078571       -3.5637760524659576        1.7489345407707404        1.8177400771475738       -3.5632268012290353        1.7422640439185599        3.6042438933736163       -1.7544753282555945        1.7422063273203428        3.6140732952353338        1.8055549882356985        1.7597121286593804        1.8246790837342828        3.5799461705683733        3.5270994968966356       -1.7427313509689775        1.7985792304357489       -1.8324334330635672       -1.7524427462504057       -3.5855913378751261        1.8042115454908192       -1.7298804591263099       -3.6251939952083916       -1.7676726369532361       -3.5144735952046595        1.7695684479346774        1.8216619066105615       -1.7766372758717779        3.5522852259388600       -3.6079547573130988        1.8022861591012673        1.7619690458210435        1.7424426252802121       -3.5363032846358387        1.7845170637538530       -1.8060986026507493       -3.5300914147576279       -1.8461508173973478       -1.8102656753058106        1.7899947299919088        3.5438261108690483        1.7333643056996024       -3.5497122322672929       -1.8288397767500264       -1.8148161017489635       -1.6842704344680293        3.5456802757913017       -3.5924228298494398       -1.7672039009445193       -1.8253143067979956       -1.7791044115684258        3.6257168016089012       -1.7421546219166117       -1.7901284059888631        3.5375088567592745        1.7853568200063421       -3.5809173634174911        1.8267900103677319       -1.7836349696844422        3.5594910192638238        1.8102160641408367        1.8179499792017459        3.5575089117129437        1.8405727885867031       -1.7575808493955307       -1.8238884153977395        2.9526523507638514E-002  -1.8119358158461942        1.7730250230497404        4.0086670943078134E-002  -1.7867691430255412        3.5468599562589098        4.8653549175372818E-002   1.1072915249648929E-002  -1.7994930190762339        1.3890607471845590E-002   1.7630430046392824        1.7762670752611953        4.4337548136745175E-002   1.8233224648168083       -4.8130768697284054E-002   1.8186134291216780       -1.7401530500746745       -3.8076136216865564E-002   1.7768117593328012        1.7785159840715110        0.0000000000000000        0.0000000000000000        0.0000000000000000        1.7662838327656587       -1.7555954318533082       -1.9633425196587950E-002  -4.0735422180375735E-003  -1.7593721338607011       -1.8558865449902733       -1.7922480754006216       -1.7436034875068565       -4.6301205161100256E-002  -8.6758530972375070E-004  -1.7734800719123598        1.7516135051319139        1.7354705339618022        1.8252039580435842        2.5551746980610801E-002  -1.8168773011013535        1.7531062336357861        1.8522977771471716E-002  -3.2184154635501727E-003  -3.5570779317531844       -3.9552853549071898E-002  -3.6513011573087262        1.2093414401815050E-003  -5.0865600394441657E-002  -5.0520433173879553E-003   1.2909485753104216E-002   3.5446093975950603       -1.3527182917389524E-002   4.6364141607372816E-002  -3.6031013404104506       -7.2274306952934353E-002   3.6138796487232363        4.5897841301751896E-002

 SADDLE  pos 

  -5.4004712493621501        4.9252176221784627E-002   1.7945748517806059        1.9001376896650157E-002  -5.3736212007511490        1.8029027178524402       -1.8243366815764723       -5.3605764793600876        2.4967435359936729E-002   1.7650618989140590        5.5822012173683794E-002   5.3919086426677509        5.3042467047492217       -1.7684325480337861       -2.5856865262834816E-002  -3.0798124433054852E-002  -1.7143072259680459       -5.4421276451779210       -2.9096151242207213E-002  -3.5261115075101124        3.6148299955933680       -3.5486911197710178       -3.4776691868582397       -1.4186433160823242E-003  -3.5826964137586401        3.6164262475100712       -1.6180134558371861E-002   3.5100062015552460        3.5946518005984083        3.3228603890886887E-002  -2.2039783290090043E-002   1.8541089762251493        5.3932104152470082       -1.8887604716856217       0.10746472692596812       -5.3806850345614166        1.8416318321693304        3.0334777493641524E-002  -5.4309464689500828        5.3303144193557337        4.9037158784872859E-002   1.8143306184788415        5.2987855549590286        6.6181026118004888E-002  -1.7463416075644211        1.9248641888406191       -6.1301630259072599       -6.8582028834310194E-002  -2.3958929168003351E-002  -5.2752981743183298       -1.7427879471940351       -3.5085672926470579E-002  -1.7267583792183743        5.4173952751087100       -4.1219488650867220E-002   5.4223028916001859       -1.7463304093381034       -9.4326282204242773E-002   5.4237360632731413        1.7652761447736687       -5.3773429869693068        1.6105265745938235E-002  -1.8286945737862865       -5.3796763474615190       -1.7440639807097575       -1.3702481071558026E-002  -5.3734876222083248        1.8137442020163370       -2.0652954029419135E-002  -1.7908103752602464       0.11233093372408762        5.3417087021964704       -1.1884604317206282E-002   1.8249299497859217       -5.4047592531480397        1.7186019742217162        5.4029311604125665        1.2288283398095956E-002  -1.8048757574519989        5.4815863320962066        1.0814697518309657E-002   5.3296176245916662        1.8300707126098759        3.4145460432657870E-002  -3.6529948588778858       0.16477165197925339        3.6462555661916198        3.4068407883712695       -3.5949877841233366       -2.9950040707433345E-002  -5.3617360819384174E-002  -3.4941099787155530       -3.6280253408288701        3.5627840264849731        5.6786070615808593E-002   3.5964894179643991       -1.6778482786083515E-002   3.6250760048374859       -3.5719797779542546       -8.0987343755204222E-002   3.5743196498730683        3.5155936851293106       -3.6544446429060038        7.4256901911621792E-002  -3.6093850852443623        3.5453461545525933        4.4576235209660697E-002  -3.6030047223158590        3.5343392005843448       -1.7397066305738953       -1.7868027869068328       -3.5444387237564712       -1.7104250176861555        1.7545911708225645       -1.7880771824436863        1.8801497137079339       -3.6037149976008287        1.7355964894051610        1.8306764054894500       -3.5671320867428555        1.7112808600494418        3.5913352366040279       -1.7530599500921404        1.7177069391470887        3.5946389670787253        1.8008178092665155        1.7472723635447949        1.8284595859038684        3.5821800065191525        3.5239769692594614       -1.7245158221724175        1.7879344692769337       -1.8481386682835605       -1.7108430185863881       -3.7156588078275981        1.8050783866850288       -1.6625070928473313       -3.6968882623871124       -1.8143309368665257       -3.5217958060112196        1.9448932490895245        1.8157698347717321       -1.7218128325224242        3.5862876690917460       -3.6280805520324719        1.8502881058455083        1.7813068994139698        1.7981175103316147       -3.4161731814082721        2.0018876562676553       -1.9478277900932568       -3.5142299628494236       -2.0921381366930518       -1.7881342553538317        1.8778190275456317        3.6025362345453900        1.7960146523462690       -3.4301433965712853       -2.0604222945519304       -1.8273857983531769       -1.6574592648508997        3.6268805780656095       -3.5157630220097715       -1.7259603016880938       -1.7830709053337372       -1.7623754240262635        3.6277079171148996       -1.7571867853311574       -1.7871631300211988        3.5076662197090118        1.7888712057797633       -3.5829134660260138        1.8467182279034273       -1.7991917527560268        3.5351564746481827        1.8034126942992310        1.8086154116592290        3.5275091230949585        1.8361014454493649       -1.7559707157706441       -1.8500833100421872        8.0872682096153808E-002  -1.9528766434844975        1.7391493391362545        4.6005331743073224E-002  -1.7793832333205692        3.5370241233866579        4.8386153775039187E-002   1.1850727154769203E-002  -1.8649896842231790       0.13719496096837433        1.9685046812482980        1.7377590023082767        3.8037485542048888E-002   1.8088630865761246       -5.8378065867742635E-002   1.7207648583852095       -1.6753440502178094       -4.7179508168142092E-002   1.6948002816342360        1.7087341747606040       -1.5742889336844854       -1.0143791951956036        8.0191025675830474E-002   1.6337724014900878       -1.7160759605922209       -5.9621735925787789E-003  -2.2709040165995731E-002  -1.6434349562132766       -1.8981614065054409      -0.97568007854145122       -3.1072058870935493      -0.13315310960084048       -1.7778723145269737E-003  -1.6828898017561222        1.7831384524187861        1.6867707668225052        1.7866469106350538        1.5499234593956857E-002  -1.7721321326942281        1.7587906598074365        2.2695777987813415E-003   1.0080860487982619       -4.0891660782822896       -3.1945765595636999E-002  -3.6818528706160123        6.2940098541354295E-002  -4.5770784496106387E-002  -3.3996241375433556E-003   5.3095479061377709E-002   3.6261160142286286       -1.2470251177347791E-002   8.6492247410481976E-002  -3.6912673279106443       -8.0623931434335105E-002   3.6377909811254074        4.6206437155952074E-002

  FINAL pos

  -5.4133497456327682        5.2125820487304575E-002   1.7968009002330625        1.7424499975533081E-002  -5.3256612578922500        1.7401414718334216       -1.8284330748195998       -5.2953552855231258       -6.7101750389682024E-003   1.7570132641261118        6.8937182015030851E-002   5.3930065655982347        5.3687098216960720       -1.7123219645091901       -2.8709755847106777E-002  -4.3948950974854739E-002  -1.7111979237952504       -5.4218943741603454       -5.2135129169368355E-002  -3.5090044119917643        3.5993483485722777       -3.5877730583870893       -3.4761750313759983       -6.8906545728530944E-003  -3.5737373997347071        3.5985796741836342       -7.3982035349438036E-003   3.5194003073654336        3.6049155167335680        3.6416252084855216E-002  -3.4433182074998570E-002   1.8475705834266036        5.3750056864112281       -1.8976528504716192        9.8792780520907814E-002  -5.3581625920759244        1.8326649450394612        3.2286592914148454E-002  -5.4180537664747064        5.3593228947759854        7.6037978650513177E-002   1.8318243787327937        5.3209669971622446       0.10816946941893005       -1.7549712388367809        1.8276108870794374       -6.5037366931022174      -0.14740460076993500        1.2503824097613858E-002  -5.3408622453908094       -1.7387480614953610       -4.3659535764302149E-002  -1.7227247487812853        5.4158793478841893       -4.1433516478242893E-002   5.4169787627551242       -1.7458419652792081       -9.2192006160153994E-002   5.4234100977585022        1.7679928400160563       -5.3938541209877400        2.2455121937549061E-002  -1.8223370967780141       -5.3845858133104283       -1.7436558175296462       -1.1525465738898788E-002  -5.3793756684377758        1.8109672560193297       -1.5626958614486597E-002  -1.7915391656414243        9.8236459630820200E-002   5.3317297070439160       -2.2199300786635234E-002   1.8188622050295762       -5.3884181687515404        1.7243054296578038        5.4103369235487806        1.4128163709585806E-002  -1.8087968242230161        5.4888017776740377        1.3867082070063930E-002   5.3453854478654037        1.8464186055650460        3.7730620585740837E-002  -3.6141606839011899       0.15511674618718077        3.6109700456748222        3.5643015399356948       -3.4339413412378903       -4.0627805882355261E-002  -7.5665806441143957E-002  -3.4970341043754551       -3.6094897351595776        3.5703629373613879        7.4374394171958985E-002   3.6042393406366102       -2.0808650614849711E-002   3.6223551426905582       -3.5601992914959872       -8.9394452278561687E-002   3.5786942581917196        3.5182721508466130       -3.6279110711702778        7.2322663713739077E-002  -3.5682553531876060        3.5578291749489033        6.0931783815723534E-002  -3.6055927547690523        3.5645596288793300       -1.7090704622129209       -1.8082218575369033       -3.6145441195554078       -1.7258990717732026        1.7963865974055935       -1.7889819590785478        1.8582726968802987       -3.5675716450905064        1.7400048700356940        1.8334026024225862       -3.5654300166991710        1.7238184633860385        3.6026598186563326       -1.7500687052244359        1.7267243043885756        3.6061671855530206        1.8027307317934707        1.7463135015632574        1.8302889397121727        3.5805605151903777        3.5660544686109930       -1.6845109553664237        1.8069875828884641       -1.8442445057472590       -1.7168023123838729       -3.6550818827271776        1.8018893833299856       -1.6592568565517638       -3.6837288329901661       -1.8110593105766100       -3.5161086937523827        1.8621080673097907        1.8027219998886714       -1.6823628951507494        3.6195544360898744       -3.6148232481614748        1.8236748953095812        1.7706438827340456        1.8052609911284634       -3.3030419120128016        2.0509203220919225       -1.9141168429005830       -3.4970599892473224       -1.9782214734747683       -1.8040360945331706        1.8221317515832693        3.5548146973848418        1.6972373955482958       -3.3715005679459544       -1.9930108904175192       -1.8251656608292066       -1.6496943845146035        3.5720907511292381       -3.5847136747047266       -1.7374355774450976       -1.8219280247002914       -1.7648050579787302        3.6265764134465988       -1.7386401954652051       -1.7797770621937516        3.5102890990163869        1.7762138311771523       -3.5762280477965867        1.8360247504874567       -1.7838348724728483        3.5440975836380737        1.8139867699129562        1.8121500214769704        3.5368150018632676        1.8476519646983989       -1.7540836755570872       -1.8169069322468054        4.9255172016635707E-002  -1.8288850526333320        1.7518107423578364        5.9961191221575810E-002  -1.7673455282698747        3.5615902582652161        6.2455449239979088E-002   1.4708588581431314E-002  -1.8032504562509963        6.8043748715835767E-002   1.7954435120817998        1.7402120384497870        4.6857346603425137E-002   1.8047798084030795       -4.1514286683433710E-002   1.7693984253704309       -1.6906054909687072       -3.6503943537073980E-002   1.7394465154076164        1.7268570897061828       -1.8307330516332172       -1.4954377480343264        6.1299007800613481E-002   1.6711030387252173       -1.7174043928831217        4.1307906904393121E-003  -1.8291510738546179E-002  -1.6139592652319585       -1.8821052324337089      -0.40870452478701935       -3.2653668377107650      -0.18680905609254239       -3.9124926276699057E-003  -1.6776776135662921        1.7209289354370014        1.6927241936298252        1.7965147045009084        2.1741655334590604E-002  -1.7551526443961869        1.6978105850430918        1.2216036627627602E-002   1.5751334877538170       -4.3378658798214325        6.4357808922689941E-002  -3.6855477971125552        5.0383253043886328E-002  -4.5757160108273354E-002  -2.2012293057510846E-002   4.9184006410610687E-002   3.5977508881890650       -2.2047380942396444E-002   8.4379452470386834E-002  -3.6604064853415075       -7.9042546677335679E-002   3.6503831766790786        4.6819286298404705E-002
