eventId                :          19829
event label            :         772294        246515       1108951
energy barrier         :       4.05783336
initial energy          :  -3733.12945206
FINAL energy            :  -3733.12807283
rate constant prefactor :  0.12557006E-27
rate htst prefactor     :  0.00000000E+00
rate htst computed     : F
rate of event           :  0.12557006E-27
delr initial-SADDLE     :      2.75776615
delr initial-FINAL      :      4.32756775
delr main atom (normalized) :      -0.71337641     -0.01388709      0.70064345
npar initial-SADDLE     :            26
npar initial-FINAL      :             3
active atom label       :             0
ncluster                :            79
shape of cluster atoms :            512
cluster atoms           :
           573
           574
           118
           600
           580
           814
           701
           742
           455
           859
           121
           598
           704
           672
           680
           652
           553
           550
           716
           692
           713
           141
           142
           670
           845
           857
           839
           571
           595
           555
           579
           743
           551
           843
           691
           675
           741
           721
           674
           840
           842
           532
           834
           576
           552
           820
           837
           817
           698
           714
           690
           556
           844
           597
           577
           693
           673
           818
           864
           858
           717
           697
           694
           676
           718
           575
           695
           838
           719
           700
           862
           841
           696
           861
           720
           599
           863
           699
           715
             0
             0
             0
             0
             0
             0
             0
             0
             0
             0
             0
             0
             0
             0
             0
             0
             0
             0
             0
             0
             0
             0
             0
             0
             0
             0
             0
             0
             0
             0
             0
             0
             0
             0
             0
             0
             0
             0
             0
             0
             0
             0
             0
             0
             0
             0
             0
             0
             0
             0
             0
             0
             0
             0
             0
             0
             0
             0
             0
             0
             0
             0
             0
             0
             0
             0
             0
             0
             0
             0
             0
             0
             0
             0
             0
             0
             0
             0
             0
             0
             0
             0
             0
             0
             0
             0
             0
             0
             0
             0
             0
             0
             0
             0
             0
             0
             0
             0
             0
             0
             0
             0
             0
             0
             0
             0
             0
             0
             0
             0
             0
             0
             0
             0
             0
             0
             0
             0
             0
             0
             0
             0
             0
             0
             0
             0
             0
             0
             0
             0
             0
             0
             0
             0
             0
             0
             0
             0
             0
             0
             0
             0
             0
             0
             0
             0
             0
             0
             0
             0
             0
             0
             0
             0
             0
             0
             0
             0
             0
             0
             0
             0
             0
             0
             0
             0
             0
             0
             0
             0
             0
             0
             0
             0
             0
             0
             0
             0
             0
             0
             0
             0
             0
             0
             0
             0
             0
             0
             0
             0
             0
             0
             0
             0
             0
             0
             0
             0
             0
             0
             0
             0
             0
             0
             0
             0
             0
             0
             0
             0
             0
             0
             0
             0
             0
             0
             0
             0
             0
             0
             0
             0
             0
             0
             0
             0
             0
             0
             0
             0
             0
             0
             0
             0
             0
             0
             0
             0
             0
             0
             0
             0
             0
             0
             0
             0
             0
             0
             0
             0
             0
             0
             0
             0
             0
             0
             0
             0
             0
             0
             0
             0
             0
             0
             0
             0
             0
             0
             0
             0
             0
             0
             0
             0
             0
             0
             0
             0
             0
             0
             0
             0
             0
             0
             0
             0
             0
             0
             0
             0
             0
             0
             0
             0
             0
             0
             0
             0
             0
             0
             0
             0
             0
             0
             0
             0
             0
             0
             0
             0
             0
             0
             0
             0
             0
             0
             0
             0
             0
             0
             0
             0
             0
             0
             0
             0
             0
             0
             0
             0
             0
             0
             0
             0
             0
             0
             0
             0
             0
             0
             0
             0
             0
             0
             0
             0
             0
             0
             0
             0
             0
             0
             0
             0
             0
             0
             0
             0
             0
             0
             0
             0
             0
             0
             0
             0
             0
             0
             0
             0
             0
             0
             0
             0
             0
             0
             0
             0
             0
             0
             0
             0
             0
             0
             0
             0
             0
             0
             0
             0
             0
             0
             0
             0
             0
             0
             0
             0
             0
             0
             0
             0
             0
             0
             0
             0
             0
             0
             0
             0
             0
             0
             0
             0
             0
             0
             0
             0
             0
             0
             0
             0
             0
             0
             0
             0
             0
             0
             0
             0
             0
             0
             0

  Initial pos 

  -1.7585902159646771       -4.1984316693149282E-002  -5.3627625632352824        1.8834020536488083E-002   1.7511675356802918       -5.3696759091804989        2.0735309615176334E-002  -1.8547669215511675        5.3577560640262121       -1.7545245924707409        5.3343352752434789        1.7430402268832523E-002   1.7886952747479086        5.3125925530560778        1.6434319773455996E-002   1.1336694463803809E-002  -5.4114094394239487        1.7681109917018638        5.3860103429578672       -5.9512674266230192E-002  -1.8238484154771779       -8.9475722819898351E-003   5.2994822527943235        1.8381264317790134       -1.0696851259307749E-002   3.5353213484497132       -3.6193583210156799       -3.5686675290656353       -2.9670039825756334E-002   3.5724350317543418        1.7789777363960795       -4.0289800817173926E-002   5.3615433957665815        1.7932626889848535E-002   5.2741433010693797       -1.7879639245379160        5.3624153922063265        1.7214019378478085       -5.8564215944443276E-002  -1.7641119119736217       -5.4214965794952636        4.2701132889497728E-003   5.3765271517261510       -1.8843195423018244       -3.3226832433886244E-002   1.7887314438475741       -5.4055212257236551       -3.8500378291491444E-002   1.7960982788848057       -5.8097001985803587E-002  -5.4378009263747948       -4.9308701661185950E-002  -1.8684103589942467       -5.4073376664564368       -5.3465292483965321        1.7480716953783677       -4.0616582971399140E-002  -5.3093914600175456       -1.7918191917987407       -5.8234403033640803E-002  -5.3224152045057256       -2.6393396479605258E-002  -1.8475470968061138       -1.7250957395611977       -2.0309757691862274E-002   5.3468142039153399        4.4173183493260382E-002   1.7167239461045654        5.3274582966809909       -6.8486104158367311E-003  -5.4041113038037540       -1.8035076259690968        5.3566634207354156       -6.2689197065523672E-002   1.7358440041509731       -5.3386506258090769       -4.1194548409048792E-002   1.7497139164395961       -3.9860711773116009E-002  -3.5989924623044285        3.5191556974648321       -3.5875166650868842       -7.7030027568628867E-002  -3.5856253988615681       -3.5980228528405398        3.5568239595630935        1.7961525987676197E-002   3.5972657642646446       -1.9728814617785417E-002  -3.6661783719125207        3.5864327865131074        3.5219098082009381       -2.2298660566491435E-002   4.1756829643158966E-002   3.4913486587529690        3.5740376759172747       -4.0926114764829435E-002  -3.6573468025970524       -3.5911992472985634        3.5070972379196164       -5.2151549632778682E-002   3.5343958589341611       -3.5284409586231718       -3.6174722790335103        1.2359289742782664E-003   3.5855966124469418       -3.6580319416531921       -5.5767842584419469E-002  -1.7937051535030477        3.5237534433583022        1.7662952883003271        1.8236723542605908        3.5384620385040222        1.7940243214613787        3.5781673756863661       -1.8192993033023370       -1.8298298210500992       -1.7776534823909458       -1.8265268865169197        3.5752132809273789        3.6081795896452533        1.7386695193156463        1.7662899209971066        1.7801367618599677       -1.8142997283217461       -3.6271133202559067       -3.5551351701642808       -1.8076241467429526        1.7837662413310120       -1.8510307236586740        1.7737756451751103       -3.5710157910102733       -1.7982011378106577       -1.8655273335862930       -3.5860262030038772        1.7846109204112999       -1.8734112739576290        3.5420141434861137       -1.8041225027198031       -3.6305334260916187        1.7497246856587161        1.7813175833224975       -3.6360560791994185        1.7279881994897472        3.6060740467777102        1.7267409477689135       -1.8305525439587207       -3.5842328870909590        1.7554740172039658       -1.7477263041410378       -3.5503201303450709       -1.8540148182382588       -1.7887307969207153        1.8859425503156153        1.7798274115303450       -3.6181033420936259        1.8051946771835716        1.7378492732916584        3.5556874447621425       -1.8387996458681179        3.5671141774865305       -1.7518008238150244        1.8607677743598572        3.5157587164002528       -1.8257451229926289       -1.8205844408782887       -3.6522978992394926       -1.7925051330211925        1.7844611521011871       -3.6637344821125453       -1.8619677511677661        3.5257467218910818       -1.8919104801920383        1.7578309927816242       -1.7582706208711443        1.7535025343603401        3.5461169870454832       -3.5619568484585926        1.7358394713118415        1.7566852071820875       -1.7722213982337749       -4.6383638173733033E-002  -1.8133854670833358        1.8090160502330299       -2.1907210691569645E-002  -1.8224888245043456        6.4314555559192854E-003  -1.8324090881469246       -1.8237302853245829        1.7860883937691625       -1.8344740687691363       -5.2213298952672460E-002   1.2876369799300846E-002   1.7767553304293102       -1.8196272372611926        2.6408126284085398E-002  -3.0795679286491406E-002  -3.6091207592939156       -1.4500886383082445E-002  -3.6063678012005287       -3.6716126674090077E-002  -1.8632849375421756E-005  -1.8648573628367053        1.7811265803206062       -1.7927792647914949        1.7833731357025435       -4.6330523430505366E-002   1.8575618609372384        1.7602597839911418       -4.2567003135420833E-002   2.5584899950526818E-002   1.7677379442929322        1.7253883219777819        1.7672966086117938       -5.0948649529821921E-002   1.7377972426441239       -1.7867303018625371       -1.8280140750451928       -1.9859032405861399E-002   0.0000000000000000        0.0000000000000000        0.0000000000000000       -1.7913242602529955       -3.9284455244974481E-003   1.7254787875772131        3.8240369861913592E-002   3.5357921752473480       -2.2664939436968012E-002   3.2329617786157172E-002  -5.7477343851488172E-002   3.5155644368657306        3.6298101819903685       -7.4075626185653221E-002   3.3501343153272245E-002  -3.5580945991166324       -4.6931841928920193E-002  -4.1554293147903820E-002

 SADDLE  pos 

  -1.7603304658183028       -4.1226995994865234E-002  -5.3733444662068237        1.1893692721987037E-002   1.7523395952141776       -5.4010318830415542        2.7319307570468965E-002  -1.8640460866852671        5.3520719293801697       -1.7460919533722326        5.3562649985950479        1.7024563983419227E-002   1.8342682766956422        5.3585608069316208        1.4486810402754458E-002   3.4570734034097939E-002  -5.4223266193361237        1.7739803925242228        5.3732661210436561       -6.1055143662173350E-002  -1.8162853659166469        3.0009238263470905E-002   5.3302738885421839        1.8424641258187648        1.4782377465145657E-003   3.6044958464923837       -3.7047355409953528       -3.5310748109397636        5.2596550555218613E-002   3.4525924697819335        1.7921161057015560       -5.7414297565980377E-002   5.3639315432183388        3.4090233544194604E-002   5.2828913873483003       -1.8096902541265205        5.3430663493827346        1.7178281345190420       -6.0477159241099088E-002  -1.7577066915668063       -5.4421922341522926       -2.0984261765519818E-003   5.3590193008222116       -1.8845277537707190       -3.5884838943353259E-002   1.7890606553899211       -5.4678786273697391       -8.2565692183589334E-002   1.7976029316266526       -7.8865436164122116E-002  -5.4629851842475308       -5.3500843868228287E-002  -1.8763254868751353       -5.4170452155367830       -5.4467111450260663        1.7576381827812817      -0.22627722337724876       -5.3132139638953753       -1.8233818837052738       -7.6337319637580947E-002  -5.2833330734205877       -8.6481017259920634E-003  -1.8913646762092711       -1.7241144340869994       -3.5000710870448870E-002   5.3340048634059549        6.0873725726057870E-002   1.7216426360116088        5.3136371622191980       -2.0249082688295061E-003  -5.4238368068781053       -1.8271110888586062        5.3350854539865509       -6.6088991220556892E-002   1.7290065617384087       -5.4251486499885786      -0.21304012456292654        1.7291374798097152       -8.4343543287619838E-002  -3.7022279840651784        3.6401872614183546       -3.5692217915761120       -5.2772242654484103E-002  -3.5792809441588602       -3.5638094597177599        3.4850406045618953       0.11942711100252623        3.6101970009782676       -4.4558350821535697E-002  -3.6687990552257315        3.5929864092257517        3.5194536642591743       -2.7812530805029212E-002   9.6781104560051290E-002   3.5696475112828807        3.6397722630715350       -3.8451747169006012E-002  -3.6536664129628065       -3.5878236822215506        3.4926328743790940       -6.5518295955609318E-002   3.5326233021211131       -3.5303537197458823       -3.6398823079925489        4.7795634216321048E-003   3.5868363014894094       -3.6870538278606855       -9.0644913505130376E-002  -1.7007278616681063        3.6053562461830637        1.7833614147369126        1.8601138698379032        3.5793360242409378        1.7896986464599571        3.5580464333969779       -1.8164114385686503       -1.8190110999918154       -1.7323314832899008       -1.7705993109711642        3.4887315058280670        3.5788785132290037        1.7297917866619059        1.7551338589046175        1.7803520158158008       -1.8205581838275400       -3.6317372213693027       -3.5021132935944728       -1.7989300781062738        1.7586501130478176       -1.8473221262718837        1.7722057372864910       -3.5391386178816191       -1.7977899029784332       -1.8768772575035975       -3.5855961050656138        1.8056466525999788       -1.9272692065405614        3.5593559951819991       -1.8082591450907337       -3.6791807391726685        1.7532808526811827        1.9517668620056554       -3.7439826437181711        1.6941525511085906        3.5897423632948033        1.7237342495314181       -1.8313163071980370       -3.3570574868192438        1.7583076406623697       -1.4732858324066616       -3.5640678062231324       -1.8794485999468904       -1.8041951219996939        1.9766144628133695        1.7735246260123390       -3.7461498469556052        1.8377477215980846        1.7428749156132710        3.5724878458847407       -1.7578167640334499        3.5241602141252564       -1.7118069923903860        1.9366529217411426        3.5907737041957120       -1.8384839739262215       -1.8087994888636594       -3.6787751588190467       -1.8135669489731026        1.7802757812775489       -3.6606564652613773       -1.8650957177410277        3.5089915424607980       -1.8938579153640447        1.7484529987575783       -1.6925759506290134        1.7719515459566502        3.5949722537439150       -4.4104883654580611        1.8534430110673483        1.7854896481751510       -1.7490803162457524      -0.10811230845525799       -1.8362603798590840        1.7840358022295568       -2.0062023986472610E-002  -1.8184618522353766        7.9554216710420178E-003  -1.8155044512811251       -1.7860517201539050        1.7456266953446757       -1.8276315287453357       -3.8564664110431579E-002  0.27184127181613604        1.8949185899827867       -2.1298792399586262        3.7622826750574490E-002  -4.9902711214958373E-002  -3.6490225098333937        1.5330026630262950E-002  -3.6653811994916889       -4.6704584748688660E-002  0.16286871691429283       -2.1742457803640178        1.8899190449165602      -0.91193578349610149        1.4661935581811321      -0.25586609535036331        1.7706999164310631        1.7415182027070450       -3.9296979187984249E-002  0.14607608694957719        1.8703685560910053        1.8400267493158644        1.7035018493084912       -7.3372193942265795E-002   1.7117834962765315       -1.7907515018564411       -1.9303886737456715       -5.1208029139402811E-002 -0.88680617423756303      -0.34774606004825515        1.2481067539163284       -2.3848495084446100        1.2993026480884460        1.3846863288619566        9.4893433089513479E-002   3.6371481465502953       -4.8869073685175124E-002   6.1017020606275452E-002  -7.2364892571009420E-002   3.5347461397827722        3.5783322934577164       -5.9871080670667709E-002   2.8335725736742035E-002  -3.5733791725709025       -6.7201235140515791E-002  -1.7783572651584478E-002

  FINAL pos

  -1.7563346571917968       -4.8452749998212141E-002  -5.3705554285370845        2.4753184695700980E-002   1.7488317298904299       -5.3724172803442052        2.2282442511517786E-002  -1.8573590606035957        5.3621698531134179       -1.7536128821722556        5.3348437302033425        1.6161234493722532E-002   1.7897381708389304        5.3134670152430594        1.6710485730644820E-002   1.1991679606889960E-002  -5.4078783537850299        1.7673085225783360        5.3762564873767360       -5.6729951357706199E-002  -1.8189638522987206       -7.3271386290940654E-003   5.3143403672171665        1.8397842368850057       -1.3241069746861456E-002   3.5331195103884063       -3.6154200728524728       -3.5600099646279126       -3.2278865118634315E-002   3.5707243780354503        1.7832462553484021       -4.0576346540351693E-002   5.3644543507135332        1.8216605653677220E-002   5.2871494844264824       -1.7924956422703033        5.3616789933908287        1.7248498106536161       -5.6275507076648523E-002  -1.7640017060458426       -5.4170432608575236        3.8201767836874012E-003   5.3671390392258864       -1.8808906949952977       -3.2419222487263255E-002   1.7902622617658785       -5.4060210684762708       -3.7960642930400468E-002   1.8007652529760421       -5.9670878272026329E-002  -5.4409359856800279       -4.7499494850217872E-002  -1.8707356651036058       -5.4062907288438105       -5.3276845609598222        1.7458966426814975       -4.1615458460579902E-002  -5.3070424715547535       -1.7866519422770466       -5.8152823797463782E-002  -5.3211770384083170       -2.8103563285544197E-002  -1.8509365421472523       -1.7268690068850461       -1.8746657109172560E-002   5.3495057348943575        3.9936044758466238E-002   1.7222468661831272        5.3315507920915941       -7.9930459885524385E-003  -5.4039516945474020       -1.8068793976730948        5.3475792797097199       -6.1990945773327866E-002   1.7343374421559119       -5.3390814918125518       -4.4132332216346271E-002   1.7527245175723785       -3.1006562908761026E-002  -3.6026301971627355        3.5243231697285999       -3.5920441431322843       -8.1681274021775607E-002  -3.6019565873664625       -3.5814682685752537        3.5504208779411819        1.7090243986565667E-002   3.6030853454383340       -1.7220924576587748E-002  -3.6757873175018041        3.5866060899754757        3.5249467635198961       -2.0710435272849992E-002   4.0803630068189989E-002   3.4957269380954870        3.5799372869596802       -4.3497689358076741E-002  -3.6590624983892610       -3.5903539569174736        3.5128400847157089       -5.3527312549441319E-002   3.5447684134081143       -3.5330796092181842       -3.6220302820641042        3.3162249586240478E-003   3.5811844167881617       -3.6601268968186726       -5.3478717739697146E-002  -1.7830847853295495        3.5252534616031248        1.7680014711134859        1.8138286531179304        3.5358136090385663        1.7931681439341389        3.5755212093887963       -1.8192276553302307       -1.8314786020626848       -1.7741456295282028       -1.8364860659156079        3.5829793173338054        3.6056668065425868        1.7399752902804018        1.7668105944515204        1.7818526115435205       -1.8145209710055674       -3.6283635824917049       -3.5539387860163849       -1.8116509238107881        1.7871992670179537       -1.8561612458220687        1.7677256252282945       -3.6026987869779585       -1.7995779176671327       -1.8607806959846549       -3.5804949794008021        1.7864541302779848       -1.8770974531252094        3.5476195340333874       -1.7991948084162388       -3.6275891545311065        1.7514840193750700        1.7768587832450322       -3.6329721223340012        1.7336591985546654        3.6062374829101387        1.7311860650059323       -1.8298432359654662       -3.5868690752568959        1.7518264749118941       -1.7636190658433204       -3.5533781543468521       -1.8548827812925879       -1.7918213440850419        1.8766413943762927        1.7816466954060246       -3.6058767733059245        1.8070874628338487        1.7401315062421787        3.5603038617630922       -1.8363066522823601        3.5680908673084808       -1.7556972567310272        1.8536791718404011        3.5094435313654593       -1.8205092518374197       -1.8265941591230117       -3.6504715817339104       -1.7901429328883545        1.7859901751623894       -3.6688355601990974       -1.8667544313825335        3.5242572921125763       -1.8929534373711761        1.7606972056278600       -1.7514444453324316        1.7521234505886305        3.5336360817985799       -3.5516191997812498        1.7285230371509677        1.7546229801616846       -1.7762236919507757       -4.7430514889327924E-002  -1.8185631076920927        1.8104294990209127       -2.0696398323469367E-002  -1.8300795856393375        5.5525614968736647E-003  -1.8382087886883731       -1.8275613386788319        1.7876739313303460       -1.8396518221626970       -5.4425064980989646E-002  -2.9491649960675659E-003   1.7726451041946092       -1.8166041948383249        2.5996448841809183E-002  -3.3446432066078557E-002  -3.6131312260933086       -1.4779676244032203E-002  -3.6066692663850670       -3.7914457591813999E-002  -7.4768407063885434E-005  -1.8487752317756012        1.7725832860844051        1.2218211277147617E-002  -2.8479410391270221E-002  -2.0966127890044817E-002   1.8450151755590092        1.7658464789691770       -4.5256708248711419E-002   3.6730087850152415E-002   1.7363548042347858        1.7240507419694069        1.7741679357677924       -5.3985294171805975E-002   1.7510975102096538       -1.7963306936766337       -1.8247753600470844       -2.2848972584572635E-002  -1.7652949725825593       -3.4364476662140930E-002   1.7337864695623324       -1.7916298029953772        1.7432841918450812       -5.6540509154459073E-003   2.7276447150800465E-002   3.5420910797028604       -2.3164053450770439E-002   3.7585214604639816E-002  -6.1350993657697472E-002   3.5403844334106083        3.6030317035254811       -6.7390436018833100E-002   3.2765027245581280E-002  -3.5663961499186527       -5.1198394235857592E-002  -4.1032907812088126E-002
