eventId                :         483308
event label            :         354033        633614        322676
energy barrier         :       4.30354448
initial energy          :  -3732.83400344
FINAL energy            :  -3733.12807283
rate constant prefactor :  0.41901523E-30
rate htst prefactor     :  0.00000000E+00
rate htst computed     : F
rate of event           :  0.41901523E-30
delr initial-SADDLE     :      2.78164879
delr initial-FINAL      :      4.38015677
delr main atom (normalized) :      -0.71170682      0.00715320      0.70244020
npar initial-SADDLE     :            24
npar initial-FINAL      :             3
active atom label       :             0
ncluster                :            79
shape of cluster atoms :            512
cluster atoms           :
           745
           848
           455
           695
           143
           575
           694
           118
           556
           576
           834
           138
           124
           817
           767
           845
           623
           725
           737
           716
           144
           837
            23
           765
           704
           860
           857
           839
           598
           122
           722
           738
            22
           818
           698
           714
           723
           580
           676
           600
           697
           717
           859
           840
           724
           843
           577
           597
           595
             1
           744
           699
           579
           121
            21
           696
           739
           715
           141
           820
           741
           721
           718
           842
           743
           841
           700
           720
           864
           599
           844
           719
           861
           863
           862
           142
           838
           742
           858
             0
             0
             0
             0
             0
             0
             0
             0
             0
             0
             0
             0
             0
             0
             0
             0
             0
             0
             0
             0
             0
             0
             0
             0
             0
             0
             0
             0
             0
             0
             0
             0
             0
             0
             0
             0
             0
             0
             0
             0
             0
             0
             0
             0
             0
             0
             0
             0
             0
             0
             0
             0
             0
             0
             0
             0
             0
             0
             0
             0
             0
             0
             0
             0
             0
             0
             0
             0
             0
             0
             0
             0
             0
             0
             0
             0
             0
             0
             0
             0
             0
             0
             0
             0
             0
             0
             0
             0
             0
             0
             0
             0
             0
             0
             0
             0
             0
             0
             0
             0
             0
             0
             0
             0
             0
             0
             0
             0
             0
             0
             0
             0
             0
             0
             0
             0
             0
             0
             0
             0
             0
             0
             0
             0
             0
             0
             0
             0
             0
             0
             0
             0
             0
             0
             0
             0
             0
             0
             0
             0
             0
             0
             0
             0
             0
             0
             0
             0
             0
             0
             0
             0
             0
             0
             0
             0
             0
             0
             0
             0
             0
             0
             0
             0
             0
             0
             0
             0
             0
             0
             0
             0
             0
             0
             0
             0
             0
             0
             0
             0
             0
             0
             0
             0
             0
             0
             0
             0
             0
             0
             0
             0
             0
             0
             0
             0
             0
             0
             0
             0
             0
             0
             0
             0
             0
             0
             0
             0
             0
             0
             0
             0
             0
             0
             0
             0
             0
             0
             0
             0
             0
             0
             0
             0
             0
             0
             0
             0
             0
             0
             0
             0
             0
             0
             0
             0
             0
             0
             0
             0
             0
             0
             0
             0
             0
             0
             0
             0
             0
             0
             0
             0
             0
             0
             0
             0
             0
             0
             0
             0
             0
             0
             0
             0
             0
             0
             0
             0
             0
             0
             0
             0
             0
             0
             0
             0
             0
             0
             0
             0
             0
             0
             0
             0
             0
             0
             0
             0
             0
             0
             0
             0
             0
             0
             0
             0
             0
             0
             0
             0
             0
             0
             0
             0
             0
             0
             0
             0
             0
             0
             0
             0
             0
             0
             0
             0
             0
             0
             0
             0
             0
             0
             0
             0
             0
             0
             0
             0
             0
             0
             0
             0
             0
             0
             0
             0
             0
             0
             0
             0
             0
             0
             0
             0
             0
             0
             0
             0
             0
             0
             0
             0
             0
             0
             0
             0
             0
             0
             0
             0
             0
             0
             0
             0
             0
             0
             0
             0
             0
             0
             0
             0
             0
             0
             0
             0
             0
             0
             0
             0
             0
             0
             0
             0
             0
             0
             0
             0
             0
             0
             0
             0
             0
             0
             0
             0
             0
             0
             0
             0
             0
             0
             0
             0
             0
             0
             0
             0
             0
             0
             0
             0
             0
             0
             0
             0
             0
             0
             0
             0
             0
             0
             0
             0
             0
             0
             0
             0
             0
             0
             0
             0
             0

  Initial pos 

   1.7598849360424396        5.3622077193503515        3.7800667080539085E-002   5.3463770243147657        8.3638506248888689E-003   1.7671975731483478       -3.2218806390609700E-002   1.7982205316177655       -5.3966161384294864       -3.6412967861132017E-002  -5.3438442392176881       -1.8259242230973385       -5.2733311242292302E-003  -1.7689819825571398        5.3770498449931061        6.6658323033337297E-003  -1.7661329181753658       -5.3957041291034926       -1.5662584723571626E-002  -3.5681423744404732       -3.6095140151233025        4.8980267952103418E-004  -3.5944860908798653        3.5755606858537767        1.8604303633513730        4.7863587542803288E-002  -5.3905219103319126       -1.8769443864055049        3.4853457011745803E-002  -5.3916398171657143       -3.5679088303442974       -3.5406063600805169        7.9799738428576461E-004  -3.5758174226180799        4.8879922715556745E-003   3.5653095586858043        1.8477547411559954       -6.2480585958120116E-003   5.3475300025289414        1.7539238668151391       -5.3776115632056118       -5.1281708803966097E-002  -5.1304761109211228E-002   5.3680317940502036        1.8362830759398108        5.3246710414110154       -1.7952817640632901       -5.1501056703330050E-002   4.4051591732596762E-005   5.3701073390924776       -1.7628966902002716        5.3463956281358875        1.8430884370189240        4.8423231035400249E-002  -5.3635933938464682        1.7725307738147293       -7.1969956004522828E-003  -5.3486487856414335        1.3172078160728518E-002  -1.8291453860914153       -1.7931533392058938        8.0224930167883457E-002   5.3433041707793194       -1.8138256164461311       -5.3582636618899642       -3.2409777117408112E-002   1.8627427004400232E-002   1.7814980567822616        5.3382922151586527       -1.7553568759008655        5.3781618257040442        5.1112638498960195E-002   5.3457543254057640       -6.2680573312050569E-003  -1.8424415039095479       -5.3753605875056181       -1.2264301822167312E-002   1.7819471516272323       -5.3595989088025195       -1.7792318952356609       -3.3968038298201719E-002  -5.3419585986205220E-002  -5.3571940956414039        1.7392583558807928        1.7063161622132839E-004   3.5615520867464916       -3.5819199901199319        3.5490561002136829        2.4540606973381784E-002   3.5971102126884240        3.5900325221702545        3.6169193135130797        3.3628777898410789E-002  -3.5594957132995013        3.5805992363526826        1.1922185354990233E-002  -1.6991092644843775E-002   3.5431942311807241        3.5722874921915810        3.5022879975677945       -3.6315452622396833       -2.2504464226461351E-002   3.5859477622687947       -6.9581375703009485E-004  -3.6116875816565948       -3.6092845739596484        2.1980389945905898E-002  -3.5573092194059779        3.5772719913014015        1.8235177598653678        1.8045824873647476        1.7690208541179544        3.5793323502130612       -1.7683088521034023        1.7640923008863112       -3.5755416779257452       -1.8363233700000947       -1.7706870049757910        3.5940786331939485       -1.7673070648584357        1.7879380126934841       -1.7529721234418396       -3.6104213042814912       -1.7949630584336553       -1.7767281358956204       -3.6024066284167944       -3.5789814310114210       -1.7676552102689982        1.7860546534110959       -1.7833405598116983       -3.5620338004206609        1.7951585512038406        1.7638043670424253        3.5926107708132200        1.8197824872400012        3.4870847213360818       -1.7851850289648077        1.7577890165743000        1.8326166696278392        1.7733851420221995       -3.6000374692613075       -1.8523599542629228        1.8292135303618799       -3.5344062839131478       -3.6014145900899166        1.8113953243484175       -1.7708425711607738        1.8053493675799466        1.8198147825909921        3.6196549000854006       -1.7986275290301386        3.5083652070858626        1.8127833521839420        3.5665398275603160       -1.7990885629082811       -1.7397863680498311        3.5644366731230441        1.7925655023086158       -1.8060663069162999        1.7625819835316321       -1.7786551374667710        3.5745076604718378       -1.7802779995291615        1.7803437431201807        3.5619160607541858       -1.8158699441749668       -3.5560350053647269       -1.8096474703762482       -3.6270911734614018        1.7562184949911170        1.7465637355473334       -3.5878118834726038       -1.7798905140209413       -1.8302586087410191       -1.7573197870117419       -1.7585813814994857        3.5764003109879532        1.7598257177407284       -3.6161144315130080        1.7641845852215994       -1.8048697200727872        1.7782702532689143       -1.6543869620594620E-002   1.7988591200682542        1.8031446016392039        6.0414608549450577E-003  -2.1347904539304352E-002   3.6335469500041739E-002  -3.6028450910726022        3.5916883194616851        1.4002429217047307E-002  -1.8470677980740646E-002   2.2226300906687868E-002   1.7726393562748406        1.7859459090079071        1.7583161545843922       -1.7875495293309207       -2.2927960850644524E-002   1.8269933813563455        3.3748810263013240E-002  -1.8304616514935681       -1.7953760523454285        5.6021295807688887E-003  -1.7820930575093605        0.0000000000000000        0.0000000000000000        0.0000000000000000        1.0082705660611424E-002   1.8029330894461495       -1.8071353070122633        1.8045511389306128        2.2613040688987951E-002   1.7801882626863055       -8.6251575602283026E-003  -1.7599942321533035       -1.7827044049755258       -1.7909567583845885       -1.7566887128330819       -6.1592493118215685E-002  -1.7801042282987254        1.0424464319264359E-002   1.7621606007904624        7.1566683974445766E-002  -1.7689091353088102        1.7674741720012896        1.5348374627496497E-002   1.1694828607495822E-002   3.5396839784935068       -2.4298240778055202E-002  -3.5761227186303834       -1.9298283859289000E-002  -2.5992621418851058E-002   3.5569768493357934        5.5774322729629233E-002  -3.5866929455342671       -5.2858166523179761E-003  -2.7671566878655796E-002

 SADDLE  pos 

   1.8036413851994766        5.4104413021680280        3.5900418408971291E-002   5.3764783272852661        8.5645049331013468E-003   1.7785866063593083       -2.8447889079860289E-002   1.7989434771153014       -5.4105267064693230       -3.0702051901943861E-002  -5.3324646142338938       -1.8140393512313047        4.0399681035342638E-002  -1.7806415186456839        5.4028323456316159        6.7165294101343420E-003  -1.7736038389013906       -5.4011743572277631       -1.0933401729513292E-002  -3.5632299095292836       -3.6055829254835778       -4.9317613783870229E-003  -3.5456518968788231        3.5627645274341013        1.8636270226191165        3.8467859974893770E-002  -5.4052962163329035       -1.8819142363966819        3.3504378079420860E-002  -5.3807288147224863       -3.6251562163035800       -3.5863318595579869        1.7529288763451945E-002  -3.6601153944374722       -2.1270529386978154E-002   3.6145175659835189        1.9514021704504181       -2.6164506832834888E-002   5.3810731149272328        1.7579426021362110       -5.3436865762186141       -4.2555580254198588E-002  -4.5038395821983102E-002   5.3780979863727154        1.8350255169938769        5.3716570766375042       -1.8077195126209382       -5.0550448117682834E-002   2.8342559042357607E-002   5.4056028427837468       -1.7812568956827874        5.3581151127166073        1.8403725818649050        4.9945540577205350E-002  -5.3610521693527264        1.7911976501310392       -7.7939408044152003E-003  -5.4150011572306695        2.2537615937487487E-002  -1.8924899354970783       -1.7861912078402291        7.6186510760010151E-002   5.3113508451110398       -1.8073290687876842       -5.3307660531689098       -1.4560075951198570E-002   5.7796128695461135E-002   1.7766075618325736        5.3619319806506027       -1.7609118994803943        5.3878599353275796        3.9949167586200929E-002   5.3642655770575942       -6.3867323743771465E-003  -1.8475323244853072       -5.4094356912008248       -1.0223065745378790E-002   1.7814548216112485       -5.4163574510007226       -1.8345148542092709       -4.5457930521106249E-002  -4.9699455101713141E-002  -5.3285249664650927        1.7473125695317862        5.1183499710024449E-002   3.5698167569693737       -3.6104738801285077        3.6026748998545592        2.6315174489880633E-002   3.6257154765340438        3.5212353940767009        3.5637004498660119        3.2136242644941859E-002  -3.6564046538898332        3.6576634490640885        1.5315977636316092E-002   5.2509609284285830E-003   3.5292996203811562        3.5729357451927797        3.5744105621272766       -3.6840477711160098       -2.3283104164342205E-002   3.5875107413916680        2.6074424340549740E-004  -3.6182532867404440       -3.6113643648750440        4.0190821361111517E-002  -3.5401716888260104        3.6028795467673014        1.8367603133930430        1.7962134701159478        1.7842654524474426        3.5612932239842472       -1.7743457661392448        1.7795681763933686       -3.5842389895085134       -1.8500123937182060       -1.7398731684257811        3.7282939890387823       -1.9199143635216238        1.7897851159592513       -1.7536910348437011       -3.6046249636705436       -1.7952192326029781       -1.7874639062474103       -3.6010833696929758       -3.6041638653650239       -1.7688231618122607        1.8049201499065184       -1.7683720054718997       -3.4941475573439789        1.8213572760861041        1.7384622738885405        3.5583341937388830        1.8056606225284924        3.5815741573519055       -1.8168737565289668        1.7848057725835389        1.8226757023448954        1.7486742645280948       -3.5961894397677003       -1.8231074116901738        1.8458063897585077       -3.5216935973143659       -3.5974310977237316        1.8435731603250325       -1.7592432293529505        1.8533564861838627        1.8726995230245471        3.6444666383064295       -1.8089074391824340        3.5785428012882434        1.8871374324117340        3.6405994404076267       -1.7999307594946785       -1.7984036803315355        3.5127126404206344        1.7366341518142363       -1.7706589661300995        1.7655283956145276       -1.7804439975953734        3.5344410688618311       -1.7419345834497157        1.7735058288170436        3.6049177659076612       -1.8198347001986868       -3.5762710102819817       -1.8196960536682099       -3.4466682715413555        1.6685701313442962        1.7146386018656870       -3.6143116602822900       -1.7956414067467250       -1.8463121420941206       -1.9457261643560706       -2.0493091148761877        3.9491000382803279        1.7367542315723341       -3.5563952831927743        1.7435361572855683       -1.7427907618472673        2.3228940143113874      -0.12046261889291898        1.6826560238789909        1.6807075798815383        3.8725084478251404E-002  -1.2351512290805999E-002   3.0460824778860029E-002  -3.6283582801621215        3.6412953328852957        7.0888988178836598E-003  -7.4487787521455573E-003  -9.7012151040065220E-002   1.6952982658634532        1.7858933280721665        2.0039810588628733       -1.8712412705673991       -8.7565167614386041E-002   1.8157913497560578       -2.5642787870729933E-003  -1.7887351473878610       -1.7953136694899570        3.9451072305563883E-002  -1.8332467657306815       -1.6774640449929166       0.20578856794820766       0.44360490193239599        5.2423210301810741E-003   1.7691125491419051       -1.7838647367053788        1.9476051166301147        2.7044506799196455E-002   1.8441760260397295       -5.0764353461474343E-004  -1.7261574080814022       -1.7429455406033298       -1.9017497317917638       -1.9465519868458827      -0.14559634230399254       -1.5518238380145952      -0.43791826439550618        2.5460629736044567       0.24818046046221909      -0.79809759796925306       0.65780969052833527       0.27699503747911791       -1.0132018399968246E-002   3.6546823238917625        3.9829356283043182E-003  -3.5436110714835074        2.5047222914142964E-002  0.12964664947007520        3.6868858067622980        2.2185856638770929E-002  -3.8482854174724572       -4.7122549876714714E-002 -0.11970866594761986     

  FINAL pos

   1.7632023609545655        5.3656504106904919        4.0072715346834542E-002   5.3474484791912928        4.4662612856072315E-003   1.7669683062131476       -3.3106382779045873E-002   1.7987990896097941       -5.4008093162097239       -3.4644989276216620E-002  -5.3409896871636793       -1.8233037009490651       -9.1017860086139990E-003  -1.7767680475144196        5.3857671833955187        6.1311358096247659E-003  -1.7677668528446908       -5.3985204694505597       -1.4312751535310753E-002  -3.5725292094669854       -3.6129505820360830        2.4171294793333686E-003  -3.5916794813822079        3.5767806097561667        1.8567760813441083        4.7326274627412346E-002  -5.3912660166631756       -1.8760265588542531        3.3405204449682202E-002  -5.3880880303352097       -3.5738040990485693       -3.5459713445894003        1.8100236607025977E-003  -3.5764566337663481        4.7635127606682204E-003   3.5642622429513331        1.8426002236465671       -1.5230758554903190E-002   5.3468332695412890        1.7569934702128478       -5.3672925431126135       -5.1730044802585695E-002  -5.1335989916928781E-002   5.3752861660401123        1.8404458849041809        5.3277139666775355       -1.7963113665519401       -5.1051801201339231E-002   1.3716786544613058E-003   5.3695024155086237       -1.7612624763291223        5.3404810129550988        1.8347367157464625        4.9502651930787067E-002  -5.3575068346323746        1.7693804984075179       -6.9444864814443008E-003  -5.3475498739920067        1.1576221902885209E-002  -1.8270047018178310       -1.7938777847129579        7.7136082848845433E-002   5.3402283193937308       -1.8190601214484232       -5.3619095753097188       -3.3905223982181099E-002   1.5886273718617616E-002   1.7743160030699805        5.3391574411974894       -1.7581660945324202        5.3871233189257772        5.2393421685817287E-002   5.3418136803586442       -9.4706101249961705E-003  -1.8416647504338997       -5.3729995782759215       -1.1593621269945231E-002   1.7798736838400409       -5.3589468048447362       -1.7784527529949585       -3.2664725784872672E-002  -5.0871875940945444E-002  -5.3369506179413477        1.7389339263713488       -1.6487073785071971E-003   3.5528290636478701       -3.5778848856275545        3.5480378139326412        1.8675166347897232E-002   3.5931272740381779        3.5784472287489493        3.6019793059035763        3.6967194206898313E-002  -3.5599790463814855        3.5881965276846053        1.0913073917986793E-002  -1.7137819180859992E-002   3.5382182766496761        3.5730640276739400        3.5043919790803919       -3.6272738581497883       -2.4692037729391103E-002   3.5863721698779543       -3.1343557726799531E-003  -3.6152324793227173       -3.6067343882890803        1.7506054133281879E-002  -3.5490083092005715        3.5677982732949154        1.8100600664922482        1.8056209588520780        1.7698728578067460        3.5791465944644472       -1.7686787576266063        1.7678086182981616       -3.5739722429413092       -1.8398143083382408       -1.7734781952044401        3.6005233094247302       -1.7692280088635286        1.7905641859887282       -1.7550168191020816       -3.6154688289965886       -1.7960890049829601       -1.7817509356679402       -3.6039523510493439       -3.5798752776600971       -1.7665992858972466        1.7853351346781992       -1.7940109425603872       -3.5708064866942202        1.7975900739765542        1.7564088509978077        3.5866104753604588        1.8200997905830398        3.4929747716835244       -1.7878477333280536        1.7593791700508632        1.8338138588082167        1.7751231105868470       -3.6058984951946709       -1.8561719653145445        1.8337704465298685       -3.5410865000882783       -3.6013335816074381        1.8161004571625696       -1.7682989993706855        1.7972053922972009        1.8057440654536201        3.6178705084192373       -1.7959389840653479        3.5145127509526617        1.8130710213739007        3.5831663904932967       -1.8017108567974454       -1.7526242161116699        3.5667407769432913        1.7906263427412838       -1.8060996786301011        1.7633809423162177       -1.7748967673189640        3.5790651073562820       -1.7785547020402284        1.7752971247887217        3.5575910482417115       -1.8161960067088181       -3.5590957808256967       -1.8082382159418238       -3.6303628402727206        1.7626158587570551        1.7436824432079874       -3.5862614629508371       -1.7855188150144699       -1.8264221511693393       -1.7467343199172305       -1.7530670778877848        3.5641164915371064        1.7665888172458004       -3.6114178739038216        1.7622302906761362       -1.8029500983617339        1.7909330408245125       -1.7387772243765198E-002   1.7939633400857460        1.8014931882599541        7.7789005768877928E-003  -2.2814478028251983E-002   3.8324683415996930E-002  -3.6019934381955760        3.5858014935104023        5.6548695017895056E-003  -1.8578648905730688E-002   2.0938317036005571E-002   1.7614065173168747        1.7945480436024290        1.7543026227356080       -1.7883057149504182       -3.4291733147597370E-002   1.8251498625268248        3.1526058190564754E-002  -1.8306459516059626       -1.8114951160275616        8.9637710664689507E-003  -1.7910432942726970       -1.7713097583646160        1.7803029810018245E-002   1.7482468384413288        7.4111341186160473E-003   1.8077706589242482       -1.8085532968080216        1.7872221498016643        5.8110854635664566E-003   1.7749146184058411       -7.6471017550368003E-003  -1.7627998311698825       -1.8063553712472959       -1.7851602856147437       -1.7686848974407532       -5.1602773794918733E-002   1.7719901572455399E-002  -1.7956714144363097        1.7549951900533571        1.6864774817967998E-002   2.0343834561735719E-003  -6.1338501387844246E-002   2.0070731726281821E-002  -1.2073554595485092E-002   3.5461615487343430       -1.9940081439248303E-002  -3.5830956525542135       -1.2805957272846058E-002  -2.7192451661278483E-002   3.5800199464385543        5.4394993527754565E-002  -3.5714845128134343       -5.7973836276445923E-003  -3.0766263195566523E-002
