eventId                :          58110
event label            :         354033       1187272        857429
energy barrier         :       4.11607412
initial energy          :  -3732.83399039
FINAL energy            :  -3733.12807283
rate constant prefactor :  0.32497186E-28
rate htst prefactor     :  0.00000000E+00
rate htst computed     : F
rate of event           :  0.32497186E-28
delr initial-SADDLE     :      3.42892206
delr initial-FINAL      :      3.57803443
delr main atom (normalized) :       0.00681472     -0.71515182      0.69893593
npar initial-SADDLE     :            19
npar initial-FINAL      :             2
active atom label       :             0
ncluster                :            79
shape of cluster atoms :            512
cluster atoms           :
           745
           848
           455
           695
           143
           575
           694
           118
           556
           576
           834
           138
           124
           817
           767
           845
           623
           725
           737
           716
           144
           837
            23
           765
           704
           860
           857
           839
           598
           122
           722
           738
            22
           818
           698
           714
           723
           580
           676
           600
           697
           717
           859
           840
           724
           843
           577
           597
           595
             1
           744
           699
           579
           121
            21
           696
           739
           715
           141
           820
           741
           721
           718
           842
           743
           841
           700
           720
           863
           599
           844
           719
           861
           864
           862
           142
           838
           742
           858
             0
             0
             0
             0
             0
             0
             0
             0
             0
             0
             0
             0
             0
             0
             0
             0
             0
             0
             0
             0
             0
             0
             0
             0
             0
             0
             0
             0
             0
             0
             0
             0
             0
             0
             0
             0
             0
             0
             0
             0
             0
             0
             0
             0
             0
             0
             0
             0
             0
             0
             0
             0
             0
             0
             0
             0
             0
             0
             0
             0
             0
             0
             0
             0
             0
             0
             0
             0
             0
             0
             0
             0
             0
             0
             0
             0
             0
             0
             0
             0
             0
             0
             0
             0
             0
             0
             0
             0
             0
             0
             0
             0
             0
             0
             0
             0
             0
             0
             0
             0
             0
             0
             0
             0
             0
             0
             0
             0
             0
             0
             0
             0
             0
             0
             0
             0
             0
             0
             0
             0
             0
             0
             0
             0
             0
             0
             0
             0
             0
             0
             0
             0
             0
             0
             0
             0
             0
             0
             0
             0
             0
             0
             0
             0
             0
             0
             0
             0
             0
             0
             0
             0
             0
             0
             0
             0
             0
             0
             0
             0
             0
             0
             0
             0
             0
             0
             0
             0
             0
             0
             0
             0
             0
             0
             0
             0
             0
             0
             0
             0
             0
             0
             0
             0
             0
             0
             0
             0
             0
             0
             0
             0
             0
             0
             0
             0
             0
             0
             0
             0
             0
             0
             0
             0
             0
             0
             0
             0
             0
             0
             0
             0
             0
             0
             0
             0
             0
             0
             0
             0
             0
             0
             0
             0
             0
             0
             0
             0
             0
             0
             0
             0
             0
             0
             0
             0
             0
             0
             0
             0
             0
             0
             0
             0
             0
             0
             0
             0
             0
             0
             0
             0
             0
             0
             0
             0
             0
             0
             0
             0
             0
             0
             0
             0
             0
             0
             0
             0
             0
             0
             0
             0
             0
             0
             0
             0
             0
             0
             0
             0
             0
             0
             0
             0
             0
             0
             0
             0
             0
             0
             0
             0
             0
             0
             0
             0
             0
             0
             0
             0
             0
             0
             0
             0
             0
             0
             0
             0
             0
             0
             0
             0
             0
             0
             0
             0
             0
             0
             0
             0
             0
             0
             0
             0
             0
             0
             0
             0
             0
             0
             0
             0
             0
             0
             0
             0
             0
             0
             0
             0
             0
             0
             0
             0
             0
             0
             0
             0
             0
             0
             0
             0
             0
             0
             0
             0
             0
             0
             0
             0
             0
             0
             0
             0
             0
             0
             0
             0
             0
             0
             0
             0
             0
             0
             0
             0
             0
             0
             0
             0
             0
             0
             0
             0
             0
             0
             0
             0
             0
             0
             0
             0
             0
             0
             0
             0
             0
             0
             0
             0
             0
             0
             0
             0
             0
             0
             0
             0
             0
             0
             0
             0
             0
             0
             0
             0
             0
             0
             0
             0
             0
             0
             0
             0
             0
             0
             0
             0
             0
             0
             0
             0
             0

  Initial pos 

   1.7591476710439338        5.3622095772204226        3.7389074217010432E-002   5.3458989890754260        8.9300896740454050E-003   1.7667543933731125       -3.3058416524287537E-002   1.7983658020728868       -5.3970044879207855       -3.6962024960633499E-002  -5.3434865956748432       -1.8260700039978488       -6.2414928282628068E-003  -1.7682711141162137        5.3763790033725876        5.9357055498772127E-003  -1.7659579305680957       -5.3959830716362500       -1.6269691645760531E-002  -3.5677020781303987       -3.6096473452645377        1.0539991579605612E-004  -3.5940467840289116        3.5753212952179432        1.8596750281203214        4.8325390996595274E-002  -5.3907972727460827       -1.8775016707762333        3.4837160638321762E-002  -5.3920507279920677       -3.5685000138902403       -3.5399478905645339        3.3367548130058822E-004  -3.5767839587602701        5.0419140634545556E-003   3.5644646789703067        1.8483195622302269       -6.3294187955769132E-003   5.3471141394265516        1.7537495431081709       -5.3773734903061641       -5.1591949930212877E-002  -5.1865914945086189E-002   5.3682649494457451        1.8359827307305494        5.3242953828660191       -1.7948402162347215       -5.1875154806069190E-002  -9.8519613304404174E-004   5.3702462326952904       -1.7629228458930690        5.3458780879998429        1.8432301952789167        4.7626426673144096E-002  -5.3645622826190547        1.7724341043574157       -7.6491878895090792E-003  -5.3497129837812771        1.3422241962071979E-002  -1.8293149134470532       -1.7945110627453715        8.0636220714865203E-002   5.3425178067139889       -1.8144208205942967       -5.3579478928192295       -3.2574658456621108E-002   1.8450127891117774E-002   1.7811487942107043        5.3377691924844299       -1.7559427720788854        5.3782857249630744        5.0741377538361832E-002   5.3450866435252102       -6.1021983285662884E-003  -1.8429673721906319       -5.3766729329410925       -1.2162466152688012E-002   1.7815538806801072       -5.3608184806867278       -1.7790387608888203       -3.4177661341896481E-002  -5.3822728161645017E-002  -5.3568499336067426        1.7391435810446758       -1.0837039126059267E-003   3.5616433010263329       -3.5822301991802181        3.5489304401863357        2.5178912517930030E-002   3.5966149692591678        3.5892163436763411        3.6171547328602429        3.2611482226489130E-002  -3.5602159457186495        3.5806143113853999        1.1934323758477916E-002  -1.7484528396188637E-002   3.5432798464291011        3.5719969402065139        3.5019333828752472       -3.6314039313723789       -2.2707082617852592E-002   3.5852344430955299       -3.1096896491078496E-004  -3.6119679471100703       -3.6100170026356686        2.2709429980125151E-002  -3.5577553485689517        3.5768748874091472        1.8241020030418795        1.8039291937059652        1.7679537828829197        3.5794493425370035       -1.7688828585204028        1.7637366110506676       -3.5755675708740675       -1.8367552212972598       -1.7713696714713194        3.5938063509662683       -1.7672251670044083        1.7875663253032847       -1.7526587035783301       -3.6110183254828794       -1.7955079920900801       -1.7762475597253342       -3.6023722806707230       -3.5797011973012793       -1.7673355270978810        1.7857128436068237       -1.7837505648216982       -3.5617414590412970        1.7947303145204465        1.7634525134829389        3.5929708260216486        1.8196714103977349        3.4866841241054765       -1.7849140850900511        1.7574493674122849        1.8317459392469573        1.7736569326457996       -3.6005354426915517       -1.8526363209778829        1.8291784738802086       -3.5344518158570786       -3.6019825081935650        1.8111878251230884       -1.7709417363671065        1.8051391773999477        1.8201650467084676        3.6196139595720993       -1.7991196986952183        3.5084184473457256        1.8122094642245656        3.5661184532009749       -1.7991210198463463       -1.7401777788446218        3.5637523517826786        1.7928799849687778       -1.8065299358200022        1.7622538975275077       -1.7782625925752562        3.5741303167522602       -1.7809415550043148        1.7803835594940303        3.5613540661210266       -1.8161819548326790       -3.5550801238917664       -1.8093937000923468       -3.6280592777083278        1.7564244119400350        1.7460048634038223       -3.5884986593208197       -1.7789825191918567       -1.8302656625216827       -1.7577576831590385       -1.7579210974147372        3.5752795550943688        1.7593955157451937       -3.6164987763700154        1.7641713945921182       -1.8053305202052243        1.7780698852537604       -1.6662615480793619E-002   1.7985543013342067        1.8034048523726369        5.6353856262347790E-003  -2.1806793513444944E-002   3.6527757688059381E-002  -3.6032106734792197        3.5911654490235847        1.4220389449125292E-002  -1.8791189959280530E-002   2.2042398644206429E-002   1.7731928919362154        1.7857421851574671        1.7581545111283496       -1.7878156559790348       -2.2825572388192938E-002   1.8268602382450396        3.3727353200351473E-002  -1.8307343564413792       -1.7957997392211382        5.4392272523990925E-003  -1.7820841522876414        0.0000000000000000        0.0000000000000000        0.0000000000000000        9.6594830484306726E-003   1.8024444065377061       -1.8070325780642982        1.8043318087289357        2.3190523526313456E-002   1.7800907809967335       -8.2870238240353444E-003  -1.7597052866923377       -1.7830931533148942       -1.7911355345343445       -1.7561332131985452       -6.1461968396212541E-002  -1.7803145326610483        1.0841611607300905E-002   1.7618533898807911        7.1701826211533870E-002  -1.7690574403841559        1.7672827647855733        1.5078267542946833E-002   1.2120476880099318E-002   3.5389632870019767       -2.4531902354642199E-002  -3.5758447732014744       -1.9592266681179638E-002  -2.6649008277203734E-002   3.5569409086494197        5.5519592497780934E-002  -3.5877441588329866       -5.0851032837471166E-003  -2.7501597904930009E-002

 SADDLE  pos 

   1.7650332664361592        5.3595113487969890        3.4443447040821695E-002   5.3988038692456897        2.0708667203084730E-002   1.7691512119656956       -2.6020746315111865E-002   1.7961259698922198       -5.4041399941075241       -2.7809129496638718E-002  -5.3279586677746380       -1.8166663352809422        5.7726885546927065E-003  -1.7644999143794777        5.3760512175075945        1.1019798533745018E-002  -1.7657262738739732       -5.4018047763686905       -8.9630212770899220E-003  -3.5380654872145882       -3.5842408553465557       -4.8131314019801863E-002  -3.5283406671704576        3.5177086050190844        1.8682519579665282        4.7790190724864345E-002  -5.3997875040545456       -1.8701710467084141        3.3887569898034542E-002  -5.3853276722218215       -3.5888167100978343       -3.5181228616978117       -1.0487351484904650E-003  -3.6304759699698010        3.6754452998437159E-002   3.6022358533427479        1.8385395139846139        2.4007336478000241E-003   5.3182385643662329        1.8247659787201691       -5.4138787250133742      -0.11238320141402625       -5.2883176574226809E-002   5.3651398262627232        1.8266438106350691        5.3783529437289879       -1.7983082943964455       -6.0556212949261834E-002   8.5754850698833707E-003   5.3664929667769385       -1.7683427867948716        5.3807506857933127        1.8568133399347211        4.1048955536780340E-002  -5.3935027750205027        1.7929821485185329       -3.7886869758299468E-002  -5.3782757138425978        2.2136633677913409E-002  -1.8512203757821979       -1.8045951082163043       0.14924145657660048        5.3654270810804903       -1.8489236719267410       -5.4074763327869881       -9.9556794671993742E-002   2.0221831872149210E-002   1.7897607715843158        5.3453175134252184       -1.7555921276555608        5.3780816427726243        3.8453795909894950E-002   5.3968235411858458        1.8307757401352376E-003  -1.8726710636856438       -5.4051998157387491        1.9628461154571397E-002   1.7759275665120242       -5.3831948220468639       -1.7658368200139520       -3.5067462705857366E-002  -3.8588630612473196E-002  -5.3433088953267216        1.7305478738546540        7.9316070593620225E-003   3.5545822458021838       -3.5864157345865877        3.5951670108834577        3.9444957085887467E-002   3.6066581376978561        3.5835281012907743        3.5950803913187208        2.3123608148186037E-002  -3.5738010068573445        3.5965752480204252       -1.8595094056461647E-002  -1.8739854752077179E-002   3.5159964454629815        3.5415221950559115        3.5644770082574802       -3.6474195865689829       -4.4075942496217380E-002   3.6276391815900872        3.8918555269944477E-003  -3.6569773191424364       -3.6151676908128145        2.6476359637079838E-002  -3.5679330047408619        3.6220220525667592        1.8462153804797765        1.7935446337849221        1.7735323961660541        3.5722953091060745       -1.7717625777146822        1.7901533420354276       -3.5935212787714761       -1.8588253150908436       -1.7676089900817331        3.6160517659559517       -1.7988520741885949        1.8036267740422325       -1.7510855788876611       -3.6175405188778225       -1.7877383661802604       -1.7634421215845926       -3.5862184729824609       -3.6259117210682810       -1.7582925215369229        1.8211417363952371       -1.8829567504035580       -3.7997319522592257        1.7349651875625511        1.7575638733838908        3.5669977146484371        1.8026190416364614        3.5666593764534760       -1.7771502387804254        1.7617669430517324        1.8351419614106632        1.7646195698725329       -3.6023983759936442       -1.8361136276291496        1.8225583172328967       -3.5341267683212507       -3.6293518765688013        1.8234817602266098       -1.8124433679739020        1.8109036833671119        1.8273150822895552        3.6204356542418630       -1.8031991062077672        3.5045691324100652        1.7878943901273985        3.6925197209014371       -1.7981787776355596       -1.8450895897598514        3.5733909131481418        1.7854443914665552       -1.8161230543389699        1.8098991623147818       -1.7697027507407519        3.5683983262192882       -1.8143809264195419        1.8352243434065620        3.6002496140110480       -1.8067414954757623       -3.5226384877692496       -1.7854159992203869       -3.6863684748504113        1.8160476275974915        1.7365226007941992       -3.6138215598721430       -1.7672536288812637       -1.8383458049163295       -2.1715193432242543       -1.8890177251614837        4.1780310545274020        1.8540560086587980       -3.6859913525298751        1.7412856375878221       -1.8059477273395750        1.8282071303657368      -0.11205316734109161        1.7770024057189957        1.7501771915590716       -2.0058149895561428E-002  -1.1980018944353077E-002   3.0632625667042390E-002  -3.6143609833056765        3.6809381865420718        3.5750043369585427E-002  -3.8997211089025541E-002   1.1749882949246171E-002   1.6877641545076578        1.7383737469670386        2.0156975892677487       -1.7557463425462316      -0.29312633164502699        1.8911653237012942        8.4728450366473140E-002  -1.9047016873189548       -1.7942284049980977        5.9713251581783311E-003  -1.7642235770773667       -1.2022932018933474       -1.6918845800711395        2.2589113097138735        1.7584254788104658E-002   1.7814598120570366       -1.8064912149994150        1.9172592140066129        9.7412218613147417E-002   1.7713263154706205       -1.5373175698591979E-003  -1.6786133771657639       -1.7068733288619278       -1.8190613849918122       -1.6948951234476262       -7.1820344729047747E-002  -1.9347067115845640       0.34038746177815327        1.7014248806635202       0.73898846749039038       -1.7462736478241361        1.4223580561039881       -1.9190030287216331E-002   2.0204739560178098E-002   3.5384322314504324       -1.6660480941553146E-002  -3.5478844190338634        9.7342775495725675E-003  -1.3018973639244535E-002   3.5654421844677522        5.3728767160627910E-002  -3.6500759591172063        2.1299885393506912E-002  -5.0043447945874675E-002

  FINAL pos

   1.7625901356342268        5.3660031980232503        3.9687734083376114E-002   5.3468362538709542        4.8190486183656844E-003   1.7665833249496892       -3.3718608099384539E-002   1.7991518769425525       -5.4011942974731824       -3.5257214596555286E-002  -5.3406368998309208       -1.8236886822125236       -9.7140113289526653E-003  -1.7764152601816612        5.3853822021320603        5.5189104892860996E-003  -1.7674140655119324       -5.3989054507140182       -1.4924976855649419E-002  -3.5721764221342269       -3.6133355632995414        1.8049041589947024E-003  -3.5913266940494495        3.5763956284927083        1.8561638560237697        4.7679061960170799E-002  -5.3916509979266340       -1.8766387841745917        3.3757991782440655E-002  -5.3884730115986681       -3.5744163243689080       -3.5456185572566419        1.4250423972441695E-003  -3.5770688590866868        5.1163000934266734E-003   3.5638772616878747        1.8419879983262284       -1.4877971222144737E-002   5.3464482882778306        1.7563812448925091       -5.3669397557798550       -5.2115026066044123E-002  -5.1948215237267448E-002   5.3756389533728708        1.8400609036407225        5.3271017413571968       -1.7959585792191817       -5.1436782464797659E-002   7.5945333412263949E-004   5.3698552028413822       -1.7616474575925807        5.3398687876347601        1.8350895030792209        4.9117670667328639E-002  -5.3581190599527133        1.7697332857402763       -7.3294677449027290E-003  -5.3481620993123453        1.1929009235643662E-002  -1.8273896830812895       -1.7944900100332966        7.7488870181603886E-002   5.3398433381302723       -1.8196723467687619       -5.3615567879769603       -3.4290205245639527E-002   1.5274048398278950E-002   1.7746687904027389        5.3387724599340309       -1.7587783198527589        5.3874761062585357        5.2008440422358859E-002   5.3412014550383056       -9.1178227922377175E-003  -1.8420497316973581       -5.3736118035962601       -1.1240833937186778E-002   1.7794887025765824       -5.3595590301650748       -1.7780999656622001       -3.3049707048331101E-002  -5.1484101261284110E-002  -5.3365978306085893        1.7385489451078904       -2.2609326988458633E-003   3.5531818509806286       -3.5782698668910129        3.5474255886123025        1.9027953680655685E-002   3.5927422927747195        3.5778350034286106        3.6023320932363347        3.6582212943439885E-002  -3.5605912717018242        3.5885493150173637        1.0528092654528365E-002  -1.7750044501198659E-002   3.5385710639824346        3.5726790464104816        3.5037797537600532       -3.6269210708170299       -2.5077018992849531E-002   3.5857599445576156       -2.7815684399215002E-003  -3.6156174605861757       -3.6073466136094190        1.7858841466040332E-002  -3.5493932904640300        3.5671860479745767        1.8104128538250066        1.8052359775886195        1.7692606324864073        3.5794993817972056       -1.7690637388900647        1.7671963929778229       -3.5736194556085508       -1.8401992896016992       -1.7740904205247787        3.6008760967574887       -1.7696129901269870        1.7899519606683896       -1.7546640317693232       -3.6158538102600470       -1.7967012303032988       -1.7813981483351817       -3.6043373323128023       -3.5804875029804357       -1.7662464985644881        1.7849501534147407       -1.7946231678807258       -3.5704536993614617        1.7972050927130958        1.7557966256774691        3.5869632626932173        1.8197148093195814        3.4923625463631858       -1.7874949459952951        1.7589941887874048        1.8332016334878780        1.7754758979196055       -3.6062834764581293       -1.8567841906348832        1.8341232338626270       -3.5414714813517367       -3.6019458069277768        1.8164532444953281       -1.7686839806341439        1.7965931669768622        1.8060968527863785        3.6174855271557789       -1.7965512093856866        3.5148655382854201        1.8126860401104423        3.5825541651729580       -1.8013580694646869       -1.7530091973751283        3.5661285516229526        1.7909791300740423       -1.8064846598935596        1.7627687169958790       -1.7745439799862055        3.5786801260928236       -1.7791669273605670        1.7756499121214802        3.5572060669782530       -1.8168082320291568       -3.5587429934929382       -1.8086231972052822       -3.6309750655930593        1.7629686460898135        1.7432974619445289       -3.5868736882711758       -1.7851660276817114       -1.8268071324327977       -1.7473465452375692       -1.7527142905550264        3.5637315102736480        1.7659765919254617       -3.6110650865710632        1.7618453094126778       -1.8035623236820726        1.7912858281572710       -1.7772753507223626E-002   1.7933511147654073        1.8018459755927125        7.3939193134293646E-003  -2.3426703348590650E-002   3.8677470748755383E-002  -3.6023784194590345        3.5851892681900637        6.0076568345479586E-003  -1.8963630169189116E-002   2.0326091715666905E-002   1.7617593046496332        1.7941630623389706        1.7536903974152693       -1.7879529276176598       -3.4676714411055798E-002   1.8245376372064861        3.1878845523323207E-002  -1.8310309328694210       -1.8121073413479003        9.3165583992274037E-003  -1.7914282755361555        1.7107676252116732E-002  -1.7953186271035513        1.7546102087898987        6.7989087982773810E-003   1.8081234462570066       -1.8089382780714800        1.7866099244813256        6.1638727963249096E-003   1.7745296371423827       -8.2593270753754666E-003  -1.7624470438371240       -1.8067403525107544       -1.7857725109350824       -1.7683321101079947       -5.1987755058377161E-002  -1.7719219836849547        1.8155817142776698E-002   1.7478618571778703        1.6252549497629332E-002   2.3871707889320248E-003  -6.1723482651302675E-002   1.9458506405943155E-002  -1.1720767262726639E-002   3.5457765674708845       -2.0552306759586969E-002  -3.5827428652214550       -1.3190938536304486E-002  -2.7804676981617149E-002   3.5803727337713127        5.4010012264296137E-002  -3.5720967381337729       -5.4445962948861393E-003  -3.1151244459024952E-002
