# Barrier Energy Step Time
0.000000000000000000e+00 -5.469561800000000221e+04 0.000000000000000000e+00 0.000000000000000000e+00
5.909999999999999698e-01 -5.469515699999999924e+04 5.000000000000000000e-01 3.083000000000000091e-13
0.000000000000000000e+00 -5.469574799999999959e+04 1.000000000000000000e+00 3.083000000000000091e-13
3.760000000000000009e-01 -5.469539600000000064e+04 1.500000000000000000e+00 5.071999999999999997e-13
0.000000000000000000e+00 -5.469577199999999721e+04 2.000000000000000000e+00 5.071999999999999997e-13
1.829999999999999960e-01 -5.469540899999999965e+04 2.500000000000000000e+00 6.462999999999999825e-13
0.000000000000000000e+00 -5.469559199999999691e+04 3.000000000000000000e+00 6.462999999999999825e-13
3.000000000000000062e-03 -5.469576900000000023e+04 3.500000000000000000e+00 6.722999999999999727e-13
0.000000000000000000e+00 -5.469577199999999721e+04 4.000000000000000000e+00 6.722999999999999727e-13
1.829999999999999960e-01 -5.469540899999999965e+04 4.500000000000000000e+00 8.226000000000000492e-13
0.000000000000000000e+00 -5.469559199999999691e+04 5.000000000000000000e+00 8.226000000000000492e-13
3.000000000000000062e-03 -5.469576900000000023e+04 5.500000000000000000e+00 8.405999999999999725e-13
0.000000000000000000e+00 -5.469577199999999721e+04 6.000000000000000000e+00 8.405999999999999725e-13
1.829999999999999960e-01 -5.469541000000000349e+04 6.500000000000000000e+00 1.174000000000000046e-12
0.000000000000000000e+00 -5.469559300000000076e+04 7.000000000000000000e+00 1.174000000000000046e-12
3.000000000000000062e-03 -5.469576900000000023e+04 7.500000000000000000e+00 1.740000000000000058e-12
0.000000000000000000e+00 -5.469577199999999721e+04 8.000000000000000000e+00 1.740000000000000058e-12
3.980000000000000204e-01 -5.469535100000000239e+04 8.500000000000000000e+00 1.877999999999999874e-12
0.000000000000000000e+00 -5.469574900000000343e+04 9.000000000000000000e+00 1.877999999999999874e-12
5.160000000000000142e-01 -5.469525299999999697e+04 9.500000000000000000e+00 1.899999999999999982e-12
0.000000000000000000e+00 -5.469576900000000023e+04 1.000000000000000000e+01 1.899999999999999982e-12
3.940000000000000169e-01 -5.469542899999999645e+04 1.050000000000000000e+01 2.002999999999999846e-12
0.000000000000000000e+00 -5.469582299999999668e+04 1.100000000000000000e+01 2.002999999999999846e-12
3.649999999999999911e-01 -5.469532299999999668e+04 1.150000000000000000e+01 2.833999999999999839e-12
0.000000000000000000e+00 -5.469568800000000192e+04 1.200000000000000000e+01 2.833999999999999839e-12
6.400000000000000133e-01 -5.469483299999999872e+04 1.250000000000000000e+01 3.174000000000000006e-12
0.000000000000000000e+00 -5.469547400000000198e+04 1.300000000000000000e+01 3.174000000000000006e-12
2.340000000000000135e-01 -5.469549799999999959e+04 1.350000000000000000e+01 3.213000000000000143e-12
0.000000000000000000e+00 -5.469573200000000361e+04 1.400000000000000000e+01 3.213000000000000143e-12
4.919999999999999929e-01 -5.469498099999999977e+04 1.450000000000000000e+01 3.742999999999999702e-12
0.000000000000000000e+00 -5.469547400000000198e+04 1.500000000000000000e+01 3.742999999999999702e-12
9.090000000000000302e-01 -5.469469700000000012e+04 1.550000000000000000e+01 3.784000000000000032e-12
0.000000000000000000e+00 -5.469560599999999977e+04 1.600000000000000000e+01 3.784000000000000032e-12
3.099999999999999978e-01 -5.469551400000000285e+04 1.650000000000000000e+01 3.923000000000000147e-12
0.000000000000000000e+00 -5.469582400000000052e+04 1.700000000000000000e+01 3.923000000000000147e-12
1.219999999999999973e-01 -5.469558200000000215e+04 1.750000000000000000e+01 4.028000000000000204e-12
0.000000000000000000e+00 -5.469570399999999790e+04 1.800000000000000000e+01 4.028000000000000204e-12
3.639999999999999902e-01 -5.469574199999999837e+04 1.850000000000000000e+01 4.109000000000000364e-12
0.000000000000000000e+00 -5.469610599999999977e+04 1.900000000000000000e+01 4.109000000000000364e-12
8.549999999999999822e-01 -5.469488599999999860e+04 1.950000000000000000e+01 4.263999999999999602e-12
0.000000000000000000e+00 -5.469574100000000180e+04 2.000000000000000000e+01 4.263999999999999602e-12
3.340000000000000191e-01 -5.469545799999999872e+04 2.050000000000000000e+01 4.417000000000000263e-12
0.000000000000000000e+00 -5.469579200000000128e+04 2.100000000000000000e+01 4.417000000000000263e-12
3.549999999999999822e-01 -5.469534199999999691e+04 2.150000000000000000e+01 4.559999999999999957e-12
0.000000000000000000e+00 -5.469569700000000012e+04 2.200000000000000000e+01 4.559999999999999957e-12
1.610000000000000042e-01 -5.469550800000000163e+04 2.250000000000000000e+01 4.615999999999999718e-12
0.000000000000000000e+00 -5.469566900000000169e+04 2.300000000000000000e+01 4.615999999999999718e-12
1.310000000000000053e-01 -5.469566100000000006e+04 2.350000000000000000e+01 4.959000000000000175e-12
0.000000000000000000e+00 -5.469579200000000128e+04 2.400000000000000000e+01 4.959000000000000175e-12
4.650000000000000244e-01 -5.469541399999999703e+04 2.450000000000000000e+01 5.093000000000000210e-12
0.000000000000000000e+00 -5.469587900000000081e+04 2.500000000000000000e+01 5.093000000000000210e-12
3.109999999999999987e-01 -5.469539199999999983e+04 2.550000000000000000e+01 5.106000000000000256e-12
0.000000000000000000e+00 -5.469570199999999750e+04 2.600000000000000000e+01 5.106000000000000256e-12
1.340000000000000080e-01 -5.469574500000000262e+04 2.650000000000000000e+01 5.298000000000000245e-12
0.000000000000000000e+00 -5.469587900000000081e+04 2.700000000000000000e+01 5.298000000000000245e-12
3.970000000000000195e-01 -5.469545999999999913e+04 2.750000000000000000e+01 5.325999999999999722e-12
0.000000000000000000e+00 -5.469585599999999977e+04 2.800000000000000000e+01 5.325999999999999722e-12
3.739999999999999991e-01 -5.469550499999999738e+04 2.850000000000000000e+01 6.137999999999999897e-12
0.000000000000000000e+00 -5.469587900000000081e+04 2.900000000000000000e+01 6.137999999999999897e-12
3.280000000000000138e-01 -5.469538900000000285e+04 2.950000000000000000e+01 6.518000000000000297e-12
0.000000000000000000e+00 -5.469571699999999691e+04 3.000000000000000000e+01 6.518000000000000297e-12
2.240000000000000047e-01 -5.469575000000000000e+04 3.050000000000000000e+01 6.521000000000000184e-12
0.000000000000000000e+00 -5.469597400000000198e+04 3.100000000000000000e+01 6.521000000000000184e-12
4.799999999999999822e-01 -5.469523700000000099e+04 3.150000000000000000e+01 7.039999999999999891e-12
0.000000000000000000e+00 -5.469571699999999691e+04 3.200000000000000000e+01 7.039999999999999891e-12
9.559999999999999609e-01 -5.469477199999999721e+04 3.250000000000000000e+01 7.118999999999999857e-12
0.000000000000000000e+00 -5.469572800000000279e+04 3.300000000000000000e+01 7.118999999999999857e-12
3.770000000000000018e-01 -5.469498799999999756e+04 3.350000000000000000e+01 7.239000000000000153e-12
0.000000000000000000e+00 -5.469536499999999796e+04 3.400000000000000000e+01 7.239000000000000153e-12
1.499999999999999944e-02 -5.469571399999999994e+04 3.450000000000000000e+01 7.257999999999999972e-12
0.000000000000000000e+00 -5.469572800000000279e+04 3.500000000000000000e+01 7.257999999999999972e-12
2.399999999999999911e-01 -5.469566000000000349e+04 3.550000000000000000e+01 7.299999999999999995e-12
0.000000000000000000e+00 -5.469590099999999802e+04 3.600000000000000000e+01 7.299999999999999995e-12
4.319999999999999951e-01 -5.469536400000000140e+04 3.650000000000000000e+01 7.681000000000000088e-12
0.000000000000000000e+00 -5.469579600000000210e+04 3.700000000000000000e+01 7.681000000000000088e-12
4.670000000000000262e-01 -5.469534599999999773e+04 3.750000000000000000e+01 7.862000000000000225e-12
0.000000000000000000e+00 -5.469581300000000192e+04 3.800000000000000000e+01 7.862000000000000225e-12
