# t	msd	err
2.347999999999909587e-10 1.659669941862153664e+00 0.000000000000000000e+00
1.589393499999998871e-09 8.320396485428555033e-01 3.396832450370260159e-01
3.516959000000002806e-09 8.291596787524726508e-01 5.863044315323328037e-01
4.750696333333334519e-09 5.527731191683150636e-01 4.513373618296838141e-01
9.762053666666665022e-09 1.658085149154199911e+00 2.107342425544701733e-08
1.627534324999999624e-08 1.529820391869887386e+00 1.332048604396930402e-01
2.823416142857143219e-08 2.458502205483112490e+00 4.143346498057106642e-01
5.159917347826087135e-08 5.152881436300975615e+00 7.172366911943548473e-01
8.824864794117653165e-08 1.197897128266613187e+01 8.008305639126439557e-01
