# t	msd	err
5.000000000000000311e-10 1.969586797758829633e+01 2.278410604564640451e-01
9.999999999999994419e-10 2.000552853246207619e+01 2.304515143024677970e-01
1.500000000000001438e-09 1.999270029079445976e+01 2.234790968498192032e-01
2.499664991624762767e-09 2.046899945211104921e+01 1.322198497775642634e-01
3.999663978494641473e-09 2.105061344061028805e+01 1.336788340142378573e-01
6.248523206751073896e-09 2.194486308083162029e+01 9.543642485344630555e-02
1.024578866768748974e-08 2.340702374135636177e+01 7.614632640611146419e-02
1.624160206718337738e-08 2.551259114727776378e+01 6.642064989990979773e-02
2.572474081883684195e-08 2.867072368759427192e+01 5.329977981050122715e-02
4.093790849673233680e-08 3.343629974958068374e+01 4.661677847461991042e-02
6.483333333333425137e-08 4.021655184841412023e+01 4.124942257145548796e-02
1.025461796809415634e-07 4.980299355822551632e+01 3.747473162848388717e-02
1.618949517446170445e-07 6.254154586530715676e+01 3.483929695244292885e-02
2.542261410788374838e-07 7.854205210580356322e+01 3.167260557851350744e-02
3.784999999999988960e-07 9.401824126394531334e+01 2.996831024716554645e-02
