# t
0.000000000000000000e+00
4.356554100000000237e-11
2.251681600000000069e-10
2.359214800000000252e-10
3.056604599999999886e-10
3.380114500000000012e-10
3.671117499999999757e-10
3.891382800000000022e-10
4.402798799999999861e-10
4.468258500000000178e-10
6.334193900000000439e-10
6.457123999999999756e-10
6.474759900000000468e-10
6.972713799999999563e-10
7.076260000000000336e-10
7.187824900000000011e-10
7.210267399999999957e-10
7.230775100000000222e-10
7.270306500000000220e-10
8.236555999999999697e-10
8.384327500000000172e-10
8.670148400000000409e-10
8.854856600000000121e-10
9.230642500000000263e-10
9.998214399999999698e-10
1.293223300000000025e-09
1.359360400000000074e-09
1.508813700000000025e-09
1.529937700000000086e-09
1.664750600000000052e-09
1.696158399999999969e-09
1.722481699999999954e-09
1.762997699999999900e-09
1.784474900000000054e-09
1.784649400000000051e-09
1.811793599999999913e-09
1.844646599999999986e-09
1.908914499999999964e-09
1.976006999999999957e-09
2.010218199999999956e-09
2.040335699999999878e-09
2.119582899999999927e-09
2.159970500000000094e-09
2.248319300000000136e-09
2.258549600000000102e-09
2.283873799999999860e-09
2.287100599999999872e-09
2.336829000000000182e-09
2.345493200000000124e-09
2.345886799999999861e-09
2.364646799999999908e-09
2.415818900000000102e-09
2.424786700000000043e-09
2.468347400000000062e-09
2.491005599999999904e-09
2.552956299999999898e-09
2.584353099999999824e-09
2.603144499999999954e-09
2.757654500000000075e-09
2.936910300000000038e-09
2.947840500000000187e-09
2.958460599999999920e-09
2.978543499999999807e-09
2.994527199999999933e-09
3.015469499999999975e-09
3.022083899999999972e-09
3.032694399999999954e-09
3.036073799999999806e-09
3.179737500000000053e-09
3.207784099999999922e-09
3.216803999999999927e-09
3.280775100000000007e-09
3.325240500000000145e-09
3.368979199999999830e-09
3.404683999999999903e-09
3.461305999999999876e-09
3.474894900000000095e-09
3.500709200000000160e-09
3.558535499999999804e-09
3.584202099999999935e-09
3.598588199999999921e-09
3.621100099999999863e-09
3.731552200000000290e-09
3.744172399999999841e-09
3.773232399999999739e-09
3.833198799999999988e-09
3.835845199999999860e-09
3.873701100000000322e-09
3.914257999999999864e-09
3.951738399999999742e-09
3.963289400000000088e-09
4.067003599999999614e-09
4.185201699999999697e-09
4.270190899999999993e-09
4.290058899999999619e-09
4.292939499999999701e-09
4.373326300000000302e-09
4.408894300000000194e-09
4.478273900000000090e-09
4.508460200000000023e-09
4.535070099999999758e-09
4.640560499999999694e-09
4.662450100000000201e-09
4.870071899999999692e-09
4.921629300000000285e-09
4.953635399999999638e-09
4.984491599999999704e-09
5.015136700000000305e-09
5.035280200000000071e-09
5.108755600000000299e-09
5.139799499999999814e-09
5.161568099999999800e-09
5.181102099999999663e-09
5.205972099999999805e-09
5.257509399999999782e-09
5.258938000000000229e-09
5.276173000000000119e-09
5.277161600000000100e-09
5.327107299999999782e-09
5.340026999999999679e-09
5.358587600000000270e-09
5.389809700000000341e-09
5.443335999999999906e-09
5.478903200000000370e-09
5.535147600000000330e-09
5.536836600000000240e-09
5.583699699999999968e-09
5.605161399999999731e-09
5.664765999999999627e-09
5.699024399999999782e-09
5.835066100000000197e-09
5.888690200000000333e-09
5.957873000000000360e-09
5.958586100000000201e-09
5.966829500000000007e-09
5.994365699999999716e-09
6.202295299999999717e-09
6.204381699999999749e-09
6.244534999999999675e-09
6.257694699999999976e-09
6.278576000000000012e-09
6.290672699999999777e-09
6.312043700000000405e-09
6.317015899999999695e-09
6.400369099999999605e-09
6.405798599999999912e-09
6.423548400000000123e-09
6.461210700000000083e-09
6.483553400000000268e-09
6.524697299999999986e-09
6.534613400000000297e-09
6.545773200000000017e-09
6.549630100000000295e-09
6.632548099999999615e-09
6.716543099999999799e-09
6.726393799999999942e-09
6.732691099999999773e-09
6.734280400000000162e-09
6.808928200000000231e-09
6.825382100000000110e-09
6.849931399999999766e-09
6.896006199999999670e-09
6.918755499999999601e-09
6.919655000000000131e-09
6.925192500000000123e-09
6.988226699999999744e-09
7.063108099999999833e-09
7.088969700000000086e-09
7.093918700000000251e-09
7.100786800000000057e-09
7.117097799999999878e-09
7.118637200000000077e-09
7.137998100000000181e-09
7.178733500000000375e-09
7.200054700000000018e-09
7.339222300000000128e-09
7.379709499999999785e-09
7.411629399999999784e-09
7.460029899999999900e-09
7.474860599999999337e-09
7.517139800000000305e-09
7.559862400000000341e-09
7.612943800000000360e-09
7.627546499999999909e-09
7.635183100000000672e-09
7.837594800000000311e-09
7.941564399999999361e-09
7.970989900000000791e-09
7.979218500000000015e-09
7.979779000000000016e-09
8.052752099999999771e-09
8.054206500000000170e-09
8.128331799999999945e-09
8.147649000000000181e-09
8.158125799999999729e-09
8.164366700000000606e-09
8.230630200000000623e-09
8.243858200000000362e-09
8.278962100000000378e-09
8.283611300000000102e-09
8.342202699999999619e-09
8.386078199999999898e-09
8.417119900000000366e-09
8.501868900000000194e-09
8.543652100000000216e-09
8.556619999999999761e-09
8.617915499999999345e-09
8.635229999999999762e-09
8.729518199999999697e-09
8.741021500000000554e-09
8.858881400000000361e-09
8.869243199999999646e-09
8.874179699999999963e-09
8.907272899999999263e-09
8.957834199999999966e-09
9.044431600000000058e-09
9.045990700000000746e-09
9.095377799999999379e-09
9.183201099999999824e-09
9.190624900000000581e-09
9.213633899999999752e-09
9.279055199999999305e-09
9.325231500000000132e-09
9.340588200000000152e-09
9.345484899999999362e-09
9.348118200000000021e-09
9.349704399999999422e-09
9.396012799999999344e-09
9.409889200000000634e-09
9.473825599999999992e-09
9.504033699999999430e-09
9.530015800000000045e-09
9.537069300000000221e-09
9.550661100000000124e-09
9.634966699999999230e-09
9.656141399999999322e-09
9.660325299999999614e-09
9.818541599999999570e-09
9.824106800000000120e-09
9.857320499999999782e-09
9.938340400000000366e-09
9.987899899999999361e-09
1.003329300000000033e-08
1.004821400000000043e-08
1.007341699999999919e-08
1.007443599999999976e-08
1.017214100000000031e-08
1.017342300000000035e-08
1.023497099999999936e-08
1.027833199999999941e-08
1.028489900000000001e-08
1.033904000000000031e-08
1.038617900000000031e-08
1.039844800000000040e-08
1.046543499999999944e-08
1.051130100000000061e-08
1.051973300000000016e-08
1.057120899999999962e-08
1.062667199999999947e-08
1.066908600000000039e-08
1.070767200000000033e-08
1.077042300000000066e-08
1.079989699999999935e-08
1.080011900000000064e-08
1.084254299999999979e-08
1.085884999999999999e-08
1.101102600000000015e-08
1.107033500000000011e-08
1.109119300000000017e-08
1.110142700000000007e-08
1.134854600000000044e-08
1.136521000000000030e-08
1.137704099999999973e-08
1.139669899999999942e-08
1.151621999999999934e-08
1.154371300000000017e-08
1.156929500000000063e-08
1.163755799999999945e-08
1.174936299999999977e-08
1.183311499999999942e-08
1.202151599999999962e-08
1.203830200000000031e-08
1.212052199999999964e-08
1.218129499999999976e-08
1.219891999999999989e-08
1.221546600000000018e-08
1.225598599999999954e-08
1.233175500000000050e-08
1.233566700000000014e-08
1.233724000000000030e-08
1.234679799999999978e-08
1.235900000000000002e-08
1.243109300000000047e-08
1.243556000000000002e-08
1.245716700000000060e-08
1.251494500000000057e-08
1.254998700000000070e-08
1.258000400000000043e-08
1.264248800000000003e-08
1.264582100000000039e-08
1.266059200000000065e-08
1.269318999999999926e-08
1.269364899999999999e-08
1.270248099999999966e-08
1.273344199999999922e-08
1.275838099999999985e-08
1.278287499999999925e-08
1.284440800000000009e-08
1.284569299999999943e-08
1.284675400000000016e-08
1.285436400000000071e-08
1.293238799999999920e-08
1.296061699999999973e-08
1.298321899999999985e-08
1.302984700000000074e-08
1.303881099999999947e-08
1.306636700000000052e-08
1.309711500000000001e-08
1.311847200000000032e-08
1.322258799999999971e-08
1.324254799999999971e-08
1.326543200000000040e-08
1.335145700000000000e-08
1.344231200000000072e-08
1.356822600000000037e-08
1.360049200000000068e-08
1.368446800000000060e-08
1.373310500000000001e-08
1.377494700000000057e-08
1.383454500000000002e-08
1.390220700000000081e-08
1.394529899999999949e-08
1.403919199999999918e-08
1.413707299999999958e-08
1.414050799999999937e-08
1.418815699999999981e-08
1.418880399999999926e-08
1.421709100000000008e-08
1.422758399999999982e-08
1.430654400000000055e-08
1.435344099999999951e-08
1.444540999999999965e-08
1.447730699999999979e-08
1.448982399999999953e-08
1.449521500000000080e-08
1.450127100000000064e-08
1.450787200000000050e-08
1.458050400000000071e-08
1.460684100000000031e-08
1.466087399999999927e-08
1.466754899999999956e-08
1.467243899999999994e-08
1.480455999999999959e-08
1.481268199999999958e-08
1.486522500000000002e-08
1.492329699999999941e-08
1.492633100000000041e-08
1.495617099999999997e-08
1.496740700000000164e-08
1.497773899999999970e-08
1.498526399999999963e-08
1.498825099999999889e-08
1.503295699999999921e-08
1.504612100000000006e-08
1.506386499999999842e-08
1.509822299999999889e-08
1.517290900000000038e-08
1.517296899999999966e-08
1.520293299999999904e-08
1.522249799999999886e-08
1.526018699999999906e-08
1.532451899999999879e-08
1.539167499999999876e-08
1.548159800000000016e-08
1.550366900000000142e-08
1.550537299999999867e-08
1.553264399999999987e-08
1.565675099999999922e-08
1.569013600000000055e-08
1.570117200000000133e-08
1.570322500000000064e-08
1.571393500000000008e-08
1.571863700000000009e-08
1.574145699999999857e-08
1.582975799999999909e-08
1.583884800000000159e-08
1.586437499999999941e-08
1.594846099999999965e-08
1.595590099999999896e-08
1.598999999999999958e-08
1.602823000000000018e-08
1.606739799999999870e-08
1.611855400000000038e-08
1.613577799999999842e-08
1.614555300000000090e-08
1.616913199999999979e-08
1.621665300000000079e-08
1.622255399999999919e-08
1.622610299999999893e-08
1.624342200000000078e-08
1.625856999999999879e-08
1.626300600000000004e-08
1.629759200000000040e-08
1.634376100000000055e-08
1.637072499999999984e-08
1.646211399999999872e-08
1.649368300000000019e-08
1.650084199999999926e-08
1.652509600000000156e-08
1.652780599999999854e-08
1.660550400000000065e-08
1.660915000000000152e-08
1.661774200000000079e-08
1.661829899999999967e-08
1.674271300000000093e-08
1.684332300000000106e-08
1.684346900000000128e-08
1.701554100000000089e-08
1.701901399999999956e-08
1.705906400000000130e-08
1.706472100000000134e-08
1.708445200000000113e-08
1.714453000000000139e-08
1.714978499999999901e-08
1.725284200000000162e-08
1.735804600000000042e-08
1.737195400000000021e-08
1.745280899999999951e-08
1.746510300000000096e-08
1.748463500000000018e-08
1.748957800000000092e-08
1.749494200000000020e-08
1.758945000000000071e-08
1.759985799999999984e-08
1.760237500000000147e-08
1.761123700000000078e-08
1.761464899999999985e-08
1.761975900000000088e-08
1.762946899999999919e-08
1.786601799999999843e-08
1.805076599999999883e-08
1.805445399999999987e-08
1.824152499999999962e-08
1.828381300000000009e-08
1.832355900000000087e-08
1.839095099999999997e-08
1.839882100000000069e-08
1.848227400000000098e-08
1.848732000000000146e-08
1.851743000000000106e-08
1.852628599999999845e-08
1.858019099999999962e-08
1.859350799999999961e-08
1.874185500000000011e-08
1.878279799999999865e-08
1.891666000000000072e-08
1.894275199999999998e-08
1.896828000000000142e-08
1.897847200000000117e-08
1.898941599999999910e-08
1.901314399999999917e-08
1.903062199999999876e-08
1.903519899999999863e-08
1.909666500000000128e-08
1.910072200000000083e-08
1.918545100000000090e-08
1.923309100000000013e-08
1.926275099999999855e-08
1.929356999999999917e-08
1.930681000000000108e-08
1.934013499999999982e-08
1.937651700000000029e-08
1.937848300000000164e-08
1.939137899999999978e-08
1.939441200000000046e-08
1.942057800000000014e-08
1.943322999999999990e-08
1.946183599999999984e-08
1.957517300000000048e-08
1.959652500000000084e-08
1.961323199999999951e-08
1.961519299999999927e-08
1.963990300000000135e-08
1.967653300000000146e-08
1.968102700000000134e-08
1.969509699999999982e-08
1.970026599999999981e-08
1.971041800000000004e-08
1.971914499999999932e-08
1.972156399999999950e-08
1.972553300000000077e-08
1.973382900000000163e-08
1.980712900000000136e-08
1.982587400000000118e-08
1.998078199999999872e-08
2.000902499999999874e-08
2.002969099999999880e-08
2.006348599999999848e-08
2.020730400000000117e-08
2.030421600000000039e-08
2.033014400000000031e-08
2.037768400000000075e-08
2.037790699999999904e-08
2.041526700000000024e-08
2.045969300000000064e-08
2.056035500000000081e-08
2.058114800000000165e-08
2.063167200000000039e-08
2.064949600000000109e-08
2.070402499999999934e-08
2.079293200000000113e-08
2.086542699999999903e-08
2.094538700000000089e-08
2.096178099999999904e-08
2.100502499999999985e-08
2.101170000000000014e-08
2.101229999999999950e-08
2.101620399999999990e-08
2.102605700000000078e-08
2.106977299999999984e-08
2.117504999999999875e-08
2.119704799999999990e-08
2.120997699999999863e-08
2.122191800000000004e-08
2.129992400000000107e-08
2.132648500000000093e-08
2.135133600000000163e-08
2.150182800000000099e-08
2.154408799999999915e-08
2.165148399999999856e-08
2.167617799999999885e-08
2.170329600000000090e-08
2.173002999999999966e-08
2.175174399999999962e-08
2.177067200000000152e-08
2.180266599999999950e-08
2.188671699999999851e-08
2.195734999999999842e-08
2.199967300000000012e-08
2.204779199999999983e-08
2.215165100000000002e-08
2.217258700000000012e-08
2.221382700000000070e-08
2.226330900000000146e-08
2.226350300000000043e-08
2.227831999999999881e-08
2.227987999999999979e-08
2.230568099999999892e-08
2.233750000000000067e-08
2.234554400000000061e-08
2.239971600000000086e-08
2.244269600000000023e-08
2.248320900000000067e-08
2.250644700000000005e-08
2.253274599999999911e-08
2.254663399999999913e-08
2.254938299999999862e-08
2.257682300000000075e-08
2.266663700000000050e-08
2.266871300000000053e-08
2.268201100000000107e-08
2.278211799999999968e-08
2.278462100000000016e-08
2.281935899999999935e-08
2.289129400000000071e-08
2.291356900000000082e-08
2.298495000000000095e-08
2.300472500000000154e-08
2.302203400000000020e-08
2.308042499999999870e-08
2.310966799999999986e-08
2.318098199999999848e-08
2.320974200000000118e-08
2.323310199999999975e-08
2.323994700000000129e-08
2.324157300000000014e-08
2.334009000000000144e-08
2.334097299999999837e-08
2.341986299999999994e-08
2.342758700000000044e-08
2.343358499999999999e-08
2.344100800000000050e-08
2.346564000000000087e-08
2.349183000000000158e-08
2.354396999999999930e-08
2.359379099999999893e-08
2.359711600000000006e-08
2.362765500000000075e-08
2.371848099999999884e-08
2.372436400000000143e-08
2.376410299999999999e-08
2.376828099999999840e-08
2.380574900000000094e-08
2.385311200000000121e-08
2.385870199999999974e-08
2.386076799999999988e-08
2.391408000000000062e-08
2.393961200000000003e-08
2.395218999999999936e-08
2.398827500000000110e-08
2.401097099999999976e-08
2.405874599999999901e-08
2.408370099999999978e-08
2.411213099999999985e-08
2.412464799999999959e-08
2.412652200000000140e-08
2.415846199999999871e-08
2.417415200000000075e-08
2.420804000000000029e-08
2.421744300000000000e-08
2.422813700000000095e-08
2.423502800000000061e-08
2.430216500000000114e-08
2.436147999999999971e-08
2.448485700000000128e-08
2.450096799999999856e-08
2.451527800000000076e-08
2.469951400000000008e-08
2.470222500000000069e-08
2.473459499999999941e-08
2.476885499999999842e-08
2.476990300000000162e-08
2.487656499999999866e-08
2.489150800000000081e-08
2.496765999999999978e-08
2.501052900000000017e-08
2.505836299999999837e-08
2.505896799999999932e-08
2.509417100000000115e-08
2.514583000000000104e-08
2.516633199999999846e-08
2.518390499999999856e-08
2.520094099999999953e-08
2.520817699999999998e-08
2.521461999999999911e-08
2.531619900000000042e-08
2.531975699999999971e-08
2.532074400000000001e-08
2.533366100000000153e-08
2.544778699999999891e-08
2.544905299999999881e-08
2.545852199999999970e-08
2.550371700000000039e-08
2.556820700000000085e-08
2.557729399999999909e-08
2.562530899999999874e-08
2.565774000000000036e-08
2.580109699999999838e-08
2.582758799999999909e-08
2.583081699999999939e-08
2.598557000000000046e-08
2.600238800000000143e-08
2.600625199999999900e-08
2.604736599999999912e-08
2.609410699999999963e-08
2.610108099999999928e-08
2.613698599999999989e-08
2.617351600000000121e-08
2.617855399999999914e-08
2.620428800000000008e-08
2.623589899999999839e-08
2.625488100000000096e-08
2.628686499999999906e-08
2.634841000000000042e-08
2.640131199999999950e-08
2.643896899999999942e-08
2.644060100000000019e-08
2.654205699999999869e-08
2.654999999999999951e-08
2.655248999999999916e-08
2.656273699999999990e-08
2.659053700000000098e-08
2.661468100000000131e-08
2.666795299999999922e-08
2.681291299999999869e-08
2.681369499999999981e-08
2.681843200000000105e-08
2.682356800000000044e-08
2.688828500000000048e-08
2.690656099999999968e-08
2.693567000000000114e-08
2.695796899999999898e-08
2.698846699999999984e-08
2.702531800000000091e-08
2.708117900000000025e-08
2.709947100000000124e-08
2.721765000000000020e-08
2.722104099999999920e-08
2.722677500000000062e-08
2.730440999999999919e-08
2.734123799999999955e-08
2.748033900000000076e-08
2.755527100000000126e-08
2.759728999999999870e-08
2.760260200000000125e-08
2.763900100000000052e-08
2.780614400000000055e-08
2.782236700000000044e-08
2.794266099999999862e-08
2.797252100000000124e-08
2.797915100000000042e-08
2.798160000000000024e-08
2.798574300000000072e-08
2.801004400000000147e-08
2.806870199999999905e-08
2.813895399999999994e-08
2.814946100000000084e-08
2.818129400000000044e-08
2.819106799999999929e-08
2.822511499999999989e-08
2.827034699999999914e-08
2.827626299999999901e-08
2.830538500000000131e-08
2.833581099999999907e-08
2.842321400000000119e-08
2.842599300000000032e-08
2.843851500000000165e-08
2.854671000000000099e-08
2.855295800000000082e-08
2.864885500000000074e-08
2.866054100000000028e-08
2.874484600000000085e-08
2.876291299999999960e-08
2.876371999999999877e-08
2.876911500000000132e-08
2.879315200000000062e-08
2.879451999999999995e-08
2.887286600000000016e-08
2.891969499999999895e-08
2.893430500000000082e-08
2.894382200000000047e-08
2.901578700000000147e-08
2.902577599999999938e-08
2.903480499999999898e-08
2.908551500000000076e-08
2.911045299999999942e-08
2.911442799999999929e-08
2.912313000000000053e-08
2.916823900000000028e-08
2.917168999999999855e-08
2.920255500000000060e-08
2.921207099999999993e-08
2.924106899999999908e-08
2.926654600000000082e-08
2.933453899999999959e-08
2.933542099999999950e-08
2.939779700000000107e-08
2.943779700000000010e-08
2.949014999999999954e-08
2.949220100000000152e-08
2.956493199999999855e-08
2.960526600000000148e-08
2.961304199999999871e-08
2.968515299999999993e-08
2.980178300000000141e-08
2.982760699999999795e-08
2.987497800000000077e-08
2.987759699999999852e-08
2.989038200000000098e-08
3.000828999999999957e-08
3.002735699999999946e-08
3.013024099999999987e-08
3.013025299999999708e-08
3.013293899999999965e-08
3.014659800000000277e-08
3.014866399999999961e-08
3.016198399999999724e-08
3.018691400000000328e-08
3.019747699999999887e-08
3.022423999999999695e-08
3.024119499999999857e-08
3.030369800000000092e-08
3.035127600000000023e-08
3.035903100000000069e-08
3.040453999999999890e-08
3.051307899999999871e-08
3.051660299999999709e-08
3.051891999999999784e-08
3.060747499999999992e-08
3.060905599999999766e-08
3.065351499999999865e-08
3.065721599999999721e-08
3.076578000000000168e-08
3.081929499999999764e-08
3.086361499999999734e-08
3.095527900000000117e-08
3.095785199999999750e-08
3.098169400000000082e-08
3.101437000000000113e-08
3.104223200000000212e-08
3.104979399999999730e-08
3.107630000000000279e-08
3.114337200000000246e-08
3.118060199999999862e-08
3.122579100000000070e-08
3.128793699999999843e-08
3.129647500000000033e-08
3.129703099999999890e-08
3.135396800000000043e-08
3.136477700000000165e-08
3.139686999999999810e-08
3.140372199999999856e-08
3.143234599999999762e-08
3.145937799999999873e-08
3.147438300000000079e-08
3.155587099999999673e-08
3.163728599999999919e-08
3.164805000000000260e-08
3.168825600000000113e-08
3.175984900000000266e-08
3.176969400000000099e-08
3.177272699999999837e-08
3.180248500000000156e-08
3.183506400000000073e-08
3.188325500000000024e-08
3.190298300000000239e-08
3.194034500000000092e-08
3.195868600000000099e-08
3.201088300000000033e-08
3.202739199999999875e-08
3.204694300000000072e-08
3.207974799999999914e-08
3.212702099999999719e-08
3.223319500000000079e-08
3.227037000000000258e-08
3.229437599999999862e-08
3.231573999999999950e-08
3.236381599999999874e-08
3.238178000000000106e-08
3.245012099999999827e-08
3.245686199999999975e-08
3.254778899999999695e-08
3.255165400000000146e-08
3.256407099999999910e-08
3.263815899999999857e-08
3.265499899999999993e-08
3.265848200000000179e-08
3.273265600000000220e-08
3.275052899999999867e-08
3.276498000000000280e-08
3.283307900000000228e-08
3.287066700000000006e-08
3.291704300000000002e-08
3.299361499999999722e-08
3.300141799999999974e-08
3.306727499999999922e-08
3.308356699999999795e-08
3.309695899999999868e-08
3.310418600000000288e-08
3.312495399999999906e-08
3.313689600000000079e-08
3.319577900000000062e-08
3.323327399999999853e-08
3.335439499999999895e-08
3.336777899999999713e-08
3.339535000000000132e-08
3.356369900000000197e-08
3.356638200000000028e-08
3.357975899999999954e-08
3.358257899999999850e-08
3.358718400000000068e-08
3.372184100000000140e-08
3.373438899999999779e-08
3.373990599999999952e-08
3.378358100000000206e-08
3.378768299999999941e-08
3.379235200000000213e-08
3.379540200000000162e-08
3.381116700000000110e-08
3.384793500000000219e-08
3.399868199999999681e-08
3.405141500000000157e-08
3.410047600000000048e-08
3.410453099999999939e-08
3.415461499999999683e-08
3.421402300000000189e-08
3.428167999999999943e-08
3.430965900000000133e-08
3.431398699999999792e-08
3.439813000000000310e-08
3.445216700000000002e-08
3.445353200000000170e-08
3.448602599999999694e-08
3.451870999999999980e-08
3.452104200000000202e-08
3.457532200000000031e-08
3.460521499999999691e-08
3.461690699999999836e-08
3.463106899999999970e-08
3.471451899999999904e-08
3.472341800000000021e-08
3.477951800000000294e-08
3.479797799999999793e-08
3.484564899999999712e-08
3.488502199999999811e-08
3.489319900000000074e-08
3.492312600000000156e-08
3.495472200000000171e-08
3.517611499999999708e-08
3.518158099999999909e-08
3.520749700000000180e-08
3.521172400000000260e-08
3.541168100000000061e-08
3.543685499999999839e-08
3.543873199999999785e-08
3.544740900000000104e-08
3.546824099999999777e-08
3.553271399999999944e-08
3.563426300000000111e-08
3.571416300000000039e-08
3.574503000000000307e-08
3.574916799999999866e-08
3.582770300000000287e-08
3.593861799999999907e-08
3.609767700000000296e-08
3.610189100000000292e-08
3.628297800000000097e-08
3.628617600000000132e-08
3.633097699999999883e-08
3.635762800000000092e-08
3.636949199999999764e-08
3.638022300000000046e-08
3.640673300000000061e-08
3.643278399999999672e-08
3.643793200000000325e-08
3.644532200000000316e-08
3.654456200000000001e-08
3.656249899999999703e-08
3.659805199999999793e-08
3.660994200000000295e-08
3.662243000000000006e-08
3.664530500000000284e-08
3.680413699999999723e-08
3.682071799999999875e-08
3.684333099999999741e-08
3.689097100000000326e-08
3.689627000000000167e-08
3.692778600000000279e-08
3.694325799999999820e-08
3.694867099999999986e-08
3.695828900000000193e-08
3.696039000000000000e-08
3.704835600000000292e-08
3.713616299999999817e-08
3.721762000000000077e-08
3.724257699999999887e-08
3.729773999999999739e-08
3.731281300000000127e-08
3.731329199999999846e-08
3.736985299999999925e-08
3.743426899999999929e-08
3.747815400000000260e-08
3.758809299999999869e-08
3.762641200000000120e-08
3.763683099999999721e-08
3.766976500000000035e-08
3.780883199999999735e-08
3.782983000000000067e-08
3.783564400000000112e-08
3.785519399999999947e-08
3.790703899999999909e-08
3.791633600000000140e-08
3.792662100000000102e-08
3.795918200000000107e-08
3.797904100000000196e-08
3.799237400000000043e-08
3.807676899999999991e-08
3.814655400000000082e-08
3.817098199999999904e-08
3.817504500000000049e-08
3.830541099999999988e-08
3.834692699999999909e-08
3.836506300000000330e-08
3.837321199999999700e-08
3.841267000000000194e-08
3.842350899999999948e-08
3.843008899999999927e-08
3.843981699999999669e-08
3.845086299999999736e-08
3.846476700000000248e-08
3.847934899999999874e-08
3.860298100000000219e-08
3.867839300000000019e-08
3.869700699999999795e-08
3.872110800000000111e-08
3.893351899999999863e-08
3.896789699999999886e-08
3.908120000000000190e-08
3.910578299999999989e-08
3.916968399999999789e-08
3.918171299999999758e-08
3.938260799999999681e-08
3.948240700000000312e-08
3.950840400000000187e-08
3.953928599999999940e-08
3.957632299999999690e-08
3.959231400000000225e-08
3.961000500000000026e-08
3.968647299999999740e-08
3.968818399999999688e-08
3.969728199999999862e-08
3.971733300000000116e-08
3.973540299999999756e-08
3.976329300000000086e-08
3.980674100000000052e-08
3.992082899999999902e-08
3.993272299999999869e-08
4.000983500000000259e-08
4.005711600000000319e-08
4.010109899999999803e-08
4.014141200000000089e-08
4.014150399999999713e-08
4.014311899999999909e-08
4.016057299999999765e-08
4.021456600000000040e-08
4.024528100000000095e-08
4.026372899999999874e-08
4.027069700000000309e-08
4.028248899999999672e-08
4.029209799999999922e-08
4.033415500000000215e-08
4.038739400000000278e-08
4.048274900000000198e-08
4.055269600000000159e-08
4.061283800000000240e-08
4.064115400000000253e-08
4.071803899999999693e-08
4.077504600000000093e-08
4.079369499999999992e-08
4.082091599999999842e-08
4.083292099999999708e-08
4.084680500000000244e-08
4.087049400000000000e-08
4.097944600000000242e-08
4.115007300000000132e-08
4.117541000000000143e-08
4.118499500000000291e-08
4.119068399999999991e-08
4.138477999999999903e-08
4.146809899999999962e-08
4.148841800000000156e-08
4.150331300000000164e-08
4.150671500000000084e-08
4.151242399999999760e-08
4.153278400000000269e-08
4.162657299999999900e-08
4.183659900000000057e-08
4.184632100000000270e-08
4.189525499999999751e-08
4.192654000000000109e-08
4.200384100000000238e-08
4.215659400000000118e-08
4.231784100000000108e-08
4.234430099999999853e-08
4.238878899999999884e-08
4.240856800000000070e-08
4.263317199999999725e-08
4.265823100000000139e-08
4.275679799999999879e-08
4.275794400000000014e-08
4.286571499999999997e-08
4.289839700000000220e-08
4.293618199999999991e-08
4.294960099999999932e-08
4.298031500000000286e-08
4.298692200000000133e-08
4.302495600000000232e-08
4.303455199999999737e-08
4.312041500000000158e-08
4.317118400000000232e-08
4.317884400000000227e-08
4.322172399999999954e-08
4.324689299999999905e-08
4.325983900000000319e-08
4.331197999999999791e-08
4.339161199999999779e-08
4.340005000000000090e-08
4.343448699999999678e-08
4.348359700000000138e-08
4.353373699999999682e-08
4.356049800000000088e-08
4.357980100000000321e-08
4.365898999999999752e-08
4.376201200000000222e-08
4.380927199999999943e-08
4.388015499999999962e-08
4.395661200000000318e-08
4.395991900000000187e-08
4.399506300000000144e-08
4.400181899999999777e-08
4.401325899999999830e-08
4.402028399999999766e-08
4.412074399999999961e-08
4.413734799999999853e-08
4.416540900000000010e-08
4.416746599999999737e-08
4.419492800000000321e-08
4.424892200000000297e-08
4.425556400000000267e-08
4.431754199999999978e-08
4.432476399999999908e-08
4.432477699999999991e-08
4.446711499999999736e-08
4.447181099999999877e-08
4.449244000000000027e-08
4.449497800000000198e-08
4.452127600000000072e-08
4.452163600000000299e-08
4.462147500000000219e-08
4.462175299999999816e-08
4.462214600000000102e-08
4.463112700000000186e-08
4.466497899999999985e-08
4.469197300000000208e-08
4.474453500000000197e-08
4.485508199999999997e-08
4.486839499999999869e-08
4.492320799999999813e-08
4.502919000000000009e-08
4.505159899999999991e-08
4.509356699999999763e-08
4.514593799999999949e-08
4.516678800000000196e-08
4.518510300000000036e-08
4.518513300000000330e-08
4.520194100000000108e-08
4.520833999999999942e-08
4.521811199999999763e-08
4.524784399999999916e-08
4.531161199999999778e-08
4.533524800000000160e-08
4.535875799999999835e-08
4.536339400000000048e-08
4.538296700000000285e-08
4.540756599999999933e-08
4.544752500000000183e-08
4.556088299999999924e-08
4.557688200000000052e-08
4.559883799999999821e-08
4.567788599999999721e-08
4.572494999999999811e-08
4.577741600000000048e-08
4.592993600000000111e-08
4.602799199999999774e-08
4.610865899999999998e-08
4.612122599999999911e-08
4.612663799999999715e-08
4.615228499999999682e-08
4.615333599999999767e-08
4.616076599999999710e-08
4.616759599999999716e-08
4.617579299999999955e-08
4.623056500000000247e-08
4.645468399999999993e-08
4.647149199999999770e-08
4.647585700000000279e-08
4.649614099999999688e-08
4.654867999999999936e-08
4.655754500000000293e-08
4.662661800000000187e-08
4.684591899999999873e-08
4.686657099999999764e-08
4.687600200000000296e-08
4.692904200000000302e-08
4.698803200000000055e-08
4.701796500000000329e-08
4.704874100000000012e-08
4.707268899999999753e-08
4.708952299999999697e-08
4.709667099999999915e-08
4.710397899999999939e-08
4.714421099999999959e-08
4.717729400000000060e-08
4.721869799999999720e-08
4.723066600000000061e-08
4.731908200000000139e-08
4.733172699999999892e-08
4.736166700000000058e-08
4.736597100000000276e-08
4.743240100000000291e-08
4.745339600000000197e-08
4.746859000000000141e-08
4.749670599999999734e-08
4.751957899999999948e-08
4.756888900000000166e-08
4.757047699999999833e-08
4.766618399999999724e-08
4.768082599999999939e-08
4.775285700000000158e-08
4.781080299999999720e-08
4.781345500000000216e-08
4.782461600000000309e-08
4.785581400000000210e-08
4.786502100000000219e-08
4.786885299999999949e-08
4.789750399999999723e-08
4.800900799999999920e-08
4.813074899999999873e-08
4.820678300000000310e-08
4.834823300000000203e-08
4.838013599999999747e-08
4.841253499999999882e-08
4.846474400000000198e-08
4.852152599999999712e-08
4.855339900000000285e-08
4.856900300000000064e-08
4.857932300000000149e-08
4.873326800000000307e-08
4.878450700000000143e-08
4.886819100000000256e-08
4.895502799999999962e-08
4.898420099999999832e-08
4.906402299999999920e-08
4.914137200000000255e-08
4.917930500000000112e-08
4.920181100000000208e-08
4.921010600000000262e-08
4.921958800000000103e-08
4.925669799999999864e-08
4.933067299999999848e-08
4.940218800000000162e-08
4.950166800000000219e-08
4.950739899999999935e-08
4.951342300000000057e-08
4.954821799999999807e-08
4.957040000000000162e-08
4.957210000000000090e-08
4.959756799999999976e-08
4.962148699999999785e-08
4.970697200000000068e-08
4.978970499999999976e-08
4.984338400000000168e-08
4.991644199999999706e-08
4.996419700000000317e-08
4.999502899999999800e-08
5.001644199999999796e-08
5.003710800000000133e-08
5.007227000000000001e-08
5.014349499999999673e-08
5.021129499999999685e-08
5.022850400000000003e-08
5.026218299999999913e-08
5.028072000000000212e-08
5.034275099999999959e-08
5.034866499999999883e-08
5.056155500000000015e-08
5.059958099999999859e-08
5.070966899999999917e-08
5.077239300000000248e-08
5.084189700000000315e-08
5.084533099999999931e-08
5.090289400000000188e-08
5.091612200000000327e-08
5.094254600000000248e-08
5.095978399999999836e-08
5.098465199999999786e-08
5.098627500000000238e-08
5.102932200000000325e-08
5.122178000000000300e-08
5.126173499999999762e-08
5.130315299999999869e-08
5.142729000000000098e-08
5.147471300000000052e-08
5.147625399999999875e-08
5.153153500000000180e-08
5.156020199999999801e-08
5.163294399999999855e-08
5.164725400000000074e-08
5.167922499999999801e-08
5.171479599999999803e-08
5.172882400000000297e-08
5.175744800000000203e-08
5.177990100000000263e-08
5.178217700000000024e-08
5.183150399999999791e-08
5.189480800000000082e-08
5.189935100000000308e-08
5.190781599999999826e-08
5.200190899999999883e-08
5.202160100000000274e-08
5.206756100000000244e-08
5.210345399999999923e-08
5.218996400000000124e-08
5.220404099999999865e-08
5.225953999999999839e-08
5.226027899999999905e-08
5.227874800000000022e-08
5.234014399999999710e-08
5.236571299999999838e-08
5.237214199999999966e-08
5.240365699999999714e-08
5.243288100000000217e-08
5.243919300000000255e-08
5.250759500000000266e-08
5.256105600000000126e-08
5.259738699999999871e-08
5.263133300000000019e-08
5.268821500000000074e-08
5.269042199999999951e-08
5.277067599999999914e-08
5.280667600000000026e-08
5.284326099999999926e-08
5.288590099999999943e-08
5.289557299999999886e-08
5.290288200000000273e-08
5.292488900000000013e-08
5.293161700000000077e-08
5.293796099999999811e-08
5.297002100000000059e-08
5.303632000000000199e-08
5.304995199999999982e-08
5.306117000000000238e-08
5.307969599999999856e-08
5.310448800000000030e-08
5.311303900000000304e-08
5.315180000000000085e-08
5.319132699999999800e-08
5.320618599999999984e-08
5.334723000000000170e-08
5.335398700000000166e-08
5.343474100000000185e-08
5.343725800000000018e-08
5.349607800000000308e-08
5.350370599999999945e-08
5.351364500000000127e-08
5.357459599999999857e-08
5.360352000000000061e-08
5.362727999999999764e-08
5.367430199999999839e-08
5.369017799999999686e-08
5.369496699999999814e-08
5.372147600000000128e-08
5.383109399999999762e-08
5.384336300000000102e-08
5.395505899999999803e-08
5.400790500000000242e-08
5.402858699999999765e-08
5.406073900000000298e-08
5.414534799999999789e-08
5.416946000000000125e-08
5.423174400000000326e-08
5.430516499999999856e-08
5.433121800000000192e-08
5.445782800000000175e-08
5.461553400000000117e-08
5.464022299999999986e-08
5.466142399999999841e-08
5.466616299999999698e-08
5.481532499999999920e-08
5.482024499999999922e-08
5.485396700000000210e-08
5.492934300000000186e-08
5.507322900000000307e-08
5.509258200000000148e-08
5.512920200000000171e-08
5.513355399999999934e-08
5.517823600000000194e-08
5.518543800000000148e-08
5.521503599999999999e-08
5.522496899999999990e-08
5.523397299999999815e-08
5.529264900000000147e-08
5.534536100000000285e-08
5.537867100000000012e-08
5.539651499999999727e-08
5.541610700000000239e-08
5.544072199999999735e-08
5.547505099999999850e-08
5.550690399999999785e-08
5.552682000000000037e-08
5.558652100000000287e-08
5.558722599999999930e-08
5.564096399999999687e-08
5.565158499999999772e-08
5.566053499999999860e-08
5.573008999999999899e-08
5.574699600000000154e-08
5.574747299999999808e-08
5.578194900000000308e-08
5.578960799999999940e-08
5.582476999999999809e-08
5.585141800000000252e-08
5.591521399999999683e-08
5.593848999999999839e-08
5.595801000000000041e-08
5.596839900000000009e-08
5.601597900000000005e-08
5.603755899999999699e-08
5.609743200000000138e-08
5.632277499999999858e-08
5.632301500000000229e-08
5.636763600000000199e-08
5.638807599999999949e-08
5.642356099999999857e-08
5.647019500000000137e-08
5.658434799999999743e-08
5.661455700000000211e-08
5.668196399999999938e-08
5.670068500000000147e-08
5.670737600000000024e-08
5.671671899999999736e-08
5.675162999999999875e-08
5.677453899999999913e-08
5.681158699999999683e-08
5.681860199999999962e-08
5.685320899999999675e-08
5.689892600000000171e-08
5.698098800000000196e-08
5.700942499999999765e-08
5.703905999999999804e-08
5.712415500000000228e-08
5.715436499999999736e-08
5.719790799999999753e-08
5.721328299999999842e-08
5.721987199999999776e-08
5.722101599999999848e-08
5.722956700000000121e-08
5.724028600000000021e-08
5.728014899999999859e-08
5.733352999999999816e-08
5.733403600000000064e-08
5.734388599999999725e-08
5.740224799999999974e-08
5.741918199999999798e-08
5.743485300000000058e-08
5.744597999999999729e-08
5.744935100000000315e-08
5.745241799999999813e-08
5.745903400000000277e-08
5.747185199999999920e-08
5.749759300000000237e-08
5.752894699999999817e-08
5.757180700000000230e-08
5.759916000000000316e-08
5.763462800000000013e-08
5.764157999999999938e-08
5.765037399999999686e-08
5.772485400000000217e-08
5.773884000000000035e-08
5.780270299999999947e-08
5.791930000000000037e-08
5.792998900000000304e-08
5.794501399999999824e-08
5.795630500000000090e-08
5.802338800000000076e-08
5.803565199999999926e-08
5.810108800000000019e-08
5.814430300000000168e-08
5.827756200000000014e-08
5.847066800000000131e-08
5.852403199999999877e-08
5.853269299999999686e-08
5.855063900000000006e-08
5.857790699999999699e-08
5.858825500000000015e-08
5.860976000000000296e-08
5.861833099999999884e-08
5.865005999999999837e-08
5.876783100000000292e-08
5.878632599999999915e-08
5.886563699999999927e-08
5.898163600000000144e-08
5.898407100000000010e-08
5.898451599999999968e-08
5.902156399999999738e-08
5.904095199999999702e-08
5.904993800000000276e-08
5.911679899999999803e-08
5.915868800000000035e-08
5.929264500000000293e-08
5.935073699999999876e-08
5.937495699999999684e-08
5.944691900000000020e-08
5.949318299999999754e-08
5.951096799999999905e-08
5.964377800000000327e-08
5.967933399999999520e-08
5.979033899999999362e-08
6.002930199999999806e-08
6.004680299999999506e-08
6.005446000000000398e-08
6.006672099999999822e-08
6.013096600000000661e-08
6.021571600000000345e-08
6.025856199999999650e-08
6.028506300000000371e-08
6.032408199999999774e-08
6.044458799999999732e-08
6.047238300000000012e-08
6.069096299999999545e-08
6.071411999999999548e-08
6.074378400000000180e-08
6.075417500000000212e-08
6.082185500000000369e-08
6.085992400000000591e-08
6.088826900000000536e-08
6.096514799999999785e-08
6.101208499999999466e-08
6.103569099999999554e-08
6.114117900000000547e-08
6.116822800000000207e-08
6.116990899999999861e-08
6.121207300000000586e-08
6.123661099999999944e-08
6.123714200000000658e-08
6.135431600000000281e-08
6.137025600000000182e-08
6.145214499999999655e-08
6.148092600000000264e-08
6.148204600000000232e-08
6.149976799999999367e-08
6.151830800000000093e-08
6.152030699999999957e-08
6.155999099999999714e-08
6.158851899999999867e-08
6.159884399999999781e-08
6.162488999999999563e-08
6.164362300000000155e-08
6.166504199999999680e-08
6.170570600000000235e-08
6.175310199999999659e-08
6.184243800000000610e-08
6.186181500000000554e-08
6.188437700000000450e-08
6.194328100000000109e-08
6.203154600000000337e-08
6.209925699999999828e-08
6.211613799999999617e-08
6.215760800000000057e-08
6.215985799999999651e-08
6.217764700000000591e-08
6.221256099999999833e-08
6.240634999999999554e-08
6.251008600000000284e-08
6.253288500000000124e-08
6.254320899999999675e-08
6.262624899999999774e-08
6.269991599999999866e-08
6.273800499999999401e-08
6.277373800000000597e-08
6.278581199999999685e-08
6.284411899999999835e-08
6.284834600000000576e-08
6.288445199999999435e-08
6.295090000000000024e-08
6.301312600000000362e-08
6.302243099999999524e-08
6.303430299999999451e-08
6.305202200000000145e-08
6.307872799999999791e-08
6.310447099999999509e-08
6.321094700000000233e-08
6.322987900000000219e-08
6.327658499999999486e-08
6.329484000000000060e-08
6.330663099999999722e-08
6.333370599999999549e-08
6.334623000000000408e-08
6.336905800000000180e-08
6.340245000000000536e-08
6.345363800000000401e-08
6.358041399999999720e-08
6.359045399999999482e-08
6.359494100000000571e-08
6.362370599999999346e-08
6.363134999999999492e-08
6.367998099999999573e-08
6.377353100000000519e-08
6.385963100000000223e-08
6.391241800000000436e-08
6.396589700000000208e-08
6.402148300000000640e-08
6.403666300000000138e-08
6.404800099999999587e-08
6.407318200000000581e-08
6.412556099999999699e-08
6.422738800000000126e-08
6.422950400000000080e-08
6.425139500000000092e-08
6.429074599999999491e-08
6.430436599999999553e-08
6.437337099999999926e-08
6.438540599999999425e-08
6.439198199999999938e-08
6.439942900000000091e-08
6.442830700000000152e-08
6.444206099999999854e-08
6.446280199999999604e-08
6.450340599999999570e-08
6.451864199999999530e-08
6.455258300000000512e-08
6.455352100000000634e-08
6.461069900000000198e-08
6.461171599999999861e-08
6.468532399999999727e-08
6.469868099999999677e-08
6.473859300000000084e-08
6.477393000000000568e-08
6.481823799999999493e-08
6.483881500000000633e-08
6.502274099999999947e-08
6.508399099999999613e-08
6.511068600000000562e-08
6.512903099999999374e-08
6.519973400000000273e-08
6.520223199999999831e-08
6.523283199999999860e-08
6.523703600000000199e-08
6.524829600000000470e-08
6.529840299999999955e-08
6.532936200000000509e-08
6.533623500000000232e-08
6.542501800000000429e-08
6.543469000000000371e-08
6.557446499999999478e-08
6.566596899999999393e-08
6.567565599999999483e-08
6.568916399999999946e-08
6.570674599999999912e-08
6.579326499999999407e-08
6.582961999999999916e-08
6.584470100000000560e-08
6.592787299999999572e-08
6.600915499999999879e-08
6.605066500000000272e-08
6.615946600000000001e-08
6.615951100000000443e-08
6.616311500000000185e-08
6.620632100000000377e-08
6.620839600000000017e-08
6.636454100000000160e-08
6.639838999999999533e-08
6.648386299999999434e-08
6.655604899999999630e-08
6.656189699999999436e-08
6.658454699999999490e-08
6.685753300000000221e-08
6.690620800000000380e-08
6.691079499999999362e-08
6.697144899999999882e-08
6.697774800000000498e-08
6.701701499999999866e-08
6.710625400000000040e-08
6.712736800000000100e-08
6.717585800000000648e-08
6.720752900000000076e-08
6.744941199999999633e-08
6.745205799999999939e-08
6.746828899999999521e-08
6.769019600000000223e-08
6.777185199999999879e-08
6.778703299999999740e-08
6.781484000000000402e-08
6.786641399999999998e-08
6.788059899999999872e-08
6.796939700000000216e-08
6.798397499999999715e-08
6.799201500000000574e-08
6.803946199999999969e-08
6.807911900000000519e-08
6.811618599999999902e-08
6.813834699999999919e-08
6.818840699999999560e-08
6.820483299999999734e-08
6.821843200000000119e-08
6.825011799999999694e-08
6.830686400000000046e-08
6.842900100000000049e-08
6.846696000000000073e-08
6.853582200000000189e-08
6.854002100000000038e-08
6.856389999999999895e-08
6.856612799999999449e-08
6.864547500000000608e-08
6.867248999999999847e-08
6.870760100000000405e-08
6.871772699999999600e-08
6.872238999999999682e-08
6.872861600000000287e-08
6.874668800000000653e-08
6.875462499999999882e-08
6.875593200000000187e-08
6.876480699999999539e-08
6.877877600000000469e-08
6.878286200000000355e-08
6.883712600000000336e-08
6.892500499999999509e-08
6.894481500000000352e-08
6.897756199999999669e-08
6.902447799999999673e-08
6.903244800000000286e-08
6.913759800000000430e-08
6.914247900000000182e-08
6.914489999999999601e-08
6.923728500000000137e-08
6.935953500000000103e-08
6.938599299999999784e-08
6.940038700000000034e-08
6.941186300000000573e-08
6.942912599999999966e-08
6.944805699999999590e-08
6.945839500000000249e-08
6.946774499999999853e-08
6.948726200000000290e-08
6.956700099999999387e-08
6.960844799999999425e-08
6.961182200000000438e-08
6.966948700000000637e-08
6.968382599999999465e-08
6.970370200000000427e-08
6.977161200000000637e-08
6.981178900000000558e-08
6.984049800000000195e-08
6.990033000000000319e-08
6.991470600000000658e-08
6.993775700000000590e-08
6.995653900000000428e-08
6.998063799999999357e-08
7.001348699999999939e-08
7.003959700000000438e-08
7.004665899999999900e-08
7.007796699999999998e-08
7.010303700000000432e-08
7.011121399999999371e-08
7.038401699999999894e-08
7.038763199999999655e-08
7.040044999999999960e-08
7.045497199999999562e-08
7.048928999999999658e-08
7.049769500000000571e-08
7.058130199999999884e-08
7.058348699999999722e-08
7.059755000000000340e-08
7.063477399999999764e-08
7.063583599999999869e-08
7.065194900000000322e-08
7.079683299999999831e-08
7.084887399999999425e-08
7.098831500000000458e-08
7.103236399999999399e-08
7.103641499999999824e-08
7.104239499999999867e-08
7.109437799999999597e-08
7.115777900000000002e-08
7.119892299999999977e-08
7.125552199999999944e-08
7.126644799999999494e-08
7.132325800000000562e-08
7.141632099999999550e-08
7.149363100000000296e-08
7.150200500000000552e-08
7.159258100000000002e-08
7.161669100000000274e-08
7.171465300000000249e-08
7.174137299999999679e-08
7.177578599999999825e-08
7.178779199999999392e-08
7.180514799999999433e-08
7.181010500000000284e-08
7.184579400000000077e-08
7.184804799999999798e-08
7.185945100000000326e-08
7.187174899999999936e-08
7.187863200000000640e-08
7.194689299999999796e-08
7.195077099999999669e-08
7.198416400000000388e-08
7.199062999999999379e-08
7.199544100000000208e-08
7.203689299999999413e-08
7.205937199999999641e-08
7.212629500000000482e-08
7.215887399999999737e-08
7.216156999999999651e-08
7.217950400000000250e-08
7.221372300000000168e-08
7.221428699999999618e-08
7.223023000000000608e-08
7.227694400000000129e-08
7.228373899999999351e-08
7.237204399999999531e-08
7.239721400000000505e-08
7.242090499999999663e-08
7.242754300000000167e-08
7.251128099999999355e-08
7.252034799999999533e-08
7.253312800000000612e-08
7.255322300000000283e-08
7.259154099999999509e-08
7.259444800000000524e-08
7.261886300000000262e-08
7.263842200000000052e-08
7.265953499999999749e-08
7.272889000000000030e-08
7.279101300000000062e-08
7.280445699999999808e-08
7.293274600000000043e-08
7.294708799999999959e-08
7.302596900000000161e-08
7.308344500000000622e-08
7.309617599999999807e-08
7.311882400000000459e-08
7.313916999999999860e-08
7.325624400000000265e-08
7.332199800000000569e-08
7.333859800000000334e-08
7.334323699999999650e-08
7.335238099999999967e-08
7.336459700000000272e-08
7.337279799999999977e-08
7.343750200000000559e-08
7.347073600000000510e-08
7.358033799999999634e-08
7.358310299999999432e-08
7.359980699999999865e-08
7.362536900000000100e-08
7.364407600000000525e-08
7.365961800000000313e-08
7.367891900000000482e-08
7.376129599999999629e-08
7.377263000000000274e-08
7.377579599999999950e-08
7.379508199999999971e-08
7.391530299999999778e-08
7.401990700000000385e-08
7.403128600000000148e-08
7.407203000000000607e-08
7.411325899999999651e-08
7.411940599999999393e-08
7.420048299999999452e-08
7.420317100000000434e-08
7.433969899999999599e-08
7.436692499999999939e-08
7.438126599999999493e-08
7.444008299999999357e-08
7.449385700000000261e-08
7.451505599999999390e-08
7.452569800000000475e-08
7.461598099999999518e-08
7.462776599999999650e-08
7.465493299999999764e-08
7.466244600000000036e-08
7.466451900000000274e-08
7.467143399999999350e-08
7.467753000000000444e-08
7.470444599999999504e-08
7.473307699999999964e-08
7.474603700000000163e-08
7.474961799999999502e-08
7.481003799999999842e-08
7.490764499999999419e-08
7.503029799999999989e-08
7.503196300000000455e-08
7.507648699999999649e-08
7.513575100000000196e-08
7.529471600000000235e-08
7.531603299999999818e-08
7.538432400000000592e-08
7.541130000000000241e-08
7.541692499999999887e-08
7.551199699999999719e-08
7.552170199999999721e-08
7.559151000000000215e-08
7.562028200000000205e-08
7.564749899999999927e-08
7.570126100000000449e-08
7.571157999999999509e-08
7.571757400000000660e-08
7.576932599999999975e-08
7.577739999999999932e-08
7.579802699999999357e-08
7.596195799999999541e-08
7.598506499999999935e-08
7.603381999999999997e-08
7.611128600000000422e-08
7.611320100000000255e-08
7.617231899999999457e-08
7.619149599999999644e-08
7.635105000000000261e-08
7.635286099999999426e-08
7.636313299999999966e-08
7.640441499999999708e-08
7.643078999999999720e-08
7.647965300000000579e-08
7.655607800000000576e-08
7.657397899999999792e-08
7.659327800000000559e-08
7.661982999999999927e-08
7.668415000000000180e-08
7.677254600000000282e-08
7.683307599999999496e-08
7.683310199999999663e-08
7.688408500000000603e-08
7.688755400000000342e-08
7.691644600000000188e-08
7.698152599999999521e-08
7.710154799999999933e-08
7.710625799999999858e-08
7.712594000000000591e-08
7.714982399999999615e-08
7.718708699999999952e-08
7.718796899999999613e-08
7.719284999999999364e-08
7.723009700000000514e-08
7.731393299999999517e-08
7.736151900000000366e-08
7.753829300000000659e-08
7.756032699999999605e-08
7.758018700000000057e-08
7.760350699999999631e-08
7.768696400000000118e-08
7.769492699999999515e-08
7.772440900000000301e-08
7.776482499999999569e-08
7.781330100000000333e-08
7.784950100000000203e-08
7.791905900000000006e-08
7.793806400000000004e-08
7.797849700000000144e-08
7.800770000000000308e-08
7.807436500000000205e-08
7.812216800000000360e-08
7.826353900000000051e-08
7.827203700000000289e-08
7.833244100000000119e-08
7.841662000000000460e-08
7.842255600000000424e-08
7.842462999999999701e-08
7.844724299999999568e-08
7.851492400000000088e-08
7.854199600000000150e-08
7.854779100000000583e-08
7.855455599999999510e-08
7.856004099999999986e-08
7.857341899999999613e-08
7.862872900000000512e-08
7.864165600000000651e-08
7.870101399999999563e-08
7.877125700000000357e-08
7.878740900000000399e-08
7.879968300000000568e-08
7.882734800000000013e-08
7.884120799999999784e-08
7.893713200000000306e-08
7.894591899999999500e-08
7.896367400000000018e-08
7.910182900000000424e-08
7.911214499999999720e-08
7.927873099999999503e-08
7.936219399999999520e-08
7.939712300000000233e-08
7.939825699999999986e-08
7.942346600000000549e-08
7.953887800000000253e-08
7.957126200000000240e-08
7.957646200000000565e-08
7.961435299999999745e-08
7.968873799999999564e-08
7.979047500000000430e-08
7.979888999999999677e-08
7.981304999999999748e-08
7.983255899999999929e-08
7.991906600000000366e-08
8.007369000000000662e-08
8.007432299999999995e-08
8.007918599999999834e-08
8.013101000000000120e-08
8.026094400000000184e-08
8.028229399999999826e-08
8.046009599999999801e-08
8.048498999999999919e-08
8.053545199999999802e-08
8.061606400000000589e-08
8.068385600000000345e-08
8.075517099999999578e-08
8.077927399999999958e-08
8.082988300000000225e-08
8.083264500000000258e-08
8.084055999999999448e-08
8.085725699999999989e-08
8.086357899999999684e-08
8.088831199999999632e-08
8.095943599999999724e-08
8.099310399999999614e-08
8.099540000000000012e-08
8.102351399999999542e-08
8.106004100000000240e-08
8.111921200000000139e-08
8.118155699999999969e-08
8.118285000000000488e-08
8.119410299999999544e-08
8.125554699999999438e-08
8.129821900000000476e-08
8.132878099999999955e-08
8.141741200000000600e-08
8.160005400000000013e-08
8.160062299999999953e-08
8.179530000000000187e-08
8.187471800000000632e-08
8.189138300000000153e-08
8.192223800000000039e-08
