# t
0.000000000000000000e+00
1.513192899999999945e-13
1.753067000000000006e-12
3.672711999999999709e-11
3.958068200000000007e-11
4.806731500000000277e-11
4.836791400000000114e-11
5.648982900000000167e-11
5.966369400000000372e-11
7.580662700000000561e-11
8.755742499999999918e-11
9.074970900000000331e-11
9.456510000000000466e-11
9.498597899999999855e-11
9.713200699999999365e-11
1.089938899999999998e-10
1.135020300000000044e-10
1.615780999999999882e-10
1.620144600000000072e-10
1.632136300000000124e-10
1.654434300000000020e-10
1.683263599999999944e-10
1.693087199999999927e-10
1.784280000000000067e-10
1.834317800000000002e-10
1.962974899999999954e-10
1.963814599999999879e-10
2.042556500000000101e-10
2.043071300000000009e-10
2.057631799999999961e-10
2.058355099999999900e-10
2.214458700000000022e-10
2.265787800000000012e-10
2.268778600000000016e-10
2.333671799999999919e-10
2.353673700000000042e-10
2.353778099999999821e-10
2.379828000000000025e-10
2.382560699999999800e-10
2.480444199999999961e-10
2.486531599999999781e-10
2.519070400000000094e-10
3.034422700000000190e-10
3.124247699999999929e-10
3.145391199999999899e-10
3.297970999999999943e-10
3.359666699999999817e-10
3.869442799999999992e-10
3.880981500000000139e-10
3.920944899999999811e-10
3.950818700000000011e-10
4.067730800000000021e-10
4.512482999999999936e-10
4.523139299999999938e-10
4.636607699999999968e-10
4.653912099999999956e-10
5.152268899999999891e-10
5.153963499999999725e-10
5.475576899999999660e-10
5.709816200000000067e-10
5.863388899999999809e-10
5.864638799999999747e-10
6.008338999999999842e-10
6.032336399999999758e-10
6.355201900000000125e-10
6.437999900000000484e-10
6.513569499999999714e-10
6.573354199999999945e-10
6.632428000000000415e-10
6.827396200000000255e-10
6.831277800000000342e-10
6.831840000000000471e-10
6.832935100000000487e-10
6.871489799999999541e-10
6.871771700000000067e-10
6.873496100000000302e-10
6.916914499999999627e-10
6.973113299999999733e-10
6.987989499999999819e-10
6.996460099999999672e-10
7.011892600000000486e-10
7.046804000000000143e-10
7.076262899999999813e-10
7.209063500000000207e-10
7.219365000000000123e-10
7.221223500000000091e-10
7.324502299999999790e-10
7.524101599999999788e-10
7.526642499999999737e-10
7.552335999999999965e-10
7.553013800000000134e-10
7.902393900000000256e-10
7.902843700000000123e-10
8.061746700000000396e-10
8.061901399999999873e-10
8.083097399999999517e-10
8.102234100000000117e-10
8.103210699999999582e-10
8.433408400000000252e-10
8.446846999999999710e-10
8.483420599999999626e-10
8.556308099999999598e-10
8.634022399999999866e-10
8.667629599999999646e-10
8.904171300000000490e-10
8.952079700000000076e-10
9.005522599999999939e-10
9.018788700000000244e-10
9.019168700000000401e-10
9.066996600000000176e-10
9.084060299999999640e-10
9.092033700000000439e-10
9.252106499999999518e-10
9.295108600000000349e-10
9.317613199999999825e-10
9.392033199999999244e-10
9.504432400000000379e-10
9.542432600000000518e-10
9.691063600000000974e-10
9.723577400000000039e-10
9.784359999999999494e-10
9.852181299999999784e-10
9.856957900000000828e-10
1.000927199999999910e-09
1.028285899999999906e-09
1.029124299999999984e-09
1.032265199999999911e-09
1.038697399999999937e-09
1.043155900000000083e-09
1.045553400000000022e-09
1.068877000000000010e-09
1.070438600000000047e-09
1.074266499999999973e-09
1.075025800000000066e-09
1.082994800000000083e-09
1.083025399999999911e-09
1.096452699999999902e-09
1.108890600000000071e-09
1.123228700000000059e-09
1.166965000000000013e-09
1.184079999999999906e-09
1.201806200000000039e-09
1.202053199999999987e-09
1.220320900000000060e-09
1.222337399999999936e-09
1.266306799999999956e-09
1.266361199999999926e-09
1.266622500000000089e-09
1.266909900000000094e-09
1.268088799999999940e-09
1.268347699999999959e-09
1.268349800000000008e-09
1.268511099999999933e-09
1.268877400000000067e-09
1.271089699999999906e-09
1.274238099999999949e-09
1.274353699999999989e-09
1.279855600000000007e-09
1.280242099999999962e-09
1.282672899999999970e-09
1.325047599999999948e-09
1.328020099999999960e-09
1.328031899999999999e-09
1.331145699999999973e-09
1.332773799999999908e-09
1.333289300000000040e-09
1.334248200000000066e-09
1.341663600000000007e-09
1.348452399999999970e-09
1.359837700000000022e-09
1.388742500000000077e-09
1.427171899999999928e-09
1.434900199999999937e-09
1.452272399999999928e-09
1.456006399999999907e-09
1.456146599999999931e-09
1.463089500000000007e-09
1.463372299999999993e-09
1.484618200000000034e-09
1.484669600000000082e-09
1.485136799999999913e-09
1.485550799999999949e-09
1.491276800000000059e-09
1.491330000000000060e-09
1.527366999999999943e-09
1.527619600000000021e-09
1.527735700000000015e-09
1.552122999999999935e-09
1.553552899999999970e-09
1.558469100000000019e-09
1.581560399999999989e-09
1.640149100000000093e-09
1.662034400000000057e-09
1.676835000000000031e-09
1.704432600000000081e-09
1.722846000000000070e-09
1.845590499999999987e-09
1.859837099999999965e-09
1.972285000000000081e-09
1.976280499999999874e-09
1.976593299999999910e-09
1.980634499999999795e-09
2.041572700000000047e-09
2.041594399999999933e-09
2.054640500000000004e-09
2.055301200000000099e-09
2.055620600000000171e-09
2.063967799999999979e-09
2.065751000000000139e-09
2.068147300000000109e-09
2.072378300000000112e-09
2.076961699999999954e-09
2.077334999999999837e-09
2.079948399999999943e-09
2.082647300000000007e-09
2.082723299999999832e-09
2.084166499999999970e-09
2.084179099999999851e-09
2.084966999999999962e-09
2.084969399999999899e-09
2.085607699999999885e-09
2.085840500000000062e-09
2.095985400000000102e-09
2.103305999999999809e-09
2.106631000000000105e-09
2.115499100000000111e-09
2.122485499999999991e-09
2.122669100000000201e-09
2.123117299999999972e-09
2.125015299999999917e-09
2.126225400000000196e-09
2.140393799999999855e-09
2.143530300000000034e-09
2.165582399999999815e-09
2.172365599999999855e-09
2.173655399999999897e-09
2.175471999999999950e-09
2.187695299999999953e-09
2.187741500000000205e-09
2.194544299999999874e-09
2.194567999999999985e-09
2.196156600000000150e-09
2.197005799999999949e-09
2.209121399999999948e-09
2.216652000000000009e-09
2.232067100000000033e-09
2.232194099999999986e-09
2.232351700000000179e-09
2.235810999999999860e-09
2.237087999999999958e-09
2.266598000000000200e-09
2.272730600000000055e-09
2.283256399999999920e-09
2.295621099999999916e-09
2.295655999999999874e-09
2.306672799999999918e-09
2.306797499999999964e-09
2.348337000000000056e-09
2.372414799999999958e-09
2.374682299999999816e-09
2.394537800000000007e-09
2.409622400000000143e-09
2.413392099999999922e-09
2.414994499999999937e-09
2.421455399999999806e-09
2.425471599999999994e-09
2.429458700000000004e-09
2.448098500000000198e-09
2.461091699999999950e-09
2.462536100000000057e-09
2.466947999999999824e-09
2.505176499999999946e-09
2.508232700000000170e-09
2.547941000000000104e-09
2.549720699999999976e-09
2.550856300000000081e-09
2.550890400000000197e-09
2.557274099999999860e-09
2.578777300000000030e-09
2.579656000000000134e-09
2.579713100000000138e-09
2.580135099999999829e-09
2.584605600000000077e-09
2.586496899999999954e-09
2.592702399999999887e-09
2.793342799999999851e-09
2.794307999999999818e-09
2.798192200000000114e-09
2.799490800000000066e-09
2.803556699999999966e-09
