# t	msd	err
4.000000000000000000e+00 1.951553576522295497e-01 0.000000000000000000e+00
3.100000000000000000e+01 3.433114503832809805e-01 1.696248876872707978e-01
4.998245614035087669e+01 9.605828127887614087e+00 7.615869660330285562e-01
8.550000000000000000e+01 3.459463395292914356e-01 1.023831504561705796e-01
1.387651515151515014e+02 9.749495319089017897e+00 8.910535052294745739e-01
2.208999999999998920e+02 3.577637962622551293e-01 6.693206274268517775e-02
3.759775000000000773e+02 9.663696075914561590e+00 9.646196808099796183e-01
6.578395161290320630e+02 7.112781862986445880e+00 7.809662098909414540e-01
1.174658992805755588e+03 7.515691201710903435e+00 7.623819574115304754e-01
1.959784057971013908e+03 1.570293165967542315e+01 5.997414792361585034e-01
3.380515909090907826e+03 1.499987966198118094e+01 8.181910313376004051e-01
5.774018991596639353e+03 2.630645902040606998e+01 3.931951068609722544e-01
9.749354751131175362e+03 1.617866105984479574e+01 3.143911392510916891e-01
