# t msd err
1.005263157894428978e-13 1.275512100867473020e+00 1.308647803312682802e-02
2.007142857142852918e-13 1.168995778363508320e+00 9.879817558435930250e-03
3.000000000000066482e-13 1.415003070159578824e+00 1.415003070159578935e-02
4.367173913043478662e-13 1.233342531839863865e+00 8.132419825037279920e-03
6.429268292682938174e-13 1.342405456698320343e+00 9.375766401645035594e-03
9.986402841197605946e-13 1.305851035472473942e+00 1.315422673743388889e-03
1.345082191780818008e-12 1.269058025161824421e+00 6.642553295247923158e-03
1.992672709923670636e-12 1.471896880100519001e+00 1.437794253205647039e-03
2.969647807637895289e-12 1.619485039702638129e+00 1.572612068017405218e-03
3.978729906542056651e-12 1.790352225549831200e+00 1.730798824683133820e-03
5.491747313112012239e-12 2.002486615034353434e+00 1.383990596272838486e-03
7.519790692446033782e-12 2.322226830704646527e+00 1.557174370564764782e-03
1.032769897455375092e-11 2.762698089128019951e+00 1.076807305727586631e-03
1.499229257356377939e-11 3.485504897204728891e+00 1.506563215025024738e-03
2.079271195624659018e-11 4.416752635673140581e+00 1.405618652586207917e-03
3.000139421683338725e-11 5.843536027152735457e+00 1.553752805908328394e-03
4.218063015537524606e-11 7.700930649323161958e+00 1.840559028749611491e-03
6.002474840704812586e-11 1.049006380224188462e+01 1.933787838496256331e-03
8.501755301240265269e-11 1.436825173848207982e+01 2.402714322560449509e-03
1.199814219317213997e-10 1.981096004407029199e+01 2.665729233239901713e-03
1.695583593823747297e-10 2.751328922470402460e+01 3.218280777351904213e-03
2.394944826394092248e-10 3.860780014545419903e+01 3.731938404557759437e-03
3.386531587847707933e-10 5.379565645352549552e+01 4.438213903804578801e-03
4.786174199595692026e-10 7.548978384311394052e+01 5.246604875704727680e-03
6.765075251400954554e-10 1.057114101787256999e+02 6.239713531025495308e-03
9.562294133943765617e-10 1.463484238122920544e+02 7.350249046198009499e-03
1.351144170228810891e-09 2.088116910462379678e+02 8.998046782050883249e-03
1.907731200365706431e-09 3.034677195177135332e+02 1.125858425755845056e-02
2.693991350007597794e-09 4.381138709886976130e+02 1.420146683982882740e-02
3.801562830114173097e-09 6.218086865327934447e+02 1.808393510819505945e-02
5.356562283441988052e-09 9.130847191961593126e+02 2.480915837451238420e-02
7.504848354232313116e-09 1.260936605787986537e+03 3.530561884040227943e-02
1.005198616281569386e-08 1.462614016814530487e+03 6.109041021470597993e-02
