# t
0.000000000000000000e+00
2.612198400000000002e-13
2.636031599999999941e-13
3.262483899999999978e-13
3.889907399999999844e-13
4.692312099999999825e-13
4.912921800000000062e-13
4.981367499999999777e-13
5.025747999999999923e-13
5.394484699999999736e-13
5.599616199999999547e-13
6.765426700000000500e-13
1.026932799999999948e-12
1.231121499999999966e-12
1.836789700000000122e-12
1.912613399999999808e-12
2.023507200000000128e-12
2.117718000000000044e-12
2.263181600000000172e-12
2.318826899999999953e-12
2.591530200000000080e-12
2.717019400000000127e-12
2.752145399999999910e-12
2.806543699999999990e-12
2.873283700000000168e-12
2.916004100000000039e-12
3.047455900000000079e-12
3.101944200000000009e-12
3.769213200000000081e-12
3.782292199999999687e-12
3.831716199999999982e-12
3.833671099999999990e-12
3.881589100000000110e-12
3.883057799999999756e-12
3.898745300000000238e-12
4.117548699999999612e-12
4.183638999999999961e-12
4.385292200000000248e-12
4.471515500000000143e-12
4.530032399999999603e-12
4.537268999999999940e-12
4.635712799999999844e-12
4.698916600000000395e-12
4.702669400000000254e-12
4.838365699999999650e-12
4.948686900000000220e-12
4.984156599999999693e-12
5.055735999999999734e-12
5.059177399999999970e-12
5.142555799999999848e-12
5.221175600000000058e-12
5.243276199999999674e-12
5.365223499999999631e-12
5.586573599999999750e-12
5.644569499999999761e-12
5.780839800000000120e-12
5.790848799999999820e-12
6.340736500000000303e-12
6.809947000000000366e-12
7.456462299999999224e-12
7.465387999999999613e-12
7.554826399999999972e-12
7.654562599999999532e-12
8.382425500000000490e-12
8.442089099999999509e-12
8.449792200000000145e-12
8.875145399999999973e-12
9.216305599999999818e-12
9.811237299999999759e-12
9.891246599999999940e-12
9.909320199999999739e-12
9.911251099999999626e-12
9.967865599999999495e-12
1.004116700000000000e-11
1.011002299999999988e-11
1.052913400000000068e-11
1.064067500000000020e-11
1.097643200000000066e-11
1.114772200000000003e-11
1.118940999999999927e-11
1.149693500000000043e-11
1.161192500000000053e-11
1.166971399999999985e-11
1.183702900000000033e-11
1.186291499999999924e-11
1.202315399999999920e-11
1.209879400000000068e-11
1.289194699999999969e-11
1.289717300000000018e-11
1.393156499999999931e-11
1.396520500000000077e-11
1.400726999999999955e-11
1.412659499999999954e-11
1.447473400000000035e-11
1.451415300000000002e-11
1.512708599999999842e-11
1.530999100000000126e-11
1.538588500000000073e-11
1.539990999999999956e-11
1.548103199999999906e-11
1.568282200000000157e-11
1.632865599999999973e-11
1.791448100000000120e-11
1.803006799999999858e-11
1.806911599999999896e-11
1.816231600000000102e-11
1.885296100000000146e-11
1.992349599999999938e-11
2.028166300000000035e-11
2.060836899999999918e-11
2.113896500000000110e-11
2.158888700000000040e-11
2.219219600000000081e-11
2.253048799999999931e-11
2.264001099999999874e-11
2.304836299999999906e-11
2.314047999999999956e-11
2.419742000000000132e-11
2.424082600000000033e-11
2.431308300000000056e-11
2.443857299999999864e-11
2.550979200000000044e-11
2.587053999999999853e-11
2.617955099999999963e-11
2.634985099999999942e-11
2.790244900000000035e-11
2.811456800000000069e-11
2.977656399999999998e-11
2.999685099999999791e-11
3.013271700000000157e-11
3.017740199999999897e-11
3.022061399999999909e-11
3.027347599999999927e-11
3.036235099999999913e-11
3.076506999999999828e-11
3.144702099999999798e-11
3.160492399999999847e-11
3.163854399999999969e-11
3.205834499999999813e-11
3.209107400000000200e-11
3.209597600000000125e-11
3.244746599999999938e-11
3.254492300000000317e-11
3.350396200000000009e-11
3.370036099999999896e-11
3.379752799999999690e-11
3.411374999999999891e-11
3.444037400000000210e-11
3.471030000000000084e-11
3.472273700000000062e-11
3.519013599999999783e-11
3.526702600000000034e-11
3.541621599999999882e-11
3.562016600000000100e-11
3.569432399999999677e-11
3.574588099999999972e-11
3.586559900000000040e-11
3.589038500000000086e-11
3.597488999999999839e-11
3.609195399999999858e-11
3.610278999999999828e-11
3.671930100000000064e-11
3.677771500000000047e-11
3.747981299999999811e-11
3.763667299999999751e-11
3.781909399999999884e-11
3.789596400000000273e-11
3.808101699999999830e-11
3.880096099999999684e-11
3.902868699999999804e-11
3.937569399999999969e-11
3.953688699999999945e-11
4.014518599999999821e-11
4.029262299999999933e-11
4.050245399999999721e-11
4.075123499999999705e-11
4.226056700000000224e-11
4.242720100000000219e-11
4.246927399999999750e-11
4.258579800000000263e-11
4.263030500000000068e-11
4.276813800000000244e-11
4.279933600000000139e-11
4.303702699999999710e-11
4.305284499999999698e-11
4.316026900000000288e-11
4.377025099999999736e-11
4.385775299999999951e-11
4.450560599999999994e-11
4.453037699999999820e-11
4.460888100000000184e-11
4.580048700000000277e-11
4.597088399999999716e-11
4.599108900000000273e-11
4.604646399999999955e-11
4.607522999999999693e-11
4.611462799999999902e-11
4.623015000000000088e-11
4.632931899999999774e-11
4.649059600000000075e-11
4.687885200000000027e-11
4.688652899999999876e-11
4.693310899999999794e-11
4.698311899999999966e-11
4.706612100000000198e-11
4.713309399999999893e-11
4.735536499999999832e-11
4.738602000000000047e-11
4.750056600000000114e-11
4.750425200000000283e-11
4.752722699999999830e-11
4.773810199999999784e-11
4.775609800000000131e-11
4.780452199999999868e-11
4.792612500000000184e-11
4.797294100000000154e-11
4.801134800000000025e-11
4.802896299999999704e-11
4.813821000000000194e-11
4.830308500000000107e-11
4.846966699999999686e-11
4.870853199999999818e-11
4.910428999999999856e-11
4.975128300000000015e-11
4.975664700000000113e-11
4.981156900000000141e-11
4.990223899999999702e-11
4.997260500000000101e-11
5.008913000000000025e-11
5.016322599999999901e-11
5.038312000000000272e-11
5.061996800000000292e-11
5.067222799999999810e-11
5.081443799999999977e-11
5.471121199999999942e-11
5.494407099999999751e-11
5.532306999999999764e-11
5.576115799999999952e-11
5.614437599999999882e-11
5.619969699999999679e-11
5.700195099999999883e-11
5.731315499999999925e-11
5.732992199999999766e-11
5.747290299999999850e-11
5.835437699999999746e-11
5.846962300000000155e-11
5.857090400000000268e-11
5.886657199999999798e-11
5.933012300000000338e-11
5.964248499999999373e-11
5.974703500000000140e-11
5.996205800000000437e-11
6.021023300000000336e-11
6.061137400000000277e-11
6.088141299999999566e-11
6.096626699999999432e-11
6.126200899999999356e-11
6.145927700000000294e-11
6.180124099999999504e-11
6.203408300000000270e-11
6.210078700000000592e-11
6.212364700000000609e-11
6.215842899999999955e-11
6.226004699999999489e-11
6.348392300000000614e-11
6.354652399999999961e-11
6.355652500000000196e-11
6.391899899999999474e-11
6.562887000000000407e-11
6.571422799999999640e-11
6.604907699999999778e-11
6.630489199999999975e-11
6.643968200000000265e-11
6.673713999999999729e-11
6.679949300000000269e-11
6.698215400000000039e-11
6.733057399999999700e-11
6.740437800000000168e-11
6.814158299999999944e-11
6.817501000000000558e-11
6.823638799999999744e-11
6.830415799999999565e-11
6.901863199999999663e-11
6.905478400000000546e-11
6.974962999999999791e-11
6.974981299999999369e-11
6.975240700000000478e-11
6.993949800000000067e-11
7.135316000000000613e-11
7.138102899999999622e-11
7.140651700000000125e-11
7.280407399999999624e-11
7.302020699999999374e-11
7.446554400000000209e-11
7.448433499999999919e-11
7.756754699999999605e-11
7.800549999999999755e-11
7.804171000000000109e-11
7.807584799999999760e-11
7.814409699999999444e-11
7.814882499999999664e-11
7.819363700000000273e-11
7.820491600000000612e-11
7.823844199999999832e-11
7.823854799999999488e-11
7.833178899999999477e-11
7.834476399999999492e-11
7.843932199999999897e-11
7.862549800000000304e-11
7.863306499999999620e-11
7.863449300000000628e-11
7.866247799999999871e-11
7.867028300000000001e-11
7.870488500000000588e-11
7.873155200000000004e-11
7.884168500000000587e-11
7.912397899999999687e-11
7.912488700000000404e-11
7.917599200000000455e-11
7.953074800000000103e-11
7.954844799999999519e-11
7.957385900000000100e-11
7.958096399999999888e-11
7.960250199999999846e-11
7.964624300000000022e-11
7.966300600000000279e-11
7.972432500000000583e-11
7.995696299999999913e-11
8.006209100000000441e-11
8.023456699999999694e-11
8.026488699999999958e-11
8.055159300000000424e-11
8.064898199999999463e-11
8.199248200000000400e-11
8.210164500000000564e-11
8.236047499999999677e-11
8.249345999999999815e-11
8.293763499999999832e-11
8.328768199999999710e-11
8.336389999999999944e-11
8.341278400000000385e-11
8.360988000000000441e-11
8.381200199999999825e-11
8.396466000000000182e-11
8.398739599999999503e-11
8.426925200000000460e-11
8.440315899999999538e-11
8.456175000000000528e-11
8.474679099999999393e-11
8.523355599999999706e-11
8.535960500000000118e-11
8.536271099999999763e-11
8.538873300000000073e-11
8.539408599999999537e-11
8.540361899999999898e-11
8.551396500000000498e-11
8.649428199999999356e-11
8.661700999999999990e-11
8.823347600000000514e-11
8.852751899999999943e-11
8.870457799999999446e-11
8.937397800000000613e-11
8.950529399999999402e-11
8.976486199999999758e-11
9.000421499999999627e-11
9.046373699999999585e-11
9.099408099999999770e-11
9.114045199999999738e-11
9.170816100000000388e-11
9.210977400000000434e-11
9.228073800000000293e-11
9.266119599999999872e-11
9.271494200000000514e-11
9.291243299999999461e-11
9.296830299999999930e-11
9.308792400000000215e-11
9.321918100000000121e-11
9.326186100000000442e-11
9.339389899999999550e-11
9.355676900000000044e-11
9.363894199999999595e-11
9.371035400000000276e-11
9.416429500000000534e-11
9.432749399999999986e-11
9.440550499999999679e-11
9.449108700000000211e-11
9.450409999999999835e-11
9.451290299999999415e-11
9.458000800000000268e-11
9.460815999999999458e-11
9.462911999999999654e-11
9.487126300000000314e-11
9.490437399999999488e-11
9.495996000000000364e-11
9.498752000000000277e-11
9.506492000000000242e-11
9.507604699999999561e-11
9.511717699999999586e-11
9.517467800000000503e-11
9.522052800000000286e-11
9.526161999999999410e-11
